demos: (480, 200, 19)
demo_rewards: (480,)
sorted_train_rewards: [-1.68281407e+02 -1.45727567e+02 -1.39123043e+02 -1.33973547e+02
 -1.25906495e+02 -1.23737226e+02 -1.18441257e+02 -1.15454518e+02
 -1.15278652e+02 -1.14763156e+02 -1.14085096e+02 -1.12885489e+02
 -1.11179560e+02 -1.10579609e+02 -1.10248073e+02 -1.06969949e+02
 -1.06298076e+02 -1.06264986e+02 -1.05880618e+02 -1.03152139e+02
 -1.01565908e+02 -1.00495946e+02 -1.00348353e+02 -9.79572956e+01
 -9.72257679e+01 -9.60581398e+01 -9.47527923e+01 -9.42721572e+01
 -9.39936009e+01 -9.08470847e+01 -8.99058909e+01 -8.98050349e+01
 -8.92193126e+01 -8.88554189e+01 -8.76650055e+01 -8.71119989e+01
 -8.58361739e+01 -8.42859587e+01 -8.40914856e+01 -8.33560899e+01
 -8.18475632e+01 -8.14466377e+01 -8.14089062e+01 -8.10067480e+01
 -8.08547762e+01 -8.04839138e+01 -8.02515601e+01 -7.86319117e+01
 -7.84173816e+01 -7.80515779e+01 -7.63592934e+01 -7.48307224e+01
 -7.41288702e+01 -7.35268215e+01 -7.30055356e+01 -7.23199016e+01
 -7.10097190e+01 -7.02497554e+01 -6.98788242e+01 -6.90105689e+01
 -6.88032812e+01 -6.82574483e+01 -6.81709241e+01 -6.78589144e+01
 -6.77543594e+01 -6.58589998e+01 -6.53374190e+01 -6.50060709e+01
 -6.49762184e+01 -6.43151789e+01 -6.32463365e+01 -6.31014303e+01
 -5.92349209e+01 -5.78572803e+01 -5.76610527e+01 -5.71589430e+01
 -5.63099047e+01 -5.50587300e+01 -5.45877794e+01 -5.23998422e+01
 -5.20708438e+01 -5.03190683e+01 -4.94482556e+01 -4.87197115e+01
 -4.55497329e+01 -4.52135310e+01 -4.39133519e+01 -4.35323363e+01
 -4.26845918e+01 -3.93647734e+01 -3.84347912e+01 -3.72825558e+01
 -3.65728483e+01 -3.63795012e+01 -3.49277470e+01 -3.44876502e+01
 -3.36956904e+01 -3.33480978e+01 -2.95933148e+01 -2.77930868e+01
 -2.71949370e+01 -2.63456513e+01 -2.26604777e+01 -2.17769506e+01
 -2.11615803e+01 -2.04180093e+01 -2.01312764e+01 -2.00548875e+01
 -1.87912468e+01 -1.74207898e+01 -1.68901975e+01 -1.61143764e+01
 -1.53629384e+01 -1.39267768e+01 -1.12508710e+01 -7.28306957e+00
 -6.03798033e+00 -4.48405644e+00 -1.63608121e+00 -1.43319012e+00
 -1.25215708e+00 -5.72842125e-01  2.69474090e-01  5.32120974e-01
  8.48755488e-01  3.13137341e+00  4.09388103e+00  4.23223568e+00
  4.38318042e+00  6.23806049e+00  6.83923461e+00  6.84166284e+00
  8.10954932e+00  8.62917691e+00  1.29952266e+01  1.34336148e+01
  1.51800256e+01  1.58979399e+01  1.65923688e+01  1.89453788e+01
  1.94910199e+01  1.96225348e+01  2.15104917e+01  2.41170029e+01
  2.43710703e+01  2.58660332e+01  2.60724768e+01  2.70113358e+01
  2.74672520e+01  2.75751580e+01  3.05892332e+01  3.27442577e+01
  3.36843458e+01  3.37899159e+01  3.41611587e+01  3.48663961e+01
  3.50530887e+01  3.72456187e+01  3.99267393e+01  3.99602846e+01
  4.23875378e+01  4.39159825e+01  4.42327291e+01  4.48500197e+01
  4.83776686e+01  4.88736658e+01  5.05284149e+01  5.51223952e+01
  5.53688861e+01  5.56692378e+01  5.59202636e+01  5.66357258e+01
  5.77674455e+01  5.78923918e+01  5.86309323e+01  5.93436812e+01
  6.02906417e+01  6.49603340e+01  6.51680641e+01  6.68749790e+01
  6.76039372e+01  6.78694515e+01  6.85395993e+01  6.85552576e+01
  6.99023624e+01  7.00722782e+01  7.10566011e+01  7.18958063e+01
  7.42631002e+01  7.64437617e+01  7.80250544e+01  8.00743291e+01
  8.04122550e+01  8.13002353e+01  8.33459185e+01  8.73487076e+01
  8.87279953e+01  9.04900629e+01  9.13388441e+01  9.22074020e+01
  9.22656205e+01  9.30086833e+01  9.30344412e+01  9.73584524e+01
  9.78474792e+01  9.87173322e+01  1.01506611e+02  1.02399087e+02
  1.03162159e+02  1.03450957e+02  1.03768508e+02  1.04406383e+02
  1.05720971e+02  1.07092483e+02  1.07710068e+02  1.11625387e+02
  1.11924895e+02  1.13547690e+02  1.14761007e+02  1.16179984e+02
  1.16837433e+02  1.25537775e+02  1.33048584e+02  1.33573303e+02
  1.39131419e+02  1.41638120e+02  1.41844812e+02  1.43496609e+02
  1.43510881e+02  1.46199060e+02  1.46556236e+02  1.48382236e+02
  1.48407567e+02  1.48912536e+02  1.49165606e+02  1.50802776e+02
  1.51584630e+02  1.57633889e+02  1.57737232e+02  1.58454369e+02
  1.58938144e+02  1.58956502e+02  1.64960890e+02  1.66294281e+02
  1.68205106e+02  1.69199237e+02  1.70621405e+02  1.71268575e+02
  1.71509314e+02  1.72966312e+02  1.74644664e+02  1.74710408e+02
  1.79019423e+02  1.81095791e+02  1.82868270e+02  1.82965600e+02
  1.85354242e+02  1.89574834e+02  1.91027077e+02  1.94950274e+02
  1.99518927e+02  2.01784542e+02  2.04149936e+02  2.04559881e+02
  2.05267194e+02  2.09047338e+02  2.09294404e+02  2.09568207e+02
  2.10601509e+02  2.13399135e+02  2.14626304e+02  2.15422119e+02
  2.22947849e+02  2.24805184e+02  2.25145886e+02  2.26628167e+02
  2.28189327e+02  2.28893032e+02  2.36284670e+02  2.36684500e+02
  2.37351876e+02  2.39673843e+02  2.40087383e+02  2.40746217e+02
  2.42298224e+02  2.44455371e+02  2.45745089e+02  2.47396543e+02
  2.47424733e+02  2.49133124e+02  2.50199516e+02  2.50956709e+02
  2.51005724e+02  2.52138755e+02  2.56224103e+02  2.56233725e+02
  2.57266362e+02  2.58179264e+02  2.60083093e+02  2.62492064e+02
  2.63648761e+02  2.65056624e+02  2.66105443e+02  2.66165893e+02
  2.66358699e+02  2.66927189e+02  2.73760950e+02  2.75046082e+02
  2.76765168e+02  2.77043285e+02  2.78210634e+02  2.78449570e+02
  2.78926353e+02  2.82325028e+02  2.84101176e+02  2.84932306e+02
  2.86464187e+02  2.86772706e+02  2.86931290e+02  2.87806515e+02
  2.88479049e+02  2.88826115e+02  2.89886738e+02  2.90633014e+02
  2.90673531e+02  2.91329522e+02  2.91437334e+02  2.91755546e+02
  2.92387265e+02  2.93628281e+02  2.94666653e+02  2.94932601e+02
  2.96188315e+02  2.96502288e+02  2.96822454e+02  2.97975474e+02
  2.98212430e+02  3.00668612e+02  3.01876822e+02  3.02112561e+02
  3.03572646e+02  3.04409455e+02  3.04449763e+02  3.06384175e+02
  3.06727103e+02  3.07812719e+02  3.08096964e+02  3.10210664e+02
  3.11984654e+02  3.12755351e+02  3.14574421e+02  3.17598550e+02
  3.17861441e+02  3.19020009e+02  3.20094631e+02  3.20899374e+02
  3.21383177e+02  3.23073902e+02  3.23170946e+02  3.23359694e+02
  3.23678838e+02  3.24019798e+02  3.26023906e+02  3.26326863e+02
  3.27089227e+02  3.27093677e+02  3.29794865e+02  3.30083446e+02
  3.31713138e+02  3.34824512e+02  3.34942982e+02  3.36264366e+02
  3.38064250e+02  3.41586114e+02  3.42427604e+02  3.45169167e+02
  3.45467793e+02  3.50754649e+02  3.51098770e+02  3.52589335e+02
  3.52938639e+02  3.53122732e+02  3.57327858e+02  3.57432774e+02
  3.60230626e+02  3.60404347e+02  3.60494199e+02  3.61846267e+02
  3.63639297e+02  3.65528706e+02  3.66902709e+02  3.67026251e+02
  3.67221496e+02  3.68309635e+02  3.68871842e+02  3.70497366e+02
  3.70665008e+02  3.71474657e+02  3.72391756e+02  3.73902990e+02
  3.74044271e+02  3.75975458e+02  3.76103509e+02  3.78576962e+02
  3.79102861e+02  3.81301733e+02  3.83305336e+02  3.84246014e+02
  3.89847138e+02  3.89945653e+02  3.90751718e+02  3.94941529e+02
  3.96037631e+02  4.00041343e+02  4.03137970e+02  4.06941403e+02
  4.07718412e+02  4.13881992e+02  4.14385640e+02  4.14433011e+02
  4.15231967e+02  4.18896984e+02  4.19530524e+02  4.20454152e+02
  4.20949962e+02  4.29050163e+02  4.31102150e+02  4.34196834e+02
  4.44554017e+02  4.45936030e+02  4.67300177e+02  4.73149208e+02]
sorted_val_rewards: [-97.24485765 -84.84678494 -78.93406316 -75.02969541 -72.6136252
 -67.70332814 -53.81405192 -44.4901949  -41.31065187 -36.4541601
 -35.63660061 -35.18965073 -21.70967377 -20.14259509 -14.47118388
  -1.89633986   0.97147912  19.49169204  20.53058809  28.52857496
  34.21536024  64.7458201   81.89014686  83.25651006  99.28484545
 121.32613156 136.51192078 137.75828464 142.42451181 163.26711477
 164.18896384 168.39927287 189.56275248 189.67231025 206.11896428
 208.13326989 221.44584608 233.63745377 235.04407254 237.90451472
 260.76549875 282.20625599 290.00250527 301.69658239 333.04070292
 343.3928837  423.13558716 434.80815707]
maximum traj length 200
maximum traj length 200
num train_obs 7140
num train_labels 7140
num val_obs 1128
num val_labels 1128
ModuleList(
  (0): Linear(in_features=19, out_features=128, bias=True)
  (1): Linear(in_features=128, out_features=64, bias=True)
  (2): Linear(in_features=64, out_features=1, bias=False)
)
Training reward model from scratch...
Total number of parameters: 10880
Number of trainable paramters: 10880
device: cuda:1
end of epoch 0: val_loss 0.1838159086360403, val_acc 0.9335106382978723
trigger times: 0
saving model weights...
end of epoch 1: val_loss 0.1694335488456504, val_acc 0.9388297872340425
trigger times: 0
saving model weights...
end of epoch 2: val_loss 0.16278455487545415, val_acc 0.9388297872340425
trigger times: 0
saving model weights...
end of epoch 3: val_loss 0.15911116059071762, val_acc 0.9397163120567376
trigger times: 0
saving model weights...
end of epoch 4: val_loss 0.15996955280019162, val_acc 0.9414893617021277
trigger times: 1
end of epoch 5: val_loss 0.16539781710301368, val_acc 0.9406028368794326
trigger times: 2
end of epoch 6: val_loss 0.15779851839767342, val_acc 0.9423758865248227
trigger times: 0
saving model weights...
end of epoch 7: val_loss 0.15821953137678926, val_acc 0.9441489361702128
trigger times: 1
end of epoch 8: val_loss 0.16071230406115578, val_acc 0.9432624113475178
trigger times: 2
end of epoch 9: val_loss 0.16326724106466659, val_acc 0.9423758865248227
trigger times: 3
end of epoch 10: val_loss 0.15458611609748596, val_acc 0.9450354609929078
trigger times: 0
saving model weights...
end of epoch 11: val_loss 0.1543100701584052, val_acc 0.9441489361702128
trigger times: 0
saving model weights...
end of epoch 12: val_loss 0.15376245459535923, val_acc 0.9441489361702128
trigger times: 0
saving model weights...
end of epoch 13: val_loss 0.15695916520859987, val_acc 0.9450354609929078
trigger times: 1
end of epoch 14: val_loss 0.16017920222562104, val_acc 0.9441489361702128
trigger times: 2
end of epoch 15: val_loss 0.15756048700116038, val_acc 0.9414893617021277
trigger times: 3
end of epoch 16: val_loss 0.16299825139194982, val_acc 0.9414893617021277
trigger times: 4
end of epoch 17: val_loss 0.16066429522303444, val_acc 0.9406028368794326
trigger times: 5
end of epoch 18: val_loss 0.1604947077790335, val_acc 0.9450354609929078
trigger times: 6
end of epoch 19: val_loss 0.16026856350492186, val_acc 0.9414893617021277
trigger times: 7
end of epoch 20: val_loss 0.1628804024270922, val_acc 0.9432624113475178
trigger times: 8
end of epoch 21: val_loss 0.16435067680240897, val_acc 0.9423758865248227
trigger times: 9
end of epoch 22: val_loss 0.15943525542896841, val_acc 0.9432624113475178
trigger times: 10
Early stopping.
0 -21.16432719072327 -97.24485765376211
1 -13.391212115064263 -84.84678494475872
2 -17.678871489595622 -78.93406316283158
3 -23.3897185344249 -75.02969540587696
4 -17.08976946095936 -72.61362520197201
5 -16.1577448786702 -67.70332814138712
6 -15.574131913250312 -53.814051919860674
7 -15.112019352964126 -44.49019489529177
8 -11.200067878700793 -41.3106518668958
9 -12.809307403629646 -36.45416009522412
10 -11.014420763822272 -35.636600609806095
11 -10.133123488747515 -35.189650726025825
12 -8.215135229984298 -21.70967376674228
13 -8.495580938295461 -20.14259508741993
14 -12.322966645704582 -14.4711838787269
15 -10.417414378025569 -1.8963398599782397
16 -8.727842595078982 0.971479121789783
17 -4.845542148279492 19.491692038206416
18 -8.066241363354493 20.530588087221908
19 -8.744133271859027 28.52857496230795
20 -6.394244531053118 34.21536023715924
21 -6.561171503388323 64.74582010073695
22 -2.688490283093415 81.89014686183334
23 -1.341874653706327 83.25651005762352
24 -6.165941792540252 99.28484545080774
25 -3.991481817269232 121.32613156169126
26 -0.21530539679224603 136.51192077875302
27 -3.4652981320396066 137.7582846380186
28 -1.739100118051283 142.42451181000234
29 -0.5820399953518063 163.26711477318133
30 -0.577763790381141 164.18896384382953
31 -0.20418431505095214 168.3992728696738
32 0.6546530070481822 189.56275247801355
33 0.7061213522101752 189.6723102456173
34 0.430234533501789 206.11896428081653
35 2.492018638527952 208.13326989135442
36 0.47054546471918 221.44584607902624
37 1.2419826129917055 233.63745376530167
38 2.2208417274523526 235.04407254128563
39 1.4243689300492406 237.90451471965713
40 4.245932168094441 260.765498753965
41 2.8578160699398722 282.2062559864006
42 6.405891477159457 290.0025052732212
43 3.6792607773677446 301.6965823877335
44 5.302508456166834 333.0407029156643
45 4.354225780320121 343.3928836976398
46 2.1030592956813052 423.1355871564197
47 7.572503538103774 434.80815706930116
train accuracy: 0.9704481792717087
validation accuracy: 0.9432624113475178
demos: (530, 200, 19)
demo_rewards: (530,)
sorted_train_rewards: [-1.83318511e+02 -1.82350660e+02 -1.80131223e+02 -1.79580333e+02
 -1.78480277e+02 -1.77434019e+02 -1.76780766e+02 -1.76690950e+02
 -1.75325769e+02 -1.75140018e+02 -1.74880912e+02 -1.74730645e+02
 -1.74137137e+02 -1.74073948e+02 -1.73608993e+02 -1.72034052e+02
 -1.71825742e+02 -1.71566627e+02 -1.71380292e+02 -1.71030247e+02
 -1.70984672e+02 -1.70942978e+02 -1.70663665e+02 -1.69685695e+02
 -1.68607937e+02 -1.68439112e+02 -1.68281407e+02 -1.68068864e+02
 -1.67497483e+02 -1.67429955e+02 -1.65614136e+02 -1.65540607e+02
 -1.60210621e+02 -1.59795883e+02 -1.59200164e+02 -1.58315273e+02
 -1.58032737e+02 -1.56470362e+02 -1.56171235e+02 -1.54102600e+02
 -1.53913731e+02 -1.53648458e+02 -1.52706896e+02 -1.45727567e+02
 -1.45337991e+02 -1.45275211e+02 -1.44238266e+02 -1.43582307e+02
 -1.39123043e+02 -1.33973547e+02 -1.25906495e+02 -1.23737226e+02
 -1.18441257e+02 -1.15454518e+02 -1.15278652e+02 -1.14763156e+02
 -1.14085096e+02 -1.12885489e+02 -1.10579609e+02 -1.10248073e+02
 -1.06969949e+02 -1.06298076e+02 -1.06264986e+02 -1.05880618e+02
 -1.03152139e+02 -1.00495946e+02 -9.79572956e+01 -9.72448577e+01
 -9.72257679e+01 -9.63076925e+01 -9.60581398e+01 -9.47527923e+01
 -9.42721572e+01 -9.39936009e+01 -9.08470847e+01 -8.99058909e+01
 -8.98050349e+01 -8.92193126e+01 -8.88554189e+01 -8.76650055e+01
 -8.71119989e+01 -8.58361739e+01 -8.48467849e+01 -8.42859587e+01
 -8.40914856e+01 -8.33560899e+01 -8.18475632e+01 -8.14466377e+01
 -8.10067480e+01 -8.08547762e+01 -8.04839138e+01 -8.02515601e+01
 -7.89340632e+01 -7.84173816e+01 -7.80515779e+01 -7.50296954e+01
 -7.48307224e+01 -7.35268215e+01 -7.30055356e+01 -7.26136252e+01
 -7.23199016e+01 -7.10097190e+01 -7.02497554e+01 -6.90105689e+01
 -6.88032812e+01 -6.81709241e+01 -6.78589144e+01 -6.77543594e+01
 -6.58589998e+01 -6.53374190e+01 -6.50060709e+01 -6.49762184e+01
 -6.43151789e+01 -6.32463365e+01 -6.31014303e+01 -5.92349209e+01
 -5.78572803e+01 -5.63099047e+01 -5.50587300e+01 -5.45877794e+01
 -5.38140519e+01 -5.23998422e+01 -5.20708438e+01 -5.03190683e+01
 -4.94482556e+01 -4.87197115e+01 -4.55497329e+01 -4.52135310e+01
 -4.44901949e+01 -4.39133519e+01 -4.26845918e+01 -4.13106519e+01
 -3.93647734e+01 -3.84347912e+01 -3.72825558e+01 -3.65728483e+01
 -3.64541601e+01 -3.63795012e+01 -3.56366006e+01 -3.51896507e+01
 -3.49277470e+01 -3.44876502e+01 -3.36956904e+01 -3.33480978e+01
 -2.95933148e+01 -2.77930868e+01 -2.71949370e+01 -2.63456513e+01
 -2.26604777e+01 -2.17769506e+01 -2.17096738e+01 -2.11615803e+01
 -2.04180093e+01 -2.01425951e+01 -2.01312764e+01 -2.00548875e+01
 -1.87912468e+01 -1.74207898e+01 -1.68901975e+01 -1.53629384e+01
 -1.44711839e+01 -1.39267768e+01 -1.12508710e+01 -7.28306957e+00
 -6.03798033e+00 -4.48405644e+00 -1.89633986e+00 -1.43319012e+00
 -5.72842125e-01  2.69474090e-01  5.32120974e-01  8.48755488e-01
  9.71479122e-01  3.13137341e+00  4.09388103e+00  4.23223568e+00
  4.38318042e+00  6.23806049e+00  6.83923461e+00  8.10954932e+00
  1.29952266e+01  1.34336148e+01  1.51800256e+01  1.58979399e+01
  1.65923688e+01  1.89453788e+01  1.94910199e+01  1.96225348e+01
  2.05305881e+01  2.15104917e+01  2.41170029e+01  2.43710703e+01
  2.58660332e+01  2.60724768e+01  2.70113358e+01  2.74672520e+01
  2.75751580e+01  2.85285750e+01  3.05892332e+01  3.27442577e+01
  3.36843458e+01  3.37899159e+01  3.42153602e+01  3.48663961e+01
  3.50530887e+01  3.72456187e+01  3.99267393e+01  4.23875378e+01
  4.39159825e+01  4.42327291e+01  4.48500197e+01  4.83776686e+01
  5.05284149e+01  5.51223952e+01  5.53688861e+01  5.56692378e+01
  5.59202636e+01  5.66357258e+01  5.77674455e+01  5.78923918e+01
  5.86309323e+01  5.93436812e+01  6.02906417e+01  6.47458201e+01
  6.49603340e+01  6.51680641e+01  6.68749790e+01  6.76039372e+01
  6.78694515e+01  6.85552576e+01  6.99023624e+01  7.00722782e+01
  7.10566011e+01  7.18958063e+01  7.64437617e+01  7.80250544e+01
  8.00743291e+01  8.04122550e+01  8.13002353e+01  8.18901469e+01
  8.32565101e+01  8.33459185e+01  8.73487076e+01  8.87279953e+01
  9.04900629e+01  9.13388441e+01  9.22074020e+01  9.30086833e+01
  9.30344412e+01  9.73584524e+01  9.78474792e+01  9.92848455e+01
  1.01506611e+02  1.02399087e+02  1.03162159e+02  1.03450957e+02
  1.03768508e+02  1.04406383e+02  1.05720971e+02  1.07092483e+02
  1.07710068e+02  1.11625387e+02  1.11924895e+02  1.13547690e+02
  1.16179984e+02  1.16837433e+02  1.33048584e+02  1.33573303e+02
  1.36511921e+02  1.37758285e+02  1.39131419e+02  1.41638120e+02
  1.41844812e+02  1.42424512e+02  1.43496609e+02  1.43510881e+02
  1.46199060e+02  1.46556236e+02  1.48407567e+02  1.48912536e+02
  1.49165606e+02  1.50802776e+02  1.51584630e+02  1.57633889e+02
  1.57737232e+02  1.58454369e+02  1.58938144e+02  1.58956502e+02
  1.63267115e+02  1.64188964e+02  1.64960890e+02  1.68205106e+02
  1.68399273e+02  1.69199237e+02  1.70621405e+02  1.71268575e+02
  1.72966312e+02  1.74644664e+02  1.74710408e+02  1.79019423e+02
  1.81095791e+02  1.82868270e+02  1.85354242e+02  1.89574834e+02
  1.89672310e+02  1.91027077e+02  1.94950274e+02  1.99518927e+02
  2.01784542e+02  2.04149936e+02  2.04559881e+02  2.05267194e+02
  2.08133270e+02  2.09294404e+02  2.09568207e+02  2.10601509e+02
  2.14626304e+02  2.15422119e+02  2.21445846e+02  2.22947849e+02
  2.24805184e+02  2.25145886e+02  2.28189327e+02  2.28893032e+02
  2.33637454e+02  2.35044073e+02  2.36284670e+02  2.36684500e+02
  2.37351876e+02  2.37904515e+02  2.39673843e+02  2.40087383e+02
  2.40746217e+02  2.42298224e+02  2.44455371e+02  2.45745089e+02
  2.47396543e+02  2.47424733e+02  2.49133124e+02  2.50199516e+02
  2.50956709e+02  2.51005724e+02  2.52138755e+02  2.56224103e+02
  2.56233725e+02  2.57266362e+02  2.58179264e+02  2.60083093e+02
  2.60765499e+02  2.63648761e+02  2.65056624e+02  2.66165893e+02
  2.66358699e+02  2.73760950e+02  2.75046082e+02  2.77043285e+02
  2.78210634e+02  2.78449570e+02  2.78926353e+02  2.82206256e+02
  2.82325028e+02  2.84101176e+02  2.84932306e+02  2.86464187e+02
  2.86772706e+02  2.86931290e+02  2.87806515e+02  2.88826115e+02
  2.89886738e+02  2.90633014e+02  2.90673531e+02  2.91437334e+02
  2.91755546e+02  2.92387265e+02  2.93628281e+02  2.94666653e+02
  2.94932601e+02  2.96188315e+02  2.96502288e+02  2.96822454e+02
  2.97975474e+02  2.98212430e+02  3.00668612e+02  3.01876822e+02
  3.02112561e+02  3.03572646e+02  3.04409455e+02  3.04449763e+02
  3.06384175e+02  3.06727103e+02  3.07812719e+02  3.08096964e+02
  3.10210664e+02  3.11984654e+02  3.12755351e+02  3.14574421e+02
  3.17598550e+02  3.17861441e+02  3.19020009e+02  3.20094631e+02
  3.20899374e+02  3.21383177e+02  3.23073902e+02  3.23170946e+02
  3.23359694e+02  3.23678838e+02  3.24019798e+02  3.26023906e+02
  3.26326863e+02  3.27089227e+02  3.27093677e+02  3.29794865e+02
  3.30083446e+02  3.31713138e+02  3.33040703e+02  3.34824512e+02
  3.34942982e+02  3.36264366e+02  3.38064250e+02  3.41586114e+02
  3.42427604e+02  3.43392884e+02  3.45467793e+02  3.50754649e+02
  3.51098770e+02  3.52589335e+02  3.52938639e+02  3.53122732e+02
  3.57327858e+02  3.57432774e+02  3.60230626e+02  3.60404347e+02
  3.60494199e+02  3.63639297e+02  3.65528706e+02  3.66902709e+02
  3.67026251e+02  3.67221496e+02  3.68309635e+02  3.68871842e+02
  3.70665008e+02  3.71474657e+02  3.72391756e+02  3.73902990e+02
  3.74044271e+02  3.75975458e+02  3.76103509e+02  3.78576962e+02
  3.79102861e+02  3.81301733e+02  3.83305336e+02  3.84246014e+02
  3.89847138e+02  3.89945653e+02  3.90751718e+02  3.94941529e+02
  3.96037631e+02  4.00041343e+02  4.03137970e+02  4.06941403e+02
  4.07718412e+02  4.13881992e+02  4.14385640e+02  4.14433011e+02
  4.15231967e+02  4.18896984e+02  4.19530524e+02  4.20454152e+02
  4.20949962e+02  4.23135587e+02  4.29050163e+02  4.31102150e+02
  4.34196834e+02  4.44554017e+02  4.45936030e+02  4.67300177e+02
  4.73149208e+02]
sorted_val_rewards: [-183.39995284 -167.85699735 -147.45996398 -111.17956009 -101.56590801
 -100.3483527   -81.40890617  -78.63191173  -76.35929337  -74.12887018
  -69.87882418  -68.2574483   -67.70332814  -57.66105273  -57.15894304
  -43.5323363   -16.11437641   -1.63608121   -1.25215708    6.84166284
    8.62917691   19.49169204   34.1611587    39.9602846    48.87366584
   68.53959926   74.26310022   92.26562045   98.71733224  114.76100693
  121.32613156  125.53777532  148.38223634  166.29428147  171.50931422
  182.96560002  189.56275248  206.11896428  209.04733791  213.39913501
  226.62816707  262.49206402  266.10544335  266.92718945  276.76516767
  288.47904887  290.00250527  291.329522    301.69658239  345.16916743
  361.8462674   370.49736551  434.80815707]
maximum traj length 200
maximum traj length 200
num train_obs 7140
num train_labels 7140
num val_obs 1378
num val_labels 1378
ModuleList(
  (0): Linear(in_features=19, out_features=128, bias=True)
  (1): Linear(in_features=128, out_features=64, bias=True)
  (2): Linear(in_features=64, out_features=1, bias=False)
)
Training reward model from scratch...
Total number of parameters: 10880
Number of trainable paramters: 10880
device: cuda:3
end of epoch 0: val_loss 0.2156942184880049, val_acc 0.909288824383164
trigger times: 0
saving model weights...
end of epoch 1: val_loss 0.27516923553622147, val_acc 0.9078374455732946
trigger times: 1
end of epoch 2: val_loss 0.2709907299550445, val_acc 0.9034833091436865
trigger times: 2
end of epoch 3: val_loss 0.2530786373728342, val_acc 0.9063860667634253
trigger times: 3
end of epoch 4: val_loss 0.3227198793252116, val_acc 0.9027576197387518
trigger times: 4
end of epoch 5: val_loss 0.3332421883742437, val_acc 0.9042089985486212
trigger times: 5
end of epoch 6: val_loss 0.35856725134428075, val_acc 0.9034833091436865
trigger times: 6
end of epoch 7: val_loss 0.3285635802668223, val_acc 0.9063860667634253
trigger times: 7
end of epoch 8: val_loss 0.343333903823532, val_acc 0.9063860667634253
trigger times: 8
end of epoch 9: val_loss 0.29063479170256384, val_acc 0.9129172714078374
trigger times: 9
end of epoch 10: val_loss 0.35562794291790495, val_acc 0.9056603773584906
trigger times: 10
Early stopping.
0 -25.516399309039116 -183.39995283977896
1 -23.643670223420486 -167.85699735382585
2 -25.120079431682825 -147.4599639805677
3 -20.960934507660568 -111.1795600852603
4 -14.174794317223132 -101.56590801090363
5 -12.757864122278988 -100.34835270036645
6 -11.838135200552642 -81.40890616600856
7 -11.267537781968713 -78.63191172502285
8 -13.618282361421734 -76.359293373912
9 -13.742107847705483 -74.12887018406042
10 -13.194246754981577 -69.87882418468496
11 -10.838827989413403 -68.25744829885676
12 -12.866523801814765 -67.70332814138712
13 -13.188548817648552 -57.66105272983283
14 -11.119154879823327 -57.15894304047781
15 -9.428683582111262 -43.532336302699946
16 -21.498776209540665 -16.114376409083132
17 -8.692472517839633 -1.6360812070508592
18 -8.44848202902358 -1.2521570827697304
19 -9.491323661990464 6.841662837067183
20 -11.39506189248641 8.629176907464508
21 -5.344079534523189 19.491692038206416
22 -5.438846753910184 34.16115870293413
23 -7.384400285081938 39.960284600421595
24 -6.593575329054147 48.873665835853586
25 -6.917007414856926 68.5395992615062
26 -5.945804257178679 74.26310022402075
27 -3.5060588397318497 92.26562045392546
28 -2.8681552425259724 98.71733223851827
29 -6.4148849518969655 114.76100692572165
30 -5.4734596407506615 121.32613156169126
31 -5.743110692012124 125.53777532052302
32 -1.0084646901814267 148.38223634397093
33 -3.141989722760627 166.29428147232497
34 -1.4444995441299397 171.5093142215239
35 -1.059406860731542 182.96560001968115
36 -1.435111758299172 189.56275247801355
37 -0.611844269616995 206.11896428081653
38 1.037709956173785 209.04733790839154
39 -10.488777611870319 213.39913500740522
40 -8.0980842737481 226.62816707088624
41 -0.10517860541585833 262.49206401593506
42 2.474617605097592 266.1054433499994
43 0.2580131662543863 266.92718944698623
44 1.0233425127371447 276.7651676683648
45 0.5019892823183909 288.4790488733778
46 4.20594695462205 290.0025052732212
47 0.30119168281089514 291.32952200448
48 1.6204502841283102 301.6965823877335
49 4.2494774020742625 345.1691674339742
50 4.987707521038828 361.84626739841684
51 4.747388363350183 370.4973655070732
52 5.0282345255836844 434.80815706930116
train accuracy: 0.9645658263305322
validation accuracy: 0.9056603773584906
demos: (580, 200, 19)
demo_rewards: (580,)
sorted_train_rewards: [-2.02913998e+02 -2.02023420e+02 -1.98370080e+02 -1.96434163e+02
 -1.91757915e+02 -1.86124914e+02 -1.83399953e+02 -1.83318511e+02
 -1.80131223e+02 -1.79580333e+02 -1.78480277e+02 -1.78221655e+02
 -1.76690950e+02 -1.75325769e+02 -1.75140018e+02 -1.74137137e+02
 -1.74073948e+02 -1.73608993e+02 -1.72034052e+02 -1.71825742e+02
 -1.71566627e+02 -1.71380292e+02 -1.71030247e+02 -1.70984672e+02
 -1.70942978e+02 -1.70663665e+02 -1.69685695e+02 -1.68607937e+02
 -1.68439112e+02 -1.68281407e+02 -1.68068864e+02 -1.67856997e+02
 -1.67523736e+02 -1.67497483e+02 -1.67429955e+02 -1.67250748e+02
 -1.66240691e+02 -1.65789045e+02 -1.65614136e+02 -1.65540607e+02
 -1.64134333e+02 -1.62373085e+02 -1.61765938e+02 -1.59877731e+02
 -1.59795883e+02 -1.59519811e+02 -1.59070032e+02 -1.58558471e+02
 -1.58179053e+02 -1.58032737e+02 -1.57975037e+02 -1.56470362e+02
 -1.56467214e+02 -1.56171235e+02 -1.54102600e+02 -1.53913731e+02
 -1.53648458e+02 -1.52706896e+02 -1.50865770e+02 -1.47459964e+02
 -1.47396126e+02 -1.45727567e+02 -1.45337991e+02 -1.45275211e+02
 -1.44238266e+02 -1.43582307e+02 -1.41243748e+02 -1.39123043e+02
 -1.37075895e+02 -1.35663830e+02 -1.34027309e+02 -1.33973547e+02
 -1.31673374e+02 -1.28321227e+02 -1.24309884e+02 -1.23376098e+02
 -1.20171505e+02 -1.18441257e+02 -1.18359464e+02 -1.15686518e+02
 -1.15454518e+02 -1.15278652e+02 -1.14763156e+02 -1.14085096e+02
 -1.13491491e+02 -1.12885489e+02 -1.12067820e+02 -1.11179560e+02
 -1.10603554e+02 -1.10248073e+02 -1.09099139e+02 -1.07194972e+02
 -1.06969949e+02 -1.06298076e+02 -1.06264986e+02 -1.05880618e+02
 -1.05294617e+02 -1.03152139e+02 -1.02133300e+02 -1.02057993e+02
 -1.01565908e+02 -1.01002438e+02 -1.00348353e+02 -1.00062252e+02
 -9.99735635e+01 -9.89805940e+01 -9.79572956e+01 -9.73993191e+01
 -9.72448577e+01 -9.72257679e+01 -9.63076925e+01 -9.60581398e+01
 -9.47527923e+01 -9.42721572e+01 -9.39936009e+01 -9.08470847e+01
 -8.99058909e+01 -8.98050349e+01 -8.92193126e+01 -8.88554189e+01
 -8.76650055e+01 -8.58361739e+01 -8.48467849e+01 -8.42859587e+01
 -8.40914856e+01 -8.18475632e+01 -8.14466377e+01 -8.10067480e+01
 -8.08547762e+01 -8.02515601e+01 -7.89340632e+01 -7.84173816e+01
 -7.80515779e+01 -7.63592934e+01 -7.48307224e+01 -7.41288702e+01
 -7.35268215e+01 -7.30055356e+01 -7.26136252e+01 -7.23199016e+01
 -7.10097190e+01 -7.02497554e+01 -6.98788242e+01 -6.90105689e+01
 -6.88032812e+01 -6.82574483e+01 -6.81709241e+01 -6.78589144e+01
 -6.77543594e+01 -6.77033281e+01 -6.58589998e+01 -6.53374190e+01
 -6.50060709e+01 -6.49762184e+01 -6.43151789e+01 -6.32463365e+01
 -6.31014303e+01 -5.92349209e+01 -5.78572803e+01 -5.76610527e+01
 -5.71589430e+01 -5.63099047e+01 -5.45877794e+01 -5.38140519e+01
 -5.23998422e+01 -5.20708438e+01 -5.03190683e+01 -4.94482556e+01
 -4.55497329e+01 -4.52135310e+01 -4.44901949e+01 -4.39133519e+01
 -4.35323363e+01 -4.26845918e+01 -4.13106519e+01 -3.93647734e+01
 -3.84347912e+01 -3.72825558e+01 -3.65728483e+01 -3.64541601e+01
 -3.63795012e+01 -3.56366006e+01 -3.51896507e+01 -3.49277470e+01
 -3.44876502e+01 -3.36956904e+01 -3.33480978e+01 -2.95933148e+01
 -2.77930868e+01 -2.71949370e+01 -2.63456513e+01 -2.26604777e+01
 -2.17769506e+01 -2.11615803e+01 -2.04180093e+01 -2.01425951e+01
 -2.01312764e+01 -1.87912468e+01 -1.74207898e+01 -1.68901975e+01
 -1.61143764e+01 -1.53629384e+01 -1.44711839e+01 -1.39267768e+01
 -1.12508710e+01 -7.28306957e+00 -6.03798033e+00 -4.48405644e+00
 -1.89633986e+00 -1.63608121e+00 -1.43319012e+00 -1.25215708e+00
 -5.72842125e-01  2.69474090e-01  5.32120974e-01  8.48755488e-01
  3.13137341e+00  4.09388103e+00  4.23223568e+00  4.38318042e+00
  6.23806049e+00  6.83923461e+00  6.84166284e+00  8.10954932e+00
  8.62917691e+00  1.29952266e+01  1.34336148e+01  1.58979399e+01
  1.65923688e+01  1.89453788e+01  1.94910199e+01  1.94916920e+01
  1.96225348e+01  2.05305881e+01  2.15104917e+01  2.41170029e+01
  2.43710703e+01  2.58660332e+01  2.60724768e+01  2.70113358e+01
  2.74672520e+01  2.75751580e+01  3.05892332e+01  3.27442577e+01
  3.36843458e+01  3.37899159e+01  3.41611587e+01  3.42153602e+01
  3.48663961e+01  3.50530887e+01  3.72456187e+01  3.99267393e+01
  3.99602846e+01  4.23875378e+01  4.39159825e+01  4.42327291e+01
  4.48500197e+01  4.83776686e+01  4.88736658e+01  5.05284149e+01
  5.53688861e+01  5.56692378e+01  5.59202636e+01  5.66357258e+01
  5.77674455e+01  5.78923918e+01  5.93436812e+01  6.02906417e+01
  6.47458201e+01  6.49603340e+01  6.51680641e+01  6.68749790e+01
  6.76039372e+01  6.78694515e+01  6.85552576e+01  6.99023624e+01
  7.00722782e+01  7.10566011e+01  7.18958063e+01  7.42631002e+01
  7.64437617e+01  7.80250544e+01  8.00743291e+01  8.04122550e+01
  8.13002353e+01  8.18901469e+01  8.32565101e+01  8.33459185e+01
  8.73487076e+01  9.04900629e+01  9.13388441e+01  9.22074020e+01
  9.22656205e+01  9.30086833e+01  9.30344412e+01  9.73584524e+01
  9.78474792e+01  9.92848455e+01  1.01506611e+02  1.02399087e+02
  1.03450957e+02  1.03768508e+02  1.04406383e+02  1.05720971e+02
  1.07092483e+02  1.07710068e+02  1.11625387e+02  1.11924895e+02
  1.13547690e+02  1.16179984e+02  1.16837433e+02  1.21326132e+02
  1.25537775e+02  1.33048584e+02  1.36511921e+02  1.41638120e+02
  1.41844812e+02  1.42424512e+02  1.43510881e+02  1.46199060e+02
  1.46556236e+02  1.48407567e+02  1.48912536e+02  1.49165606e+02
  1.50802776e+02  1.57633889e+02  1.57737232e+02  1.58454369e+02
  1.58956502e+02  1.63267115e+02  1.64960890e+02  1.66294281e+02
  1.68205106e+02  1.68399273e+02  1.69199237e+02  1.70621405e+02
  1.71268575e+02  1.71509314e+02  1.72966312e+02  1.74644664e+02
  1.79019423e+02  1.81095791e+02  1.82868270e+02  1.82965600e+02
  1.85354242e+02  1.89562752e+02  1.89574834e+02  1.89672310e+02
  1.91027077e+02  1.94950274e+02  1.99518927e+02  2.01784542e+02
  2.04559881e+02  2.05267194e+02  2.09047338e+02  2.09294404e+02
  2.09568207e+02  2.10601509e+02  2.13399135e+02  2.14626304e+02
  2.15422119e+02  2.22947849e+02  2.24805184e+02  2.25145886e+02
  2.26628167e+02  2.28189327e+02  2.28893032e+02  2.33637454e+02
  2.35044073e+02  2.36284670e+02  2.36684500e+02  2.37351876e+02
  2.37904515e+02  2.39673843e+02  2.40087383e+02  2.40746217e+02
  2.44455371e+02  2.45745089e+02  2.47396543e+02  2.47424733e+02
  2.49133124e+02  2.50199516e+02  2.50956709e+02  2.51005724e+02
  2.52138755e+02  2.56224103e+02  2.56233725e+02  2.57266362e+02
  2.58179264e+02  2.60083093e+02  2.60765499e+02  2.62492064e+02
  2.63648761e+02  2.65056624e+02  2.66165893e+02  2.66358699e+02
  2.73760950e+02  2.75046082e+02  2.76765168e+02  2.77043285e+02
  2.78210634e+02  2.78449570e+02  2.78926353e+02  2.82206256e+02
  2.82325028e+02  2.84101176e+02  2.84932306e+02  2.86464187e+02
  2.86772706e+02  2.86931290e+02  2.87806515e+02  2.88479049e+02
  2.88826115e+02  2.89886738e+02  2.90002505e+02  2.90633014e+02
  2.90673531e+02  2.91329522e+02  2.91437334e+02  2.91755546e+02
  2.92387265e+02  2.93628281e+02  2.94666653e+02  2.94932601e+02
  2.96188315e+02  2.96502288e+02  2.96822454e+02  2.97975474e+02
  2.98212430e+02  3.00668612e+02  3.01696582e+02  3.01876822e+02
  3.02112561e+02  3.03572646e+02  3.04409455e+02  3.04449763e+02
  3.06384175e+02  3.06727103e+02  3.07812719e+02  3.08096964e+02
  3.10210664e+02  3.11984654e+02  3.14574421e+02  3.17598550e+02
  3.17861441e+02  3.19020009e+02  3.20094631e+02  3.20899374e+02
  3.21383177e+02  3.23073902e+02  3.23359694e+02  3.23678838e+02
  3.24019798e+02  3.26023906e+02  3.26326863e+02  3.27089227e+02
  3.27093677e+02  3.29794865e+02  3.30083446e+02  3.31713138e+02
  3.33040703e+02  3.34824512e+02  3.34942982e+02  3.36264366e+02
  3.38064250e+02  3.41586114e+02  3.42427604e+02  3.43392884e+02
  3.45169167e+02  3.45467793e+02  3.50754649e+02  3.51098770e+02
  3.52589335e+02  3.52938639e+02  3.53122732e+02  3.57327858e+02
  3.60230626e+02  3.60404347e+02  3.60494199e+02  3.63639297e+02
  3.65528706e+02  3.66902709e+02  3.67026251e+02  3.67221496e+02
  3.68309635e+02  3.68871842e+02  3.70665008e+02  3.71474657e+02
  3.72391756e+02  3.73902990e+02  3.74044271e+02  3.75975458e+02
  3.78576962e+02  3.79102861e+02  3.81301733e+02  3.83305336e+02
  3.84246014e+02  3.89847138e+02  3.89945653e+02  3.90751718e+02
  3.94941529e+02  3.96037631e+02  4.00041343e+02  4.03137970e+02
  4.06941403e+02  4.13881992e+02  4.14385640e+02  4.14433011e+02
  4.15231967e+02  4.18896984e+02  4.19530524e+02  4.20454152e+02
  4.20949962e+02  4.23135587e+02  4.29050163e+02  4.31102150e+02
  4.34196834e+02  4.34808157e+02  4.44554017e+02  4.45936030e+02
  4.67300177e+02  4.73149208e+02]
sorted_val_rewards: [-197.57887297 -182.35066026 -178.0051839  -177.43401894 -176.78076552
 -174.88091162 -174.73064542 -160.21062081 -159.20016429 -158.31527342
 -125.90649512 -124.12369212 -123.73722586 -110.5796088  -100.49594588
  -87.11199891  -83.35608986  -81.40890617  -80.48391381  -78.63191173
  -75.02969541  -55.05873001  -48.7197115   -21.70967377  -20.05488751
    0.97147912   15.18002559   28.52857496   55.12239522   58.63093231
   68.53959926   88.72799534   98.71733224  103.16215884  114.76100693
  133.57330341  137.75828464  139.13141875  143.49660888  148.38223634
  151.58462983  158.93814401  164.18896384  174.7104084   204.14993575
  206.11896428  208.13326989  221.44584608  242.29822404  266.10544335
  266.92718945  312.7553511   323.17094558  357.43277402  361.8462674
  370.49736551  376.10350881  407.71841162]
maximum traj length 200
maximum traj length 200
num train_obs 7140
num train_labels 7140
num val_obs 1653
num val_labels 1653
ModuleList(
  (0): Linear(in_features=19, out_features=128, bias=True)
  (1): Linear(in_features=128, out_features=64, bias=True)
  (2): Linear(in_features=64, out_features=1, bias=False)
)
Training reward model from scratch...
Total number of parameters: 10880
Number of trainable paramters: 10880
device: cuda:2
end of epoch 0: val_loss 0.21248313578236785, val_acc 0.8989715668481548
trigger times: 0
saving model weights...
end of epoch 1: val_loss 0.1816726561661068, val_acc 0.9213551119177253
trigger times: 0
saving model weights...
end of epoch 2: val_loss 0.1745923667117603, val_acc 0.9225650332728372
trigger times: 0
saving model weights...
end of epoch 3: val_loss 0.18893400987904488, val_acc 0.9213551119177253
trigger times: 1
end of epoch 4: val_loss 0.18276311351814575, val_acc 0.9201451905626135
trigger times: 2
end of epoch 5: val_loss 0.18381707221150684, val_acc 0.9237749546279492
trigger times: 3
end of epoch 6: val_loss 0.18905953214010868, val_acc 0.9243799153055051
trigger times: 4
end of epoch 7: val_loss 0.17821386167493378, val_acc 0.926799758015729
trigger times: 5
end of epoch 8: val_loss 0.17776129847684147, val_acc 0.926799758015729
trigger times: 6
end of epoch 9: val_loss 0.18895831281785294, val_acc 0.9237749546279492
trigger times: 7
end of epoch 10: val_loss 0.2025441007050748, val_acc 0.9243799153055051
trigger times: 8
end of epoch 11: val_loss 0.1975312426398638, val_acc 0.9274047186932849
trigger times: 9
end of epoch 12: val_loss 0.18774923704567087, val_acc 0.9280096793708409
trigger times: 10
Early stopping.
0 -31.531426577828825 -197.57887297063488
1 -32.20805613324046 -182.35066025738055
2 -25.898447721265256 -178.00518390099057
3 -27.667778249830008 -177.43401893695787
4 -28.326710114255548 -176.78076551790582
5 -25.563183303922415 -174.8809116186214
6 -25.526463886722922 -174.73064541536968
7 -21.95340943709016 -160.2106208148812
8 -27.828988407738507 -159.20016428791192
9 -28.906802581856027 -158.31527342181974
10 -12.80478965677321 -125.90649512105452
11 -20.6987726688385 -124.12369212268415
12 -13.66192714869976 -123.73722586114381
13 -11.825198587495834 -110.57960879670767
14 -11.880919034359977 -100.49594588248743
15 -10.922353216912597 -87.11199891271609
16 -12.321413770318031 -83.35608985615931
17 -9.970121325095533 -81.40890616600856
18 -11.707858064211905 -80.48391381073206
19 -15.13337543560192 -78.63191172502285
20 -18.71321695065126 -75.02969540587696
21 -10.550905853742734 -55.058730007266846
22 -12.33192340331152 -48.71971149808798
23 -5.798047926858999 -21.70967376674228
24 -7.236964410461951 -20.05488751117805
25 -7.481370004708879 0.971479121789783
26 -4.6773208331433125 15.180025586543433
27 -6.481332053052029 28.52857496230795
28 -5.3077880463097245 55.12239522211616
29 -3.009724913543323 58.63093231433321
30 -5.667366360663436 68.5395992615062
31 -0.9505115897627547 88.72799533692061
32 -1.5130562681006268 98.71733223851827
33 -1.8917460937518626 103.16215883545624
34 -4.7127773787942715 114.76100692572165
35 -1.9609061200317228 133.57330341432083
36 -2.679282958561089 137.7582846380186
37 -1.9962736201559892 139.13141875003257
38 -2.7992053880589083 143.4966088789707
39 -1.350073425215669 148.38223634397093
40 -3.135326399700716 151.58462983224345
41 -0.39363972647697665 158.9381440127044
42 -1.6413702047429979 164.18896384382953
43 -0.3384254950506147 174.7104083975865
44 0.1022371165745426 204.14993574950878
45 -0.18581196552258916 206.11896428081653
46 0.10192096419632435 208.13326989135442
47 -0.5033185187494382 221.44584607902624
48 2.3905535480298568 242.29822403524432
49 5.796028002165258 266.1054433499994
50 1.1247118315950502 266.92718944698623
51 2.5527956723817624 312.75535109782965
52 3.5299815434555057 323.17094557576416
53 2.720987265347503 357.43277401751465
54 4.432534430845408 361.84626739841684
55 5.334510589484125 370.4973655070732
56 3.499896160821663 376.1035088128469
57 3.9504376126860734 407.7184116224722
train accuracy: 0.9631652661064426
validation accuracy: 0.9280096793708409
demos: (630, 200, 19)
demo_rewards: (630,)
sorted_train_rewards: [-202.91399848 -202.02342031 -198.37007973 -197.57887297 -196.43416298
 -191.75791479 -186.12491446 -183.39995284 -183.31851142 -182.35066026
 -179.58033332 -178.48027673 -178.22165462 -178.0051839  -177.43401894
 -176.69095007 -175.32576918 -175.14001777 -174.88091162 -174.73064542
 -174.13713679 -174.07394753 -173.60899341 -172.03405195 -171.82574155
 -171.56662731 -171.38029235 -171.03024664 -170.9429777  -170.66366525
 -169.68569522 -168.60793708 -168.43911219 -167.85699735 -167.52373602
 -167.49748266 -167.42995476 -167.25074772 -166.24069056 -165.78904516
 -165.54060693 -164.1343327  -162.37308527 -161.76593844 -160.21062081
 -159.87773103 -159.79588252 -159.51981107 -159.20016429 -159.07003195
 -158.31527342 -158.17905285 -158.03273683 -156.47036163 -156.46721385
 -156.17123546 -154.10259952 -153.91373104 -153.64845771 -152.70689596
 -150.86577019 -147.45996398 -147.39612552 -145.2752111  -144.23826571
 -141.24374815 -139.1230432  -137.07589463 -135.66383032 -134.02730905
 -133.97354737 -131.67337445 -125.90649512 -124.30988374 -124.12369212
 -123.73722586 -123.37609767 -120.17150455 -118.44125701 -118.35946447
 -115.68651831 -115.27865235 -114.76315562 -114.2417239  -114.08509601
 -113.49149116 -112.88548861 -112.06781963 -111.17956009 -110.60355407
 -110.24807278 -109.45420794 -109.09913941 -107.11330591 -106.96994903
 -106.29807636 -106.26498585 -105.88061755 -105.29461692 -103.17265406
 -103.15213887 -102.13329991 -102.05799314 -101.56590801 -101.0024383
 -100.50172871 -100.49594588 -100.3483527  -100.06225202  -99.97356353
  -99.84209418  -98.980594    -97.95729556  -97.39931906  -97.22576794
  -97.22322093  -96.99387695  -96.30769253  -96.05813977  -94.96885949
  -94.75279234  -94.2721572   -93.99360087  -92.09937235  -90.84708473
  -89.90589085  -89.80503494  -89.21931257  -88.89845905  -88.85541894
  -88.21081853  -87.66500552  -87.11199891  -86.49867035  -85.86496352
  -85.83617395  -85.63020482  -85.44936023  -85.0345758   -84.77792696
  -84.28595871  -84.09148559  -81.8475632   -81.83948972  -81.44663773
  -81.40890617  -81.27328852  -81.18894323  -81.00674801  -80.85477622
  -80.48391381  -80.25156009  -78.93406316  -78.63191173  -78.53139537
  -78.41738158  -78.05157795  -76.35929337  -76.34657199  -75.02969541
  -74.83072244  -74.12887018  -73.52682146  -73.00553564  -72.6136252
  -72.31990156  -72.3063169   -71.7539174   -71.00971899  -70.55293856
  -70.24975538  -69.87882418  -69.1105969   -69.01056894  -68.80328124
  -68.2574483   -68.17092406  -67.85891444  -67.75435939  -67.70332814
  -67.67042236  -67.48713737  -66.84215299  -66.73580965  -66.24601813
  -65.99149541  -65.85899976  -65.33741899  -65.00607092  -64.97621838
  -64.79108284  -64.31517893  -63.24633649  -63.18536851  -63.1014303
  -62.32231556  -61.97314308  -61.38038612  -59.23492089  -57.85728026
  -57.15894304  -56.30990465  -54.58777935  -54.39572576  -53.81405192
  -53.450388    -52.61864901  -52.39984223  -52.07084376  -50.31906834
  -49.54603187  -49.44825563  -48.7197115   -45.54973287  -45.21353098
  -44.4901949   -43.91335187  -43.5323363   -41.31065187  -39.36477339
  -38.43479124  -37.28255582  -36.57284828  -36.4541601   -36.37950117
  -35.63660061  -34.92774699  -34.48765021  -33.69569039  -33.34809777
  -33.0821177   -29.59331475  -27.19493696  -26.34565134  -22.66047772
  -21.77695065  -21.16158033  -20.41800932  -20.14259509  -18.79124683
  -17.42078983  -16.89019753  -16.11437641  -15.36293844  -14.47118388
  -13.92677682  -11.25087105   -7.28306957   -6.03798033   -4.48405644
   -1.89633986   -1.43319012   -1.25215708   -0.57284213    0.53212097
    0.97147912    3.13137341    4.09388103    4.23223568    4.38318042
    6.23806049    6.83923461    6.84166284    8.62917691   12.99522659
   13.43361475   15.18002559   15.89793991   16.59236878   18.94537882
   19.49101988   19.49169204   19.62253484   20.53058809   24.11700289
   24.37107026   25.86603325   26.07247685   27.467252     27.57515801
   28.52857496   30.58923318   32.74425768   33.68434584   33.78991594
   34.1611587    34.21536024   34.86639611   35.05308872   37.24561873
   39.92673927   39.9602846    42.38753778   43.91598247   44.23272914
   44.8500197    48.37766863   48.87366584   50.52841486   55.12239522
   55.36888608   55.66923779   55.92026357   56.63572585   57.7674455
   57.89239177   58.63093231   59.3436812    64.7458201    64.96033396
   65.16806407   66.87497899   67.60393721   67.86945148   68.53959926
   68.55525758   69.90236244   70.07227821   71.05660111   71.89580631
   74.26310022   76.4437617    78.02505437   80.07432907   80.41225502
   81.30023532   81.89014686   83.25651006   83.34591849   87.34870755
   88.72799534   90.49006287   91.33884406   92.20740196   92.26562045
   93.0086833    93.03444123   97.35845242   97.84747918   99.28484545
  101.50661113  102.39908747  103.45095737  103.76850791  104.40638326
  105.72097092  107.09248339  107.71006782  111.62538714  111.92489522
  113.54769019  114.76100693  116.17998438  116.8374333   121.32613156
  125.53777532  133.04858367  133.57330341  136.51192078  139.13141875
  141.63811962  141.84481213  142.42451181  143.49660888  146.19906043
  146.55623578  148.38223634  148.91253622  149.16560554  150.80277581
  157.63388866  157.73723206  158.45436886  158.93814401  158.95650203
  164.18896384  164.96088965  166.29428147  168.20510566  168.39927287
  169.19923675  170.62140514  171.268575    171.50931422  172.96631157
  174.64466435  179.0194227   181.09579107  182.86827014  182.96560002
  185.35424212  189.56275248  189.57483419  189.67231025  191.02707723
  194.95027356  199.51892684  201.78454217  204.14993575  204.55988076
  205.26719392  208.13326989  209.04733791  209.29440447  209.56820738
  210.60150901  213.39913501  214.62630405  215.42211929  221.44584608
  222.94784864  224.80518376  225.14588564  226.62816707  228.18932689
  228.89303209  233.63745377  235.04407254  236.28467012  236.68449973
  237.35187624  237.90451472  239.6738431   240.08738326  240.74621709
  244.45537109  245.74508912  247.39654282  247.42473325  249.13312448
  250.19951559  250.95670933  251.00572441  252.1387551   256.22410276
  256.23372493  257.26636161  258.17926442  260.08309336  260.76549875
  262.49206402  263.64876068  265.05662403  266.16589263  266.35869922
  266.92718945  273.76094954  275.04608232  276.76516767  277.04328458
  278.21063395  278.44956986  278.92635304  282.20625599  282.3250276
  284.10117586  284.93230584  286.46418723  286.77270605  286.93129032
  287.80651503  288.47904887  288.82611523  290.00250527  290.6330136
  291.329522    291.43733419  291.75554554  293.62828117  294.66665339
  294.93260123  296.18831527  296.82245417  297.97547363  298.2124303
  300.66861177  301.8768217   302.11256138  304.40945475  304.44976264
  306.38417501  306.72710293  307.81271914  308.09696351  310.21066379
  311.98465421  314.5744211   317.59854966  317.86144101  319.02000876
  320.09463125  320.89937399  321.38317663  323.0739022   323.678838
  324.01979761  326.02390564  326.32686278  327.08922691  327.0936773
  329.79486514  330.08344617  331.71313838  333.04070292  334.82451182
  336.26436621  338.0642504   341.58611411  342.42760397  343.3928837
  345.16916743  345.46779307  350.75464928  351.0987698   352.58933484
  352.93863943  353.12273234  357.32785812  357.43277402  360.23062633
  360.40434694  360.49419865  363.63929662  365.52870592  366.90270881
  367.0262511   367.2214958   368.30963475  368.8718416   370.66500773
  371.47465709  372.39175602  373.90298986  374.04427108  375.975458
  376.10350881  378.57696223  379.10286123  381.301733    383.3053357
  384.24601373  389.84713814  389.94565309  390.75171849  394.94152944
  396.03763115  400.04134269  403.13796959  406.94140334  407.71841162
  413.8819924   414.38564019  414.4330114   415.23196678  418.89698369
  419.53052427  420.45415192  420.94996211  423.13558716  429.05016307
  431.10215006  434.19683392  434.80815707  444.55401749  445.93602988
  467.30017704  473.14920837]
sorted_val_rewards: [-1.80131223e+02 -1.76780766e+02 -1.70984672e+02 -1.68281407e+02
 -1.68068864e+02 -1.65614136e+02 -1.58558471e+02 -1.57975037e+02
 -1.45727567e+02 -1.45337991e+02 -1.43582307e+02 -1.28321227e+02
 -1.15454518e+02 -1.10579609e+02 -1.07194972e+02 -1.01085337e+02
 -9.74488508e+01 -9.73442779e+01 -9.72448577e+01 -9.62077020e+01
 -8.69057412e+01 -8.48467849e+01 -8.33560899e+01 -7.85751216e+01
 -5.76610527e+01 -5.50587300e+01 -5.13445043e+01 -4.26845918e+01
 -3.51896507e+01 -2.77930868e+01 -2.17096738e+01 -2.01312764e+01
 -2.00548875e+01 -1.63608121e+00  2.69474090e-01  8.48755488e-01
  8.10954932e+00  2.15104917e+01  2.70113358e+01  6.02906417e+01
  9.87173322e+01  1.03162159e+02  1.37758285e+02  1.43510881e+02
  1.48407567e+02  1.51584630e+02  1.63267115e+02  1.74710408e+02
  2.06118964e+02  2.42298224e+02  2.66105443e+02  2.89886738e+02
  2.90673531e+02  2.92387265e+02  2.96502288e+02  3.01696582e+02
  3.03572646e+02  3.12755351e+02  3.23170946e+02  3.23359694e+02
  3.34942982e+02  3.61846267e+02  3.70497366e+02]
maximum traj length 200
maximum traj length 200
num train_obs 7140
num train_labels 7140
num val_obs 1953
num val_labels 1953
ModuleList(
  (0): Linear(in_features=19, out_features=128, bias=True)
  (1): Linear(in_features=128, out_features=64, bias=True)
  (2): Linear(in_features=64, out_features=1, bias=False)
)
Training reward model from scratch...
Total number of parameters: 10880
Number of trainable paramters: 10880
device: cuda:1
end of epoch 0: val_loss 0.39228865644284644, val_acc 0.8924731182795699
trigger times: 0
saving model weights...
end of epoch 1: val_loss 0.23342297401749468, val_acc 0.9150025601638505
trigger times: 0
saving model weights...
end of epoch 2: val_loss 0.3186606729142618, val_acc 0.9119303635432667
trigger times: 1
end of epoch 3: val_loss 0.34905163867296274, val_acc 0.9155145929339478
trigger times: 2
end of epoch 4: val_loss 0.3168282552840746, val_acc 0.9165386584741424
trigger times: 3
end of epoch 5: val_loss 0.2904787692145924, val_acc 0.9190988223246288
trigger times: 4
end of epoch 6: val_loss 0.2548706057956832, val_acc 0.921146953405018
trigger times: 5
end of epoch 7: val_loss 0.26986034194056174, val_acc 0.9242191500256016
trigger times: 6
end of epoch 8: val_loss 0.24854311915303912, val_acc 0.9247311827956989
trigger times: 7
end of epoch 9: val_loss 0.26771794169483165, val_acc 0.926779313876088
trigger times: 8
end of epoch 10: val_loss 0.27524169444217417, val_acc 0.9206349206349206
trigger times: 9
end of epoch 11: val_loss 0.300671444511188, val_acc 0.9201228878648233
trigger times: 10
Early stopping.
0 -24.655652328394353 -180.13122323516905
1 -25.58987182378769 -176.78076551790582
2 -25.62812951207161 -170.98467197065378
3 -15.06857230188325 -168.28140690606054
4 -25.459618404507637 -168.06886404738978
5 -25.2255741127301 -165.6141355998536
6 -25.880852727219462 -158.55847142367534
7 -26.147079926682636 -157.97503657093696
8 -12.548350394703448 -145.7275672542709
9 -25.106191276106983 -145.33799090613712
10 -26.335707360878587 -143.5823073136614
11 -21.563755799084902 -128.32122653183134
12 -19.458187675103545 -115.4545179094371
13 -15.82455191144254 -110.57960879670767
14 -37.582705244858516 -107.19497243794189
15 -15.262276699766517 -101.08533705488864
16 -13.498283763357904 -97.44885082809499
17 -14.596188991796225 -97.34427788639262
18 -15.992138764355332 -97.24485765376211
19 -15.733012691140175 -96.20770195777433
20 -15.345336758065969 -86.90574117160129
21 -14.280132673215121 -84.84678494475872
22 -15.47014441806823 -83.35608985615931
23 -15.00268831755966 -78.57512156340911
24 -12.499291993211955 -57.66105272983283
25 -12.631533637701068 -55.058730007266846
26 -8.332114079035819 -51.34450428016807
27 -9.29305935226148 -42.684591781359885
28 -8.587564851011848 -35.189650726025825
29 -9.199175461690174 -27.79308683708994
30 -4.855123005108908 -21.70967376674228
31 -8.996861974184867 -20.131276401477507
32 -9.336911052465439 -20.05488751117805
33 -8.979622512473725 -1.6360812070508592
34 -5.367173227321473 0.2694740897100143
35 -8.762723932792142 0.8487554879327812
36 -8.266194010851905 8.109549320576296
37 -7.311694091768004 21.510491708775934
38 -5.107619245827664 27.01133577467053
39 -3.463395025522914 60.290641719835705
40 -2.848088849292253 98.71733223851827
41 -2.0615251648123376 103.16215883545624
42 -3.213015403249301 137.7582846380186
43 -2.774693918247067 143.51088109267857
44 0.03291948407422751 148.407567303086
45 -3.427145817433484 151.58462983224345
46 -0.9246010781498626 163.26711477318133
47 -0.5548178741082666 174.7104083975865
48 0.01600160083035007 206.11896428081653
49 3.404195027484093 242.29822403524432
50 3.1526456689462066 266.1054433499994
51 -0.09913455524656456 289.88673786190077
52 4.645302119664848 290.6735314141893
53 4.57933586864965 292.3872649470778
54 5.143611605046317 296.5022879483941
55 2.726730322698131 301.6965823877335
56 3.5194479511119425 303.57264606950895
57 2.8593792601313908 312.75535109782965
58 2.8164198708254844 323.17094557576416
59 4.299430300510721 323.3596937523082
60 5.296621906454675 334.9429820211255
61 5.317384369234787 361.84626739841684
62 6.165735279384535 370.4973655070732
train accuracy: 0.9697478991596639
validation accuracy: 0.9201228878648233
demos: (680, 200, 19)
demo_rewards: (680,)
sorted_train_rewards: [-2.02913998e+02 -2.02023420e+02 -1.98370080e+02 -1.97578873e+02
 -1.96434163e+02 -1.91757915e+02 -1.86124914e+02 -1.83399953e+02
 -1.83318511e+02 -1.82350660e+02 -1.80131223e+02 -1.79580333e+02
 -1.78480277e+02 -1.78221655e+02 -1.78005184e+02 -1.76780766e+02
 -1.76690950e+02 -1.75325769e+02 -1.75140018e+02 -1.74880912e+02
 -1.74730645e+02 -1.74137137e+02 -1.74073948e+02 -1.73608993e+02
 -1.72034052e+02 -1.71825742e+02 -1.71566627e+02 -1.71380292e+02
 -1.71030247e+02 -1.70984672e+02 -1.70942978e+02 -1.70663665e+02
 -1.69685695e+02 -1.68607937e+02 -1.68439112e+02 -1.68068864e+02
 -1.67856997e+02 -1.67523736e+02 -1.67497483e+02 -1.67429955e+02
 -1.67250748e+02 -1.66240691e+02 -1.65789045e+02 -1.65614136e+02
 -1.65540607e+02 -1.64134333e+02 -1.62373085e+02 -1.61765938e+02
 -1.60210621e+02 -1.59877731e+02 -1.59795883e+02 -1.59519811e+02
 -1.59200164e+02 -1.59070032e+02 -1.58315273e+02 -1.58179053e+02
 -1.58032737e+02 -1.57975037e+02 -1.56470362e+02 -1.56171235e+02
 -1.54102600e+02 -1.53913731e+02 -1.53648458e+02 -1.52706896e+02
 -1.50865770e+02 -1.47459964e+02 -1.47396126e+02 -1.45727567e+02
 -1.45337991e+02 -1.45275211e+02 -1.43582307e+02 -1.41243748e+02
 -1.39123043e+02 -1.37075895e+02 -1.35663830e+02 -1.34027309e+02
 -1.33973547e+02 -1.31673374e+02 -1.28321227e+02 -1.25906495e+02
 -1.24309884e+02 -1.24123692e+02 -1.23737226e+02 -1.23376098e+02
 -1.20171505e+02 -1.18441257e+02 -1.18359464e+02 -1.15686518e+02
 -1.15454518e+02 -1.14085096e+02 -1.13491491e+02 -1.12885489e+02
 -1.12067820e+02 -1.11179560e+02 -1.10603554e+02 -1.10579609e+02
 -1.09454208e+02 -1.07194972e+02 -1.07113306e+02 -1.06969949e+02
 -1.06298076e+02 -1.06264986e+02 -1.05880618e+02 -1.05455386e+02
 -1.05294617e+02 -1.03172654e+02 -1.03152139e+02 -1.02133300e+02
 -1.02057993e+02 -1.01565908e+02 -1.01085337e+02 -1.01002438e+02
 -1.00501729e+02 -1.00495946e+02 -1.00348353e+02 -1.00062252e+02
 -1.00017543e+02 -9.99735635e+01 -9.98420942e+01 -9.89805940e+01
 -9.79572956e+01 -9.74488508e+01 -9.73993191e+01 -9.73442779e+01
 -9.72448577e+01 -9.72257679e+01 -9.72232209e+01 -9.69938770e+01
 -9.62077020e+01 -9.60581398e+01 -9.49688595e+01 -9.42721572e+01
 -9.39936009e+01 -9.24072487e+01 -9.20993724e+01 -9.08470847e+01
 -9.00648603e+01 -8.99058909e+01 -8.98050349e+01 -8.92193126e+01
 -8.88984590e+01 -8.82108185e+01 -8.80149829e+01 -8.76650055e+01
 -8.71119989e+01 -8.69057412e+01 -8.64986704e+01 -8.63682651e+01
 -8.58649635e+01 -8.58361739e+01 -8.56302048e+01 -8.54493602e+01
 -8.50345758e+01 -8.47779270e+01 -8.42859587e+01 -8.40914856e+01
 -8.34164775e+01 -8.33560899e+01 -8.32734052e+01 -8.22570397e+01
 -8.21891226e+01 -8.19074984e+01 -8.18475632e+01 -8.18394897e+01
 -8.14466377e+01 -8.12732885e+01 -8.11889432e+01 -8.08547762e+01
 -8.06206072e+01 -8.04839138e+01 -8.02515601e+01 -7.89340632e+01
 -7.86319117e+01 -7.85751216e+01 -7.85313954e+01 -7.84173816e+01
 -7.80515779e+01 -7.71068205e+01 -7.63592934e+01 -7.52527425e+01
 -7.50296954e+01 -7.45309238e+01 -7.42350328e+01 -7.41288702e+01
 -7.40536489e+01 -7.35268215e+01 -7.30776220e+01 -7.30055356e+01
 -7.23199016e+01 -7.23063169e+01 -7.17539174e+01 -7.16307005e+01
 -7.10992269e+01 -7.10097190e+01 -7.05529386e+01 -7.02497554e+01
 -6.98788242e+01 -6.91105969e+01 -6.90105689e+01 -6.88032812e+01
 -6.83339613e+01 -6.82574483e+01 -6.81709241e+01 -6.78589144e+01
 -6.77033281e+01 -6.76704224e+01 -6.74871374e+01 -6.70070834e+01
 -6.68421530e+01 -6.67358097e+01 -6.64936401e+01 -6.61454611e+01
 -6.60157862e+01 -6.59914954e+01 -6.58589998e+01 -6.53374190e+01
 -6.50276854e+01 -6.50060709e+01 -6.49762184e+01 -6.47910828e+01
 -6.45817960e+01 -6.43151789e+01 -6.42786974e+01 -6.42364623e+01
 -6.32463365e+01 -6.31853685e+01 -6.31014303e+01 -6.25443412e+01
 -6.23223156e+01 -6.16269228e+01 -6.13803861e+01 -6.10715143e+01
 -5.92349209e+01 -5.78572803e+01 -5.76610527e+01 -5.71589430e+01
 -5.63099047e+01 -5.59290549e+01 -5.53778059e+01 -5.50587300e+01
 -5.46222017e+01 -5.45877794e+01 -5.43957258e+01 -5.38140519e+01
 -5.34503880e+01 -5.26709252e+01 -5.26186490e+01 -5.23998422e+01
 -5.23977105e+01 -5.20708438e+01 -5.13445043e+01 -5.07525085e+01
 -5.03190683e+01 -4.96598289e+01 -4.95460319e+01 -4.94482556e+01
 -4.92099499e+01 -4.89404498e+01 -4.87197115e+01 -4.74341038e+01
 -4.55497329e+01 -4.52135310e+01 -4.49151915e+01 -4.44901949e+01
 -4.39133519e+01 -4.35323363e+01 -4.34198979e+01 -4.32483940e+01
 -4.26845918e+01 -4.13106519e+01 -3.93647734e+01 -3.84347912e+01
 -3.72825558e+01 -3.65728483e+01 -3.64541601e+01 -3.63795012e+01
 -3.56366006e+01 -3.51896507e+01 -3.49277470e+01 -3.44876502e+01
 -3.36956904e+01 -3.33480978e+01 -3.30821177e+01 -3.15301627e+01
 -2.95933148e+01 -2.77930868e+01 -2.71949370e+01 -2.63456513e+01
 -2.26604777e+01 -2.17096738e+01 -2.11615803e+01 -2.04180093e+01
 -2.01312764e+01 -2.00548875e+01 -1.74207898e+01 -1.68901975e+01
 -1.53629384e+01 -1.39267768e+01 -1.12508710e+01 -7.28306957e+00
 -6.03798033e+00 -4.48405644e+00 -1.89633986e+00 -1.63608121e+00
 -1.43319012e+00 -1.25215708e+00 -5.72842125e-01  2.69474090e-01
  5.32120974e-01  8.48755488e-01  9.71479122e-01  4.09388103e+00
  4.23223568e+00  4.38318042e+00  6.23806049e+00  6.83923461e+00
  6.84166284e+00  8.10954932e+00  8.62917691e+00  1.29952266e+01
  1.34336148e+01  1.51800256e+01  1.65923688e+01  1.89453788e+01
  1.94910199e+01  1.94916920e+01  1.96225348e+01  2.05305881e+01
  2.15104917e+01  2.41170029e+01  2.43710703e+01  2.58660332e+01
  2.70113358e+01  2.74672520e+01  2.75751580e+01  3.05892332e+01
  3.36843458e+01  3.41611587e+01  3.42153602e+01  3.48663961e+01
  3.50530887e+01  3.72456187e+01  3.99267393e+01  3.99602846e+01
  4.23875378e+01  4.39159825e+01  4.42327291e+01  4.83776686e+01
  4.88736658e+01  5.05284149e+01  5.51223952e+01  5.56692378e+01
  5.59202636e+01  5.66357258e+01  5.77674455e+01  5.78923918e+01
  5.86309323e+01  5.93436812e+01  6.02906417e+01  6.47458201e+01
  6.49603340e+01  6.51680641e+01  6.68749790e+01  6.76039372e+01
  6.78694515e+01  6.85395993e+01  6.99023624e+01  7.00722782e+01
  7.10566011e+01  7.18958063e+01  7.42631002e+01  7.64437617e+01
  7.80250544e+01  8.00743291e+01  8.04122550e+01  8.13002353e+01
  8.32565101e+01  8.33459185e+01  8.73487076e+01  8.87279953e+01
  9.13388441e+01  9.22074020e+01  9.22656205e+01  9.30086833e+01
  9.30344412e+01  9.73584524e+01  9.78474792e+01  9.87173322e+01
  9.92848455e+01  1.01506611e+02  1.02399087e+02  1.03450957e+02
  1.03768508e+02  1.04406383e+02  1.05720971e+02  1.07710068e+02
  1.11625387e+02  1.11924895e+02  1.13547690e+02  1.14761007e+02
  1.16179984e+02  1.16837433e+02  1.25537775e+02  1.33048584e+02
  1.33573303e+02  1.36511921e+02  1.39131419e+02  1.41638120e+02
  1.42424512e+02  1.43510881e+02  1.46199060e+02  1.46556236e+02
  1.48382236e+02  1.48407567e+02  1.48912536e+02  1.49165606e+02
  1.50802776e+02  1.51584630e+02  1.57633889e+02  1.57737232e+02
  1.58454369e+02  1.58938144e+02  1.58956502e+02  1.63267115e+02
  1.64188964e+02  1.64960890e+02  1.66294281e+02  1.68205106e+02
  1.68399273e+02  1.69199237e+02  1.70621405e+02  1.71268575e+02
  1.71509314e+02  1.72966312e+02  1.74644664e+02  1.74710408e+02
  1.79019423e+02  1.81095791e+02  1.82868270e+02  1.82965600e+02
  1.85354242e+02  1.89562752e+02  1.89574834e+02  1.89672310e+02
  1.91027077e+02  1.94950274e+02  1.99518927e+02  2.01784542e+02
  2.04559881e+02  2.05267194e+02  2.06118964e+02  2.08133270e+02
  2.09047338e+02  2.09294404e+02  2.10601509e+02  2.13399135e+02
  2.14626304e+02  2.15422119e+02  2.22947849e+02  2.24805184e+02
  2.25145886e+02  2.26628167e+02  2.28189327e+02  2.33637454e+02
  2.35044073e+02  2.36284670e+02  2.36684500e+02  2.37351876e+02
  2.37904515e+02  2.39673843e+02  2.40087383e+02  2.40746217e+02
  2.42298224e+02  2.44455371e+02  2.45745089e+02  2.47396543e+02
  2.47424733e+02  2.49133124e+02  2.50199516e+02  2.50956709e+02
  2.51005724e+02  2.52138755e+02  2.56224103e+02  2.56233725e+02
  2.57266362e+02  2.58179264e+02  2.60083093e+02  2.62492064e+02
  2.63648761e+02  2.65056624e+02  2.66165893e+02  2.66358699e+02
  2.66927189e+02  2.73760950e+02  2.75046082e+02  2.76765168e+02
  2.77043285e+02  2.78210634e+02  2.78449570e+02  2.78926353e+02
  2.82206256e+02  2.82325028e+02  2.84101176e+02  2.84932306e+02
  2.86464187e+02  2.86772706e+02  2.86931290e+02  2.87806515e+02
  2.88479049e+02  2.88826115e+02  2.90002505e+02  2.90633014e+02
  2.91329522e+02  2.91437334e+02  2.91755546e+02  2.93628281e+02
  2.94932601e+02  2.96188315e+02  2.96502288e+02  2.96822454e+02
  2.97975474e+02  2.98212430e+02  3.00668612e+02  3.01876822e+02
  3.02112561e+02  3.04409455e+02  3.04449763e+02  3.06727103e+02
  3.07812719e+02  3.08096964e+02  3.10210664e+02  3.11984654e+02
  3.12755351e+02  3.14574421e+02  3.17598550e+02  3.17861441e+02
  3.19020009e+02  3.20094631e+02  3.20899374e+02  3.21383177e+02
  3.23073902e+02  3.23678838e+02  3.24019798e+02  3.26023906e+02
  3.26326863e+02  3.27089227e+02  3.27093677e+02  3.29794865e+02
  3.31713138e+02  3.33040703e+02  3.34824512e+02  3.34942982e+02
  3.36264366e+02  3.38064250e+02  3.41586114e+02  3.42427604e+02
  3.43392884e+02  3.45169167e+02  3.45467793e+02  3.50754649e+02
  3.51098770e+02  3.52589335e+02  3.52938639e+02  3.53122732e+02
  3.57327858e+02  3.57432774e+02  3.60230626e+02  3.60404347e+02
  3.60494199e+02  3.63639297e+02  3.65528706e+02  3.66902709e+02
  3.67026251e+02  3.67221496e+02  3.68309635e+02  3.68871842e+02
  3.70665008e+02  3.71474657e+02  3.72391756e+02  3.73902990e+02
  3.74044271e+02  3.75975458e+02  3.76103509e+02  3.78576962e+02
  3.79102861e+02  3.81301733e+02  3.83305336e+02  3.84246014e+02
  3.89847138e+02  3.89945653e+02  3.90751718e+02  3.94941529e+02
  3.96037631e+02  4.00041343e+02  4.03137970e+02  4.06941403e+02
  4.07718412e+02  4.13881992e+02  4.14385640e+02  4.14433011e+02
  4.15231967e+02  4.18896984e+02  4.19530524e+02  4.20454152e+02
  4.20949962e+02  4.23135587e+02  4.29050163e+02  4.31102150e+02
  4.34196834e+02  4.44554017e+02  4.67300177e+02  4.73149208e+02]
sorted_val_rewards: [-177.43401894 -168.28140691 -158.55847142 -156.46721385 -144.23826571
 -115.27865235 -114.76315562 -114.2417239  -110.24807278 -109.09913941
  -96.30769253  -94.75279234  -88.85541894  -84.84678494  -81.40890617
  -81.00674801  -76.34657199  -74.83072244  -74.79104184  -72.6136252
  -72.4455469   -67.75435939  -66.24601813  -61.97314308  -50.29963902
  -49.80242798  -21.77695065  -20.14259509  -18.79124683  -16.11437641
  -14.47118388    3.13137341   15.89793991   26.07247685   28.52857496
   32.74425768   33.78991594   44.8500197    55.36888608   68.55525758
   81.89014686   90.49006287  103.16215884  107.09248339  121.32613156
  137.75828464  141.84481213  143.49660888  204.14993575  209.56820738
  221.44584608  228.89303209  260.76549875  266.10544335  289.88673786
  290.67353141  292.38726495  294.66665339  301.69658239  303.57264607
  306.38417501  323.17094558  323.35969375  330.08344617  361.8462674
  370.49736551  434.80815707  445.93602988]
maximum traj length 200
maximum traj length 200
num train_obs 7140
num train_labels 7140
num val_obs 2278
num val_labels 2278
ModuleList(
  (0): Linear(in_features=19, out_features=128, bias=True)
  (1): Linear(in_features=128, out_features=64, bias=True)
  (2): Linear(in_features=64, out_features=1, bias=False)
)
Training reward model from scratch...
Total number of parameters: 10880
Number of trainable paramters: 10880
device: cuda:1
end of epoch 0: val_loss 0.3454307065110071, val_acc 0.8604038630377524
trigger times: 0
saving model weights...
end of epoch 1: val_loss 0.2880843486742936, val_acc 0.8880597014925373
trigger times: 0
saving model weights...
end of epoch 2: val_loss 0.26026921586510865, val_acc 0.8942054433713784
trigger times: 0
saving model weights...
end of epoch 3: val_loss 0.26697853011255174, val_acc 0.8955223880597015
trigger times: 1
end of epoch 4: val_loss 0.2295256363223253, val_acc 0.9056189640035118
trigger times: 0
saving model weights...
end of epoch 5: val_loss 0.22104933748725955, val_acc 0.9091308165057067
trigger times: 0
saving model weights...
end of epoch 6: val_loss 0.1988975876929059, val_acc 0.9187884108867428
trigger times: 0
saving model weights...
end of epoch 7: val_loss 0.23112508409102164, val_acc 0.9064969271290606
trigger times: 1
end of epoch 8: val_loss 0.21924453027649013, val_acc 0.9126426690079017
trigger times: 2
end of epoch 9: val_loss 0.21974787900292297, val_acc 0.9135206321334504
trigger times: 3
end of epoch 10: val_loss 0.23939602075905309, val_acc 0.9100087796312555
trigger times: 4
end of epoch 11: val_loss 0.20703674858928292, val_acc 0.9192273924495171
trigger times: 5
end of epoch 12: val_loss 0.223810251931146, val_acc 0.9152765583845478
trigger times: 6
end of epoch 13: val_loss 0.24099114040410854, val_acc 0.9174714661984197
trigger times: 7
end of epoch 14: val_loss 0.22632528405183966, val_acc 0.9157155399473222
trigger times: 8
end of epoch 15: val_loss 0.2047049112685131, val_acc 0.9196663740122915
trigger times: 9
end of epoch 16: val_loss 0.23099539285571388, val_acc 0.9165935030728709
trigger times: 10
Early stopping.
0 -27.315131187438965 -177.43401893695787
1 -21.864195819944143 -168.28140690606054
2 -28.5369181886781 -158.55847142367534
3 -29.119571135845035 -156.46721385204037
4 -24.366527403704822 -144.23826571084155
5 -17.187207645227318 -115.27865235069261
6 -17.13173699658364 -114.76315561697069
7 -18.449679613579065 -114.241723903362
8 -15.41671653278172 -110.24807278046636
9 -29.830664919689298 -109.09913940601909
10 -12.718916421988979 -96.30769252959296
11 -15.11828116234392 -94.75279234305356
12 -16.47065251134336 -88.85541893746874
13 -13.78721717139706 -84.84678494475872
14 -12.40896441147197 -81.40890616600856
15 -13.561531145591289 -81.00674801179076
16 -15.831271803588606 -76.34657199223247
17 -13.218119307421148 -74.83072243647564
18 -11.116856037639081 -74.79104183628584
19 -13.010135293356143 -72.61362520197201
20 -14.42612024222035 -72.44554689685214
21 -11.848936735652387 -67.75435939358174
22 -15.81064985471312 -66.24601812906558
23 -14.78367283413536 -61.97314308067343
24 -11.851357023231685 -50.29963902357501
25 -12.285104378548567 -49.802427984224636
26 -6.34774032921996 -21.776950647506872
27 -12.138080726843327 -20.14259508741993
28 -8.631012819329044 -18.79124683288726
29 -12.484140373766422 -16.114376409083132
30 -10.035525408515241 -14.4711838787269
31 -6.885958918035612 3.131373413745508
32 -7.980790141737089 15.897939912299087
33 -3.197587583155837 26.072476847691483
34 -6.929284138721414 28.52857496230795
35 -5.679020165640395 32.744257679174034
36 -5.815509154635947 33.789915940380645
37 -6.725065069971606 44.850019698054204
38 -4.315544476965442 55.36888607845635
39 -4.897673155704979 68.5552575810774
40 -4.1131607176794205 81.89014686183334
41 -4.641959475266049 90.49006287375651
42 -2.6468727955652867 103.16215883545624
43 -2.9907283746870235 107.0924833923773
44 -4.196622848685365 121.32613156169126
45 -4.028295283205807 137.7582846380186
46 -4.564088497238117 141.8448121279314
47 -3.604339958019409 143.4966088789707
48 -1.7246345543826465 204.14993574950878
49 -0.8678234885446727 209.56820737620916
50 -1.6199336447753012 221.44584607902624
51 -8.582291859725956 228.89303208865374
52 1.285426516260486 260.765498753965
53 0.7459837479982525 266.1054433499994
54 -2.944298134971177 289.88673786190077
55 2.7388292079558596 290.6735314141893
56 3.4674804200185463 292.3872649470778
57 0.5132759921252728 294.6666533860516
58 1.367110974912066 301.6965823877335
59 0.34053020318970084 303.57264606950895
60 2.377778737049084 306.3841750088036
61 0.3050045295676682 323.17094557576416
62 1.6862701943027787 323.3596937523082
63 2.3806745851179585 330.083446167866
64 2.855418525869027 361.84626739841684
65 2.039577640942298 370.4973655070732
66 1.9257005379768088 434.80815706930116
67 3.084682841610629 445.9360298763626
train accuracy: 0.9715686274509804
validation accuracy: 0.9165935030728709
