demo lengths 200
demos: (120, 200, 30)
demo_rewards: (120,)
[-147.46364928 -142.23388835 -122.62366971 -118.44560088 -116.1083748
 -115.4367786  -111.12884204 -110.83967461  -99.79565201  -99.64931501
  -96.59530824  -95.93196513  -95.2610607   -79.4622591   -76.17790383
  -73.19589637  -65.39617499  -62.455946    -61.13021271  -60.1343363
  -50.14643167  -48.67846358  -47.40424202  -43.39777325  -41.86614966
  -36.32048246  -32.74837227  -32.32929369  -25.77093927  -25.59499594
  -25.57213436  -22.39844637  -20.39120992  -14.48148891  -12.30909187
  -11.39102442  -10.90201702   -9.33568969    0.74191804    3.83189024
    3.98800904   10.76441523   12.93427412   14.20520687   24.91083686
   33.81267702   40.19882336   43.5062037    54.79421159   62.69478416
   74.22571892   84.10165836   88.64858938   92.13810233   95.59709195
   98.11620352   98.43438298  106.6069539   113.06528437  117.98751873
  131.64414318  132.2879436   133.11348989  145.24215615  158.38078213
  158.50808437  167.96954732  168.21394205  170.47202355  173.61957394
  174.15080882  181.61209907  183.63062646  195.24714457  197.54995255
  198.07853498  208.43810158  221.98821142  225.96493031  234.91253006
  236.4104291   245.5887449   245.81351896  246.75481392  249.51084172
  251.35714482  253.85724382  257.91690315  263.15565254  273.4391394
  276.57432091  281.20676917  283.08945277  285.72871086  290.13944852
  291.92437615  302.36442469  306.17125326  312.37244815  321.23740112
  321.29051072  321.65930958  325.94333209  327.94107559  337.7280743
  339.661882    342.79982242  347.93295476  353.38121002  354.05687467
  355.77598362  361.50704767  374.01284717  374.86035192  390.91142776
  409.5886739   424.42641682  425.34255271  430.80730528  445.22536513]
maximum traj length 200
num training_obs 1800
num training_labels 1800
num val_obs 200
num val_labels 200
ModuleList(
  (0): Linear(in_features=30, out_features=128, bias=True)
  (1): Linear(in_features=128, out_features=64, bias=True)
  (2): Linear(in_features=64, out_features=1, bias=False)
)
Total number of parameters: 12288
Number of trainable paramters: 12288
device: cuda:0
end of epoch 0: val_loss 0.3125733496291377, val_acc 0.91
trigger times: 0
saving model weights...
Weights: OrderedDict([('fcs.0.weight', tensor([[-3.0117e-02, -1.0876e-02, -1.5207e-03,  ...,  1.0981e-02,
          1.9329e-02, -8.8306e-02],
        [-3.4558e-04, -2.0153e-04, -8.1429e-05,  ...,  3.6314e-05,
         -4.4444e-05, -1.4555e-01],
        [-1.0309e-03,  5.0250e-03,  1.2657e-02,  ...,  9.3329e-05,
         -6.9050e-03,  4.1000e-03],
        ...,
        [ 9.9007e-02, -2.1227e-01, -1.3125e-02,  ..., -2.6943e-01,
          5.4733e-02, -7.4888e-02],
        [-1.2301e-03, -7.6483e-04,  1.9099e-03,  ...,  4.3980e-04,
          1.4167e-03,  7.0793e-03],
        [ 1.7454e-02,  2.8844e-04, -2.2490e-02,  ..., -1.1249e-04,
         -4.9046e-02, -1.0388e-02]], device='cuda:0')), ('fcs.0.bias', tensor([-2.4817e-02, -1.1284e-02,  7.8050e-03, -1.1002e-01, -1.7540e-02,
        -2.6159e-01, -8.2960e-02, -1.8439e-01, -4.0556e-02, -1.5076e-02,
        -9.6500e-03, -2.3428e-01, -4.6812e-02, -6.7491e-02, -3.1010e-02,
        -1.5543e-02, -6.9397e-02, -6.0405e-02, -4.3876e-02, -1.0861e-01,
         4.7013e-01, -7.0839e-02,  1.0862e-02, -2.0661e-01, -2.2955e-01,
        -1.5271e-01, -4.3846e-04, -2.5404e-02, -4.3295e-03, -1.3817e-01,
        -8.6758e-02, -4.4970e-02, -3.9535e-02, -1.8790e-01, -1.5680e-01,
        -2.8649e-03, -7.8209e-02, -5.4764e-02, -2.5975e-02, -2.4538e-02,
        -2.0310e-02, -1.8607e-01, -1.7206e-02,  2.0010e-01, -1.6269e-01,
        -6.2808e-02,  8.5743e-03, -4.0353e-02, -1.3493e-01, -7.3751e-02,
        -1.2999e-02, -1.2570e-01, -1.6190e-01, -1.3683e-01, -1.4118e-01,
        -1.5210e-02, -2.5992e-01, -1.7262e-02, -3.0412e-03, -4.6442e-02,
        -1.7558e-02, -3.3080e-02,  4.6176e-01, -9.5953e-04, -7.7493e-02,
         9.3641e-02, -6.7714e-03, -5.7126e-02,  4.6573e-02, -4.1262e-02,
        -2.1432e-02, -6.9120e-02, -1.1699e-01, -9.9315e-02, -1.5748e-01,
         2.6504e-02, -1.0644e-01, -1.2815e-01, -7.0658e-03, -1.1916e-01,
         5.2362e-01, -1.6341e-01, -1.2829e-01, -7.9478e-02,  4.8240e-02,
        -3.6955e-01,  1.0377e-01,  5.1785e-02, -2.3030e-02, -5.1039e-02,
        -1.7724e-01, -3.0576e-02, -1.0201e-01, -2.2280e-02, -2.7387e-02,
        -5.6802e-02, -5.4852e-02, -8.4202e-02, -1.0135e-01, -5.8084e-02,
        -5.6241e-02, -8.5290e-02, -7.3177e-02, -4.5886e-02, -2.2814e-02,
        -8.7193e-04, -9.3676e-02, -2.6811e-02, -1.9799e-03,  2.8986e-01,
        -5.3208e-02, -7.4926e-02, -2.5557e-02, -9.2879e-03,  3.7864e-02,
        -1.2291e-01, -8.8685e-04, -1.1676e-02, -1.6236e-01, -2.0194e-01,
        -2.7458e-02, -6.0573e-02, -1.3093e-02, -7.3221e-02, -6.0802e-02,
         4.6733e-02, -2.4618e-02, -1.4764e-01], device='cuda:0')), ('fcs.1.weight', tensor([[-1.1164e-02,  9.0350e-06,  4.9073e-06,  ..., -1.2852e-04,
         -3.7691e-04,  1.5019e-06],
        [-4.3654e-03,  1.4486e-04, -2.0243e-02,  ..., -2.7657e-02,
          1.0799e-05,  1.6412e-04],
        [ 1.4829e-03, -3.7272e-05, -3.6240e-05,  ..., -2.1617e-04,
         -4.5370e-06,  1.2456e-05],
        ...,
        [-6.0239e-02,  3.8251e-04, -4.5310e-02,  ...,  2.8719e-02,
         -2.5453e-04, -7.4229e-02],
        [-1.6806e-01, -8.7895e-03,  3.7489e-02,  ..., -2.0246e-01,
         -2.4182e-03,  3.0600e-03],
        [ 9.6278e-04, -1.8568e-05, -8.2823e-06,  ..., -4.6718e-05,
          1.5288e-05, -1.9137e-05]], device='cuda:0')), ('fcs.1.bias', tensor([-0.0219, -0.0478, -0.0108, -0.0360, -0.1190, -0.0216, -0.0293, -0.0102,
        -0.0396, -0.0093, -0.0025, -0.1165, -0.2774, -0.0067, -0.0825, -0.0087,
        -0.0247, -0.0270, -0.0513,  0.0339, -0.0056,  0.0098,  0.2091, -0.0191,
        -0.0695, -0.0073, -0.0400, -0.0059,  0.0633,  0.0280, -0.0938,  0.0088,
        -0.0170, -0.0087,  0.0574, -0.0026, -0.0778, -0.0335, -0.0378,  0.2815,
         0.2017, -0.2918, -0.0392, -0.0348, -0.0434, -0.0477, -0.0619, -0.0016,
        -0.0544,  0.0204, -0.0007, -0.0847, -0.0928, -0.0238, -0.0301,  0.0872,
        -0.0129, -0.0102, -0.0203, -0.0218,  0.0074, -0.0669,  0.0279, -0.0023],
       device='cuda:0')), ('fcs.2.weight', tensor([[-3.6431e-03, -5.7675e-02,  1.4921e-02, -2.3057e-02,  3.8330e-02,
         -4.2494e-02,  3.6037e-02, -2.7649e-02, -2.3827e-03,  2.4802e-02,
          2.0250e-04, -1.4149e-02,  1.2828e-01, -1.7389e-03, -7.1856e-02,
          1.5732e-02,  9.6008e-03, -6.0616e-02,  2.7147e-02, -4.1972e-02,
         -3.1377e-02, -2.7748e-02,  6.3669e-03,  1.3044e-02,  6.2221e-04,
         -7.3294e-04, -1.4128e-02, -2.4420e-02,  8.5569e-02,  2.6132e-02,
         -1.2848e-02,  2.0232e-02,  1.1561e-02, -7.8304e-04, -2.1692e-02,
         -6.4178e-03, -8.0273e-02, -2.2151e-03, -2.5940e-03,  1.0948e-01,
         -5.8465e-05,  1.4112e-01, -1.5018e-02, -2.7717e-02,  2.0295e-02,
         -6.2572e-03, -5.7271e-02, -2.1325e-02, -3.5995e-03,  2.2477e-03,
         -1.4920e-02,  6.7407e-03, -3.4475e-02, -2.9837e-02, -1.6554e-02,
          4.8359e-02, -2.1079e-04,  2.0697e-02, -1.1904e-02,  1.3418e-01,
          1.6170e-02, -1.1656e-02, -2.7278e-02,  2.9720e-03]], device='cuda:0'))])
end of epoch 1: val_loss 1.2209877423188922, val_acc 0.88
trigger times: 1
end of epoch 2: val_loss 1.457840598859034, val_acc 0.84
trigger times: 2
end of epoch 3: val_loss 0.2693923706080224, val_acc 0.92
trigger times: 0
saving model weights...
Weights: OrderedDict([('fcs.0.weight', tensor([[ 5.8523e-03,  2.7674e-02, -2.9300e-02,  ..., -3.2468e-03,
         -2.1444e-02, -6.5734e-02],
        [ 4.4597e-03,  1.0336e-04, -8.6249e-03,  ...,  3.5694e-04,
         -4.0715e-04, -1.3534e-01],
        [-7.1182e-04, -1.2345e-01, -6.9711e-03,  ..., -4.4978e-02,
          6.4304e-02,  4.0244e-02],
        ...,
        [ 2.8785e-04,  1.3202e-04, -6.1976e-04,  ...,  5.3974e-05,
         -2.7297e-04, -1.7947e-02],
        [-1.1395e-05,  1.8273e-05, -1.0679e-04,  ...,  8.8143e-06,
          6.2695e-06, -5.8621e-04],
        [ 5.4559e-06,  1.6475e-06,  1.5504e-05,  ..., -2.3539e-06,
          9.9321e-06, -2.5978e-03]], device='cuda:0')), ('fcs.0.bias', tensor([-6.6976e-02, -1.3596e-02,  2.2866e-01, -1.0382e-06, -2.8813e-01,
        -1.9519e-02, -3.3059e-02, -2.1750e-05, -1.4746e-01, -9.2271e-03,
        -8.9834e-02, -1.2277e-01, -1.1019e-05, -8.2147e-02, -5.6113e-02,
        -3.2358e-01, -1.7292e-01, -3.0702e-06, -1.8153e-02, -1.2331e-05,
         4.3000e-01, -2.1090e-03, -1.4546e-02, -3.6041e-03, -3.3902e-06,
        -2.1441e-03, -1.2387e-03,  3.1266e-06, -9.7051e-02, -8.7433e-02,
        -4.9864e-04, -3.7884e-04, -1.3267e-01, -2.9415e-03, -7.4858e-02,
        -5.7273e-02, -1.4301e-02, -1.1373e-01, -5.4618e-02, -2.6151e-02,
        -2.8479e-02, -3.3814e-03,  3.0250e-02, -3.2414e-02, -1.7404e-03,
        -8.2009e-03, -2.6440e-04, -1.4722e-02, -7.0231e-02, -8.2769e-02,
        -7.3791e-05, -4.5198e-03, -1.3850e-01, -2.5898e-05, -2.1418e-04,
        -1.0351e-01, -2.6766e-05, -4.8794e-04, -2.5687e-01, -3.6912e-08,
        -4.2251e-03, -2.1942e-01,  6.0997e-01, -1.5423e-01, -6.2358e-03,
        -4.3161e-02, -2.0932e-04, -3.0057e-03, -7.8742e-04, -5.0570e-02,
        -2.2910e-01, -1.1117e-03, -2.3047e-01, -7.5202e-04,  2.7125e-02,
        -2.9426e-02, -1.5601e-01,  7.1435e-02, -1.4165e-03, -6.8013e-05,
         2.8665e-02, -4.6059e-05, -2.8939e-02, -5.6587e-02, -2.2393e-03,
        -2.2428e-01, -1.7485e-03, -8.3306e-02, -4.9039e-02, -1.2347e-01,
        -4.7419e-02, -5.9194e-05, -1.9938e-01, -5.6633e-03, -7.1368e-07,
        -8.8435e-04, -4.1747e-04, -4.8068e-06,  3.2022e-04, -1.5765e-01,
        -2.9063e-01, -2.0828e-01,  1.5888e-01, -4.9014e-04, -8.8802e-03,
        -8.0746e-02, -8.4006e-03, -7.3341e-04, -4.2267e-02,  1.3796e-01,
        -4.8161e-04, -2.3290e-04, -3.7743e-01, -9.1663e-02, -3.3078e-04,
        -1.6743e-01, -4.4457e-03, -3.6027e-04, -2.4112e-03, -4.1082e-04,
        -6.9051e-03,  3.0495e-07, -2.7840e-04, -9.1433e-08, -3.0466e-02,
        -1.4535e-03, -2.9447e-04, -3.8204e-04], device='cuda:0')), ('fcs.1.weight', tensor([[-5.8855e-04,  1.8672e-04, -3.0732e-01,  ...,  3.9544e-05,
          3.2971e-07, -1.7433e-06],
        [ 1.8768e-03, -3.1031e-04, -5.2986e-02,  ..., -9.8630e-05,
         -8.6594e-07,  5.1953e-06],
        [-9.3014e-05,  1.0852e-01, -4.7615e-02,  ...,  5.8506e-05,
         -1.4524e-06,  7.9797e-07],
        ...,
        [-6.0810e-02,  1.2750e-03, -8.2438e-02,  ...,  4.4751e-04,
         -7.8589e-06,  1.3969e-05],
        [-1.6972e-03,  4.2119e-04, -1.4116e-02,  ..., -9.8269e-05,
          8.4359e-06, -1.2874e-05],
        [ 1.9236e-03, -4.4240e-04, -4.7599e-02,  ..., -2.1232e-04,
         -3.9451e-06,  3.1132e-06]], device='cuda:0')), ('fcs.1.bias', tensor([-4.9749e-02, -7.4135e-03,  8.2809e-03, -5.1071e-04, -2.6550e-03,
        -1.0099e-02,  4.6956e-05,  1.1666e-02, -1.4473e-01, -5.8396e-03,
        -2.5470e-03, -2.5321e-02, -7.3516e-03, -1.3791e-02, -2.0672e-02,
        -2.4584e-06, -3.3365e-06, -9.0706e-02, -1.2049e-01,  4.3803e-08,
        -2.5556e-03, -1.2763e-01, -2.4535e-02, -7.9956e-03, -1.4757e-02,
        -2.2607e-01, -3.9504e-02, -1.5354e-02, -9.5904e-03, -4.7735e-04,
        -8.5546e-03, -3.1038e-04,  4.6558e-05, -1.9464e-01, -1.0302e-02,
        -2.3713e-03, -5.8608e-02, -2.8706e-01, -9.8388e-03, -1.6402e-03,
        -1.0568e-02, -9.1522e-02,  1.1275e-01, -2.9698e-02, -1.5489e-01,
        -8.7280e-03, -5.6550e-04, -2.0274e-02, -4.4194e-04,  8.1251e-02,
        -2.4249e-03, -7.8718e-02, -3.4018e-02, -1.1184e-03, -9.7870e-02,
        -3.3643e-01, -1.7248e-03, -1.8343e-02, -2.0193e-01,  2.8631e-05,
        -2.6982e-01,  1.2241e-01, -3.3114e-05,  5.5522e-02], device='cuda:0')), ('fcs.2.weight', tensor([[-3.9840e-02,  1.0397e-01, -2.6014e-02, -1.4067e-02, -6.9023e-03,
         -1.3190e-02, -1.3614e-01,  1.6025e-01,  3.5155e-02,  1.7875e-02,
         -1.9837e-01, -1.3483e-01, -4.1774e-02, -3.2176e-02, -1.4371e-02,
         -1.0691e-01, -2.1669e-02,  6.1743e-02,  3.7525e-02,  2.6726e-02,
         -4.6055e-02,  7.2712e-03,  1.6975e-02,  7.8697e-03,  1.7151e-03,
          2.7379e-02,  3.4005e-02,  2.1916e-02, -2.7724e-01,  1.0791e-01,
         -3.7389e-01, -5.0314e-02, -2.1383e-02,  3.0572e-02, -3.2638e-02,
          7.0237e-03, -9.1703e-02,  1.5378e-01,  9.7913e-02, -5.6801e-02,
          1.2764e-01,  1.6003e-02, -2.5261e-03, -4.7886e-02,  1.0354e-01,
          3.1426e-03, -1.4287e-02, -1.8909e-01, -2.3685e-03,  7.5658e-02,
         -1.3345e-02,  1.3437e-01, -9.5650e-03, -4.6846e-02,  6.0001e-02,
          6.8522e-05, -3.2827e-02, -1.7234e-02, -1.2564e-02, -3.1224e-02,
          6.1690e-02, -5.3220e-03, -9.4647e-02,  1.0819e-01]], device='cuda:0'))])
end of epoch 4: val_loss 2.715220911800858, val_acc 0.905
trigger times: 1
end of epoch 5: val_loss 0.5045375140322788, val_acc 0.91
trigger times: 2
end of epoch 6: val_loss 0.4188221616971589, val_acc 0.92
trigger times: 3
end of epoch 7: val_loss 0.5359471172892871, val_acc 0.915
trigger times: 4
end of epoch 8: val_loss 4.336853282719378, val_acc 0.91
trigger times: 5
end of epoch 9: val_loss 4.37960287561982, val_acc 0.9
trigger times: 6
end of epoch 10: val_loss 0.7763380361571752, val_acc 0.775
trigger times: 7
end of epoch 11: val_loss 3.567935926209614, val_acc 0.89
trigger times: 8
end of epoch 12: val_loss 6.796841118827636, val_acc 0.895
trigger times: 9
end of epoch 13: val_loss 12.25039915189092, val_acc 0.895
trigger times: 10
Early stopping.
0 1297.3276915550232 -147.4636492765731
1 1048.6837697029114 -142.23388834828145
2 1077.982045173645 -122.62366970851606
3 1263.1258676052094 -118.44560087924461
4 1381.8147511482239 -116.108374803282
5 1188.0840764045715 -115.43677859764247
6 1529.1371998786926 -111.12884203537087
7 1107.7430520057678 -110.83967460658118
8 1268.548490524292 -99.7956520082127
9 846.0091806650162 -99.64931500624076
10 1492.0035953521729 -96.59530823562386
11 1594.9862813949585 -95.93196512830177
12 1472.4002285003662 -95.26106070296488
13 1540.3493399620056 -79.46225909654602
14 1599.214548587799 -76.17790382876726
15 1889.7331399917603 -73.19589636713303
16 1383.9662108421326 -65.39617499434047
17 1631.4003043174744 -62.45594599657271
18 1630.2443099021912 -61.13021271290543
19 1531.2780451774597 -60.13433630255377
20 1869.8412504196167 -50.14643167239018
21 1682.9436888694763 -48.67846358399454
22 1818.6461334228516 -47.40424201767414
23 1728.2752680778503 -43.397773251146276
24 1815.4173998832703 -41.86614966014691
25 1897.2800588607788 -36.32048246348241
26 1737.958770275116 -32.74837227240138
27 1938.5416803359985 -32.32929369302946
28 2050.154335975647 -25.770939267539205
29 1819.3577628135681 -25.594995938321564
30 1799.9691681861877 -25.57213435865645
31 1736.3386001586914 -22.39844636520923
32 1696.5115585327148 -20.391209924013385
33 1907.5403628349304 -14.481488913331033
34 1841.101676940918 -12.309091865555642
35 1787.1706686019897 -11.391024421481049
36 2015.726954460144 -10.902017021977287
37 1880.788381576538 -9.335689694740658
38 1769.3440403938293 0.7419180430902008
39 2125.6088485717773 3.8318902357964784
40 1761.2459545135498 3.9880090400704225
41 2574.237614631653 10.764415234755278
42 1938.643877506256 12.934274123226212
43 1912.1210675239563 14.205206874791333
44 2108.4909772872925 24.910836857676962
45 1971.27898311615 33.81267702300805
46 2120.7980942726135 40.198823361309046
47 2067.9207944869995 43.50620370379428
48 1982.2042112350464 54.79421159291256
49 2030.5650358200073 62.69478416198752
50 2058.375524997711 74.22571892062575
51 2175.794668197632 84.10165836377381
52 2215.07977104187 88.64858937911765
53 2546.0331707000732 92.13810232868671
54 2157.051374912262 95.5970919455078
55 2251.8414993286133 98.11620351598519
56 2238.9549798965454 98.43438297600927
57 2237.004557609558 106.6069538993196
58 2210.558883190155 113.06528436824188
59 2151.8922991752625 117.98751873386719
60 2246.1394062042236 131.64414317765036
61 2114.5584211349487 132.28794359627105
62 2145.7110919952393 133.11348989265034
63 2133.332754135132 145.24215614623898
64 2243.5026059150696 158.38078213380754
65 2276.072509288788 158.50808436766704
66 2317.027165412903 167.96954732210003
67 2353.288601875305 168.2139420510252
68 2236.9620218276978 170.47202355350058
69 2228.0948147773743 173.61957394095663
70 2283.4655199050903 174.15080882295382
71 2292.0930252075195 181.61209907304905
72 2433.1766777038574 183.630626461537
73 2191.1180572509766 195.24714457233625
74 2456.3565406799316 197.54995255175572
75 2295.854999065399 198.07853498456498
76 2422.097243785858 208.43810157983071
77 2316.8324909210205 221.98821142020677
78 2170.5812559127808 225.96493030587686
79 2289.1782879829407 234.912530058772
80 2311.0419492721558 236.41042909711607
81 2321.4423203468323 245.5887448959621
82 2367.5474371910095 245.81351895912266
83 2421.600950241089 246.75481391697613
84 2520.905773162842 249.51084171854058
85 2306.930119037628 251.3571448151926
86 2410.0848836898804 253.85724381515183
87 2313.109137535095 257.91690314903366
88 2323.897131919861 263.15565253602887
89 2385.7041625976562 273.43913939999
90 2378.687647819519 276.57432091057194
91 2373.299460411072 281.20676916848015
92 2475.3448181152344 283.0894527688991
93 2386.631106376648 285.72871085599655
94 2427.9318356513977 290.13944852415955
95 2230.949827194214 291.9243761531606
96 2442.31591796875 302.3644246881209
97 2541.1926593780518 306.1712532575959
98 2434.320981025696 312.3724481497734
99 2442.2469930648804 321.2374011234209
100 2438.5750374794006 321.2905107198387
101 2439.5591039657593 321.65930957943124
102 2407.121081352234 325.94333208988763
103 2399.313216686249 327.9410755934301
104 2382.671003818512 337.728074301983
105 2469.264401435852 339.66188199747455
106 2475.7744908332825 342.7998224222616
107 2418.1500821113586 347.9329547559379
108 2225.540012359619 353.3812100160134
109 2438.137921333313 354.05687466597453
110 2383.0845651626587 355.7759836246162
111 2503.277816772461 361.50704766788135
112 2534.3567900657654 374.0128471692673
113 2473.12744474411 374.8603519157193
114 2531.249557495117 390.9114277638717
115 2488.395290374756 409.58867389683314
116 2499.4295835494995 424.42641682066693
117 2484.5699548721313 425.3425527059334
118 2528.7830753326416 430.80730528172944
119 2562.218861579895 445.2253651296969
train accuracy: 0.8911111111111111
validation accuracy: 0.895
