demo lengths 200
demos: (120, 200, 30)
demo_rewards: (120,)
[-147.46364928 -142.23388835 -122.62366971 -118.44560088 -116.1083748
 -115.4367786  -111.12884204 -110.83967461  -99.79565201  -99.64931501
  -96.59530824  -95.93196513  -95.2610607   -79.4622591   -76.17790383
  -73.19589637  -65.39617499  -62.455946    -61.13021271  -60.1343363
  -50.14643167  -48.67846358  -47.40424202  -43.39777325  -41.86614966
  -36.32048246  -32.74837227  -32.32929369  -25.77093927  -25.59499594
  -25.57213436  -22.39844637  -20.39120992  -14.48148891  -12.30909187
  -11.39102442  -10.90201702   -9.33568969    0.74191804    3.83189024
    3.98800904   10.76441523   12.93427412   14.20520687   24.91083686
   33.81267702   40.19882336   43.5062037    54.79421159   62.69478416
   74.22571892   84.10165836   88.64858938   92.13810233   95.59709195
   98.11620352   98.43438298  106.6069539   113.06528437  117.98751873
  131.64414318  132.2879436   133.11348989  145.24215615  158.38078213
  158.50808437  167.96954732  168.21394205  170.47202355  173.61957394
  174.15080882  181.61209907  183.63062646  195.24714457  197.54995255
  198.07853498  208.43810158  221.98821142  225.96493031  234.91253006
  236.4104291   245.5887449   245.81351896  246.75481392  249.51084172
  251.35714482  253.85724382  257.91690315  263.15565254  273.4391394
  276.57432091  281.20676917  283.08945277  285.72871086  290.13944852
  291.92437615  302.36442469  306.17125326  312.37244815  321.23740112
  321.29051072  321.65930958  325.94333209  327.94107559  337.7280743
  339.661882    342.79982242  347.93295476  353.38121002  354.05687467
  355.77598362  361.50704767  374.01284717  374.86035192  390.91142776
  409.5886739   424.42641682  425.34255271  430.80730528  445.22536513]
maximum traj length 200
num training_obs 1800
num training_labels 1800
num val_obs 200
num val_labels 200
ModuleList(
  (0): Linear(in_features=30, out_features=128, bias=True)
  (1): Linear(in_features=128, out_features=64, bias=True)
  (2): Linear(in_features=64, out_features=1, bias=False)
)
Total number of parameters: 12288
Number of trainable paramters: 12288
device: cuda:0
end of epoch 0: val_loss 10.200524517131772, val_acc 0.89
trigger times: 0
saving model weights...
Weights: OrderedDict([('fcs.0.weight', tensor([[-7.5337e-03,  5.2450e-03, -1.6844e-04,  ..., -3.1352e-03,
          5.1748e-05, -1.4729e-03],
        [ 2.2525e-01,  4.4044e-01,  4.7752e-01,  ..., -2.8664e-01,
          2.6312e-01,  8.9073e-02],
        [-9.2433e-04, -1.1966e-02, -1.0481e-01,  ..., -7.8738e-04,
         -2.5587e-02, -1.0493e-01],
        ...,
        [ 7.2389e-03,  4.3727e-03, -3.7659e-02,  ..., -2.6201e-04,
         -1.1453e-02, -3.8358e-02],
        [ 3.5552e-02, -2.4283e-01,  1.9181e-01,  ..., -4.2290e-01,
         -2.1758e-01, -2.9787e-01],
        [ 3.5470e-03,  5.2944e-03, -1.3928e-02,  ...,  1.9574e-03,
         -8.1435e-03, -3.3164e-02]], device='cuda:0')), ('fcs.0.bias', tensor([-0.0465,  0.4648, -0.1208,  0.0203, -0.1887,  0.1940, -0.0611, -0.0136,
         0.4704, -0.2332, -0.1028, -0.2510, -0.0716,  0.0247,  0.0123, -0.1243,
        -0.0345, -0.4026, -0.1098, -0.1074, -0.0082, -0.2174, -0.1112, -0.1380,
         0.0023, -0.0592,  0.0081, -0.0069, -0.1827, -0.2804,  0.0054, -0.0757,
         0.0065, -0.0153, -0.1464, -0.0345, -0.0302, -0.2605, -0.0366, -0.1246,
        -0.1503, -0.1004, -0.1418, -0.0374, -0.0496, -0.2002,  0.3894, -0.1410,
        -0.0485, -0.0463,  0.2582, -0.0253, -0.0094,  0.3636, -0.0232, -0.1789,
        -0.1674, -0.0032, -0.2625, -0.0547, -0.1261, -0.2154, -0.0648, -0.0057,
        -0.0457, -0.0367,  0.0221, -0.1661, -0.0818, -0.1385, -0.1417,  0.2780,
        -0.0415, -0.1033, -0.1423,  0.2086, -0.3317, -0.0494, -0.3271,  0.0210,
        -0.1811, -0.1613,  0.0117, -0.0112,  0.6134, -0.0616, -0.0170, -0.1175,
         0.2840,  0.0561,  0.4515, -0.1055, -0.0022, -0.0082, -0.2179, -0.0139,
        -0.0362, -0.0978, -0.0706, -0.1046, -0.1878,  0.4801, -0.2033, -0.1115,
         0.2493, -0.0597, -0.0442, -0.0362, -0.2185, -0.0477, -0.0237, -0.2011,
        -0.2504, -0.2070, -0.2402, -0.1321, -0.0117, -0.2604, -0.0367, -0.1942,
         0.1683, -0.0430, -0.0517, -0.1247, -0.0527, -0.0039, -0.0685, -0.0590],
       device='cuda:0')), ('fcs.1.weight', tensor([[ 2.6062e-04, -5.4977e-02,  1.8154e-03,  ...,  5.0955e-04,
         -1.8534e-02, -2.2706e-04],
        [-1.2956e-02,  2.3801e-01, -3.1498e-02,  ...,  4.1661e-03,
          7.0857e-02,  5.6205e-04],
        [ 1.3587e-02,  1.2799e-01,  1.3009e-02,  ..., -2.2191e-02,
          2.6694e-02,  3.8973e-02],
        ...,
        [-1.1215e-03,  2.0741e-01,  2.3258e-02,  ..., -4.1128e-02,
          2.3916e-01, -1.2636e-04],
        [ 8.7344e-05, -1.6904e-02, -5.8894e-02,  ..., -2.1631e-02,
         -8.4402e-03,  3.1051e-04],
        [-2.5075e-02, -1.5250e-01,  5.1639e-02,  ...,  2.8067e-02,
          2.1050e-02,  2.6677e-03]], device='cuda:0')), ('fcs.1.bias', tensor([-1.2242e-01, -1.3709e-01,  2.8080e-01, -1.3465e-01,  1.3502e-02,
        -3.0140e-03, -1.9379e-01,  2.5044e-02, -2.9297e-01,  3.0279e-01,
        -7.4057e-03, -4.5868e-02, -2.2093e-01, -2.2715e-02, -5.3247e-02,
        -1.4026e-01, -2.5069e-03,  2.2911e-01, -5.4271e-02, -1.0669e-02,
        -6.6790e-02,  2.9954e-02,  1.8325e-02, -1.2295e-01,  1.0419e-02,
         3.3844e-03,  1.3084e-01, -6.4352e-02, -2.0562e-01,  2.4063e-01,
        -4.9647e-02,  2.3671e-01, -1.9647e-02, -3.7795e-02,  5.0722e-03,
         1.5451e-02, -4.7828e-02, -2.8724e-01, -5.7888e-02, -1.8936e-01,
        -1.5961e-01, -9.4933e-03, -3.4191e-02, -8.5683e-02, -1.0148e-02,
        -2.4322e-01,  7.3468e-02, -1.6132e-01,  2.5373e-01,  2.7293e-02,
        -1.4748e-01, -1.9231e-01, -7.4286e-02, -1.9537e-01, -1.2758e-08,
        -1.1570e-01,  3.1166e-02, -1.9632e-01, -2.2968e-02, -9.0397e-02,
        -3.5819e-02, -1.7822e-01, -4.9951e-02, -9.3964e-03], device='cuda:0')), ('fcs.2.weight', tensor([[-0.0554, -0.0360,  0.0805, -0.0021, -0.0252,  0.1469,  0.1028,  0.1226,
         -0.0261, -0.0179,  0.0074, -0.0283,  0.0111, -0.0091, -0.0049, -0.0099,
         -0.0419,  0.0786, -0.0538, -0.0077, -0.0359,  0.3208,  0.0866, -0.0505,
         -0.0014, -0.0275,  0.0447, -0.0233,  0.0148, -0.0010, -0.0694,  0.0677,
         -0.0253, -0.0216, -0.0638,  0.0042, -0.0135, -0.1069, -0.1836, -0.0066,
         -0.0771,  0.0774, -0.0267, -0.0457, -0.0341, -0.0402,  0.0154, -0.0463,
          0.1475, -0.0022, -0.0417,  0.0462, -0.0522,  0.0786, -0.0378,  0.0767,
         -0.0572, -0.0888, -0.0146, -0.0578, -0.0692, -0.0367, -0.0300,  0.1462]],
       device='cuda:0'))])
end of epoch 1: val_loss 0.39056825032913606, val_acc 0.905
trigger times: 0
saving model weights...
Weights: OrderedDict([('fcs.0.weight', tensor([[-6.6181e-01,  6.7987e-01,  4.1962e-01,  ..., -7.3463e-01,
         -1.7619e-01,  4.6800e-01],
        [ 1.5589e-01,  5.0594e-01,  4.9211e-01,  ..., -2.7470e-01,
          3.2552e-01,  1.5669e-01],
        [-1.7613e-02,  9.9019e-02, -2.2456e-01,  ..., -7.0680e-03,
         -1.9526e-01,  6.7195e-02],
        ...,
        [ 3.1968e-03,  1.8455e-02, -3.0548e-02,  ...,  2.1524e-04,
         -2.5313e-02, -1.6312e-02],
        [ 1.0594e-02, -1.3817e-01,  9.4211e-02,  ..., -2.5880e-02,
         -4.9310e-02, -2.6367e-01],
        [ 8.5802e-02,  1.7643e-03, -7.3801e-02,  ...,  1.9381e-05,
         -6.7684e-02,  2.0894e-03]], device='cuda:0')), ('fcs.0.bias', tensor([ 1.5189e-01,  4.0931e-01, -2.1017e-01,  9.4235e-04, -1.7832e-01,
        -1.6772e-01,  3.0798e-02, -1.3662e-01,  9.0332e-01, -3.8035e-02,
        -6.2072e-02, -4.2089e-02, -2.0103e-02, -3.1069e-01, -2.1111e-02,
        -1.1734e-01, -6.0497e-02, -1.6887e-01, -5.6424e-03, -5.5674e-02,
        -2.9470e-02, -8.5622e-02, -5.1755e-03, -2.2932e-02, -3.0212e-03,
        -5.0496e-01,  2.9635e-04, -1.3969e-03,  2.8707e-01, -2.0466e-01,
        -5.4424e-02, -1.7502e-02, -2.9391e-03, -1.4280e-03, -5.9472e-02,
        -2.0220e-02, -7.7047e-03, -7.4709e-02, -3.8149e-03, -3.5532e-02,
        -4.9614e-02, -3.3336e-02, -3.1039e-02, -5.5687e-03, -5.3878e-03,
        -6.0827e-02,  7.9620e-01, -2.4662e-01, -1.3494e-03, -5.8877e-03,
        -2.6381e-02, -3.8875e-02, -8.8707e-02,  5.1291e-01, -2.0483e-02,
        -2.1656e-02, -5.9333e-02, -2.4373e-01, -1.4084e-01, -2.1695e-03,
        -1.9722e-02, -8.7856e-02, -7.1363e-02,  6.8595e-02, -2.2387e-04,
        -1.2528e-01, -2.1432e-01, -3.7865e-02, -1.0528e-03, -2.5179e-01,
        -1.6824e-01,  5.3209e-01, -8.3928e-02, -9.0733e-03, -8.2970e-02,
        -9.0854e-02, -8.4569e-02, -4.8216e-02, -2.3194e-01, -1.3836e-02,
        -1.6775e-01, -4.8455e-02, -4.4831e-03, -2.3250e-02,  7.3209e-01,
        -8.9641e-03, -2.5959e-01, -4.8393e-04, -3.6241e-02, -1.0340e-01,
         3.9629e-01, -7.8950e-02, -8.4982e-02, -5.8353e-02, -1.0266e-01,
        -9.3501e-04, -4.7447e-04, -4.6905e-02, -1.6875e-03, -9.2421e-02,
        -2.2876e-01,  4.7471e-01, -2.6914e-01, -2.4576e-02,  2.6179e-01,
        -2.3184e-02,  3.3445e-01, -7.7087e-02, -2.3585e-01, -6.7654e-03,
        -1.0743e-01, -9.4541e-02, -1.9172e-01, -2.0872e-02, -2.5288e-01,
        -3.8335e-02, -1.9564e-01, -1.9740e-01,  3.9425e-01, -1.1314e-01,
         1.5918e-02, -3.7864e-02, -1.2870e-02,  4.9344e-01, -2.1865e-03,
        -4.5809e-02, -3.2532e-02, -1.6978e-01], device='cuda:0')), ('fcs.1.weight', tensor([[-7.5209e-02, -6.0024e-02, -2.3219e-03,  ...,  1.0579e-04,
          4.0506e-04,  1.2382e-03],
        [ 8.0356e-03,  1.9171e-01, -1.7790e-02,  ...,  3.9258e-04,
          5.3847e-02,  4.1083e-04],
        [ 1.9771e-02, -1.1424e-01, -6.7681e-05,  ..., -1.2308e-04,
          1.0350e-02, -5.8914e-04],
        ...,
        [ 9.4687e-03,  1.3911e-01,  8.2483e-04,  ..., -1.9974e-04,
          1.8375e-01,  5.2936e-04],
        [ 3.3360e-03, -2.8325e-01, -8.6649e-02,  ...,  6.0518e-03,
          7.5702e-03, -1.8081e-01],
        [-1.3590e-01, -2.0846e-01,  4.4674e-03,  ...,  2.4568e-03,
          1.7793e-02, -1.9378e-03]], device='cuda:0')), ('fcs.1.bias', tensor([-5.9886e-02, -3.4640e-02, -1.6175e-01, -1.0265e-01,  1.2156e-01,
        -8.4333e-02, -9.7357e-02, -3.2945e-02, -1.5876e-01, -3.0741e-02,
        -6.4732e-03, -8.9233e-03, -1.4289e-02, -7.3430e-05, -3.6843e-01,
        -1.0265e-01,  8.2432e-03, -2.7337e-01, -1.3697e-01,  1.0710e-04,
         8.3199e-05, -1.7264e-01, -4.4183e-02, -8.4069e-03, -2.0855e-01,
         7.2228e-03, -1.0798e-01, -2.8476e-03, -7.3623e-02,  1.8591e-02,
        -4.5508e-04, -8.6125e-02, -7.0730e-02, -1.3351e-04,  1.6825e-03,
        -1.6213e-01, -1.6230e-01, -6.0232e-02, -2.3140e-02, -7.5968e-02,
        -4.4681e-02, -4.3810e-02, -3.6079e-03, -3.4037e-02, -3.7180e-03,
        -4.2355e-02, -4.8556e-02, -2.2520e-02,  2.4414e-02,  4.1933e-01,
        -7.9607e-04, -3.9879e-02,  1.7081e-03, -1.0142e-01, -1.8618e-01,
        -5.1463e-02,  1.1451e-02, -5.7345e-02, -2.1540e-01, -1.0306e-02,
        -9.0536e-05, -2.9747e-02, -3.0859e-01, -1.8141e-01], device='cuda:0')), ('fcs.2.weight', tensor([[-0.0935, -0.0359,  0.0479, -0.1957, -0.0280, -0.1447,  0.0700,  0.0928,
         -0.2882, -0.0216, -0.0184, -0.0099, -0.1902, -0.0415,  0.1573, -0.0741,
         -0.0190,  0.0403,  0.0020,  0.0166, -0.0005, -0.0101,  0.0219, -0.0640,
          0.0551, -0.0525, -0.1134, -0.0137, -0.2798, -0.0200, -0.0244, -0.0706,
          0.1292, -0.0291, -0.0570, -0.0699, -0.1726, -0.3475, -0.1689, -0.0311,
         -0.3516, -0.3519, -0.0050,  0.0008, -0.0216, -0.0668,  0.1975,  0.2240,
          0.0083,  0.0052, -0.0552, -0.2435, -0.1392,  0.0485, -0.0884,  0.0394,
         -0.0550, -0.0926, -0.3176, -0.0387, -0.0366, -0.0459,  0.0768, -0.0704]],
       device='cuda:0'))])
end of epoch 2: val_loss 0.2016613886099139, val_acc 0.915
trigger times: 0
saving model weights...
Weights: OrderedDict([('fcs.0.weight', tensor([[-4.3459e-01,  9.7129e-02,  1.8685e-01,  ..., -1.7390e-01,
         -1.2594e-01,  2.4602e-01],
        [ 1.2303e-01,  2.3097e-01,  2.9804e-01,  ..., -1.1289e-01,
          7.6460e-02,  1.2985e-01],
        [ 1.5246e-02,  1.7673e-04, -8.5139e-03,  ..., -1.2113e-04,
         -6.7228e-03,  8.1345e-03],
        ...,
        [ 8.4297e-05,  1.9243e-04, -2.1520e-04,  ..., -3.9767e-06,
         -1.7346e-04, -7.7645e-04],
        [ 4.2332e-03, -3.3069e-02,  1.4610e-02,  ..., -5.3576e-06,
         -2.6073e-03, -1.9267e-01],
        [ 1.4895e-04,  6.5074e-05, -3.4879e-04,  ..., -5.5824e-05,
         -1.2828e-05, -2.6498e-02]], device='cuda:0')), ('fcs.0.bias', tensor([ 1.0407e-01,  1.8525e-01, -5.9950e-02, -2.4000e-05, -3.3135e-02,
        -8.5080e-02, -2.8606e-03, -1.9179e-02,  7.2656e-01, -9.8928e-02,
        -1.9310e-03, -4.7881e-04, -3.3294e-02, -1.4657e-01, -5.2422e-05,
        -4.8250e-04, -3.9937e-04, -3.4945e-02, -8.4657e-05, -4.1292e-04,
        -9.4254e-02, -9.2248e-03, -6.5822e-04, -2.1464e-04, -9.7634e-06,
        -2.0945e-01, -5.5601e-06, -7.6080e-08,  1.0662e-01, -7.4265e-02,
        -8.2497e-04, -1.0551e-03, -6.6931e-05, -1.5240e-01, -5.4597e-03,
        -6.9058e-04, -1.8817e-03, -8.2149e-04, -2.5720e-07, -8.4839e-03,
        -2.5712e-03, -4.9556e-04, -1.7845e-04, -4.8851e-06, -1.4294e-06,
        -3.0178e-03,  6.1314e-01, -1.3458e-01, -2.4327e-03, -6.9750e-06,
        -8.3174e-03, -3.9069e-05, -6.2884e-04,  3.8108e-01, -7.1544e-05,
        -7.2896e-06, -4.3845e-04, -2.9334e-02, -4.3007e-03, -2.5770e-01,
        -1.8414e-03, -8.8384e-03, -1.0108e-01,  5.6712e-02, -8.5962e-06,
        -2.3878e-03, -9.8269e-02, -7.3558e-05, -8.0656e-02, -1.1122e-01,
        -4.9542e-02,  2.6301e-01, -1.9813e-03, -4.8710e-04, -2.2242e-02,
        -4.3642e-02, -4.4288e-02, -1.1014e-04, -9.5830e-02, -2.2742e-05,
        -8.2353e-02, -1.0065e-03, -1.6729e-06, -6.5907e-04,  4.7738e-01,
        -1.0922e-04, -1.2741e-01, -1.7821e-05,  3.6790e-03, -5.5681e-02,
         1.3460e-01, -9.3845e-02, -1.0433e-03, -4.1594e-02, -1.4940e-02,
        -1.5610e-01, -1.4794e-07, -4.9183e-03, -5.0892e-03, -1.7743e-01,
        -2.0155e-02,  4.8499e-01, -9.1250e-02, -3.1211e-03,  6.0525e-02,
        -1.1640e-01,  1.2117e-01,  2.8498e-01, -4.1265e-02, -1.6521e-04,
        -3.4376e-02, -3.5095e-03, -3.6593e-02, -8.9725e-06, -1.3605e-01,
        -1.5723e-01, -4.8425e-03, -9.4229e-02,  3.2024e-01, -3.2116e-02,
         3.1769e-03, -1.2636e-02, -2.3946e-05,  4.0785e-01, -1.0770e-02,
        -3.3828e-04, -9.9786e-03, -1.7146e-03], device='cuda:0')), ('fcs.1.weight', tensor([[-1.7176e-01, -5.0238e-02,  9.1836e-04,  ..., -2.3903e-05,
          2.7924e-03, -6.3854e-06],
        [-2.6742e-02,  1.1753e-01, -3.9899e-03,  ..., -3.7612e-05,
          2.6676e-02, -7.6251e-05],
        [ 4.4036e-02, -6.7864e-02,  5.9911e-05,  ...,  7.5902e-05,
          4.4194e-04,  1.6281e-04],
        ...,
        [-4.9619e-02,  5.4769e-02, -1.8394e-05,  ..., -9.2686e-05,
          9.3939e-02,  7.1606e-04],
        [ 3.6139e-03, -6.7229e-02, -1.3749e-03,  ...,  6.7979e-05,
          2.3529e-04, -3.1884e-03],
        [-2.5557e-01, -1.9512e-01,  2.7432e-03,  ..., -8.6197e-05,
          1.0028e-02,  5.8752e-03]], device='cuda:0')), ('fcs.1.bias', tensor([-6.2485e-02, -1.0165e-03, -4.0206e-02,  1.6126e-02, -2.4525e-03,
         1.0134e-02, -1.2162e-02, -7.2996e-03, -3.3335e-02, -4.5657e-03,
        -2.4331e-03, -2.6651e-01, -1.3134e-01, -2.0648e-01, -2.9573e-01,
        -4.6449e-02,  8.1071e-05, -4.9798e-02, -1.7414e-01, -5.2440e-04,
         8.5201e-03, -8.4088e-02, -2.8812e-01,  2.3166e-03, -1.1420e-01,
         1.2405e-04, -1.7773e-02, -1.8567e-03, -3.9012e-02,  7.6757e-05,
        -4.9456e-03, -2.5540e-02, -5.7434e-05, -3.8036e-02, -6.2144e-02,
        -2.6193e-03, -2.8602e-02, -3.1451e-02, -6.0209e-03, -7.3702e-03,
        -2.6761e-02, -2.0512e-02, -1.0746e-05, -2.8871e-03, -1.5708e-02,
        -4.6919e-04, -6.1944e-02, -2.8626e-01,  3.0741e-03,  1.0763e-01,
         3.2840e-04, -1.2393e-02, -2.4743e-05, -1.9078e-02, -1.2226e-01,
        -6.5098e-03, -1.5890e-03, -2.4515e-03, -7.8426e-02, -1.3367e-02,
        -1.3372e-04, -2.9612e-04, -2.6756e-01, -2.2040e-01], device='cuda:0')), ('fcs.2.weight', tensor([[ 2.2911e-01, -1.5508e-02,  3.0522e-02,  2.6357e-01,  2.3666e-02,
         -2.2222e-02,  5.9625e-02,  8.4976e-02, -2.3680e-01, -2.2711e-02,
          2.5153e-01, -2.2765e-01, -9.4073e-02, -2.5983e-02,  1.4444e-01,
         -9.2508e-02,  7.0854e-03,  4.2390e-02,  9.4969e-02, -2.7464e-01,
          2.5930e-01, -1.2524e-02,  5.9835e-02,  1.2612e-01,  5.2905e-02,
         -4.7704e-02, -1.1432e-01,  2.5204e-02, -3.1256e-01,  1.6983e-03,
         -3.1423e-02, -6.6861e-02,  9.4103e-02,  3.0139e-03, -6.6410e-02,
         -4.3581e-02, -2.1087e-01, -1.4388e-01, -7.6926e-02, -2.0421e-02,
         -3.6279e-01, -3.2924e-01, -5.4054e-06,  7.1750e-02, -7.6367e-02,
         -5.1057e-02,  8.3791e-02,  9.5149e-02,  7.7254e-03, -5.9337e-03,
         -2.9307e-03, -1.3653e-01, -1.1360e-01,  4.4999e-02, -9.1072e-02,
          1.8971e-02, -9.4076e-02, -6.4642e-02, -2.9508e-01, -8.3044e-04,
         -2.2710e-02, -3.4859e-02,  3.5825e-02, -4.9070e-02]], device='cuda:0'))])
end of epoch 3: val_loss 0.4327617343745932, val_acc 0.935
trigger times: 1
end of epoch 4: val_loss 0.19023349907415646, val_acc 0.92
trigger times: 0
saving model weights...
Weights: OrderedDict([('fcs.0.weight', tensor([[ 2.9594e-02, -9.7721e-02,  5.2855e-01,  ...,  2.9478e-03,
          4.2176e-01,  2.4907e-01],
        [ 5.5852e-01,  1.7601e-01,  3.9204e-01,  ...,  5.5647e-02,
          8.1626e-01,  4.8349e-01],
        [ 1.3305e-01,  3.0259e-02, -6.3554e-02,  ..., -2.0067e-04,
         -2.3385e-02, -4.0111e-01],
        ...,
        [-3.9729e-06,  3.5962e-06, -1.0487e-04,  ..., -6.0961e-07,
         -9.5769e-06, -3.4735e-02],
        [-3.5787e-05, -1.3085e-04, -4.7184e-04,  ..., -9.6363e-05,
         -5.5814e-04, -1.3472e-02],
        [-9.3245e-05, -1.7212e-04, -6.3448e-04,  ...,  1.4583e-05,
         -3.8879e-04, -1.0207e-01]], device='cuda:0')), ('fcs.0.bias', tensor([ 5.3589e-01,  9.7929e-01, -1.6065e-02, -4.9888e-02, -8.9956e-02,
        -8.9516e-02,  6.0904e-01, -2.3173e-03,  1.0239e+00, -1.6266e-02,
        -2.6236e-03,  9.3799e-07, -1.4813e-01, -5.3662e-03, -1.1033e-01,
        -6.5212e-04,  5.8801e-02,  1.2230e-01,  3.0456e-05, -6.6476e-07,
        -1.8770e-01, -1.0321e-02, -1.1869e-01,  5.7357e-01,  5.0060e-01,
        -8.5902e-02, -8.7233e-02, -2.5405e-01, -8.9957e-02, -9.1692e-02,
         5.3128e-01, -1.9675e-02, -2.4626e-02, -1.9671e-02, -8.4661e-04,
        -7.8603e-02, -2.2015e-03, -1.2872e-01, -1.2817e-01, -9.9185e-02,
        -1.1457e-01, -1.0057e-02,  2.6710e-01, -6.0690e-04, -9.8356e-05,
        -8.6000e-04,  8.6332e-01, -2.3373e-02, -2.0311e-01, -1.1611e-01,
         1.0619e-04, -2.0707e-01, -1.1461e-01,  8.0004e-01, -2.2146e-02,
        -7.9361e-02, -1.0131e-01, -3.8373e-05, -1.6053e-01, -4.6679e-02,
        -4.1109e-01, -3.8881e-06, -8.7359e-02, -1.5494e-02,  4.1365e-02,
        -5.4536e-02, -4.5019e-04, -4.3841e-02, -6.2644e-04,  2.7508e-01,
        -7.4895e-04,  4.9726e-01, -2.8701e-01,  1.3981e-02, -1.1483e-01,
        -1.0081e-02, -6.8673e-02, -1.6750e-02, -8.8124e-05, -1.1211e-02,
         2.2797e-05, -3.9686e-03, -4.9990e-02, -1.6314e-01,  5.0793e-01,
        -3.1066e-03, -1.1318e-01, -2.1767e-01, -6.4110e-03, -7.5185e-02,
         6.4967e-01, -8.6520e-03,  7.8453e-04, -9.3502e-03, -1.5634e-01,
        -2.6790e-02, -1.7458e-01, -4.6401e-04, -5.4111e-03, -1.3788e-01,
        -9.5188e-02,  3.1174e-01, -2.5831e-02, -4.6595e-04,  6.4822e-01,
        -1.7277e-03,  1.0570e+00, -2.3103e-03, -2.7045e-01, -8.7525e-02,
        -1.0771e-01, -2.9130e-02, -2.4010e-01, -1.4803e-01, -5.5749e-02,
        -2.2299e-01, -1.0708e-04, -1.7289e-04, -4.5183e-02, -8.1428e-03,
        -4.5647e-03,  1.2319e-01, -3.4258e-02, -6.0001e-02, -2.1394e-02,
        -4.9073e-04, -1.0709e-03, -1.2510e-02], device='cuda:0')), ('fcs.1.weight', tensor([[-4.7513e-01, -4.7613e-01, -3.1757e-03,  ..., -1.2613e-04,
          1.8299e-04,  7.9470e-04],
        [ 3.0790e-03,  9.4275e-04,  1.2264e-04,  ..., -2.9737e-06,
          6.0563e-05, -3.0092e-05],
        [ 5.9322e-03, -3.8253e-03, -1.8916e-04,  ..., -7.5275e-06,
          5.4171e-07, -9.5996e-05],
        ...,
        [-2.6077e-01, -4.9505e-01, -3.4604e-02,  ...,  1.1111e-04,
          4.0876e-04,  1.2075e-02],
        [-1.6990e-01, -3.5710e-02,  1.9931e-02,  ..., -3.8199e-04,
          1.4728e-04,  2.0246e-03],
        [-1.3200e-01, -1.8123e-01,  1.1877e-04,  ..., -8.8167e-06,
         -9.4121e-06, -5.4645e-05]], device='cuda:0')), ('fcs.1.bias', tensor([-3.1170e-01,  5.5599e-09, -9.0957e-06, -9.6765e-07, -2.7150e-07,
        -1.3934e-04, -2.9589e-08, -5.7111e-04, -2.4416e-01, -4.4920e-06,
        -7.8900e-03, -2.5161e-01, -2.4261e-01, -4.3102e-03, -8.1639e-02,
        -1.1848e-02, -7.1865e-02, -1.7843e-04,  1.4956e-02, -1.0641e-01,
        -6.8449e-02, -1.6020e-04, -6.0888e-02,  2.2389e-02, -6.1254e-04,
         9.2836e-03, -2.8011e-05,  6.8735e-08, -5.0543e-02, -3.4550e-08,
         1.4135e-04, -2.7113e-04, -1.0215e-01,  5.6888e-07,  1.8433e-05,
         4.2111e-07,  8.3613e-02, -8.6171e-02,  1.9911e-02, -3.6019e-04,
        -2.6883e-03, -1.3185e-02, -2.2041e-02,  3.7471e-03, -3.0766e-01,
         2.3342e-01, -6.2271e-04, -8.1820e-02,  3.0466e-01, -1.8979e-04,
        -1.0085e-02, -2.7203e-01, -2.5137e-01, -5.8480e-03, -8.0790e-03,
        -4.8515e-04,  1.6156e-01,  8.8498e-02, -2.5205e-01,  3.7114e-02,
        -1.0976e-01, -2.8768e-02, -8.1251e-02, -1.9781e-02], device='cuda:0')), ('fcs.2.weight', tensor([[ 7.2489e-02,  2.2979e-03,  6.3395e-03,  1.1703e-02,  2.9450e-03,
          2.5313e-03, -1.0707e-02,  1.8283e-01, -9.3513e-02,  1.2500e-03,
         -3.5883e-02, -1.1238e-01, -8.3415e-02,  2.6967e-03,  2.1737e-02,
          2.7216e-02,  1.9202e-01,  3.4934e-03,  1.7577e-01, -2.8625e-01,
          1.5880e-01,  1.3032e-03,  1.3547e-02, -3.6952e-03,  9.5027e-03,
          3.4364e-02, -1.8001e-02,  2.0773e-02, -1.1933e-01, -1.0976e-02,
          5.1532e-02, -5.1502e-03,  2.4806e-01,  1.6178e-01, -1.4968e-01,
          1.5118e-01, -8.7568e-02, -1.9056e-01,  1.1649e-01,  5.3957e-03,
         -4.9936e-01, -3.6082e-01,  5.5404e-04, -1.3378e-02, -3.0739e-02,
         -9.6028e-02, -4.4578e-04,  7.9354e-02,  1.8565e-02,  3.4738e-03,
         -2.3744e-02, -8.7581e-03,  1.4760e-01,  1.6134e-01, -1.2652e-02,
          4.3598e-02,  3.2319e-01,  2.2108e-01, -2.2051e-01, -2.1660e-02,
          7.9090e-02, -7.6583e-02,  2.5126e-01,  3.6277e-03]], device='cuda:0'))])
end of epoch 5: val_loss 0.22134634470954836, val_acc 0.91
trigger times: 1
end of epoch 6: val_loss 0.7598642569074956, val_acc 0.89
trigger times: 2
end of epoch 7: val_loss 0.32640436996600314, val_acc 0.915
trigger times: 3
end of epoch 8: val_loss 0.1761953468319856, val_acc 0.94
trigger times: 0
saving model weights...
Weights: OrderedDict([('fcs.0.weight', tensor([[ 6.2686e-02,  2.8054e-02, -6.9177e-02,  ..., -5.0796e-03,
         -1.0981e-01,  2.1038e-01],
        [-2.0427e-02,  5.0210e-01,  3.8545e-01,  ..., -3.8364e-02,
          2.0826e-01,  3.4900e-01],
        [ 8.2707e-02, -2.6857e-04, -3.0133e-02,  ..., -3.8539e-03,
         -5.3914e-02, -8.0295e-02],
        ...,
        [ 2.1388e-02, -1.6983e-04, -1.6958e-02,  ...,  1.3470e-03,
         -1.1042e-02, -3.0724e-01],
        [ 5.8935e-02, -9.6160e-04, -2.8523e-02,  ..., -1.3639e-04,
         -2.6803e-02, -9.4737e-02],
        [ 7.2625e-05, -1.4517e-05,  1.5443e-05,  ..., -6.1989e-06,
         -9.8192e-05, -1.2653e-02]], device='cuda:0')), ('fcs.0.bias', tensor([-2.5094e-01,  5.4777e-01, -1.7390e-01, -1.0136e-01, -1.8029e-01,
         8.3318e-01, -2.5286e-02, -9.1995e-02,  5.3338e-01, -1.5370e-01,
        -4.7613e-02,  1.0160e-01,  4.7019e-01, -2.0524e-02, -1.4899e-02,
        -9.0172e-02, -2.9030e-01, -2.7868e-02, -6.9221e-02,  1.3352e-01,
        -8.1175e-03, -1.3140e-01,  5.4255e-01, -3.5918e-03,  3.4329e-01,
        -1.5435e-01, -1.7134e-01, -2.3783e-01, -2.0452e-01, -2.0053e-01,
        -6.7847e-02, -2.1237e-01, -2.3497e-01, -6.4649e-02,  8.6145e-01,
        -1.0045e-01, -5.3318e-02, -1.2953e-03,  9.8892e-02,  3.1833e-01,
        -1.9343e-02, -4.7719e-02, -3.5318e-02, -1.3621e-01, -4.6669e-02,
        -2.1125e-01,  4.1382e-01, -3.7382e-02, -5.3156e-02, -2.9928e-02,
        -1.1800e-02, -1.7386e-01, -1.6753e-02, -5.1896e-03,  2.3485e-01,
        -1.7504e-01, -3.0912e-03, -4.3837e-03, -1.6608e-02, -6.4250e-02,
        -1.6657e-01, -1.5600e-01, -1.7986e-01, -1.2295e-02, -2.5017e-02,
        -1.3325e-01,  2.3704e-02,  7.9847e-01, -3.3725e-03, -5.4757e-02,
        -5.1923e-02, -4.7124e-03, -2.4879e-01, -2.2141e-03, -4.2219e-02,
        -8.6133e-03,  5.6779e-01, -2.5430e-03, -1.5434e-02, -1.7736e-01,
        -6.7601e-02,  1.0705e-01, -2.7554e-02, -3.4030e-01, -2.7542e-03,
        -3.3170e-02, -3.3846e-03, -1.3293e-01, -6.1625e-04, -2.3053e-01,
         4.5993e-03, -1.4968e-01, -6.0147e-01, -1.3402e-01, -7.6730e-02,
        -1.4295e-01, -1.2766e-01, -1.9980e-01, -2.0675e-01, -6.0933e-02,
        -1.3206e-02, -1.8463e-01, -2.2930e-01, -7.6810e-03,  7.4459e-01,
        -2.4305e-02,  8.1146e-01, -1.0832e-01, -1.6937e-01, -4.0742e-02,
        -1.4071e-02, -3.1510e-03, -1.8490e-01, -1.2687e-01, -9.4710e-02,
        -1.0331e-01, -2.3125e-01, -2.6057e-02, -2.4975e-01,  5.1079e-01,
        -2.5759e-01, -8.7960e-03,  3.0302e-01, -4.3107e-02, -1.0681e-01,
        -8.9694e-02, -1.3384e-01, -2.2317e-03], device='cuda:0')), ('fcs.1.weight', tensor([[ 4.5812e-02, -5.5368e-03,  1.4912e-03,  ...,  1.5002e-03,
          1.7438e-05, -1.9850e-06],
        [ 1.3284e-01, -5.4144e-02,  1.8403e-01,  ...,  4.5051e-03,
         -8.6877e-05, -4.0776e-05],
        [-1.3332e-02, -2.2331e-01, -1.7619e-03,  ..., -8.5827e-03,
         -3.9640e-04,  1.9694e-04],
        ...,
        [-1.1287e-01, -3.8359e-01,  2.8325e-02,  ...,  3.5528e-02,
          4.6572e-03,  2.0328e-06],
        [-1.1161e-03, -2.1771e-01,  6.2781e-05,  ..., -5.0798e-03,
         -4.8510e-04,  3.0049e-06],
        [ 9.7452e-03, -8.9239e-02, -2.2906e-04,  ..., -2.1661e-04,
         -1.2903e-04,  6.2921e-04]], device='cuda:0')), ('fcs.1.bias', tensor([-7.8120e-02, -2.0769e-01, -6.5042e-02, -3.9770e-02, -7.5848e-02,
        -3.2057e-01, -8.5835e-03,  3.5802e-02, -5.7541e-02,  1.7679e-01,
         2.2221e-01, -1.8767e-02, -1.1490e-02, -1.3903e-02,  5.7000e-03,
         1.8018e-02, -5.6958e-02, -1.4129e-01, -4.0831e-01, -8.8992e-05,
        -1.8580e-03, -4.8784e-02, -2.4120e-01, -4.7510e-02, -1.9586e-01,
         9.9665e-02, -1.5320e-01, -7.2937e-02, -8.0520e-02, -6.8602e-02,
        -1.9850e-02,  1.5668e-02, -3.8295e-05, -4.6949e-02, -7.9987e-02,
        -4.5709e-03, -2.3275e-04,  2.6884e-01, -2.5397e-01, -1.1541e-01,
        -4.7034e-02, -8.2672e-03, -9.4417e-02, -6.0162e-02, -7.8928e-02,
        -4.9166e-04, -3.8784e-03, -2.5753e-01, -6.2431e-03, -1.5989e-04,
        -3.4404e-01, -5.1251e-05, -7.8409e-03,  1.4109e-01,  5.4415e-02,
        -1.9332e-01, -1.2839e-01, -2.4300e-02,  5.9534e-02, -1.3887e-01,
        -3.9373e-01,  2.1673e-01, -1.4073e-02,  4.4926e-02], device='cuda:0')), ('fcs.2.weight', tensor([[-2.6539e-03, -1.2648e-01,  2.6231e-01, -7.4118e-02,  5.4949e-03,
         -3.4781e-02, -1.0456e-01, -3.8936e-02, -4.3123e-02,  1.4577e-02,
          2.5554e-02, -1.0189e-01,  1.1458e-02, -7.4991e-02, -2.9649e-01,
         -1.3155e-01, -3.7552e-03, -1.8402e-02,  1.8455e-02, -2.1426e-02,
          2.8774e-03,  1.0755e-02, -4.4732e-02, -5.6513e-03, -6.4730e-02,
          2.2554e-02, -1.4178e-01, -1.2594e-01,  9.8294e-02, -8.2197e-03,
          2.8949e-02, -7.8819e-02,  1.2177e-02, -1.7771e-02, -4.9889e-02,
          1.3070e-02, -1.0768e-03,  1.3938e-02,  3.6601e-02,  7.6047e-02,
         -2.4575e-01, -1.8409e-02, -3.6427e-02, -5.1412e-02, -1.3385e-02,
         -1.5975e-02,  3.3123e-03,  1.4734e-01,  2.2935e-04, -2.7882e-05,
         -9.1426e-02,  1.1183e-02,  7.7863e-03,  6.6921e-02,  1.6950e-02,
          1.0004e-01,  3.0910e-01,  1.0165e-02, -4.4942e-02, -4.9806e-02,
          4.0684e-02,  1.2206e-02,  1.1645e-02, -5.0948e-02]], device='cuda:0'))])
end of epoch 9: val_loss 0.3187929370119945, val_acc 0.9
trigger times: 1
end of epoch 10: val_loss 1.1485452673515224, val_acc 0.91
trigger times: 2
end of epoch 11: val_loss 0.1939574723554206, val_acc 0.89
trigger times: 3
end of epoch 12: val_loss 0.2080303405908267, val_acc 0.905
trigger times: 4
end of epoch 13: val_loss 2.843429155860134, val_acc 0.84
trigger times: 5
end of epoch 14: val_loss 0.172388171504577, val_acc 0.93
trigger times: 0
saving model weights...
Weights: OrderedDict([('fcs.0.weight', tensor([[ 1.1035e-03,  3.0684e-05,  1.1058e-04,  ..., -1.6019e-05,
         -2.2110e-06, -5.3630e-02],
        [ 6.0738e-03,  3.2325e-02,  7.1437e-02,  ..., -7.0888e-02,
         -3.5203e-03, -2.2991e-02],
        [ 1.1096e-01, -1.3879e-03, -8.4023e-03,  ..., -7.5898e-05,
         -1.1149e-02, -2.6726e-02],
        ...,
        [-2.6821e-06,  6.2444e-06,  8.4485e-05,  ..., -9.8749e-05,
         -1.2253e-05, -2.9942e-03],
        [ 8.6788e-04,  3.2786e-05,  2.0869e-04,  ...,  3.7053e-06,
         -2.0439e-05, -1.9012e-03],
        [ 1.5323e-02,  1.1813e-03, -1.3139e-02,  ..., -2.3398e-04,
         -1.4665e-02, -4.8298e-02]], device='cuda:0')), ('fcs.0.bias', tensor([-1.8815e-03,  3.2042e-01, -1.7747e-01, -1.4021e-03, -1.7376e-04,
         2.5321e-03, -3.2325e-04, -2.8811e-03, -1.3994e-01,  3.0894e-01,
         1.2560e-04, -5.4622e-02, -1.5380e-02, -7.1133e-02, -7.4669e-02,
        -3.4590e-05, -1.7208e-04, -7.3140e-02, -5.5496e-03, -3.3573e-02,
        -3.4586e-02,  2.1620e-01, -1.5153e-02, -2.9458e-04,  3.9792e-01,
        -4.7993e-02, -3.6961e-02, -2.8614e-01, -4.4696e-03, -7.6310e-02,
        -2.0455e-04, -9.8504e-05, -1.3012e-02, -2.0369e-02, -2.0252e-03,
        -3.2535e-05, -3.3210e-03, -9.2256e-03, -4.1650e-02,  4.5919e-03,
        -9.2413e-02, -1.4442e-04, -4.8028e-04, -9.5194e-02, -4.6529e-02,
        -3.5539e-04,  3.5596e-01, -7.0321e-03, -5.5801e-03, -1.7232e-02,
        -2.7165e-01, -7.9843e-04, -2.9817e-02, -8.5661e-03,  8.9096e-05,
        -1.7143e-01,  4.0594e-01, -1.0433e-03, -2.9509e-02, -1.3166e-01,
        -1.4426e-02, -2.1824e-05, -1.2617e-02, -2.2091e-02, -3.8592e-03,
        -1.5754e-03, -5.1024e-02, -2.1129e-02, -2.1492e-04, -3.6336e-02,
        -4.9632e-05, -2.4410e-04, -5.1772e-04, -3.5150e-02,  5.5011e-03,
        -1.9787e-02, -6.7391e-03, -9.1486e-03, -2.7073e-03, -1.9111e-07,
        -1.5715e-03, -5.6155e-03,  5.2082e-02, -1.3914e-04, -1.9253e-05,
        -6.3170e-02, -6.3588e-03, -1.9606e-01, -1.5053e-01,  6.7776e-05,
        -4.2143e-04, -7.4186e-02, -3.0777e-02, -4.1917e-04, -4.2193e-02,
        -1.8868e-03, -5.1945e-02, -9.5574e-06, -1.9969e-02, -2.4369e-03,
        -7.9607e-04,  3.9284e-03, -3.6068e-01, -1.1864e-01,  7.7955e-01,
        -1.4680e-01,  6.6042e-01, -2.6098e-04, -2.1960e-03, -9.0103e-04,
        -1.1245e-02, -2.5046e-01, -2.9698e-02, -8.8009e-02, -2.3717e-04,
        -1.2067e-02, -5.8289e-02, -9.9596e-03, -3.5590e-03, -7.3178e-02,
        -8.1100e-02, -6.1005e-02, -2.9428e-05, -7.9673e-06, -1.3268e-02,
        -1.4908e-03, -8.0918e-03, -5.0105e-02], device='cuda:0')), ('fcs.1.weight', tensor([[-3.0076e-04, -2.0821e-01, -6.7497e-02,  ..., -1.2540e-04,
          1.1655e-04, -1.0253e-03],
        [-6.3668e-04, -3.1709e-01, -1.3108e-01,  ..., -2.4400e-04,
          2.4788e-04, -2.1545e-03],
        [-1.3399e-03, -1.8000e-01,  6.6314e-04,  ..., -8.8338e-04,
          4.5028e-04, -6.2451e-03],
        ...,
        [ 2.7075e-04, -2.9344e-01,  1.6841e-03,  ...,  9.7347e-04,
         -1.0653e-03,  4.4544e-03],
        [-6.4504e-05, -1.2070e-01, -7.3500e-04,  ..., -1.6678e-04,
          7.6005e-05, -6.2899e-04],
        [ 2.3945e-04, -2.2448e-01,  1.7116e-02,  ...,  2.3401e-04,
         -7.2540e-05,  2.3994e-03]], device='cuda:0')), ('fcs.1.bias', tensor([-2.5443e-02, -1.4424e-02, -4.8784e-02, -4.7985e-08, -6.4860e-07,
        -2.1635e-03, -8.0617e-04, -1.4105e-05, -2.3046e-02,  9.6528e-12,
        -3.7574e-02,  3.8786e-02,  8.4126e-06, -5.2293e-04, -1.1627e-06,
        -6.1470e-02, -8.9284e-03, -1.5746e-02, -3.8738e-07, -7.7073e-03,
         2.9695e-08, -2.6840e-01, -4.2438e-03, -2.2785e-04, -6.8235e-02,
        -4.4708e-03, -1.7292e-01,  1.0094e-01,  5.2029e-04, -2.2331e-04,
        -1.5166e-02, -2.0134e-09, -4.6226e-05, -1.0327e-07, -3.7088e-02,
        -5.6617e-03, -2.1756e-09, -5.8229e-03, -1.0778e-04, -5.5547e-02,
        -5.1025e-08, -1.4779e-02, -2.3357e-02, -6.0946e-09, -1.8989e-01,
        -1.6597e-02, -2.0462e-01, -2.0502e-07,  8.8454e-05, -7.9668e-04,
        -4.5924e-04, -1.0361e-01,  3.4696e-02, -2.7691e-04, -2.6211e-03,
        -1.5765e-01, -2.1253e-01,  2.5924e-01, -3.4765e-02, -3.8131e-05,
        -6.4796e-03, -1.2252e-01, -3.6671e-02, -2.3324e-01], device='cuda:0')), ('fcs.2.weight', tensor([[-1.2996e-02, -3.8918e-02, -9.1323e-02, -3.4723e-02,  4.1305e-04,
          3.8059e-02, -2.4951e-02, -7.2847e-03, -1.0500e-02,  2.1979e-05,
         -4.0313e-02,  1.1214e-02, -2.5267e-02, -4.4302e-03, -1.4511e-01,
         -2.7199e-02,  3.7807e-03, -1.0309e-02, -4.0452e-02, -1.6761e-03,
          2.0740e-02,  1.2535e-01, -2.9612e-03, -6.9181e-02, -3.5442e-02,
         -1.7092e-01,  3.4538e-02,  3.1219e-02, -1.1844e-01, -7.1831e-03,
         -3.2529e-02, -5.2201e-03, -5.5030e-03, -2.2835e-02, -1.5980e-01,
          9.0274e-02, -5.9298e-03, -2.7489e-02,  5.0137e-03, -1.2037e-01,
         -1.3469e-02,  4.5489e-02, -3.7647e-02, -3.7332e-03, -1.8557e-01,
          6.3446e-03, -2.7494e-02, -2.0900e-01,  2.0529e-01,  2.0359e-01,
         -8.8191e-03,  7.1624e-02,  2.9275e-02, -7.8079e-03, -1.0771e-01,
         -1.7639e-01, -1.5267e-01, -1.1601e-02, -7.9655e-02, -3.3497e-02,
          2.5606e-01,  1.5257e-01, -8.4738e-03,  1.2621e-01]], device='cuda:0'))])
end of epoch 15: val_loss 0.25969829673238803, val_acc 0.905
trigger times: 1
end of epoch 16: val_loss 0.3616940525781561, val_acc 0.865
trigger times: 2
end of epoch 17: val_loss 0.21640310823772327, val_acc 0.91
trigger times: 3
end of epoch 18: val_loss 0.45115480714297607, val_acc 0.855
trigger times: 4
end of epoch 19: val_loss 3.053729461277084, val_acc 0.92
trigger times: 5
end of epoch 20: val_loss 0.5475793056281194, val_acc 0.9
trigger times: 6
end of epoch 21: val_loss 0.3571490839233482, val_acc 0.835
trigger times: 7
end of epoch 22: val_loss 12.513468401062946, val_acc 0.93
trigger times: 8
end of epoch 23: val_loss 3.198935154502069, val_acc 0.92
trigger times: 9
end of epoch 24: val_loss 5.583658269003807, val_acc 0.87
trigger times: 10
Early stopping.
0 -468.53909373283386 -147.4636492765731
1 -560.4142644405365 -142.23388834828145
2 -536.969798207283 -122.62366970851606
3 -444.2594418525696 -118.44560087924461
4 -432.2987200021744 -116.108374803282
5 -472.66787791252136 -115.43677859764247
6 -429.7450590133667 -111.12884203537087
7 -477.3791335821152 -110.83967460658118
8 -485.3472800254822 -99.7956520082127
9 5.395686533302069 -99.64931500624076
10 -387.75611758232117 -96.59530823562386
11 -418.2488578557968 -95.93196512830177
12 -440.97344695031643 -95.26106070296488
13 -402.6634193658829 -79.46225909654602
14 -226.85458824038506 -76.17790382876726
15 -293.9598243832588 -73.19589636713303
16 -423.0594510138035 -65.39617499434047
17 -360.09504985809326 -62.45594599657271
18 -196.3458427414298 -61.13021271290543
19 -352.8820883054286 -60.13433630255377
20 -94.23051825165749 -50.14643167239018
21 -310.0978314783424 -48.67846358399454
22 -309.3079546689987 -47.40424201767414
23 -333.43436297401786 -43.397773251146276
24 -115.81459514517337 -41.86614966014691
25 -257.0767107605934 -36.32048246348241
26 -288.05653716251254 -32.74837227240138
27 -101.49657623562962 -32.32929369302946
28 -207.67536918632686 -25.770939267539205
29 -287.10240978747606 -25.594995938321564
30 -260.48564664809965 -25.57213435865645
31 -262.6259194598533 -22.39844636520923
32 -255.2032113764435 -20.391209924013385
33 -275.63168438896537 -14.481488913331033
34 -255.92308919271454 -12.309091865555642
35 -275.5289393030107 -11.391024421481049
36 -193.08035320183262 -10.902017021977287
37 -253.63654523296282 -9.335689694740658
38 -259.35097361006774 0.7419180430902008
39 -176.62189130485058 3.8318902357964784
40 -245.67408648389392 3.9880090400704225
41 -38.16232374624815 10.764415234755278
42 -259.6901493454352 12.934274123226212
43 -188.07792468601838 14.205206874791333
44 -180.13677120953798 24.910836857676962
45 -204.46319648937788 33.81267702300805
46 -147.63412752654403 40.198823361309046
47 -194.48532195203006 43.50620370379428
48 -193.6576509559527 54.79421159291256
49 -176.23930840706453 62.69478416198752
50 -142.69797068589833 74.22571892062575
51 -149.49898060387932 84.10165836377381
52 -176.66654871380888 88.64858937911765
53 -22.38917045906419 92.13810232868671
54 -174.32332232408226 95.5970919455078
55 -158.54952810760005 98.11620351598519
56 -122.49680318590254 98.43438297600927
57 -118.40657210792415 106.6069538993196
58 -148.70060557650868 113.06528436824188
59 -122.14441507018637 117.98751873386719
60 -146.37870115227997 131.64414317765036
61 -129.17931572231464 132.28794359627105
62 -123.50305761769414 133.11348989265034
63 -149.45971066784114 145.24215614623898
64 -145.68857996026054 158.38078213380754
65 -129.59164789039642 158.50808436766704
66 -106.96217273687944 167.96954732210003
67 -111.18006784282625 168.2139420510252
68 -123.49255531420931 170.47202355350058
69 -99.68986617238261 173.61957394095663
70 -131.54416406340897 174.15080882295382
71 -113.68726620264351 181.61209907304905
72 -64.96846002712846 183.630626461537
73 -99.07167298719287 195.24714457233625
74 -57.58879176294431 197.54995255175572
75 -66.58021206408739 198.07853498456498
76 -54.73881071433425 208.43810157983071
77 -101.81433459045365 221.98821142020677
78 -103.63296318985522 225.96493030587686
79 -85.69005654752254 234.912530058772
80 -110.14877445064485 236.41042909711607
81 -68.68460906716064 245.5887448959621
82 -66.52971608750522 245.81351895912266
83 -47.294292252510786 246.75481391697613
84 -59.52784021408297 249.51084171854058
85 -83.18024120107293 251.3571448151926
86 -32.533038169844076 253.85724381515183
87 -99.15656723966822 257.91690314903366
88 -73.79130208259448 263.15565253602887
89 -71.58729966834653 273.43913939999
90 -40.70106983510777 276.57432091057194
91 -57.555672876304016 281.20676916848015
92 -45.69735412625596 283.0894527688991
93 -47.1034545423463 285.72871085599655
94 -31.954458833672106 290.13944852415955
95 -86.07987448293716 291.9243761531606
96 -52.060832533985376 302.3644246881209
97 -42.872123304754496 306.1712532575959
98 -66.89736448926851 312.3724481497734
99 -60.12775958701968 321.2374011234209
100 -45.84017047751695 321.2905107198387
101 -35.14191020466387 321.65930957943124
102 -81.33030450996011 325.94333208988763
103 -70.20035108877346 327.9410755934301
104 -25.87323002348421 337.728074301983
105 -50.15147452069505 339.66188199747455
106 -11.31525830226019 342.7998224222616
107 -56.02681683562696 347.9329547559379
108 -87.51024521735962 353.3812100160134
109 -28.43833189457655 354.05687466597453
110 -47.991916445083916 355.7759836246162
111 -8.241245811630506 361.50704766788135
112 -28.203818968264386 374.0128471692673
113 -2.237568545155227 374.8603519157193
114 -47.4099184689112 390.9114277638717
115 -12.918085743236588 409.58867389683314
116 -22.040949532878585 424.42641682066693
117 -8.438998651923612 425.3425527059334
118 2.7869435746688396 430.80730528172944
119 -3.90020602196455 445.2253651296969
train accuracy: 0.8811111111111111
validation accuracy: 0.87
