demo lengths 200
demos: (120, 200, 30)
demo_rewards: (120,)
[-147.46364928 -142.23388835 -122.62366971 -118.44560088 -116.1083748
 -115.4367786  -111.12884204 -110.83967461  -99.79565201  -99.64931501
  -96.59530824  -95.93196513  -95.2610607   -79.4622591   -76.17790383
  -73.19589637  -65.39617499  -62.455946    -61.13021271  -60.1343363
  -50.14643167  -48.67846358  -47.40424202  -43.39777325  -41.86614966
  -36.32048246  -32.74837227  -32.32929369  -25.77093927  -25.59499594
  -25.57213436  -22.39844637  -20.39120992  -14.48148891  -12.30909187
  -11.39102442  -10.90201702   -9.33568969    0.74191804    3.83189024
    3.98800904   10.76441523   12.93427412   14.20520687   24.91083686
   33.81267702   40.19882336   43.5062037    54.79421159   62.69478416
   74.22571892   84.10165836   88.64858938   92.13810233   95.59709195
   98.11620352   98.43438298  106.6069539   113.06528437  117.98751873
  131.64414318  132.2879436   133.11348989  145.24215615  158.38078213
  158.50808437  167.96954732  168.21394205  170.47202355  173.61957394
  174.15080882  181.61209907  183.63062646  195.24714457  197.54995255
  198.07853498  208.43810158  221.98821142  225.96493031  234.91253006
  236.4104291   245.5887449   245.81351896  246.75481392  249.51084172
  251.35714482  253.85724382  257.91690315  263.15565254  273.4391394
  276.57432091  281.20676917  283.08945277  285.72871086  290.13944852
  291.92437615  302.36442469  306.17125326  312.37244815  321.23740112
  321.29051072  321.65930958  325.94333209  327.94107559  337.7280743
  339.661882    342.79982242  347.93295476  353.38121002  354.05687467
  355.77598362  361.50704767  374.01284717  374.86035192  390.91142776
  409.5886739   424.42641682  425.34255271  430.80730528  445.22536513]
maximum traj length 200
num training_obs 1800
num training_labels 1800
num val_obs 200
num val_labels 200
ModuleList(
  (0): Linear(in_features=30, out_features=128, bias=True)
  (1): Linear(in_features=128, out_features=64, bias=True)
  (2): Linear(in_features=64, out_features=1, bias=False)
)
Total number of parameters: 12288
Number of trainable paramters: 12288
device: cuda:0
end of epoch 0: val_loss 1.548978599400573, val_acc 0.91
trigger times: 0
saving model weights...
Weights: OrderedDict([('fcs.0.weight', tensor([[ 1.6178e-03, -2.8026e-01, -7.7694e-02,  ..., -1.4942e-01,
          4.1130e-01,  1.2486e-01],
        [ 4.9879e-02,  1.7637e-02,  2.6690e-02,  ..., -1.8595e-02,
         -1.3419e-01, -3.8129e-02],
        [ 2.1316e-02, -2.5441e-02, -1.4837e-02,  ...,  4.8709e-04,
         -2.4722e-02, -7.9312e-02],
        ...,
        [ 2.0643e-01,  1.2053e-01,  1.1702e-01,  ...,  1.8973e-02,
         -4.6180e-02,  1.1028e-02],
        [-5.5584e-03, -7.5594e-02, -6.9588e-03,  ...,  2.4967e-02,
          6.0849e-01,  2.2490e-01],
        [ 5.1583e-02, -3.7200e-02, -2.4888e-02,  ...,  3.4499e-03,
         -1.7113e-02, -5.2909e-02]], device='cuda:0')), ('fcs.0.bias', tensor([ 3.3233e-01, -3.2294e-01,  1.6441e-02,  4.7879e-02, -2.8922e-02,
         6.2623e-03,  8.8939e-04, -2.2733e-01, -1.9816e-01, -7.5661e-02,
        -2.8001e-01, -1.9990e-01, -1.6141e-01, -1.0753e-01, -9.4885e-02,
        -1.7869e-01, -2.1117e-01,  1.1373e-03,  1.0797e-02, -2.2704e-02,
        -2.0229e-01, -7.6715e-02, -2.0370e-01, -4.4855e-02, -1.5883e-02,
        -4.6120e-02,  2.3887e-01, -5.9939e-01, -1.0270e-02,  3.0105e-03,
        -1.0143e-01, -1.2186e-02,  5.8931e-01, -2.0803e-01, -8.1477e-02,
        -1.5057e-01, -2.1221e-02,  1.2993e-01, -1.1820e-02, -3.0991e-01,
        -1.4116e-01, -1.1631e-01, -4.1102e-01, -3.8925e-01, -2.5684e-01,
         7.2487e-02, -1.9963e-01, -5.5861e-02, -5.0424e-02, -2.5522e-01,
        -6.5920e-02, -1.0267e-01, -2.4465e-01, -1.0990e-01,  1.8776e-01,
        -7.1398e-02, -2.1137e-02,  1.5590e-02,  3.0050e-01, -2.7431e-01,
        -3.3933e-01,  1.1100e-01,  1.0811e-01,  1.4283e-02, -3.0686e-01,
        -7.0433e-02, -1.3153e-02, -1.2620e-02, -1.9753e-01,  5.6137e-02,
        -5.4413e-02,  3.2295e-01, -5.4516e-02, -3.9258e-01, -9.2395e-02,
        -7.1236e-02, -2.1467e-01, -1.0872e-01, -5.4083e-01, -2.0069e-01,
         1.1688e-04, -1.1007e-01, -2.3047e-01,  3.4695e-02, -1.0518e-02,
        -1.1656e-01,  2.3894e-01,  6.6995e-02,  7.0684e-02, -1.8463e-01,
        -2.8290e-01, -8.6738e-03, -6.0676e-03, -2.7779e-01, -2.1633e-01,
        -6.3108e-02, -1.4085e-02, -1.6950e-01, -1.0294e-01, -6.3065e-02,
        -1.2885e-01, -3.7648e-01,  3.4356e-01,  5.8507e-01, -8.7378e-02,
         6.4201e-03, -2.6807e-01, -1.4152e-01, -1.3496e-01,  2.3803e-01,
        -4.4204e-02, -1.3653e-01, -3.8143e-01, -2.1385e-02, -4.7602e-02,
        -8.9668e-02, -1.5314e-01,  1.5158e-02, -9.7840e-02, -3.9652e-01,
        -3.6069e-01, -2.3985e-02, -4.2816e-02, -1.5734e-01,  5.0422e-02,
        -1.6660e-01,  7.6051e-01, -1.0093e-01], device='cuda:0')), ('fcs.1.weight', tensor([[-1.7193e-01,  8.7851e-02,  1.2165e-02,  ...,  2.5274e-02,
         -7.6426e-02, -2.0322e-01],
        [-1.2683e-01, -2.5867e-03, -2.1424e-04,  ...,  2.5308e-02,
         -7.4471e-02,  3.8786e-03],
        [-2.0910e-01, -2.0417e-02, -8.2598e-04,  ...,  5.7112e-03,
         -3.2890e-01, -2.6598e-02],
        ...,
        [-5.7171e-02, -5.5630e-02,  3.0111e-05,  ..., -2.0846e-02,
         -2.7068e-02, -7.3806e-05],
        [-7.7090e-02, -4.6640e-02, -1.0154e-02,  ..., -4.1921e-02,
         -2.5616e-01,  6.3190e-03],
        [-1.4986e-01,  4.3307e-02, -1.5159e-03,  ...,  9.0827e-02,
         -1.2634e-01, -5.2043e-04]], device='cuda:0')), ('fcs.1.bias', tensor([-5.0556e-02, -6.5038e-02, -3.9494e-01, -6.0364e-02, -2.3758e-01,
        -1.0013e-01, -5.2950e-04, -1.4717e-01, -5.3172e-02,  1.8894e-03,
        -2.7158e-01, -5.5609e-02, -1.6069e-01,  6.0287e-02, -1.8865e-02,
         3.1972e-02,  1.3570e-01, -1.8235e-01, -2.7699e-01, -1.9432e-01,
        -1.3003e-01,  4.1721e-01, -3.6934e-02, -8.0806e-02, -7.2058e-02,
        -1.0409e-01, -1.4191e-01, -5.0775e-01, -2.3557e-02, -4.2327e-02,
        -1.4741e-02, -4.8871e-02,  1.0420e-01, -1.8810e-02, -5.4006e-02,
        -2.6696e-02, -5.3986e-01, -3.1968e-02, -2.9695e-02, -1.7227e-01,
        -1.7779e-02,  1.7053e-01,  3.0163e-01,  1.8402e-01,  8.6527e-02,
         2.3428e-01, -5.1775e-02, -2.4071e-01, -7.8979e-02, -4.5668e-02,
        -2.9159e-02, -2.4467e-01,  2.2308e-01, -2.3211e-02, -3.1010e-01,
        -7.0411e-02, -9.1914e-02,  3.4900e-02, -1.1123e-02, -8.2355e-02,
        -1.9422e-01, -6.4404e-02, -1.4087e-01, -3.6135e-02], device='cuda:0')), ('fcs.2.weight', tensor([[ 0.1941, -0.0114, -0.0542,  0.0188,  0.1304, -0.0025, -0.0163,  0.0051,
          0.0027, -0.0021,  0.0744, -0.0563,  0.0063, -0.0307, -0.0174, -0.0173,
          0.0011,  0.0278, -0.0151, -0.0849, -0.0014, -0.0207, -0.0078, -0.0375,
          0.0279,  0.0238, -0.0150, -0.1920, -0.1217, -0.0221, -0.0010, -0.0557,
         -0.2891, -0.0064, -0.1118, -0.0415,  0.0071, -0.0685, -0.0069, -0.0544,
         -0.0434, -0.0505, -0.1059,  0.0675, -0.0489, -0.2478, -0.0230, -0.0225,
         -0.0629, -0.0619, -0.0448,  0.1213,  0.0776,  0.0377, -0.2527, -0.0068,
          0.0632,  0.0937, -0.0159,  0.0413, -0.0544, -0.0246,  0.1250, -0.0576]],
       device='cuda:0'))])
end of epoch 1: val_loss 0.217563878216547, val_acc 0.9
trigger times: 0
saving model weights...
Weights: OrderedDict([('fcs.0.weight', tensor([[ 5.5514e-02, -1.4876e-01,  4.8522e-02,  ..., -2.9380e-02,
          1.2910e-01,  1.0701e-02],
        [ 8.5542e-03,  8.8692e-04,  5.9357e-03,  ..., -2.1579e-04,
         -6.0817e-03, -2.7610e-02],
        [ 5.2730e-03,  1.0799e-03, -2.5997e-03,  ...,  8.3433e-05,
         -3.8330e-03, -9.7294e-04],
        ...,
        [ 6.2038e-02,  4.2219e-03,  4.9582e-02,  ...,  1.2891e-04,
          7.7259e-03,  9.3204e-03],
        [ 1.7746e-01, -1.4938e-01,  3.3961e-02,  ..., -2.5378e-02,
          2.3060e-01,  6.3130e-02],
        [ 6.3803e-02, -2.9537e-04, -3.6863e-02,  ..., -5.4804e-04,
         -5.3452e-02, -1.8109e-02]], device='cuda:0')), ('fcs.0.bias', tensor([ 2.4970e-01, -9.8924e-02, -7.0872e-03,  1.7281e-02, -2.0693e-01,
        -3.8304e-02, -3.6090e-03, -2.7970e-01, -4.7287e-02, -2.4392e-02,
        -5.8502e-02, -6.8342e-02, -2.8556e-02, -1.1781e-01, -4.2430e-03,
        -1.1505e-02, -5.5610e-02, -3.6996e-04, -4.6702e-03, -9.7873e-03,
        -1.1068e-01, -9.7841e-02, -1.1521e-01, -4.4299e-03, -2.1317e-01,
        -4.0164e-02,  2.3305e-01, -4.1522e-01, -4.9626e-02, -1.2825e-01,
        -4.0824e-03, -4.3166e-04,  5.4957e-01, -1.8171e-02, -3.1083e-02,
        -1.8566e-01, -7.5033e-03, -4.9483e-02, -4.4206e-02, -1.7507e-01,
        -9.4871e-02, -2.1126e-02, -2.6002e-01, -2.9056e-01, -1.3123e-01,
        -2.2565e-01, -5.6704e-02, -4.6754e-02, -2.7065e-02, -1.3036e-01,
        -3.1150e-04, -2.9375e-02, -1.6022e-01, -2.0442e-01,  2.8249e-01,
        -7.6324e-02, -1.5047e-03, -1.1569e-03, -1.8793e-01, -8.2542e-02,
        -8.2953e-02, -3.9678e-02, -3.9679e-02, -1.8496e-02, -1.8276e-02,
        -1.3901e-01, -1.4492e-02, -1.0984e-02, -1.0471e-02,  2.0896e-02,
        -3.3871e-02,  3.8128e-01, -1.5785e-03, -1.6232e-01, -1.3568e-02,
        -5.0717e-02, -1.0035e-01, -5.2099e-02, -1.4226e-01, -5.4641e-02,
        -2.1617e-03, -3.5612e-02, -1.9806e-01, -4.2871e-03, -2.1617e-02,
        -4.5610e-02, -1.3099e-01, -3.6621e-02,  3.6475e-02, -4.1278e-02,
        -7.4515e-02, -9.2170e-02, -1.4131e-02, -8.1275e-02, -6.2977e-02,
        -4.0238e-02, -4.7178e-03, -7.8844e-02, -4.5926e-02,  7.3102e-02,
        -3.6509e-02, -2.7581e-01,  2.2944e-02,  2.9506e-01, -2.0495e-02,
        -6.1234e-02, -1.9148e-01, -1.8737e-01, -2.8818e-02,  3.7933e-01,
         3.5599e-01, -3.7583e-02, -1.4236e-01, -9.9368e-03, -2.8370e-02,
        -2.4238e-02, -8.1623e-02,  6.4289e-03, -1.5231e-03, -2.3691e-01,
        -1.2986e-01, -1.1091e-02, -6.6461e-02, -6.5571e-02,  1.9543e-01,
        -5.3173e-02,  4.8132e-01, -1.0390e-01], device='cuda:0')), ('fcs.1.weight', tensor([[-3.8874e-03,  1.7522e-02,  6.6228e-03,  ...,  1.6433e-01,
          1.1280e-01,  1.1788e-01],
        [-5.7331e-02, -7.5830e-04, -2.0151e-06,  ...,  6.3869e-03,
         -2.4575e-02, -1.1233e-04],
        [-1.7288e-02,  3.1177e-04,  1.1558e-04,  ..., -1.8795e-04,
         -2.6712e-02, -1.0722e-03],
        ...,
        [-1.6015e-01, -1.7064e-03, -1.3889e-03,  ...,  1.1648e-02,
         -2.3664e-01, -1.6126e-03],
        [-4.7377e-02, -1.7683e-02, -2.1116e-03,  ..., -1.2645e-02,
         -1.6285e-01,  3.5188e-03],
        [-2.1811e-01,  9.9052e-03, -1.2304e-05,  ...,  2.3793e-02,
         -2.8191e-01,  1.4525e-04]], device='cuda:0')), ('fcs.1.bias', tensor([ 0.1323, -0.0225, -0.0294, -0.0010, -0.2547, -0.0097,  0.0018, -0.0015,
        -0.0014, -0.2267, -0.0767, -0.0192, -0.0460, -0.0112,  0.0101,  0.0426,
         0.0793,  0.0329, -0.0243, -0.0715, -0.0227,  0.1252, -0.0065, -0.0376,
        -0.0116, -0.0135, -0.2600, -0.1439,  0.0387,  0.0172, -0.0104, -0.0022,
        -0.1884, -0.0259,  0.0221,  0.0013, -0.1537, -0.0343, -0.0106, -0.0086,
         0.0046,  0.0851, -0.0392,  0.1226,  0.0166, -0.1238, -0.0221, -0.0347,
        -0.0514, -0.0096, -0.0031, -0.1029,  0.0448, -0.0676,  0.1081, -0.0009,
        -0.0405,  0.0150, -0.0274, -0.0098, -0.0225, -0.0290, -0.0892, -0.0700],
       device='cuda:0')), ('fcs.2.weight', tensor([[ 2.1514e-02, -1.3209e-03, -7.1152e-03,  1.6247e-02, -1.2766e-02,
         -1.6011e-03, -8.8374e-03,  3.8624e-03,  3.0300e-04,  2.5621e-01,
          1.0706e-02, -1.9679e-02,  2.1862e-03, -2.6647e-02,  1.8446e-03,
         -1.7555e-02, -9.4264e-04,  1.5396e-01, -5.5338e-03,  1.7975e-02,
          2.7162e-03,  7.8545e-02, -7.4159e-03, -1.6766e-02,  2.2251e-02,
          2.1587e-02,  9.5849e-02, -3.2619e-02, -7.8355e-02,  2.2655e-01,
          2.3347e-02,  2.5232e-01, -2.7540e-01,  1.3203e-01, -1.3324e-02,
          3.1843e-01, -1.7707e-02,  1.1298e-01, -1.8130e-01,  1.5132e-02,
          9.7647e-02,  1.5579e-03, -4.0313e-02,  6.7172e-02, -4.2992e-02,
          2.9716e-02,  3.3025e-01, -1.4698e-02, -5.8316e-02,  7.2760e-04,
         -1.3459e-02,  1.2608e-01,  8.3242e-02,  3.1743e-02, -1.8392e-01,
         -5.7348e-03,  3.0319e-02,  4.8814e-02,  5.3304e-03,  3.5596e-02,
          2.2175e-02,  3.0363e-01,  1.1417e-01, -1.4648e-02]], device='cuda:0'))])
end of epoch 2: val_loss 2.09590713661717, val_acc 0.925
trigger times: 1
end of epoch 3: val_loss 0.21287040732905713, val_acc 0.93
trigger times: 0
saving model weights...
Weights: OrderedDict([('fcs.0.weight', tensor([[ 0.1829, -0.3257, -0.0783,  ..., -0.1880, -0.3235, -0.3164],
        [ 0.2329,  0.4633,  0.2515,  ...,  0.2479, -0.1046,  0.3332],
        [ 0.1050,  0.0807, -0.0533,  ...,  0.0082, -0.1382,  0.1481],
        ...,
        [-0.3689, -0.3320,  0.6060,  ...,  0.5168,  1.0091, -0.2374],
        [ 0.2266,  0.0034, -0.1344,  ..., -0.0053, -0.1119,  0.0925],
        [ 0.1843, -0.0563, -0.1544,  ..., -0.0516, -0.1279,  0.0094]],
       device='cuda:0')), ('fcs.0.bias', tensor([-1.4492e-01,  5.3909e-02, -2.5378e-01, -1.3970e-01, -1.6948e-02,
        -4.6225e-01, -8.0626e-02, -1.2766e-01,  5.2696e-01, -4.0210e-02,
         3.9850e-01, -2.0780e-01,  6.3939e-01, -8.1681e-03, -9.5090e-03,
        -5.7944e-01, -3.8022e-01,  2.8851e-01, -3.7633e-01, -2.2034e-01,
        -2.4239e-01,  1.2226e-01,  5.3107e-01, -1.5324e-01, -4.0303e-01,
        -2.5699e-01, -2.6477e-01, -2.1293e-01, -3.7068e-02,  7.5796e-01,
        -2.6806e-01,  3.2708e-01,  2.1545e-01, -4.0553e-01, -1.1610e-01,
        -9.1216e-03, -2.3747e-02, -2.7183e-02, -1.9429e-01, -3.1622e-02,
        -7.6240e-02,  1.5100e-01, -3.4106e-03, -1.5999e-01, -4.5568e-02,
        -1.0526e-01, -9.4169e-02, -1.0839e-01, -5.9763e-04, -2.0396e-01,
        -2.9049e-01, -5.1616e-02, -3.4256e-02, -1.4874e-01, -1.0375e-01,
        -5.6113e-02, -2.5815e-01, -3.1805e-01, -1.0947e-01, -1.2002e-02,
        -1.2481e-02, -4.5780e-01, -3.0519e-01,  9.9350e-02, -1.5680e-01,
        -1.6076e-02, -1.1926e-01, -1.2725e-01,  5.4894e-01, -2.6859e-01,
        -7.7438e-02, -1.8149e-02, -1.4765e-01, -1.6765e-01, -1.9984e-01,
        -1.1619e-01, -1.0961e-03, -2.8849e-01, -2.8619e-01, -4.2170e-01,
        -2.0798e-01,  1.4999e-01, -4.1039e-01, -2.8100e-01, -1.7815e-01,
         4.3111e-01, -2.1127e-02, -2.0211e-01,  9.0662e-01, -1.0817e-01,
        -2.2482e-01, -7.4044e-03, -2.7650e-01, -2.2779e-01, -4.5309e-02,
         3.2697e-02, -3.9862e-02, -1.7579e-01, -2.9699e-01, -2.6292e-01,
        -1.5891e-01, -2.2862e-01, -2.0401e-01,  1.0216e+00,  6.7655e-01,
        -3.7642e-01, -3.0995e-01, -2.6056e-03, -3.8651e-02, -5.2146e-01,
        -3.2181e-01, -3.1178e-02, -3.7598e-01, -1.0576e-01, -3.3645e-02,
        -4.4519e-02, -1.5194e-02, -1.4400e-01, -4.2344e-01, -5.8291e-02,
         8.7450e-02, -1.1352e-01, -5.6929e-02, -3.6654e-02, -1.0691e-01,
         5.6563e-01, -2.2383e-01, -2.0364e-01], device='cuda:0')), ('fcs.1.weight', tensor([[-0.1324, -0.2003, -0.0005,  ..., -0.2148,  0.0503,  0.0015],
        [ 0.2170, -0.0407,  0.0019,  ..., -0.0281,  0.0049,  0.0016],
        [-0.0428,  0.0432, -0.0289,  ...,  0.0193,  0.0117,  0.0217],
        ...,
        [-0.2494, -0.0252, -0.0073,  ..., -0.0339, -0.2845, -0.0521],
        [-0.0837, -0.0255, -0.0043,  ..., -0.0343, -0.0627,  0.0843],
        [-0.0011, -0.0227,  0.0013,  ..., -0.0186, -0.0093, -0.0008]],
       device='cuda:0')), ('fcs.1.bias', tensor([-1.0590e-01, -2.3356e-01,  9.5454e-03, -8.4699e-02, -1.4287e-01,
        -3.8120e-02, -7.4870e-02,  7.8104e-01, -7.4712e-02, -2.9654e-02,
        -2.0518e-01, -2.9108e-01, -1.1105e-01, -1.5175e-02,  4.4728e-01,
         4.0839e-02,  7.0667e-02, -1.0711e-01,  1.5869e-02,  1.8092e-02,
         3.9835e-03, -1.2587e-02,  9.9256e-02, -7.9392e-02, -2.7247e-02,
        -5.4169e-02, -5.0331e-02,  2.1967e-01,  2.4777e-01, -1.8039e-01,
        -1.1375e-01, -4.9862e-01,  3.2557e-01, -8.6515e-02, -3.3927e-01,
        -7.6019e-01, -2.6642e-01, -7.6863e-04,  1.3186e-01, -5.8807e-01,
        -6.7763e-03, -7.3908e-02, -7.1217e-03,  1.3133e-01, -1.1709e-01,
        -4.4559e-01, -8.7313e-02, -4.5403e-01, -3.4616e-01, -3.5327e-02,
         9.6472e-06, -3.8217e-01, -9.4114e-02, -2.5418e-01,  5.7865e-01,
         2.2178e-01, -3.8693e-01, -1.7688e-01, -4.2311e-02, -3.4010e-01,
        -3.9725e-01, -9.0427e-02, -1.3582e-01, -7.5415e-02], device='cuda:0')), ('fcs.2.weight', tensor([[ 0.0737, -0.0004, -0.2460, -0.0103, -0.0843,  0.1366,  0.0731,  0.0062,
         -0.1371, -0.2048,  0.0555, -0.0091, -0.0556, -0.0661, -0.0320, -0.2330,
         -0.0591,  0.0701,  0.0139,  0.1170, -0.0096, -0.0029,  0.0103, -0.0298,
         -0.0179,  0.0092, -0.2578,  0.0023,  0.1251, -0.0150, -0.0206,  0.2070,
         -0.0769, -0.2689,  0.0406, -0.0407, -0.0039, -0.0072, -0.0959,  0.1356,
         -0.0096, -0.0462, -0.0032,  0.0102, -0.0081, -0.0005,  0.1055, -0.2005,
          0.0004,  0.0620, -0.1071, -0.2064, -0.0191, -0.0275, -0.1042,  0.0311,
         -0.2342,  0.0375,  0.1216,  0.0854,  0.0326, -0.0989, -0.0838, -0.0910]],
       device='cuda:0'))])
end of epoch 4: val_loss 0.16045783136849465, val_acc 0.93
trigger times: 0
saving model weights...
Weights: OrderedDict([('fcs.0.weight', tensor([[ 0.1226, -0.1303, -0.0600,  ..., -0.0090, -0.2262, -0.2892],
        [ 0.1659,  0.0965,  0.2757,  ...,  0.0643,  0.1025,  0.2898],
        [ 0.0436,  0.0038, -0.0313,  ..., -0.0021, -0.0251,  0.0633],
        ...,
        [-0.2538, -0.1996,  0.4914,  ...,  0.1381,  0.7161, -0.1700],
        [ 0.0341,  0.0012, -0.0108,  ..., -0.0025, -0.0170,  0.0771],
        [ 0.1076, -0.0165, -0.0790,  ..., -0.0017, -0.0375,  0.0089]],
       device='cuda:0')), ('fcs.0.bias', tensor([-1.2688e-01,  2.8139e-01, -1.2048e-01, -4.5055e-02, -3.3752e-04,
        -3.8137e-01, -1.0489e-02, -4.9121e-03,  3.4792e-01, -5.3060e-02,
         3.2702e-01, -3.7988e-01,  3.0974e-01, -1.9242e-04, -6.0008e-04,
        -4.6604e-01, -2.1123e-01,  1.2093e-01, -2.4996e-01, -3.4141e-01,
        -1.9413e-01, -2.9899e-01,  4.4118e-01, -1.2372e-02, -1.9551e-01,
        -8.7661e-02, -1.4035e-01, -2.6086e-02, -5.0057e-05,  6.9606e-01,
        -2.8945e-01,  2.8533e-01,  2.7092e-01, -3.4052e-01, -1.1428e-02,
        -2.5597e-04, -8.2002e-03, -3.0908e-03, -7.9210e-02, -8.9938e-05,
        -1.4886e-03, -1.9432e-02, -4.6045e-05, -1.5634e-02, -4.1728e-04,
        -6.4293e-03, -6.8496e-03, -1.3254e-01, -9.2533e-07, -3.3769e-02,
        -1.6260e-01,  8.1743e-03, -1.0113e-03, -1.2988e-02, -7.6058e-02,
        -7.3824e-04, -1.0452e-01, -1.1319e-01, -1.2311e-02, -1.8096e-02,
         2.8764e-01, -2.2210e-01, -2.4193e-01,  5.0579e-02, -1.8971e-02,
        -1.6216e-03,  3.1394e-03, -1.7925e-02,  2.3175e-01, -1.9840e-01,
        -9.6335e-04, -2.7549e-01, -6.0465e-02, -1.1169e-02, -5.4457e-03,
        -8.7969e-04,  2.3211e-05, -2.1255e-01, -6.3804e-02, -1.8181e-01,
        -2.1975e-02,  3.9547e-02, -3.0596e-01, -2.7208e-01, -2.0759e-02,
         7.1230e-01, -5.1008e-04,  7.8392e-02,  7.3916e-01, -4.3529e-03,
        -6.9517e-02, -1.8954e-05, -9.7084e-02, -1.3709e-01, -4.0507e-04,
         2.3602e-02, -2.8646e-02, -7.6604e-02, -9.0014e-02, -4.3129e-02,
         1.2122e-01, -5.2385e-02, -3.0429e-02,  8.3933e-01,  8.7005e-01,
        -3.6390e-01, -1.5572e-01, -6.8539e-04, -4.3703e-04, -3.8160e-01,
        -2.4666e-01, -7.6096e-05, -2.6548e-01, -3.1840e-03, -3.3060e-04,
        -2.9204e-04, -1.7694e-05, -3.3559e-02, -3.6552e-01,  4.6868e-02,
        -1.3671e-01, -9.8773e-03, -1.1279e-03, -8.8978e-03, -9.6855e-03,
         5.9524e-01, -9.3996e-02, -1.4987e-01], device='cuda:0')), ('fcs.1.weight', tensor([[-4.9758e-02, -4.0710e-02, -7.9169e-03,  ..., -6.4995e-02,
          2.3034e-02, -8.0458e-03],
        [ 1.0562e-01, -1.2282e-02,  5.0306e-04,  ..., -5.8216e-02,
          1.5716e-03,  1.3730e-03],
        [-1.4987e-03, -1.8798e-02,  2.4908e-03,  ...,  1.3503e-01,
          1.5699e-02,  1.1320e-02],
        ...,
        [-1.2319e-01, -1.1169e-01,  2.1645e-03,  ..., -9.0067e-02,
         -1.1896e-01, -3.0347e-02],
        [-3.5176e-02, -1.5036e-03, -1.8518e-03,  ...,  7.8042e-03,
         -2.9601e-03,  2.7542e-02],
        [-1.5238e-05, -3.4096e-02,  4.4155e-04,  ..., -1.9742e-02,
          4.3636e-03,  5.2368e-04]], device='cuda:0')), ('fcs.1.bias', tensor([-2.2542e-03, -4.3302e-02,  4.4641e-03, -5.3411e-02, -5.5500e-02,
        -1.3613e-01, -6.1784e-02,  5.3755e-01, -1.1377e-02, -1.0661e-01,
        -7.8582e-02, -1.1949e-01, -1.0183e-02, -4.4471e-04,  7.9815e-02,
        -2.3842e-01, -8.9929e-02, -4.2625e-02, -7.9316e-03,  1.9378e-03,
        -2.9457e-02, -1.5327e-02,  2.9249e-02, -5.1939e-02, -1.5169e-02,
        -4.4181e-04, -1.8001e-02, -1.4076e-02,  1.6894e-01, -2.7000e-02,
        -7.7478e-03, -2.1713e-01,  1.4796e-01, -2.6630e-02, -5.9909e-02,
        -6.1671e-01, -8.2548e-02,  2.6888e-02, -1.1068e-01, -3.2410e-01,
        -6.4709e-07, -9.3121e-02, -6.6348e-01,  5.4579e-02, -2.9323e-02,
        -2.2608e-01, -1.6075e-02, -2.9864e-01, -1.7305e-01, -2.0470e-01,
        -1.1690e-01, -2.6792e-01, -8.1727e-02, -7.6388e-02,  2.2488e-01,
        -4.8493e-03, -2.7793e-01, -6.4701e-02, -2.1102e-02, -1.8103e-01,
        -1.6871e-01, -3.4292e-02, -3.2900e-02, -3.2172e-04], device='cuda:0')), ('fcs.2.weight', tensor([[ 0.0863, -0.0101, -0.2115,  0.0006, -0.0811,  0.0368,  0.0892, -0.0089,
         -0.0876, -0.0677,  0.1123, -0.0206, -0.0165, -0.0015,  0.0023, -0.2049,
          0.0562,  0.0928,  0.0105,  0.1110,  0.0490,  0.0158,  0.0003, -0.0225,
         -0.0239,  0.0010, -0.2028, -0.0605,  0.1263,  0.0019,  0.0121,  0.2656,
         -0.0361, -0.2646,  0.0202, -0.0032, -0.0111,  0.0763, -0.0746,  0.1115,
          0.0009,  0.0512,  0.1790,  0.0099,  0.0009,  0.0145,  0.1198, -0.2055,
          0.0069,  0.0408,  0.0189, -0.1675, -0.0038, -0.0292, -0.0723,  0.0021,
         -0.2400,  0.0618,  0.0869,  0.1031,  0.0548, -0.0891, -0.0337, -0.0019]],
       device='cuda:0'))])
end of epoch 5: val_loss 5.757798285533579, val_acc 0.805
trigger times: 1
end of epoch 6: val_loss 0.14103586382057112, val_acc 0.935
trigger times: 0
saving model weights...
Weights: OrderedDict([('fcs.0.weight', tensor([[ 1.3415e-02, -2.0524e-04, -7.8853e-03,  ...,  8.8483e-05,
         -1.6269e-02, -1.3282e-01],
        [ 2.7558e-01, -3.5839e-01,  2.6192e-01,  ..., -8.1803e-04,
          1.0212e-01,  2.2876e-01],
        [-1.7317e-05,  9.5588e-06, -1.2698e-04,  ...,  2.2609e-05,
         -6.4621e-05, -1.3752e-02],
        ...,
        [ 1.9401e-02, -1.0120e-01,  1.9870e-01,  ...,  7.8946e-02,
          2.6383e-01,  1.4198e-02],
        [-4.0025e-05,  3.4693e-05,  3.7696e-04,  ...,  3.4317e-06,
          2.6826e-04, -1.5345e-03],
        [ 2.8575e-02,  1.9862e-03, -1.8094e-02,  ..., -1.3749e-04,
         -1.3092e-02, -1.6524e-02]], device='cuda:0')), ('fcs.0.bias', tensor([-5.3800e-02,  4.3535e-01, -8.2591e-04,  5.3833e-03, -2.8421e-01,
        -8.6392e-02, -1.7966e-01, -3.2085e-03,  2.2047e-02, -3.0149e-02,
         6.1297e-02, -4.8558e-02,  3.5446e-02, -5.5355e-04, -1.0117e-03,
        -1.2232e-01, -1.6130e-02, -1.1866e-01, -5.7971e-02, -1.3326e-01,
        -1.6764e-01, -5.5383e-02,  2.3304e-02, -8.4666e-05, -5.8403e-03,
        -3.5840e-04, -3.9923e-03, -3.3444e-02, -8.6273e-02,  7.9949e-01,
        -2.8342e-01,  8.5450e-02,  3.5501e-01, -7.1612e-02,  1.7464e-01,
         1.6158e-01,  1.9366e-02,  1.0456e-03, -1.9745e-02, -3.9765e-02,
        -3.2712e-02, -8.8314e-02, -2.7202e-03, -2.6260e-01, -7.6009e-02,
        -2.3849e-01, -5.5801e-05, -5.2262e-02, -2.6510e-02, -1.2395e-04,
        -4.7861e-03, -3.0913e-02,  1.4588e-02,  7.7656e-06, -1.3122e-02,
        -1.9291e-01, -3.8063e-02,  4.7135e-05, -4.5846e-05, -2.0621e-02,
        -1.4523e-01, -7.1178e-02, -2.1933e-01,  3.0271e-03, -1.2148e-05,
        -2.0157e-01, -8.2106e-02,  6.8150e-05, -1.4039e-01, -2.1615e-01,
        -3.8487e-02, -4.2528e-02, -1.6340e-03, -3.7964e-02,  5.0983e-01,
        -1.3687e-01, -1.4541e-01, -1.0502e-02, -4.1604e-04, -1.0303e-01,
        -6.1769e-03, -8.7859e-02, -2.4336e-01, -5.0519e-02, -6.2740e-03,
         2.3229e-01, -8.4006e-03, -8.0932e-02,  3.7154e-01,  5.8578e-06,
        -1.8428e-01, -1.7359e-03, -8.4028e-04, -4.0049e-02, -1.7614e-01,
        -1.2388e-02, -3.5175e-03, -9.0033e-02, -1.6106e-05, -1.6173e-03,
        -1.8807e-01, -1.4605e-01, -5.7042e-05,  6.4611e-01,  8.0667e-01,
        -3.0448e-01, -1.3831e-01, -8.3788e-02, -2.8777e-04, -9.8108e-02,
        -2.9856e-01, -1.4281e-01, -2.8071e-02, -1.3469e-01, -5.3853e-05,
        -4.1215e-03, -1.3940e-01, -2.2036e-01, -1.9701e-01,  2.3431e-01,
        -5.9584e-04, -1.1609e-05, -1.6959e-01, -1.3659e-01, -6.2333e-02,
         5.7688e-01, -4.2186e-03, -8.9098e-02], device='cuda:0')), ('fcs.1.weight', tensor([[-7.4435e-05,  3.0513e-04, -1.5864e-05,  ..., -1.6356e-02,
          6.5803e-05, -1.5859e-04],
        [ 6.0397e-04, -5.9231e-02,  2.7650e-04,  ..., -1.0112e-01,
         -2.8921e-05,  4.2858e-04],
        [-2.4362e-04,  1.3998e-02, -7.4059e-06,  ..., -4.8776e-02,
          3.2534e-06,  3.3396e-05],
        ...,
        [-4.1755e-04, -1.5890e-02, -1.9219e-05,  ..., -6.3119e-02,
         -7.0405e-05, -4.3868e-04],
        [-6.1586e-05, -4.5745e-01,  3.4930e-06,  ..., -4.3419e-01,
          5.3113e-07, -4.3186e-02],
        [ 2.7797e-04, -4.2995e-01,  1.9000e-05,  ..., -5.4127e-01,
         -9.8253e-06,  2.6721e-05]], device='cuda:0')), ('fcs.1.bias', tensor([-1.9057e-07, -7.6370e-04, -2.1889e-03, -2.6960e-04, -9.2581e-03,
        -1.0569e-07, -4.3490e-02,  4.3332e-02, -1.9817e-04, -1.6914e-02,
        -2.5529e-05, -5.1773e-05,  6.5812e-03,  7.2016e-02,  8.4117e-05,
        -4.7984e-02, -9.6299e-04,  8.9045e-04,  3.3430e-01, -9.8385e-02,
         1.0542e-05, -4.2687e-02, -6.0369e-02, -1.2209e-01, -9.6404e-05,
         3.8707e-01, -1.5720e-02, -1.8206e-03, -6.5002e-03, -1.9659e-02,
         1.8046e-02, -7.1523e-02,  1.7881e-02, -8.3495e-02, -1.2641e-06,
        -5.9667e-02, -1.3500e-03,  1.8905e-03, -9.6291e-02, -1.8911e-03,
        -4.4867e-07, -4.6228e-02, -8.7113e-02, -9.0205e-02, -1.9814e-01,
        -1.3228e-03, -4.9572e-05, -2.1830e-01, -3.5050e-03, -4.7370e-03,
        -6.0230e-03, -1.2696e-02, -2.8590e-02, -6.1905e-02,  1.8178e-02,
        -1.2838e-03, -1.3681e-02,  2.2375e-01, -1.4357e-02, -1.0929e-03,
        -6.1645e-04, -5.1407e-06, -6.9173e-02, -2.6400e-02], device='cuda:0')), ('fcs.2.weight', tensor([[ 6.3610e-03, -1.0254e-01,  2.2689e-03,  1.1912e-02,  3.6732e-03,
          8.1291e-02,  7.7266e-02,  5.5026e-02,  1.6207e-02,  2.5634e-02,
          3.1064e-01,  4.2952e-05,  5.3367e-02, -1.7231e-02,  2.0271e-03,
         -1.1078e-01,  5.2475e-02,  1.1846e-01, -2.5242e-02, -2.2416e-02,
          8.3577e-04, -1.5655e-01,  7.9537e-02,  8.3005e-02, -4.0168e-04,
          3.3295e-02,  1.7473e-02, -3.0875e-02,  1.5785e-02, -1.2408e-01,
          7.2781e-02,  3.6006e-01, -5.8080e-02, -1.1698e-01,  3.6336e-03,
          1.0392e-01,  2.7387e-02, -3.1745e-01, -5.9538e-02,  5.0221e-03,
          8.6044e-03,  2.5260e-01,  6.5932e-02, -1.0428e-01, -1.9999e-01,
          8.2793e-03,  7.0503e-02, -1.1952e-01,  6.9334e-02,  6.5861e-02,
         -2.2198e-02,  2.6945e-02, -4.1543e-03, -1.0770e-01, -7.8693e-02,
          1.4411e-03, -2.4245e-01, -1.1490e-01,  7.3988e-03,  6.3232e-02,
          2.4229e-02,  6.9729e-03,  1.3879e-02, -2.9786e-02]], device='cuda:0'))])
end of epoch 7: val_loss 0.14976769154149294, val_acc 0.92
trigger times: 1
end of epoch 8: val_loss 101.72935607910156, val_acc 0.85
trigger times: 2
end of epoch 9: val_loss 0.5270592485828187, val_acc 0.935
trigger times: 3
end of epoch 10: val_loss 3.7146467121996216, val_acc 0.885
trigger times: 4
end of epoch 11: val_loss 0.46100689010412294, val_acc 0.92
trigger times: 5
end of epoch 12: val_loss 0.3543729534750635, val_acc 0.93
trigger times: 6
end of epoch 13: val_loss 0.1833933785491733, val_acc 0.915
trigger times: 7
end of epoch 14: val_loss 0.3408913604516718, val_acc 0.92
trigger times: 8
end of epoch 15: val_loss 1.0547911892722106, val_acc 0.91
trigger times: 9
end of epoch 16: val_loss 0.4141002758028053, val_acc 0.925
trigger times: 10
Early stopping.
0 -9.055089183151722 -147.4636492765731
1 -54.0044037848711 -142.23388834828145
2 -95.75759067386389 -122.62366970851606
3 -29.71254413574934 -118.44560087924461
4 -82.61511019617319 -116.108374803282
5 59.611568570137024 -115.43677859764247
6 -11.974243719130754 -111.12884203537087
7 -6.664981167763472 -110.83967460658118
8 44.92955520004034 -99.7956520082127
9 20.737877774983644 -99.64931500624076
10 55.120154302567244 -96.59530823562386
11 64.01567682251334 -95.93196512830177
12 29.854943972080946 -95.26106070296488
13 111.03003361821175 -79.46225909654602
14 78.63315746188164 -76.17790382876726
15 103.5775451362133 -73.19589636713303
16 62.16034788638353 -65.39617499434047
17 97.34832578897476 -62.45594599657271
18 77.3718625754118 -61.13021271290543
19 92.82695245742798 -60.13433630255377
20 108.32801687717438 -50.14643167239018
21 115.58862748742104 -48.67846358399454
22 100.17246568202972 -47.40424201767414
23 97.88208089768887 -43.397773251146276
24 97.97026321291924 -41.86614966014691
25 125.92100316286087 -36.32048246348241
26 109.53356304764748 -32.74837227240138
27 116.38802587985992 -32.32929369302946
28 124.98232674598694 -25.770939267539205
29 121.28577700257301 -25.594995938321564
30 132.1359627842903 -25.57213435865645
31 126.48619994521141 -22.39844636520923
32 129.44850960373878 -20.391209924013385
33 129.3975666463375 -14.481488913331033
34 133.08952724933624 -12.309091865555642
35 146.13535925745964 -11.391024421481049
36 126.15599372982979 -10.902017021977287
37 127.35814198851585 -9.335689694740658
38 113.41812062263489 0.7419180430902008
39 135.86929899454117 3.8318902357964784
40 129.59256345033646 3.9880090400704225
41 150.97828224301338 10.764415234755278
42 120.92142748832703 12.934274123226212
43 143.18636366724968 14.205206874791333
44 131.48535692691803 24.910836857676962
45 137.85628136992455 33.81267702300805
46 141.97766742110252 40.198823361309046
47 131.4292969405651 43.50620370379428
48 137.47820392251015 54.79421159291256
49 136.3284321129322 62.69478416198752
50 145.61465325951576 74.22571892062575
51 147.4170273244381 84.10165836377381
52 139.89730721712112 88.64858937911765
53 163.45094203948975 92.13810232868671
54 139.6049975156784 95.5970919455078
55 144.00864112377167 98.11620351598519
56 142.10476118326187 98.43438297600927
57 145.67630752921104 106.6069538993196
58 149.50918489694595 113.06528436824188
59 146.99586734175682 117.98751873386719
60 147.82938134670258 131.64414317765036
61 148.33461046218872 132.28794359627105
62 150.11886498332024 133.11348989265034
63 145.5001308619976 145.24215614623898
64 149.1272380053997 158.38078213380754
65 146.53021147847176 158.50808436766704
66 152.25364568829536 167.96954732210003
67 151.58881521224976 168.2139420510252
68 145.7730811238289 170.47202355350058
69 151.72911635041237 173.61957394095663
70 145.16618248820305 174.15080882295382
71 146.6614711880684 181.61209907304905
72 156.00318211317062 183.630626461537
73 156.03806135058403 195.24714457233625
74 167.055727571249 197.54995255175572
75 144.76585325598717 198.07853498456498
76 158.68674430251122 208.43810157983071
77 153.58449178934097 221.98821142020677
78 150.50190544128418 225.96493030587686
79 150.81855300068855 234.912530058772
80 155.89767226576805 236.41042909711607
81 160.14013677835464 245.5887448959621
82 155.64917474985123 245.81351895912266
83 158.83760541677475 246.75481391697613
84 155.10072994232178 249.51084171854058
85 149.1206592321396 251.3571448151926
86 168.74684566259384 253.85724381515183
87 146.32525911927223 257.91690314903366
88 152.1108450293541 263.15565253602887
89 156.3427593410015 273.43913939999
90 157.1475646197796 276.57432091057194
91 156.97120901942253 281.20676916848015
92 162.10619923472404 283.0894527688991
93 164.9103330373764 285.72871085599655
94 166.89886820316315 290.13944852415955
95 159.01834180951118 291.9243761531606
96 163.21209904551506 302.3644246881209
97 161.48188149929047 306.1712532575959
98 163.21423721313477 312.3724481497734
99 160.26369851827621 321.2374011234209
100 159.68977466225624 321.2905107198387
101 158.82107877731323 321.65930957943124
102 158.91092213988304 325.94333208988763
103 163.43332973122597 327.9410755934301
104 160.82572892308235 337.728074301983
105 160.01918375492096 339.66188199747455
106 166.49394062161446 342.7998224222616
107 156.50737109780312 347.9329547559379
108 156.30274015665054 353.3812100160134
109 161.27655285596848 354.05687466597453
110 159.42360442876816 355.7759836246162
111 169.30484488606453 361.50704766788135
112 163.78308683633804 374.0128471692673
113 164.19446486234665 374.8603519157193
114 165.86215937137604 390.9114277638717
115 161.37848377227783 409.58867389683314
116 164.28081160783768 424.42641682066693
117 165.93592175841331 425.3425527059334
118 171.8898607492447 430.80730528172944
119 167.64676535129547 445.2253651296969
train accuracy: 0.9133333333333333
validation accuracy: 0.925
