demo lengths 200
demos: (120, 200, 3)
demo_rewards: (120,)
[-191.10004521 -189.05007017 -187.50220085 -180.24009179 -171.96137924
 -169.38170168 -167.87631268 -164.27567046 -163.76742237 -156.07868959
 -155.22804552 -145.29002069 -142.8665728  -142.75441848 -136.98962801
 -132.4813577  -130.98347157 -118.24362226 -117.38411415 -116.97382686
 -115.06704102 -112.47832646 -103.24187681  -99.7422753   -98.18526662
  -88.94674758  -85.88346862  -79.38307722  -79.25112655  -73.50697856
  -72.69803192  -71.37326168  -68.27187815  -65.42298163  -65.35816021
  -49.31867416  -17.32544162   -4.37451128   -0.4258659     9.10814675
   17.73263018   40.64550157   41.11774839   48.64917674   52.5026004
   52.54502853   59.52827492   63.45606317   66.31570759   67.13050508
   72.16624272   79.16074532   84.19837606   89.30707154   90.26988507
   90.28646232   90.32667007   91.18021498   92.38187518   92.67153902
   93.69474939   93.8611286    95.24073533   95.36301018   96.09581961
   97.90553231   98.07644231   98.35872828   98.5733471    98.77895391
   99.10163704   99.47183808  101.36707045  102.70820969  103.61971442
  104.00039884  104.94014609  105.28448326  105.60678193  106.95774051
  107.03525723  107.05410486  107.36477417  107.72369032  107.78006758
  107.99397436  108.08910889  108.09776529  108.24033507  109.15712102
  109.71287331  110.25063891  110.45880856  110.48639228  111.92877272
  112.2946742   112.73910566  112.98274531  113.8461648   114.8461224
  115.08707834  115.41025719  115.56466246  115.87882503  116.51927592
  116.69939038  117.18809855  117.29357602  117.43241924  119.84073496
  122.74776107  124.10172315  124.42382576  124.4817957   125.25908938
  125.30457668  125.43458549  129.13346806  129.67718524  131.40806577]
maximum traj length 200
num training_obs 1800
num training_labels 1800
num val_obs 200
num val_labels 200
ModuleList(
  (0): Linear(in_features=3, out_features=64, bias=True)
  (1): Linear(in_features=64, out_features=64, bias=True)
  (2): Linear(in_features=64, out_features=1, bias=False)
)
device: cuda:0
end of epoch 0: val_loss 0.014375369369520179, val_acc 0.995
trigger times: 0
saving model weights...
Weights: OrderedDict([('fcs.0.weight', tensor([[-1.9983e-03, -1.2866e-04, -4.4613e-04],
        [ 8.5235e-04,  3.1516e-04,  1.9111e-04],
        [ 5.0431e-04, -2.2871e-03, -1.5600e-03],
        [-2.1748e-03, -1.2692e-03,  1.5130e-04],
        [ 4.2563e-04, -1.5347e-03,  1.4706e-03],
        [ 2.0190e-03,  2.0433e-04,  2.1936e-03],
        [ 6.6279e-04,  8.7549e-04,  1.0231e-03],
        [-8.7974e-04,  3.3383e-04, -5.1498e-04],
        [-1.8780e-03,  2.0104e-03, -1.9177e-03],
        [-1.3823e-03,  1.9969e-04, -1.5053e-03],
        [ 8.4989e-04,  1.3163e-03,  1.0721e-03],
        [ 1.0548e-03,  1.6970e-03,  5.8213e-04],
        [ 1.6897e-03, -9.8265e-04,  3.1613e-04],
        [-2.7995e-04,  5.3565e-04, -6.5754e-04],
        [ 1.9909e-03,  1.0960e-03, -1.7639e-03],
        [-5.4565e-04, -3.9101e-04, -5.4296e-04],
        [ 6.8292e-04, -1.7571e-03,  1.3726e-03],
        [-7.1712e-04,  1.9229e-03, -1.0035e-03],
        [-5.3626e-04, -8.9062e-04,  1.7019e-04],
        [ 2.0352e-03, -4.4113e-04,  1.3114e-03],
        [-2.5888e-04, -1.6698e-03,  1.5651e-03],
        [ 1.8110e-03,  6.8512e-04,  6.9461e-04],
        [-5.2453e-04, -2.1354e-03, -1.4352e-03],
        [ 4.7363e-01, -9.8108e-03,  5.3597e-01],
        [-2.3074e-03,  2.2552e-03, -7.9592e-04],
        [-1.9067e-04,  4.7000e-05,  5.4070e-04],
        [-6.9168e-04,  8.2997e-04,  2.2108e-03],
        [ 1.3891e-03, -2.9205e-04,  1.0461e-03],
        [ 1.0198e-03, -2.8657e-04, -2.1948e-03],
        [ 9.5131e-05,  1.2910e-04,  3.3940e-04],
        [-2.2774e-04, -1.2008e-04,  4.9248e-04],
        [-3.3367e-04, -4.9267e-04, -1.8785e-03],
        [ 6.7506e-04,  6.3820e-04, -8.1499e-04],
        [ 1.7060e-03,  1.7963e-03, -7.9064e-04],
        [ 8.8832e-04, -7.6656e-04, -9.8935e-04],
        [ 1.9430e-03, -2.4421e-03,  1.2114e-03],
        [ 2.4470e-03,  1.1451e-03,  9.3525e-04],
        [ 6.0615e-04,  7.9666e-04, -1.7190e-03],
        [-1.7899e-04,  1.3003e-03, -1.0521e-04],
        [ 6.2577e-04,  1.6762e-03,  7.9533e-04],
        [-7.1009e-04,  1.4691e-03,  1.3317e-03],
        [ 8.5160e-04,  1.9421e-03,  1.2603e-03],
        [ 5.9348e-04, -2.0499e-03, -1.3779e-03],
        [-1.7879e-03,  1.0454e-03,  1.1329e-03],
        [ 4.7023e-04, -9.3919e-04, -8.1527e-04],
        [-9.5168e-04, -1.4302e-03, -3.8930e-03],
        [ 1.6602e-03,  1.7829e-04, -2.0112e-03],
        [ 1.9776e-03,  1.7294e-03,  1.2471e-04],
        [ 7.2025e-04, -8.0505e-04,  1.8926e-03],
        [-3.7407e-05,  9.5038e-04,  5.7750e-04],
        [ 9.1626e-04,  3.2053e-04, -2.4237e-03],
        [-2.2267e-03, -5.5226e-04,  1.4816e-03],
        [-3.1471e-05,  6.1924e-04, -1.4008e-03],
        [-4.7615e-04, -1.3374e-03, -1.3194e-03],
        [ 9.2475e-04,  4.8670e-04,  7.0716e-04],
        [ 1.8680e-03,  1.4979e-03, -1.7058e-03],
        [ 1.6204e-03, -1.2612e-03, -1.4732e-03],
        [-6.1898e-04, -5.0738e-04,  2.5203e-03],
        [ 1.9683e-03,  7.5996e-04,  7.5112e-04],
        [ 3.1274e-03, -4.3125e-04,  1.1555e-03],
        [-3.9024e-04, -6.1357e-04, -1.2685e-03],
        [ 2.3724e-03,  8.1544e-04,  5.2346e-05],
        [-5.6801e-04,  2.3945e-03, -2.0522e-03],
        [ 8.1972e-04, -4.4461e-04,  7.0375e-04]], device='cuda:0')), ('fcs.0.bias', tensor([-1.6785e-03, -1.1286e-04,  1.4677e-03, -1.2067e-04,  4.3457e-04,
         2.7896e-04, -3.0334e-04, -9.9700e-04, -3.4823e-04,  1.2001e-03,
         1.3908e-03,  6.9834e-04, -4.6507e-04,  6.6526e-04,  1.2969e-03,
        -5.9054e-05,  4.3232e-04, -1.6978e-04,  8.8568e-04, -1.2649e-03,
        -6.9860e-04,  1.1078e-03, -2.1151e-04,  3.3349e-02,  3.7976e-03,
        -4.4902e-05,  8.0286e-04,  1.1128e-03,  7.2045e-04, -4.6892e-04,
         4.8714e-04,  1.7425e-03,  2.1327e-03, -2.2981e-03,  1.9900e-04,
        -2.8818e-03,  1.9153e-03, -3.2301e-04, -1.0924e-03, -1.3297e-03,
        -1.5552e-03,  1.2298e-03, -7.6089e-04,  1.0487e-03, -2.8413e-04,
        -1.0655e-04,  7.9816e-04, -7.2729e-04, -1.0658e-03,  5.1122e-04,
        -6.6405e-04, -2.0171e-03,  1.0086e-04, -2.4592e-03, -2.8089e-04,
        -2.0831e-03,  1.3976e-03,  1.4423e-03,  1.7400e-03,  2.9784e-04,
         2.7206e-03, -5.8861e-06,  9.3171e-04, -8.3849e-04], device='cuda:0')), ('fcs.1.weight', tensor([[ 6.1090e-04,  8.9221e-04, -8.9360e-04,  ..., -5.9298e-04,
         -4.7991e-03,  1.9601e-03],
        [-1.9625e-03, -3.0455e-04, -2.8811e-03,  ...,  1.8285e-03,
         -6.0856e-04,  8.9289e-04],
        [-1.1426e-03,  6.4102e-05, -1.3040e-03,  ...,  1.3110e-03,
          1.3399e-03,  6.7346e-04],
        ...,
        [-1.6383e-03, -1.2609e-03, -1.3060e-03,  ...,  4.6031e-04,
         -4.9783e-04, -1.1462e-03],
        [-6.5687e-04, -1.4409e-03,  2.1814e-03,  ..., -2.2734e-04,
          6.7320e-04,  1.4429e-03],
        [ 1.3045e-03, -1.2604e-03,  4.5927e-04,  ...,  3.0506e-04,
         -1.3040e-03, -6.1006e-04]], device='cuda:0')), ('fcs.1.bias', tensor([ 2.8786e-04,  1.1069e-03,  8.8852e-04,  7.5766e-05, -1.0357e-03,
        -3.3308e-03,  3.1712e-03,  5.2543e-04, -8.8841e-04, -6.7247e-04,
        -1.4247e-04, -1.6497e-04, -1.9177e-03,  6.4819e-04, -6.0911e-04,
         6.6402e-04,  1.2772e-03, -1.4385e-03, -8.9910e-04, -1.2907e-03,
        -7.6065e-04, -6.8630e-04, -6.2094e-04,  1.5120e-03, -1.1006e-03,
         6.2443e-04, -6.8972e-05,  4.4905e-04,  1.0512e-03, -2.8751e-04,
         4.3452e-04,  7.4339e-04,  1.1561e-03,  8.4139e-04, -3.5668e-04,
        -3.1054e-03,  1.8227e-03, -7.0723e-05, -9.3788e-04,  2.1495e-03,
        -3.3374e-03, -1.3358e-04,  1.2395e-03, -1.8792e-05, -6.1507e-04,
        -6.1392e-04,  9.5178e-05, -9.0087e-04, -5.8476e-04, -2.8493e-03,
        -1.4684e-03, -2.0199e-03,  1.5238e-03,  4.0927e-04,  7.6169e-04,
         4.5919e-02, -1.2417e-03, -2.5464e-04, -1.2797e-03,  2.2371e-03,
         8.8118e-04,  7.0833e-04,  1.0311e-03, -6.9567e-04], device='cuda:0')), ('fcs.2.weight', tensor([[-1.7328e-04, -1.3041e-04,  1.6224e-04, -5.8991e-06, -1.0636e-03,
          7.1032e-04, -3.7037e-05, -3.0991e-04, -3.8736e-05, -2.8257e-04,
          1.0741e-04, -6.6055e-04, -8.1297e-05, -8.8441e-04, -2.1910e-04,
          2.6293e-04, -2.6238e-04,  3.9386e-04,  1.3809e-03,  1.4307e-04,
          1.4765e-04, -1.8897e-03, -7.9296e-04,  1.0017e-03,  3.7240e-03,
          1.0585e-03, -5.1820e-05,  1.9513e-05, -3.8849e-04, -2.3753e-05,
          2.9327e-04,  2.8677e-04,  1.1607e-04, -4.4831e-03,  6.5687e-04,
         -1.5530e-03, -1.2769e-03,  5.4124e-04, -9.5284e-04, -1.4853e-03,
          1.8839e-04,  3.1662e-04, -5.4930e-04, -1.3746e-04,  3.4264e-04,
          1.1851e-03,  4.5648e-04, -1.0957e-03,  1.0720e-03,  4.2985e-04,
         -1.0084e-03,  4.8667e-05,  2.5243e-03,  1.6037e-04,  9.0211e-04,
         -8.1579e-01,  1.8930e-04,  1.1453e-03,  8.7920e-04, -6.5078e-04,
          8.5412e-04,  1.3474e-04, -1.4861e-03,  2.4451e-04]], device='cuda:0'))])
end of epoch 1: val_loss 0.013096507143946888, val_acc 0.995
trigger times: 0
saving model weights...
Weights: OrderedDict([('fcs.0.weight', tensor([[ 7.3000e-05,  1.6419e-03,  3.6743e-04],
        [-1.8243e-04, -1.2936e-03,  8.0477e-05],
        [-3.0578e-04,  1.6655e-03, -6.7217e-05],
        [-1.7009e-04,  1.2738e-03, -5.7296e-04],
        [ 2.2185e-03,  1.2853e-03,  1.1068e-03],
        [ 1.1594e-03,  8.2239e-04,  1.0767e-03],
        [ 1.5529e-05, -1.4657e-03, -1.4476e-03],
        [ 7.3144e-04, -2.3671e-04, -1.3667e-03],
        [ 1.8431e-03, -1.7365e-03,  8.9934e-04],
        [ 2.5476e-04, -2.0609e-04, -4.4133e-04],
        [ 7.0379e-04, -4.1915e-04, -3.8229e-04],
        [-7.8455e-04,  9.4691e-04,  1.4489e-03],
        [ 5.0318e-04, -6.5609e-04,  2.3119e-04],
        [-5.3820e-04,  5.0071e-04,  1.7804e-03],
        [-3.2427e-03,  1.4201e-04,  6.5061e-05],
        [-2.3364e-04,  6.2469e-04, -1.6451e-03],
        [ 2.1947e-03, -9.2292e-04,  1.1998e-03],
        [ 1.8969e-04, -2.2688e-04,  4.1799e-04],
        [-5.9297e-04,  1.0271e-03,  7.1065e-04],
        [-3.5377e-04, -8.6698e-04, -2.4550e-03],
        [-1.0032e-03,  2.9200e-03, -7.9667e-04],
        [ 1.7939e-03, -5.0184e-04, -1.3972e-03],
        [-1.6337e-04,  6.3288e-04, -4.4003e-04],
        [ 5.0419e-01, -4.6491e-02,  5.4680e-01],
        [ 5.5123e-04,  1.5472e-03,  4.1225e-04],
        [-2.1537e-03, -3.1369e-04, -8.0458e-04],
        [-7.8581e-04, -9.4989e-04,  1.9983e-03],
        [ 1.3412e-04, -1.5356e-03, -4.1717e-04],
        [-1.9327e-03,  2.6830e-03, -7.7226e-04],
        [ 3.4205e-04, -5.0404e-04,  3.6993e-04],
        [-1.7558e-03, -8.8956e-04, -1.5795e-04],
        [-1.2973e-03,  5.1512e-04, -1.1566e-03],
        [ 8.4612e-04,  1.2544e-04, -2.2795e-03],
        [ 1.6607e-03, -6.4986e-04,  2.3900e-04],
        [ 1.1010e-03,  8.0023e-04, -1.6683e-03],
        [-1.6812e-03, -1.4299e-03,  5.5844e-04],
        [-1.0548e-03, -1.3212e-03, -1.6346e-03],
        [ 1.8009e-03, -3.3048e-04, -1.6393e-03],
        [ 1.7886e-04, -3.8774e-04,  1.1334e-03],
        [ 1.7501e-03,  1.4656e-03,  2.1932e-03],
        [ 3.7235e-04, -1.1857e-03,  3.9987e-03],
        [ 7.1052e-04,  1.7917e-03,  1.4227e-03],
        [ 2.7102e-03,  6.3799e-04, -1.1690e-03],
        [ 4.7459e-04, -2.2945e-03, -2.5077e-05],
        [-1.2501e-04,  5.8267e-04, -1.2523e-03],
        [-8.9389e-04, -1.2296e-03,  7.2983e-04],
        [ 1.1186e-03,  9.4075e-04,  8.4038e-04],
        [-1.0594e-03, -1.8038e-03, -4.0385e-04],
        [ 1.0408e-04,  2.4607e-03, -4.4079e-05],
        [-6.4465e-04, -2.8785e-04,  1.4227e-04],
        [-5.6888e-05, -1.9030e-03, -9.5525e-04],
        [-2.3026e-03, -6.6862e-04,  1.6102e-04],
        [ 1.0987e-04, -1.0675e-03, -1.4385e-04],
        [-1.0989e-03,  4.9617e-04, -1.5679e-03],
        [-1.6002e-03, -2.3478e-03, -2.1438e-03],
        [ 4.0575e-04,  2.6247e-04, -5.9362e-04],
        [-4.8157e-04, -2.2339e-03, -1.1406e-03],
        [ 1.5106e-03,  1.0168e-03,  2.0663e-03],
        [-9.0159e-04,  1.4333e-03,  6.0352e-04],
        [-5.2149e-04, -1.9048e-03,  2.4251e-04],
        [ 2.9459e-04,  8.8543e-06, -1.2782e-03],
        [ 1.3604e-05,  8.1830e-04,  6.3726e-04],
        [-4.4276e-04, -1.4657e-03, -1.1946e-03],
        [-9.6530e-04, -8.1623e-04,  8.0822e-04]], device='cuda:0')), ('fcs.0.bias', tensor([-1.2392e-03, -9.3160e-04, -2.6765e-04, -1.5536e-04, -9.4706e-04,
        -5.7067e-05, -3.5350e-03,  3.6042e-04,  1.8816e-04, -4.9977e-05,
         1.6530e-03,  1.6737e-03,  1.1809e-03, -2.3968e-03, -1.5579e-03,
         8.7020e-04,  9.5267e-04,  4.0347e-04,  1.3191e-04, -7.5784e-04,
         1.5977e-03, -1.0200e-03,  5.2819e-04,  1.5255e-02, -7.4705e-04,
         7.7313e-04,  2.3402e-04,  1.6858e-03, -1.3474e-03,  2.0668e-04,
         8.9031e-04,  1.2580e-04, -3.3907e-03, -1.0471e-03, -2.4946e-03,
        -1.0981e-03, -1.8481e-03,  6.5665e-04, -1.3941e-03, -1.1602e-03,
        -7.0640e-04, -2.3225e-03,  2.7260e-04,  3.3131e-04, -1.0641e-03,
        -2.6828e-03,  2.3832e-03,  1.2733e-03, -1.4356e-03,  4.1329e-04,
        -1.0995e-03, -1.3576e-03, -8.6465e-04, -9.3752e-05,  4.6246e-03,
        -1.5592e-03,  6.7146e-04,  1.1992e-03,  4.0811e-04, -1.7636e-03,
         1.0907e-04,  5.7283e-04,  1.6767e-03, -1.9175e-03], device='cuda:0')), ('fcs.1.weight', tensor([[ 0.0006,  0.0009, -0.0009,  ...,  0.0024, -0.0048,  0.0020],
        [-0.0020, -0.0003, -0.0029,  ...,  0.0018, -0.0006,  0.0009],
        [-0.0011, -0.0011, -0.0013,  ...,  0.0013,  0.0013,  0.0007],
        ...,
        [-0.0016, -0.0013, -0.0013,  ...,  0.0005, -0.0005, -0.0011],
        [-0.0007, -0.0004,  0.0022,  ..., -0.0002,  0.0007,  0.0004],
        [ 0.0013, -0.0013,  0.0005,  ...,  0.0003, -0.0013, -0.0006]],
       device='cuda:0')), ('fcs.1.bias', tensor([-1.2807e-03,  1.3244e-03,  8.6120e-04, -1.9318e-04, -1.1816e-04,
        -3.3577e-03, -1.3766e-03,  1.6559e-03,  3.7051e-04, -7.2378e-04,
        -1.0334e-03,  1.1342e-04, -2.1505e-03, -2.6936e-03, -1.1586e-04,
         1.4217e-03, -4.8998e-04, -2.0989e-03, -6.9509e-04, -1.3094e-03,
        -7.7913e-04, -4.9443e-04,  1.1874e-03, -8.8239e-04,  5.5612e-04,
         5.3256e-04, -1.8123e-03, -7.6395e-04,  1.2523e-03, -8.9349e-04,
         5.3796e-04, -1.2790e-03,  1.3125e-03,  6.4856e-04, -9.9589e-04,
         1.9628e-03,  4.1767e-04, -3.8013e-04,  2.8909e-03,  2.1651e-03,
        -3.3345e-03,  2.0345e-03,  1.7554e-03,  3.3131e-04, -3.7469e-04,
         3.5013e-05, -1.2445e-03,  1.3369e-03, -3.3703e-03, -2.9699e-03,
         1.0802e-03,  9.7618e-04,  4.1966e-05,  1.8395e-03, -6.3072e-04,
        -9.3514e-04, -1.5780e-03, -1.9941e-03, -1.7418e-03, -8.5636e-04,
        -1.5243e-03, -2.0720e-03,  3.3613e-04, -4.2928e-05], device='cuda:0')), ('fcs.2.weight', tensor([[-1.4836e-03,  5.2442e-04, -1.1562e-03, -6.3130e-04,  9.8745e-04,
         -1.0190e-04, -8.3577e-04, -3.4860e-04, -1.6757e-03, -5.9308e-04,
         -6.9920e-04,  5.9350e-04, -7.1184e-04, -7.1691e-05,  8.9437e-04,
          1.4646e-03, -3.2707e-04, -1.3387e-03, -1.8177e-03,  5.2702e-04,
         -8.4226e-04,  3.2044e-04,  1.3662e-03, -4.7901e-04, -1.3589e-03,
          1.1212e-04, -8.5778e-04, -1.3319e-04, -5.8542e-04, -2.7475e-04,
          1.7475e-04, -9.5364e-04, -3.5828e-04,  6.5960e-04,  1.7784e-03,
         -2.7422e-03,  1.6871e-03, -2.6647e-03,  9.9885e-04,  6.2339e-04,
          7.0894e-04,  1.0925e-03, -1.8699e-03,  1.8447e-03, -5.2284e-04,
          3.1067e-03, -1.0061e-03, -2.3179e-03, -1.5487e-04,  8.6088e-04,
          1.1966e-03, -2.6711e-03, -2.5918e-03, -1.8497e-03, -2.9221e-04,
         -8.5951e-01, -4.6039e-04, -8.7461e-04,  5.0086e-04, -5.0953e-04,
         -1.6878e-03, -1.0329e-03, -1.9360e-04, -6.9026e-04]], device='cuda:0'))])
end of epoch 2: val_loss 0.010764218272491667, val_acc 1.0
trigger times: 0
saving model weights...
Weights: OrderedDict([('fcs.0.weight', tensor([[-3.4037e-04,  6.8281e-04,  4.3876e-04],
        [ 1.3463e-03, -1.2341e-03,  1.3051e-03],
        [-3.0879e-04,  3.4199e-03, -4.0520e-03],
        [ 8.3406e-04,  1.2958e-03,  1.9198e-04],
        [-3.9152e-04,  2.4731e-03, -4.4359e-04],
        [-2.2780e-03,  2.1769e-03,  1.5095e-03],
        [ 1.4862e-03, -1.1242e-03,  1.0673e-03],
        [ 6.2148e-04, -7.4979e-04, -2.4712e-03],
        [-8.6158e-04, -5.4805e-05, -8.3765e-04],
        [-7.6853e-04, -3.8373e-04,  2.4865e-03],
        [ 1.2209e-03,  1.2907e-03,  2.0290e-03],
        [ 9.1075e-04, -6.7098e-04,  2.5744e-04],
        [-5.0548e-04,  2.1974e-03,  1.1394e-03],
        [ 2.8067e-04, -2.2716e-03, -9.8863e-04],
        [ 1.1331e-03,  1.3699e-03,  2.9458e-04],
        [-1.5564e-04, -1.5062e-03, -1.3995e-03],
        [ 1.0234e-03, -3.1056e-04,  7.3867e-04],
        [-4.5212e-04, -1.1721e-03,  3.1747e-04],
        [ 1.0659e-03,  2.5525e-04,  9.8232e-04],
        [-6.3344e-04, -1.1962e-03,  6.5866e-05],
        [ 2.6650e-03, -9.1697e-04, -2.0576e-03],
        [-2.6100e-04,  1.8826e-03, -1.9275e-04],
        [-1.7805e-03, -2.8375e-04,  7.7209e-04],
        [ 3.9597e-01, -6.0345e-02,  6.4197e-01],
        [-5.1043e-04, -3.7590e-03, -4.2060e-04],
        [ 1.2888e-03, -9.1935e-04,  9.0985e-05],
        [-7.4156e-04, -2.0250e-04,  9.5307e-05],
        [ 4.4268e-04,  9.5887e-04,  4.0700e-03],
        [ 1.9573e-04,  2.0320e-03, -2.1283e-03],
        [-4.0766e-04,  2.5685e-04, -4.1572e-04],
        [ 1.4977e-04,  3.9640e-07, -1.1721e-03],
        [-1.2243e-03, -3.1069e-03,  1.4167e-03],
        [ 1.1187e-03,  9.3260e-04, -5.1615e-07],
        [ 4.4441e-04,  4.6218e-04, -1.5806e-03],
        [ 8.8892e-04, -4.4854e-04,  3.4043e-04],
        [ 1.5578e-03, -3.6509e-04, -3.0623e-04],
        [-6.3930e-04, -1.5943e-03,  3.6701e-03],
        [-1.7476e-03,  3.0929e-03,  1.1224e-04],
        [-1.2995e-03, -6.1957e-04, -4.3326e-04],
        [ 2.2797e-03, -3.5836e-04,  3.0163e-03],
        [-4.9708e-04,  4.9899e-04, -9.6043e-04],
        [ 2.2252e-03,  1.1327e-03, -1.5094e-03],
        [-1.3329e-04,  2.7377e-03,  3.9946e-03],
        [ 8.9790e-04, -2.4582e-03, -1.6931e-03],
        [ 1.3473e-03,  1.0855e-04,  1.3072e-03],
        [ 1.3407e-03, -1.5680e-04, -1.5053e-05],
        [ 4.4908e-04, -9.0576e-04, -1.2722e-03],
        [-1.2103e-03, -6.9588e-04, -1.2256e-03],
        [ 9.7946e-04,  5.3288e-04, -1.9685e-03],
        [-9.2811e-04,  7.7561e-04, -3.0174e-06],
        [ 1.0405e-03, -1.0679e-03, -6.8896e-04],
        [ 2.0131e-04, -7.7375e-05,  5.8455e-04],
        [ 1.7103e-03, -2.4488e-03, -2.8484e-04],
        [ 2.5964e-04,  8.5084e-04, -1.8451e-03],
        [-1.1735e-04, -1.1207e-03, -5.9634e-04],
        [ 3.5842e-03, -5.2021e-04, -2.6275e-04],
        [-1.7165e-03, -1.3569e-03,  5.8069e-04],
        [ 2.7600e-03, -8.4826e-04,  9.2909e-04],
        [ 1.4460e-03, -1.3558e-04,  3.6906e-04],
        [-4.3408e-04, -1.5793e-03,  3.7540e-04],
        [ 6.7435e-04, -3.2484e-04, -1.0269e-03],
        [-3.2885e-03,  5.3483e-04,  3.8575e-04],
        [-6.1292e-04,  1.5427e-03, -6.3815e-04],
        [ 5.1099e-04,  3.8771e-04,  1.4795e-04]], device='cuda:0')), ('fcs.0.bias', tensor([ 1.6546e-03,  7.0738e-04, -1.9789e-03, -1.4053e-03,  8.8831e-04,
         1.2931e-03, -1.5002e-03, -1.2130e-03,  1.8752e-03,  1.3336e-03,
        -1.6683e-03, -1.6337e-03, -4.7548e-04,  9.4119e-04, -1.3614e-06,
         8.8125e-04,  9.2305e-04,  3.1213e-03,  1.3073e-03,  3.0950e-04,
         1.0107e-03,  5.3645e-04,  1.7328e-03,  6.9972e-02, -1.1581e-03,
         1.5186e-03, -1.3740e-04,  1.1697e-03,  2.8475e-03,  1.2556e-03,
        -1.8620e-03,  2.0586e-03, -7.9024e-04, -7.1213e-04,  2.0876e-03,
        -8.2793e-04,  1.3521e-03,  8.6660e-04, -1.2531e-03, -5.7036e-04,
         1.3204e-03,  1.3881e-03, -7.7557e-04,  2.1159e-04,  7.6692e-04,
        -1.7847e-03,  6.3556e-04, -8.9156e-04,  1.6851e-03, -2.3388e-03,
        -4.1443e-04,  1.4733e-03, -1.2617e-03, -9.6431e-04, -5.9931e-04,
         5.2206e-04, -4.0659e-04, -4.1293e-04, -4.2212e-03, -4.9863e-04,
        -5.3325e-04,  4.3227e-04,  2.6587e-03,  1.9922e-03], device='cuda:0')), ('fcs.1.weight', tensor([[ 0.0006,  0.0009, -0.0009,  ...,  0.0015, -0.0048,  0.0020],
        [-0.0020, -0.0003, -0.0029,  ...,  0.0018, -0.0006,  0.0009],
        [-0.0011, -0.0011, -0.0013,  ...,  0.0013,  0.0013,  0.0007],
        ...,
        [-0.0016, -0.0013, -0.0013,  ...,  0.0005, -0.0005, -0.0011],
        [-0.0007,  0.0011,  0.0022,  ..., -0.0002,  0.0007, -0.0011],
        [ 0.0013, -0.0013,  0.0005,  ...,  0.0003, -0.0013, -0.0006]],
       device='cuda:0')), ('fcs.1.bias', tensor([ 9.0155e-04,  1.7981e-03,  6.2249e-04,  1.3984e-03,  1.3151e-03,
        -3.2994e-03, -1.5891e-03,  5.9932e-04,  1.1230e-03, -5.4284e-04,
        -3.6600e-04,  1.0239e-03, -2.1994e-03,  7.6521e-04,  1.1180e-04,
         2.1271e-03,  1.4685e-03, -2.1805e-03, -2.5653e-03,  1.3277e-03,
        -7.4575e-04,  8.9588e-04,  1.1810e-03,  2.1814e-03,  3.5766e-04,
        -5.7422e-04, -1.1329e-03,  2.1583e-03, -7.5064e-04,  2.1511e-03,
        -1.5881e-03, -1.2678e-03,  6.0239e-04,  1.2044e-03,  3.5973e-03,
         1.9646e-03, -2.1479e-05, -5.9511e-04,  2.2790e-03,  2.0156e-03,
        -3.3315e-03,  1.2925e-03,  1.1461e-03,  1.0194e-03,  3.1676e-03,
         3.1511e-03, -2.4772e-03, -8.9525e-04, -7.1841e-05, -3.1370e-03,
        -4.8390e-04, -7.7371e-04, -3.7082e-03,  2.0853e-03, -7.6497e-04,
         1.3611e-02, -2.3520e-03, -1.9620e-03, -1.8078e-03, -2.1521e-03,
         2.0515e-04, -1.2409e-03, -7.7523e-04,  2.6326e-03], device='cuda:0')), ('fcs.2.weight', tensor([[-1.1461e-03, -1.0694e-05,  1.3666e-03, -4.0597e-04,  5.4574e-04,
          6.2862e-04,  1.3055e-03,  2.8050e-03,  3.5856e-04, -7.8291e-04,
          3.4025e-04,  4.5146e-04,  4.9117e-04,  3.5939e-04, -8.7403e-04,
         -1.0534e-03,  1.0023e-03,  1.1244e-03, -1.1921e-03,  6.0425e-04,
          8.4827e-04,  7.1537e-04, -8.4950e-04,  1.4657e-03, -1.0629e-03,
         -1.3392e-03,  5.1357e-04, -5.0498e-04,  1.4344e-03,  3.9657e-04,
         -6.6002e-04, -1.2626e-03,  1.6695e-04, -1.8673e-03, -1.1615e-03,
          3.2966e-04,  1.3224e-03, -8.7943e-04, -8.8255e-04,  1.2864e-03,
         -1.7139e-03,  8.4797e-06,  1.0985e-03,  1.7229e-03, -2.5195e-03,
         -5.9643e-04, -1.1622e-03, -3.4144e-03, -1.9283e-03, -8.6762e-04,
         -1.3049e-03,  1.2206e-03,  1.9975e-04, -9.5005e-04,  2.6678e-03,
         -8.5615e-01,  5.9572e-04, -8.4086e-05, -9.5852e-04, -1.7340e-03,
         -6.8177e-05,  1.1053e-03,  1.4170e-03,  4.2865e-04]], device='cuda:0'))])
end of epoch 3: val_loss 0.012209978648793154, val_acc 0.995
trigger times: 1
end of epoch 4: val_loss 0.012610088380724242, val_acc 0.995
trigger times: 2
end of epoch 5: val_loss 0.012207712802813795, val_acc 0.995
trigger times: 3
end of epoch 6: val_loss 0.010376867097071205, val_acc 1.0
trigger times: 0
saving model weights...
Weights: OrderedDict([('fcs.0.weight', tensor([[-8.1784e-04, -1.6365e-03,  2.8085e-03],
        [ 5.3332e-04, -1.0720e-03,  5.4524e-04],
        [ 7.9257e-04,  9.0865e-06,  9.8343e-04],
        [ 1.3779e-03, -1.4762e-03, -3.1867e-04],
        [ 9.1186e-04,  1.0021e-03, -1.3427e-03],
        [-3.7117e-03,  7.2401e-04, -3.2711e-03],
        [-2.3209e-03,  1.5149e-04, -1.5456e-04],
        [-1.0331e-03,  1.7662e-03, -2.8181e-04],
        [ 1.7021e-04, -4.3733e-03, -9.1922e-04],
        [ 2.5219e-04,  3.6353e-03,  1.0610e-03],
        [ 8.5349e-04, -2.3222e-04, -2.5788e-06],
        [-6.0658e-04, -5.4430e-04, -1.6743e-03],
        [-2.7661e-03,  1.0788e-03, -2.0058e-04],
        [-1.5811e-03,  4.5177e-04,  1.1340e-04],
        [ 1.8941e-03,  6.2458e-04, -1.2855e-03],
        [-1.2444e-03,  2.4885e-03, -4.9906e-04],
        [ 1.1348e-03, -8.2928e-04,  3.2136e-03],
        [-5.4177e-04,  4.2931e-04, -1.6494e-03],
        [-2.1445e-04, -1.5281e-03, -5.3480e-04],
        [-5.8959e-04,  5.9341e-04, -2.1861e-06],
        [ 1.6600e-03, -1.1667e-03, -2.7592e-03],
        [-2.7378e-03,  9.4555e-04, -4.9193e-04],
        [-2.6749e-03,  1.1365e-03,  1.2277e-03],
        [ 3.9944e-01, -1.5870e-02,  6.6004e-01],
        [-9.1861e-04,  8.5440e-05,  2.5661e-03],
        [ 1.4832e-03,  2.8439e-04,  1.3428e-03],
        [ 1.1890e-03, -9.5733e-04, -8.9709e-04],
        [ 1.2861e-03,  2.2318e-04,  2.2636e-04],
        [-1.3656e-03, -3.8628e-04, -5.7960e-04],
        [-2.2297e-03,  1.0455e-03, -5.9623e-04],
        [-1.0642e-03,  1.3778e-03, -8.6636e-05],
        [-1.4124e-04,  5.4050e-04, -3.1593e-03],
        [ 7.2857e-04,  3.5277e-04,  1.4511e-03],
        [-1.0929e-03, -2.6777e-04, -3.9980e-03],
        [-1.1173e-03, -1.9805e-04,  5.5148e-05],
        [ 1.0353e-03, -9.6735e-04,  1.3697e-03],
        [-6.8876e-04, -1.0008e-03,  1.0222e-03],
        [-1.0910e-03, -2.3223e-03,  4.7889e-04],
        [ 1.6185e-04,  2.0167e-03,  3.2112e-04],
        [-1.8167e-03, -1.6222e-03,  1.7176e-04],
        [-2.8062e-04, -4.0389e-04,  5.3510e-04],
        [-1.8797e-03,  1.1625e-03,  2.8764e-04],
        [ 1.1801e-03,  1.1652e-03,  2.1970e-03],
        [-3.6980e-04, -1.2260e-03, -1.7387e-03],
        [ 1.2235e-04,  7.6555e-04,  3.1346e-05],
        [ 4.5104e-04, -1.3881e-03, -1.3501e-03],
        [-2.4172e-06, -1.0841e-03, -1.2413e-03],
        [ 7.1138e-04,  1.3112e-04, -1.4703e-03],
        [-9.0314e-04, -2.9030e-04,  1.5259e-05],
        [ 1.5603e-03, -1.2908e-03,  4.3702e-03],
        [ 2.6934e-03, -3.7234e-04,  1.6217e-04],
        [-1.7787e-04, -1.3009e-03, -1.4938e-03],
        [ 9.1698e-04, -2.6954e-04, -1.1166e-03],
        [ 2.7940e-03,  3.3776e-03, -2.7754e-03],
        [ 8.4475e-04,  6.2193e-04, -6.6413e-04],
        [-6.8953e-04, -1.5942e-03, -8.5168e-04],
        [-9.7513e-04, -1.5541e-03,  1.4526e-03],
        [-4.6879e-04,  1.1033e-04,  1.3188e-03],
        [-2.0260e-03,  7.7132e-04,  1.6015e-03],
        [ 1.4061e-03, -1.4848e-03,  1.5202e-03],
        [ 7.1274e-04,  4.1525e-04,  7.0297e-04],
        [ 1.3482e-04, -2.1987e-03,  1.2868e-03],
        [ 2.3527e-03,  3.8657e-05, -1.4359e-03],
        [-5.6994e-04,  2.6146e-04, -4.0735e-04]], device='cuda:0')), ('fcs.0.bias', tensor([-1.3830e-03,  1.9887e-03, -8.1488e-04, -2.7921e-04, -3.6979e-04,
        -5.5215e-04,  4.5379e-04,  1.5607e-03,  6.1537e-04,  2.0527e-04,
        -1.9206e-03,  3.4496e-04,  8.6772e-04, -4.7121e-04,  5.4861e-05,
        -1.1651e-03, -4.2894e-04,  4.7289e-04,  1.1318e-03,  2.6047e-03,
        -1.6650e-03, -5.7489e-04,  3.0635e-04,  5.3864e-02, -8.6475e-04,
        -1.5200e-03, -9.5084e-04,  1.8496e-03, -4.9295e-04, -1.1975e-03,
         2.0484e-03,  8.4265e-04,  1.8921e-04,  1.3798e-03, -4.9876e-04,
        -2.0356e-03, -4.1808e-04, -1.0715e-03, -1.3057e-03,  1.0489e-03,
         5.9199e-04,  2.5570e-03, -7.0003e-04,  1.9128e-03,  1.7686e-03,
        -7.8500e-04, -1.3154e-03, -3.3420e-04,  1.8449e-03,  3.5128e-04,
        -3.0327e-04,  2.8883e-03, -3.1007e-04,  1.4794e-03,  1.9878e-03,
         6.2313e-04, -9.4364e-04, -1.0882e-03,  5.1200e-04,  1.1991e-03,
        -1.2264e-04, -1.0853e-04, -1.3865e-03, -2.8963e-04], device='cuda:0')), ('fcs.1.weight', tensor([[ 0.0006,  0.0009, -0.0009,  ...,  0.0007, -0.0048,  0.0020],
        [-0.0020, -0.0003, -0.0029,  ...,  0.0018, -0.0006,  0.0009],
        [-0.0011, -0.0007, -0.0013,  ...,  0.0013,  0.0013,  0.0007],
        ...,
        [-0.0016, -0.0013, -0.0013,  ...,  0.0005, -0.0005, -0.0011],
        [-0.0007, -0.0013,  0.0022,  ..., -0.0002,  0.0007, -0.0009],
        [ 0.0013, -0.0013,  0.0005,  ...,  0.0003, -0.0013, -0.0006]],
       device='cuda:0')), ('fcs.1.bias', tensor([-1.0744e-03,  1.9742e-03,  2.2585e-03, -7.5400e-04, -6.3558e-04,
        -3.3767e-03,  6.8480e-04, -8.4012e-04,  3.8344e-04,  7.3570e-04,
         2.2896e-03, -2.5888e-04, -1.5179e-04,  1.9626e-03, -2.1085e-04,
        -1.3091e-03,  1.3791e-03,  5.3509e-04, -2.1649e-03, -1.9886e-03,
         1.6013e-03,  6.6768e-04,  2.5062e-05, -7.0001e-04,  1.7235e-03,
         1.1008e-03,  1.7699e-03,  9.2232e-04,  1.0490e-03, -5.9769e-04,
        -1.2765e-03,  3.3681e-03, -8.8871e-04,  3.3419e-03, -2.4492e-04,
         1.3099e-03,  5.2477e-05, -2.2441e-03,  1.0639e-03,  3.4016e-03,
        -1.6183e-03, -2.0788e-03, -4.3286e-04, -1.2231e-03,  7.7133e-04,
        -6.1989e-04, -1.4194e-03, -2.1222e-03,  3.6869e-04,  1.3487e-03,
         5.4302e-04,  1.1689e-03,  1.2621e-03,  1.9357e-03,  1.9785e-03,
        -1.3459e-04,  1.6062e-03, -1.5119e-03,  5.3258e-04, -9.1014e-04,
        -1.2130e-03, -2.7109e-03,  2.2799e-03, -8.9677e-04], device='cuda:0')), ('fcs.2.weight', tensor([[-2.3094e-03,  2.5486e-03,  1.8946e-03,  2.8261e-03, -1.4431e-04,
         -5.5906e-04,  4.0279e-04,  6.7566e-04,  8.3363e-06,  9.8099e-04,
         -3.7120e-04, -2.1102e-03,  7.5430e-04,  2.3975e-04, -1.2481e-04,
         -1.2681e-03,  8.7845e-04, -1.0885e-03, -3.4162e-03, -5.8207e-04,
         -9.5104e-04, -1.3499e-03, -2.2733e-03, -2.4080e-03,  8.4894e-04,
         -4.9433e-05,  1.8294e-03,  2.1475e-03,  2.4251e-04, -1.3048e-03,
          1.0840e-03,  5.3780e-04,  1.4843e-03, -1.3507e-03,  2.3648e-04,
          5.6998e-04, -1.0978e-03,  8.1272e-04, -1.1656e-03,  7.3491e-04,
         -1.5730e-03,  1.0493e-03, -8.3183e-05,  3.5615e-04,  5.3293e-04,
          6.3199e-04,  7.7140e-04, -1.5456e-04, -9.5918e-04, -1.2768e-03,
         -5.9714e-04,  6.9092e-04, -6.4304e-04,  5.6145e-04,  7.5349e-04,
         -8.5740e-01, -1.1719e-03,  2.1500e-03, -2.1879e-03, -7.9879e-04,
         -9.9288e-04,  1.3225e-03,  2.6511e-04, -7.8559e-04]], device='cuda:0'))])
end of epoch 7: val_loss 0.009986608812460744, val_acc 0.995
trigger times: 0
saving model weights...
Weights: OrderedDict([('fcs.0.weight', tensor([[ 7.9845e-04,  5.7325e-04, -2.0396e-03],
        [ 3.8673e-04,  8.0299e-04,  1.6387e-03],
        [ 1.1439e-03, -5.6139e-04,  1.1707e-03],
        [-8.7960e-04, -2.6754e-03, -1.4502e-03],
        [-1.1987e-04,  1.3617e-03, -2.2973e-03],
        [ 1.6129e-03,  1.1225e-03, -2.2104e-03],
        [ 1.2871e-05,  9.5760e-05, -6.1037e-04],
        [ 7.7822e-05, -1.6991e-03,  5.8276e-04],
        [-1.2104e-03,  6.1539e-04, -3.2793e-04],
        [ 1.9460e-03,  1.6297e-03,  5.8949e-04],
        [-1.7001e-03,  3.2892e-05,  1.0542e-03],
        [ 7.0385e-04,  5.9603e-04,  1.0688e-03],
        [ 9.7418e-05, -1.1942e-04,  5.8931e-04],
        [ 1.2342e-04, -7.3981e-04,  1.0673e-03],
        [ 5.3125e-04,  1.7570e-03,  5.2856e-04],
        [ 3.4560e-04,  8.5691e-04, -1.4082e-03],
        [-1.8924e-03,  3.8907e-03,  3.4742e-04],
        [-6.0139e-04, -6.5476e-05, -1.1091e-03],
        [-1.3239e-03, -2.7191e-03, -1.6552e-03],
        [ 1.4527e-03,  8.2762e-04, -4.4618e-04],
        [-9.1334e-04, -1.6530e-03,  2.2366e-03],
        [ 8.9953e-04,  1.4231e-03, -2.6570e-03],
        [-1.4148e-03, -1.1720e-03, -2.0228e-03],
        [ 5.0945e-01, -2.4380e-02,  6.0386e-01],
        [ 4.3914e-04,  1.0092e-03,  2.2545e-03],
        [ 2.8143e-03, -9.0440e-04,  9.7895e-04],
        [-1.3468e-03, -1.9323e-04, -1.5615e-04],
        [-1.2879e-03, -2.2460e-03,  2.4340e-03],
        [ 5.8683e-04,  2.0428e-05, -3.5854e-04],
        [-6.7915e-04, -7.7225e-04, -1.7022e-03],
        [-1.0533e-04, -7.8174e-04, -1.2348e-03],
        [-1.8625e-03, -9.7982e-04,  3.2023e-04],
        [-1.0979e-05, -2.9924e-03,  2.8574e-04],
        [-1.4422e-03,  4.2926e-04,  5.5153e-04],
        [ 1.7045e-03,  4.1517e-05,  1.3245e-03],
        [ 2.1804e-03, -5.8331e-04, -4.1950e-04],
        [ 3.2707e-04,  1.9637e-03,  9.1593e-04],
        [-1.6721e-03, -1.8890e-03,  8.4637e-04],
        [ 8.0591e-04, -4.6159e-04,  6.5927e-05],
        [ 2.3636e-03,  7.2437e-04,  6.5015e-04],
        [ 5.0667e-04, -2.6262e-03,  2.9951e-04],
        [ 2.5855e-04, -1.8234e-03,  1.8766e-04],
        [ 9.2388e-04,  1.2313e-03,  8.3305e-04],
        [-2.6078e-03, -4.5532e-03,  2.5256e-03],
        [ 5.4783e-04,  7.9649e-04,  7.4778e-05],
        [-2.4950e-03,  8.7587e-04,  1.1137e-04],
        [ 1.9716e-04, -3.4635e-04, -6.3469e-04],
        [ 3.7267e-04, -4.5134e-05,  3.6173e-04],
        [ 2.8997e-03,  2.0882e-03,  5.1503e-04],
        [ 4.5136e-04,  2.5446e-03,  7.9146e-04],
        [ 1.7118e-03, -2.9177e-04, -2.3299e-03],
        [-1.1375e-03, -1.6048e-03,  5.5478e-04],
        [ 3.1250e-03, -1.7409e-03,  5.2854e-04],
        [-6.2962e-04,  2.3837e-04, -1.0110e-03],
        [ 2.6856e-04, -2.5966e-03, -5.1035e-04],
        [-1.3041e-03,  4.1349e-04,  1.0587e-03],
        [ 7.5731e-04,  6.9084e-04, -1.2509e-03],
        [-1.5641e-03,  1.3868e-03,  1.3490e-04],
        [ 3.1228e-03, -7.0637e-05,  1.4430e-03],
        [ 1.2592e-03,  1.7697e-03, -1.4786e-03],
        [-6.3036e-04, -7.4931e-04, -1.0601e-03],
        [ 7.7576e-04,  1.4881e-04, -2.5850e-03],
        [-8.3597e-04,  1.7576e-03,  1.6659e-03],
        [ 2.9513e-03, -1.0915e-03, -1.0598e-03]], device='cuda:0')), ('fcs.0.bias', tensor([ 2.0343e-03,  1.7553e-03,  5.6381e-04,  7.3855e-04, -1.6882e-03,
        -2.3102e-04, -1.6829e-03, -7.5259e-05,  6.1429e-04, -1.6399e-03,
        -1.1332e-03,  1.3406e-03, -1.2002e-03, -1.0653e-03,  7.5635e-04,
        -4.4228e-04,  6.7512e-04, -3.6090e-04, -2.9824e-04, -1.7078e-04,
        -1.5001e-03,  4.7363e-04,  1.4732e-03,  1.7857e-01,  1.3413e-03,
        -1.6387e-03, -2.7371e-03,  1.2121e-03,  1.2506e-03,  8.9686e-05,
        -1.1299e-03, -9.7948e-04,  3.4044e-03, -1.8709e-03,  2.6760e-04,
         2.8238e-04,  1.6416e-03,  1.8212e-03,  1.4645e-03, -1.7904e-04,
         1.1446e-03,  2.1517e-04,  1.1340e-03,  5.0750e-04, -5.7541e-04,
         8.6755e-04,  1.8266e-03,  1.5061e-03, -4.8491e-04, -1.8426e-03,
        -1.1623e-03, -1.6799e-03,  6.0145e-04,  1.2193e-04,  1.1170e-03,
         4.2989e-04,  8.2941e-04, -1.1053e-03, -2.8740e-03,  7.4777e-04,
        -1.3092e-03,  1.8454e-03,  2.5917e-03, -1.4342e-03], device='cuda:0')), ('fcs.1.weight', tensor([[ 0.0006,  0.0009, -0.0009,  ..., -0.0006, -0.0048,  0.0020],
        [-0.0020, -0.0003, -0.0029,  ...,  0.0018, -0.0006,  0.0009],
        [-0.0011, -0.0007, -0.0013,  ...,  0.0013,  0.0013,  0.0007],
        ...,
        [-0.0016, -0.0013, -0.0013,  ...,  0.0005, -0.0005, -0.0011],
        [-0.0007, -0.0013,  0.0022,  ..., -0.0002,  0.0007, -0.0009],
        [ 0.0013, -0.0013,  0.0005,  ...,  0.0003, -0.0013, -0.0006]],
       device='cuda:0')), ('fcs.1.bias', tensor([ 1.4176e-03,  1.9518e-03,  1.2520e-04, -7.8148e-04,  1.4308e-03,
        -3.3565e-03,  2.1633e-04, -5.8652e-04,  7.0146e-04,  2.1487e-03,
         7.7123e-04,  1.3114e-03, -1.9618e-03,  1.9610e-03,  4.9428e-04,
        -1.4812e-03,  9.1793e-04,  7.8897e-04,  7.5721e-04,  3.8269e-04,
        -6.0392e-04, -1.0234e-03, -3.8128e-04, -2.9283e-04, -6.2054e-04,
        -5.8889e-04,  2.2085e-03, -7.6210e-04,  1.0868e-03, -3.4740e-04,
        -2.5027e-03,  3.6783e-03,  6.4540e-05,  1.2395e-03,  1.9911e-03,
         1.3245e-03, -8.3533e-04,  1.2571e-03,  1.7105e-03, -1.5924e-04,
         1.6622e-03,  1.1539e-03,  1.2977e-03, -1.3151e-03,  2.1836e-03,
         7.1961e-04, -4.3314e-04,  6.6928e-04,  1.4252e-03,  1.2931e-03,
         6.5912e-04, -9.9320e-04, -1.7868e-03, -9.7998e-04, -1.8400e-03,
        -3.0402e-03,  1.9585e-03,  4.8884e-04, -1.5025e-03, -1.3521e-03,
         6.5812e-04, -1.9630e-03,  2.1586e-03,  9.1320e-04], device='cuda:0')), ('fcs.2.weight', tensor([[-5.3732e-04, -7.0250e-04,  2.2066e-03, -3.7983e-04, -2.8125e-03,
         -1.1170e-04,  3.6232e-05, -1.3748e-03, -4.1185e-04,  4.6737e-05,
         -4.4984e-04, -1.1307e-04,  1.4980e-03,  1.0460e-03, -1.2720e-03,
         -1.5768e-03, -2.6395e-03, -9.0193e-04, -1.3191e-03,  2.8923e-03,
         -1.8836e-03, -1.5235e-03, -8.9775e-04, -5.0451e-04,  1.5630e-04,
         -1.5493e-03, -7.8751e-05,  1.3472e-04,  1.2261e-03,  2.3903e-03,
          7.8864e-05,  9.0289e-04,  9.9114e-04, -1.0721e-03,  6.0022e-05,
         -9.3852e-05,  6.2445e-04,  2.4717e-04,  9.2968e-04, -1.0950e-03,
         -2.2336e-04, -3.9627e-06,  4.3711e-04, -1.6554e-03, -2.9427e-04,
         -7.9334e-04, -1.9705e-03,  9.4341e-05, -8.8090e-05,  9.2196e-04,
         -1.7588e-03,  1.6578e-03, -1.1880e-03, -1.3585e-03, -1.8009e-03,
         -9.0940e-01, -4.8587e-04,  1.1577e-03, -1.9848e-04,  1.6545e-03,
         -1.1758e-03,  1.9193e-03, -1.3339e-04, -5.0643e-05]], device='cuda:0'))])
end of epoch 8: val_loss 0.008663428492372737, val_acc 1.0
trigger times: 0
saving model weights...
Weights: OrderedDict([('fcs.0.weight', tensor([[ 9.6429e-04,  2.8691e-03, -8.4022e-04],
        [-1.3441e-03,  1.1927e-03, -1.7398e-04],
        [ 1.5817e-03, -1.2374e-03,  3.5330e-04],
        [-1.3286e-03, -9.3765e-04,  1.0656e-04],
        [ 1.7436e-03,  7.5172e-05, -6.1350e-04],
        [ 4.3699e-04, -8.3701e-04,  9.4584e-05],
        [-2.4536e-03, -1.7294e-03,  4.2767e-04],
        [ 1.4756e-03, -3.9350e-04, -2.7712e-04],
        [ 1.2293e-03, -2.6263e-03,  1.0500e-03],
        [ 2.2940e-03,  1.9387e-04,  1.3282e-03],
        [-6.3089e-04, -2.3384e-03, -3.6093e-03],
        [-1.5094e-03, -1.5295e-04,  1.3774e-03],
        [-1.1094e-03, -1.9872e-03, -3.6494e-04],
        [ 1.1589e-04,  6.4907e-04, -8.5323e-04],
        [-2.5348e-03, -2.3160e-04, -1.8459e-03],
        [-1.7696e-03,  1.0634e-03, -3.9180e-04],
        [-1.5865e-03, -2.0805e-04, -1.0004e-03],
        [-1.8872e-03, -4.3766e-04, -9.8180e-04],
        [ 1.2455e-03, -1.2131e-03,  1.6676e-03],
        [-1.3212e-03,  3.9552e-05, -1.6735e-03],
        [ 1.4360e-03, -2.4821e-03,  2.8537e-03],
        [-3.2260e-04, -2.4058e-03,  1.3839e-03],
        [-8.8632e-04, -1.4828e-03, -1.7002e-03],
        [ 3.6526e-01, -1.2710e-01,  7.2666e-01],
        [ 1.3658e-03, -1.2356e-03,  2.4472e-03],
        [-1.6136e-03, -1.6809e-03, -3.2391e-04],
        [ 1.3709e-03,  8.3036e-04,  6.2603e-04],
        [ 1.8241e-04,  1.4284e-03, -1.6740e-03],
        [ 4.6395e-04,  1.7113e-03, -5.4822e-04],
        [-7.3007e-04, -1.9034e-04, -1.3330e-04],
        [ 1.7892e-03, -4.0575e-04, -2.0247e-04],
        [-2.8170e-03,  1.2113e-03,  1.0874e-03],
        [-4.9618e-05, -1.7415e-03,  8.7836e-04],
        [-2.2958e-03,  9.1246e-04, -4.5351e-04],
        [-8.4940e-05, -8.8151e-04,  4.5025e-05],
        [-4.9947e-04,  8.7838e-04, -8.8665e-04],
        [-1.9977e-03,  1.1415e-03,  1.0938e-03],
        [ 9.2996e-04, -1.9945e-03, -1.1095e-04],
        [ 1.3441e-03,  2.5483e-04, -1.0462e-03],
        [ 1.8064e-03, -1.2294e-03, -2.7847e-03],
        [-2.8511e-03,  9.7150e-05, -1.4480e-03],
        [-5.4739e-04, -1.5673e-03,  3.1768e-04],
        [ 5.8188e-04,  6.5700e-04, -8.1589e-04],
        [-1.6096e-03,  8.6222e-04, -1.4451e-03],
        [ 1.1173e-03, -7.4668e-04,  8.1434e-04],
        [ 6.8641e-04,  2.0126e-03,  1.8344e-03],
        [ 9.6639e-04,  4.4892e-04, -1.5498e-03],
        [-3.5441e-03, -3.6713e-04,  1.9810e-03],
        [-1.2491e-03,  5.0247e-04,  3.0264e-03],
        [-1.3721e-03, -2.4227e-03, -3.5448e-03],
        [ 1.2972e-03, -2.1433e-04, -7.3514e-04],
        [ 7.6117e-04, -4.8828e-04, -5.7640e-04],
        [-1.0716e-03, -8.9294e-04,  2.4722e-04],
        [-1.7673e-04, -5.4571e-05, -4.6907e-04],
        [-1.0198e-03, -3.8296e-03,  1.0573e-03],
        [-8.4184e-04,  1.3734e-03,  6.4590e-04],
        [-6.7317e-04,  1.4866e-04, -1.3734e-03],
        [ 7.1775e-04, -4.1494e-04, -2.7583e-04],
        [ 5.8166e-04, -6.9182e-04, -4.9007e-04],
        [-1.0247e-03, -1.6997e-03, -5.0934e-04],
        [-1.2069e-03,  2.2310e-03,  1.0415e-03],
        [-1.4209e-03, -1.2370e-03,  6.5807e-04],
        [ 9.5741e-04, -9.0155e-04,  5.8505e-04],
        [-7.4360e-04,  1.9534e-05,  2.3132e-04]], device='cuda:0')), ('fcs.0.bias', tensor([-2.5509e-03,  6.8361e-04,  3.5952e-04,  3.5733e-03,  8.9861e-04,
         9.9045e-04, -6.2522e-04,  1.7349e-03, -1.2636e-03, -3.4662e-04,
         2.6307e-03, -1.4554e-03, -2.9753e-06, -3.2305e-04,  1.1668e-03,
         2.0679e-03, -3.3603e-03, -4.9152e-04, -1.2632e-03,  1.9894e-03,
         1.1354e-03,  2.6257e-03,  1.4528e-03,  3.6064e-02,  1.1183e-03,
         1.0639e-03, -3.3569e-04, -7.2452e-04,  1.2572e-03,  1.5601e-03,
         1.0369e-03,  7.4408e-04,  8.8472e-04, -7.8578e-04,  1.4946e-03,
         2.2373e-03,  1.5207e-03,  1.8853e-03,  1.8699e-03, -1.6017e-03,
        -1.4045e-03,  9.2118e-04, -1.6862e-03, -1.9664e-03,  1.1277e-03,
        -1.8026e-03,  6.2007e-05, -7.8065e-04,  2.7279e-04,  1.2445e-03,
        -8.1435e-04, -1.2957e-04, -1.4870e-03, -5.5808e-04,  2.5530e-04,
        -1.3912e-03, -1.3430e-03,  9.0664e-04, -2.5670e-05,  5.6591e-04,
         2.4947e-03, -1.3492e-03,  2.5011e-04, -1.2420e-03], device='cuda:0')), ('fcs.1.weight', tensor([[ 0.0006,  0.0009, -0.0009,  ...,  0.0024, -0.0048,  0.0020],
        [-0.0020, -0.0003, -0.0029,  ...,  0.0018, -0.0006,  0.0009],
        [-0.0011, -0.0007, -0.0013,  ...,  0.0013,  0.0013,  0.0007],
        ...,
        [-0.0016, -0.0013, -0.0013,  ...,  0.0005, -0.0005, -0.0011],
        [-0.0007, -0.0013,  0.0022,  ..., -0.0002,  0.0007, -0.0009],
        [ 0.0013, -0.0013,  0.0005,  ...,  0.0003, -0.0013, -0.0006]],
       device='cuda:0')), ('fcs.1.bias', tensor([ 0.0007, -0.0018,  0.0003, -0.0008,  0.0009, -0.0033, -0.0013,  0.0013,
         0.0008,  0.0019, -0.0011,  0.0013, -0.0024,  0.0018,  0.0005,  0.0002,
         0.0018,  0.0009,  0.0007,  0.0025,  0.0011,  0.0009,  0.0017, -0.0025,
         0.0001,  0.0013, -0.0011, -0.0008,  0.0007, -0.0007,  0.0017,  0.0012,
        -0.0009,  0.0027, -0.0002,  0.0007,  0.0006, -0.0002, -0.0012, -0.0020,
        -0.0031, -0.0005,  0.0013,  0.0002,  0.0010, -0.0001,  0.0011, -0.0008,
        -0.0008,  0.0013, -0.0018,  0.0009, -0.0012, -0.0007,  0.0007, -0.0033,
         0.0021,  0.0009,  0.0002, -0.0013,  0.0011, -0.0004,  0.0018,  0.0006],
       device='cuda:0')), ('fcs.2.weight', tensor([[ 2.9969e-04, -1.1136e-03, -1.2298e-03, -1.0988e-03,  2.2222e-03,
          6.4353e-04,  1.1353e-03, -7.3779e-04,  1.1438e-03, -2.5203e-03,
         -2.6543e-04, -5.7862e-05, -6.4783e-04, -1.3023e-03,  6.4612e-04,
          6.7627e-04,  7.1399e-04, -8.3179e-04, -2.4198e-04, -2.8056e-03,
         -1.6430e-04,  3.4263e-04, -4.5531e-04, -1.0535e-03, -1.3008e-04,
          1.9436e-03,  1.7453e-03,  2.1109e-04,  1.8084e-03, -2.4273e-03,
         -5.5922e-04, -5.3837e-04, -1.6708e-03,  1.2196e-03,  3.6881e-04,
         -7.8278e-04, -1.1652e-03,  2.1657e-03,  2.9663e-04,  1.8722e-03,
         -4.7677e-04, -1.4456e-03,  2.5706e-03,  2.0693e-03, -2.7284e-04,
         -3.9900e-04, -6.7925e-05, -2.0610e-04,  1.7366e-03, -2.6499e-03,
         -1.1291e-03,  2.0974e-03, -2.7300e-03, -9.2534e-04, -2.1762e-03,
         -9.0608e-01,  1.2667e-04,  1.3253e-03,  7.9173e-05,  1.8352e-04,
          9.1481e-04, -9.8282e-04, -3.8281e-04,  1.5041e-03]], device='cuda:0'))])
end of epoch 9: val_loss 0.010541208142683977, val_acc 1.0
trigger times: 1
end of epoch 10: val_loss 0.013967874913849343, val_acc 1.0
trigger times: 2
end of epoch 11: val_loss 0.011768693742231839, val_acc 1.0
trigger times: 3
end of epoch 12: val_loss 0.015535408290607258, val_acc 0.995
trigger times: 4
end of epoch 13: val_loss 0.018125154621373908, val_acc 1.0
trigger times: 5
end of epoch 14: val_loss 0.015396390713156478, val_acc 0.99
trigger times: 6
end of epoch 15: val_loss 0.015788349064748495, val_acc 0.99
trigger times: 7
end of epoch 16: val_loss 0.007020508538221897, val_acc 1.0
trigger times: 0
saving model weights...
Weights: OrderedDict([('fcs.0.weight', tensor([[-1.6454e-03, -1.0477e-03, -6.2569e-04],
        [ 1.3753e-03, -6.8143e-04, -9.9853e-04],
        [-1.1042e-03, -1.2540e-03, -1.1485e-03],
        [ 1.9719e-03,  2.6046e-03, -1.2716e-03],
        [ 7.1391e-04, -5.0226e-04,  1.7926e-03],
        [ 1.2236e-05,  7.8522e-04, -9.6335e-04],
        [-3.0652e-04,  2.1234e-04,  7.7239e-05],
        [-1.2806e-03, -8.3378e-04, -7.8814e-04],
        [ 1.7567e-03, -1.9259e-03,  4.7028e-04],
        [ 8.5070e-04,  7.2796e-04, -1.2747e-03],
        [-3.8850e-04, -1.3656e-03,  9.8411e-04],
        [-8.4361e-04, -4.2444e-04,  2.0711e-04],
        [-6.2997e-04, -2.1302e-03, -8.2270e-04],
        [ 1.2903e-04,  6.4322e-04,  1.3066e-03],
        [ 7.4082e-04, -2.5574e-03,  1.3228e-03],
        [ 1.5003e-04,  7.9026e-05, -6.0223e-04],
        [-9.2401e-05,  9.0175e-04,  2.9686e-03],
        [-3.5270e-04, -1.8533e-03,  2.2845e-03],
        [-1.6935e-03, -2.3253e-03,  4.2201e-04],
        [ 2.4704e-03,  9.7110e-04,  1.4294e-03],
        [-7.6141e-04, -3.9031e-04, -1.1911e-03],
        [ 5.6777e-04,  1.6063e-03, -2.3448e-03],
        [-1.2519e-03, -1.1550e-04, -1.9077e-03],
        [ 4.0432e-01,  2.7100e-02,  7.3814e-01],
        [ 7.0158e-05, -6.6087e-04, -5.6908e-04],
        [ 3.2689e-03, -9.7941e-04, -7.3135e-05],
        [-1.4229e-03, -1.1910e-03, -1.2395e-03],
        [-1.4644e-03,  8.7108e-04,  1.3955e-03],
        [ 3.5773e-04, -2.7700e-03, -1.3176e-03],
        [-2.3163e-03, -1.3162e-03,  6.1475e-04],
        [ 6.7133e-04,  9.0426e-04,  1.6969e-03],
        [-2.9892e-04,  4.9772e-04,  1.2737e-03],
        [ 6.0507e-04,  1.6115e-04,  8.3427e-04],
        [ 4.9721e-04,  2.3746e-03, -7.4207e-04],
        [-6.9088e-04,  7.5169e-05, -9.9606e-04],
        [-4.5824e-04,  2.4133e-03, -1.2763e-03],
        [-4.1099e-04, -2.1525e-04,  8.2168e-04],
        [-8.6072e-04, -2.6159e-04,  1.1230e-05],
        [-1.2666e-03, -2.6272e-03,  9.1675e-04],
        [ 1.3234e-03,  1.4267e-03,  1.3742e-03],
        [-1.0804e-04,  6.6910e-04,  2.4225e-04],
        [-1.0841e-03,  6.0799e-04,  4.2643e-04],
        [ 3.0554e-04, -1.2490e-04,  8.4181e-04],
        [ 7.1254e-04,  8.1492e-04,  1.9585e-04],
        [ 1.0863e-03,  2.2765e-04,  8.9341e-04],
        [ 2.0291e-03, -1.6196e-04, -7.3761e-04],
        [-4.2706e-04, -1.5279e-03,  2.5328e-04],
        [ 3.0977e-04,  7.7855e-04, -8.1732e-04],
        [-2.4465e-03,  4.1795e-04,  3.6266e-04],
        [-6.4833e-04, -6.4255e-04,  8.2244e-04],
        [-8.9864e-04,  6.5230e-04, -9.8577e-04],
        [-1.3638e-03,  2.4010e-03, -1.2526e-03],
        [ 1.1743e-03,  1.4840e-03, -1.6483e-03],
        [-1.3001e-04,  3.5123e-04,  1.8459e-03],
        [-2.2109e-03, -1.8755e-03,  4.5711e-04],
        [-4.2966e-04,  1.1428e-03,  9.9303e-04],
        [-1.8959e-03, -1.8338e-03, -5.6866e-04],
        [ 9.6165e-04, -1.1966e-03,  1.0226e-04],
        [-1.3375e-04,  1.4808e-03, -9.6584e-04],
        [-1.1078e-03,  2.8649e-03,  1.2099e-03],
        [-1.2887e-03,  1.2664e-03, -1.2388e-03],
        [ 1.5322e-03, -2.0646e-04,  9.7330e-04],
        [ 1.7301e-04, -1.4456e-03,  4.5196e-04],
        [-9.9617e-04,  1.1377e-03, -1.4442e-03]], device='cuda:0')), ('fcs.0.bias', tensor([-2.4261e-04, -1.0197e-03,  3.2423e-03, -5.4117e-04, -5.7730e-04,
         1.2227e-03, -3.2023e-04,  1.4941e-03,  1.8206e-03, -1.4398e-03,
        -2.0036e-03, -8.5918e-04, -1.2333e-03, -1.7213e-03, -1.6855e-03,
        -2.1736e-03,  1.2038e-04, -6.7153e-04, -3.4110e-04, -2.6033e-03,
         1.5071e-03, -2.2418e-03, -1.6453e-03,  2.3194e-02, -1.8041e-04,
        -1.2852e-03,  1.7562e-03, -1.2259e-04, -1.3405e-03,  1.6311e-03,
         6.3553e-04, -1.7594e-03,  1.1292e-03,  7.2650e-04, -1.3567e-03,
        -6.4135e-04,  1.6706e-03, -1.9214e-03,  1.7706e-03,  1.0397e-03,
         1.3875e-03,  1.6700e-04, -1.3317e-05, -4.4615e-04,  9.5067e-04,
        -2.5019e-04, -4.1288e-04, -1.0302e-03, -2.6483e-04, -7.4817e-04,
         3.3934e-04,  1.6776e-03,  2.9305e-03,  1.0056e-03, -7.8467e-06,
        -3.8584e-04, -2.9294e-05,  3.4272e-03, -1.0353e-03,  2.0807e-03,
         2.6823e-03, -7.3979e-04, -8.2584e-04, -2.1855e-03], device='cuda:0')), ('fcs.1.weight', tensor([[ 0.0006,  0.0009, -0.0009,  ...,  0.0015, -0.0048,  0.0020],
        [-0.0020, -0.0003, -0.0029,  ...,  0.0018, -0.0006,  0.0009],
        [-0.0011, -0.0007, -0.0013,  ...,  0.0013,  0.0013,  0.0007],
        ...,
        [-0.0016, -0.0013, -0.0013,  ...,  0.0005, -0.0005, -0.0011],
        [-0.0007, -0.0013,  0.0022,  ..., -0.0002,  0.0007, -0.0009],
        [ 0.0013, -0.0013,  0.0005,  ...,  0.0003, -0.0013, -0.0006]],
       device='cuda:0')), ('fcs.1.bias', tensor([ 1.2956e-03, -1.5695e-03,  1.8985e-03,  5.8326e-04, -2.0243e-03,
        -1.2218e-03, -1.9474e-03, -2.2254e-03,  1.0514e-03,  8.8317e-04,
        -3.9864e-05, -6.6010e-04,  7.3674e-04, -1.3214e-03, -6.4489e-04,
        -1.3044e-03,  2.1720e-03, -2.1794e-03,  3.4353e-03, -1.2181e-03,
         1.4208e-03,  8.7122e-04,  5.4202e-04, -1.8843e-03, -1.8849e-03,
         3.3715e-03,  1.0423e-03, -2.4679e-03, -2.2629e-04,  1.8678e-03,
         1.3045e-03,  9.4554e-04, -6.3501e-04, -2.7215e-05, -8.8966e-04,
        -1.4648e-03, -1.0219e-03, -3.4129e-04, -3.9496e-04, -3.0534e-04,
        -6.9311e-04,  1.0951e-03, -1.8287e-03, -1.4891e-04,  8.2701e-04,
        -8.0979e-04,  5.1033e-05,  1.8214e-04,  1.5258e-03,  1.9619e-03,
         6.8114e-04,  9.6245e-04,  9.5919e-04,  1.0210e-03,  1.0222e-03,
         3.1012e-04, -1.8789e-03,  4.2684e-04, -1.3389e-03, -1.8339e-03,
        -8.9623e-04, -1.2681e-03,  1.8452e-03, -1.1186e-03], device='cuda:0')), ('fcs.2.weight', tensor([[-1.1128e-03,  9.1101e-04,  5.5560e-04,  1.5691e-03, -9.1149e-04,
          2.1204e-05, -5.6669e-04,  1.4915e-04,  1.1618e-03, -2.5862e-03,
          2.3297e-03,  7.6557e-05,  2.2786e-04,  6.5982e-04, -1.4123e-03,
          4.2555e-03,  2.9005e-04, -2.1021e-03, -2.0330e-03,  7.4621e-04,
          3.5470e-04,  6.9355e-04, -2.3753e-03, -1.6079e-03, -1.1732e-03,
          5.9551e-04,  5.4270e-04, -2.8853e-03, -1.3909e-04,  4.7048e-04,
         -6.9074e-04,  1.8631e-03, -1.3152e-03,  5.8780e-04, -2.4892e-03,
          9.8904e-04,  1.7748e-03,  4.8525e-04, -5.3008e-05,  1.5080e-03,
          2.9262e-03,  6.3252e-04,  3.5951e-04, -1.8652e-04, -2.3625e-03,
         -1.9591e-03, -1.2848e-03, -1.3543e-03, -6.3555e-04, -7.1622e-04,
         -3.6514e-04,  1.6304e-03, -7.1130e-04,  5.6952e-04,  5.0024e-04,
         -9.5734e-01, -2.0847e-03,  3.4131e-05,  8.7951e-04,  2.3691e-03,
          3.8156e-04, -5.7538e-04, -1.0323e-03,  1.1265e-03]], device='cuda:0'))])
end of epoch 17: val_loss 0.010790163573216417, val_acc 1.0
trigger times: 1
end of epoch 18: val_loss 0.008678967173598623, val_acc 1.0
trigger times: 2
end of epoch 19: val_loss 0.022197763439834796, val_acc 0.99
trigger times: 3
end of epoch 20: val_loss 0.011086091141427019, val_acc 0.995
trigger times: 4
end of epoch 21: val_loss 0.011637183119163659, val_acc 0.995
trigger times: 5
end of epoch 22: val_loss 0.013708611751811936, val_acc 0.995
trigger times: 6
end of epoch 23: val_loss 0.012653940004444557, val_acc 0.995
trigger times: 7
end of epoch 24: val_loss 0.016719463019169822, val_acc 1.0
trigger times: 8
end of epoch 25: val_loss 0.013776975987213192, val_acc 0.995
trigger times: 9
end of epoch 26: val_loss 0.015619661748587461, val_acc 0.995
trigger times: 10
Early stopping.
0 -42.995296865701675 -191.10004520678868
1 -42.72777816653252 -189.05007017278314
2 -43.376586467027664 -187.50220085194994
3 -39.996790796518326 -180.24009179391223
4 -37.92712301015854 -171.9613792356186
5 -36.779103204607964 -169.3817016847894
6 -36.701448544859886 -167.87631268052303
7 -41.04041874408722 -164.27567046290412
8 -39.836125545203686 -163.76742236654098
9 -32.610348619520664 -156.0786895876365
10 -35.350326254963875 -155.22804551507866
11 -34.73257973790169 -145.29002069283715
12 -35.01936720311642 -142.86657280197298
13 -28.543451488018036 -142.75441848091938
14 -29.38667856901884 -136.98962801176134
15 -33.26539488136768 -132.4813576990395
16 -27.072047628462315 -130.98347157271724
17 -31.306393831968307 -118.2436222554584
18 -23.555589366704226 -117.38411415155902
19 -30.88853733986616 -116.97382686219106
20 -25.101758658885956 -115.06704102317899
21 -20.82731916755438 -112.47832645551227
22 -27.326698504388332 -103.24187681049156
23 -19.380127063021064 -99.7422752992134
24 -15.575284163467586 -98.18526661663928
25 -18.29808775894344 -88.94674758091466
26 -15.17874192725867 -85.88346861832474
27 -12.33349465765059 -79.38307722218848
28 -13.701783863827586 -79.25112655387144
29 -21.167663363971087 -73.50697855948762
30 -18.48549916408956 -72.69803191552006
31 -15.61824837323843 -71.37326168319514
32 -16.371984981000423 -68.27187815304366
33 -15.20506827533245 -65.42298162776466
34 -13.477681076154113 -65.35816021006309
35 -11.839368842542171 -49.3186741604369
36 -24.183310589522307 -17.325441617065966
37 -13.999882841892713 -4.374511275254108
38 -15.071834139692328 -0.4258658969524013
39 -17.4801042272029 9.108146753357724
40 -17.446411630002785 17.732630180500013
41 -9.799226462865818 40.64550156746333
42 -10.274488181288689 41.11774838972275
43 -15.143484864089487 48.64917674484657
44 -11.147465811779739 52.50260039838799
45 -11.915725611553171 52.54502852695255
46 -11.30938214593698 59.52827491841281
47 -10.645811841120576 63.45606316769021
48 -9.410715311228842 66.31570758515764
49 -17.03134907838421 67.13050507695384
50 -7.44188326098606 72.16624272108386
51 -17.912135568777558 79.16074531670823
52 -15.432497727334521 84.19837606184075
53 -15.472119628469954 89.30707154325768
54 -15.505895943950236 90.2698850730257
55 -14.647604024589327 90.28646231697512
56 -10.05317256496528 90.32667007477052
57 -7.874314481978217 91.18021498086692
58 -9.212830643327834 92.38187517969644
59 -15.23020860257111 92.67153902025292
60 -14.996635992865322 93.69474938898811
61 -9.081992237408713 93.86112859581364
62 -14.239899316423362 95.24073532592021
63 -14.282663062293068 95.3630101766082
64 -13.82432778116845 96.09581961281374
65 -12.560732776968052 97.90553231413178
66 -13.528526651358789 98.07644230926206
67 -13.14692722626387 98.35872828331676
68 -14.224214613032018 98.57334710000995
69 -13.450370375644525 98.77895390936838
70 -13.742369821972943 99.10163703819775
71 -13.303582389591838 99.47183807834362
72 -13.194642238306187 101.36707045382526
73 -12.778344602836114 102.70820969163083
74 -13.101029614657818 103.61971441966246
75 -12.161558918352966 104.00039883786899
76 -12.09517346941766 104.94014608739957
77 -12.877475100120137 105.28448326377394
78 -11.641805848592412 105.60678192821229
79 -10.658419831136825 106.95774051225432
80 -11.956780857611648 107.03525723063939
81 -11.314611344796958 107.05410485829283
82 -10.186407398709889 107.36477417456501
83 -10.388038434368355 107.72369032284489
84 -12.234158430855132 107.78006757763964
85 -11.821654736890196 107.99397435655325
86 -11.011218777062368 108.08910889221833
87 -11.768051573505772 108.09776529440465
88 -10.481521303778663 108.24033506535473
89 -10.591491732278882 109.15712102315346
90 -10.937110121522437 109.71287331230647
91 -10.745703049475196 110.25063890779474
92 -10.613027694772654 110.45880856467717
93 -9.923035213104413 110.48639228144049
94 -10.331027567371166 111.92877271779909
95 -10.474176113023532 112.29467419620224
96 -10.139030644719242 112.73910566375015
97 -9.990458755182772 112.98274531176438
98 -9.68257105298835 113.84616479719523
99 -8.11039880677663 114.84612239587612
100 -10.239347654173343 115.08707834021696
101 -8.35711322361567 115.41025719446112
102 -8.78111106738288 115.5646624637931
103 -8.54591329406503 115.87882502857741
104 -9.629153338386459 116.51927592390606
105 -9.906853011667408 116.69939038222442
106 -8.752243185827865 117.18809854794453
107 -8.895920055799252 117.29357601720739
108 -8.176514836796287 117.43241923864416
109 -8.955069852890574 119.84073495876005
110 -7.449705092984686 122.74776106687673
111 -7.659061236616253 124.10172315382671
112 -6.739879646456075 124.42382576156477
113 -7.434596841786288 124.48179570258212
114 -7.410206228387324 125.2590893824027
115 -7.192898144937999 125.30457667780085
116 -7.209512533080215 125.43458549438884
117 -5.471045460695223 129.13346806288703
118 -5.5620092481331085 129.67718524437547
119 -4.713662542097609 131.40806576766226
train accuracy: 0.9988888888888889
validation accuracy: 0.995
