demo lengths 200
demos: (120, 200, 3)
demo_rewards: (120,)
[-191.10004521 -189.05007017 -187.50220085 -180.24009179 -171.96137924
 -169.38170168 -167.87631268 -164.27567046 -163.76742237 -156.07868959
 -155.22804552 -145.29002069 -142.8665728  -142.75441848 -136.98962801
 -132.4813577  -130.98347157 -118.24362226 -117.38411415 -116.97382686
 -115.06704102 -112.47832646 -103.24187681  -99.7422753   -98.18526662
  -88.94674758  -85.88346862  -79.38307722  -79.25112655  -73.50697856
  -72.69803192  -71.37326168  -68.27187815  -65.42298163  -65.35816021
  -49.31867416  -17.32544162   -4.37451128   -0.4258659     9.10814675
   17.73263018   40.64550157   41.11774839   48.64917674   52.5026004
   52.54502853   59.52827492   63.45606317   66.31570759   67.13050508
   72.16624272   79.16074532   84.19837606   89.30707154   90.26988507
   90.28646232   90.32667007   91.18021498   92.38187518   92.67153902
   93.69474939   93.8611286    95.24073533   95.36301018   96.09581961
   97.90553231   98.07644231   98.35872828   98.5733471    98.77895391
   99.10163704   99.47183808  101.36707045  102.70820969  103.61971442
  104.00039884  104.94014609  105.28448326  105.60678193  106.95774051
  107.03525723  107.05410486  107.36477417  107.72369032  107.78006758
  107.99397436  108.08910889  108.09776529  108.24033507  109.15712102
  109.71287331  110.25063891  110.45880856  110.48639228  111.92877272
  112.2946742   112.73910566  112.98274531  113.8461648   114.8461224
  115.08707834  115.41025719  115.56466246  115.87882503  116.51927592
  116.69939038  117.18809855  117.29357602  117.43241924  119.84073496
  122.74776107  124.10172315  124.42382576  124.4817957   125.25908938
  125.30457668  125.43458549  129.13346806  129.67718524  131.40806577]
maximum traj length 200
num training_obs 1800
num training_labels 1800
num val_obs 200
num val_labels 200
ModuleList(
  (0): Linear(in_features=3, out_features=128, bias=True)
  (1): Linear(in_features=128, out_features=128, bias=True)
  (2): Linear(in_features=128, out_features=1, bias=False)
)
device: cuda:0
end of epoch 0: val_loss 0.013780933946583645, val_acc 0.99
trigger times: 0
saving model weights...
Weights: OrderedDict([('fcs.0.weight', tensor([[ 1.4083e-03,  1.8854e-03,  1.3960e-03],
        [-8.9848e-04,  1.7745e-04, -6.5879e-05],
        [ 1.9077e-05, -2.4007e-04, -1.2427e-03],
        [ 1.0408e-04, -5.6928e-04,  2.7612e-03],
        [-2.2246e-03,  4.9502e-04, -2.2927e-03],
        [ 1.5965e-03,  6.5731e-04,  8.9176e-04],
        [-3.7734e-05,  4.9270e-04, -6.8934e-04],
        [-1.3187e-03, -1.2135e-03,  6.4442e-04],
        [-9.7999e-04,  1.5320e-03,  8.0350e-04],
        [ 2.0385e-03, -1.4637e-03,  1.0207e-03],
        [-7.2496e-04, -1.2285e-03, -1.3910e-03],
        [-2.1965e-03,  6.0660e-04, -1.2551e-03],
        [-1.9544e-03,  1.5890e-04, -2.5776e-03],
        [ 2.2868e-04, -8.7923e-04,  3.6762e-04],
        [-2.1409e-04, -1.3924e-03, -1.1409e-03],
        [ 1.2284e-04, -1.8693e-03,  1.2388e-03],
        [-4.2601e-04,  2.2047e-03,  1.0603e-03],
        [-1.7797e-04, -1.6164e-03,  1.1038e-03],
        [ 5.3336e-01, -1.2796e-01,  5.5415e-01],
        [ 3.6417e-03, -1.9159e-04, -2.5003e-04],
        [-4.2513e-04, -9.0393e-04,  1.1273e-03],
        [-5.2614e-04, -1.3931e-03,  1.6876e-03],
        [ 9.5850e-04, -9.6055e-04,  1.6497e-03],
        [ 5.0341e-06,  1.8730e-04, -2.2803e-03],
        [-1.1586e-03, -9.2884e-04,  1.3639e-03],
        [ 4.0594e-05, -1.9741e-03, -1.5571e-03],
        [ 5.6111e-04,  5.0234e-04,  4.7621e-04],
        [-1.1557e-04,  1.1976e-03, -1.1748e-03],
        [ 5.3580e-04,  3.1775e-04, -1.6283e-03],
        [ 1.8268e-03,  1.0908e-03,  1.0783e-03],
        [-1.0130e-03,  1.5824e-03, -1.0577e-03],
        [-1.1156e-03, -2.6042e-04,  2.9740e-03],
        [ 9.1875e-04, -5.3870e-04, -9.9788e-04],
        [ 9.7175e-04,  2.5031e-04, -5.6641e-04],
        [-1.1006e-03,  1.6815e-03,  7.6349e-04],
        [-4.7711e-04,  1.8437e-03,  2.1224e-04],
        [-1.8435e-03,  3.2746e-04, -3.8686e-03],
        [ 6.2093e-04, -1.3245e-03,  1.8624e-03],
        [ 7.1666e-04, -7.6564e-04,  1.1558e-05],
        [-9.1900e-04, -7.7748e-04, -1.0065e-03],
        [ 1.4861e-03, -1.1123e-03, -9.1251e-04],
        [ 1.2818e-03, -9.3956e-04,  1.3171e-03],
        [ 8.7976e-04, -1.6471e-04, -1.9107e-03],
        [ 8.2146e-04,  1.3856e-03,  8.0030e-04],
        [-1.1291e-03, -1.2611e-03,  2.8826e-04],
        [ 1.5296e-03, -6.8260e-04,  1.9375e-03],
        [ 2.9230e-03,  6.4467e-04, -9.3205e-04],
        [ 1.3109e-03,  1.4862e-03, -4.7293e-04],
        [ 9.5940e-04, -1.0464e-03,  2.6367e-03],
        [-6.3594e-04, -1.7754e-03, -9.1189e-04],
        [ 7.8694e-04,  7.9823e-04, -1.3437e-03],
        [ 1.3878e-03, -4.1690e-04, -1.4958e-03],
        [ 7.8637e-05, -3.2273e-03, -4.2443e-04],
        [ 1.3848e-03, -1.5219e-03,  5.1261e-04],
        [-4.8274e-04,  1.9586e-03, -8.4173e-04],
        [ 1.7741e-03, -6.0266e-04, -2.6008e-05],
        [-1.0964e-03,  1.7783e-03, -1.9851e-03],
        [-1.2430e-03, -1.6702e-03,  8.3187e-04],
        [-5.5457e-04,  2.3802e-04,  6.4548e-04],
        [-5.4634e-04,  1.1574e-03,  1.4257e-03],
        [ 1.0131e-03,  2.5114e-04, -1.0515e-03],
        [ 9.0070e-04, -1.8560e-03, -7.3306e-04],
        [-1.9000e-03,  1.0324e-04,  4.1293e-04],
        [ 8.7621e-04,  5.9256e-04,  9.3870e-04],
        [ 1.2722e-03,  1.0201e-04, -3.1083e-04],
        [-2.5047e-03, -7.5683e-04, -4.9881e-05],
        [ 4.5312e-04,  3.6248e-04, -7.5855e-04],
        [-9.4984e-04, -2.8825e-03, -6.8629e-04],
        [ 6.0040e-04, -9.7637e-04,  7.9622e-05],
        [ 1.8930e-03,  1.4727e-03,  1.8662e-03],
        [ 4.5752e-04, -2.7026e-04, -1.0908e-03],
        [ 6.4644e-05,  1.3397e-03,  3.3500e-04],
        [-1.5374e-03, -5.6618e-04, -1.2550e-03],
        [-6.3563e-05, -7.1359e-04, -1.4582e-03],
        [ 1.2406e-03, -6.6836e-04,  1.3270e-03],
        [ 2.0225e-03,  1.1322e-03, -1.0082e-03],
        [-1.7174e-03, -1.1006e-03, -1.9946e-03],
        [-2.0715e-03, -1.2523e-03, -6.4150e-04],
        [-2.1213e-03,  1.6417e-03, -4.1327e-04],
        [ 3.9907e-04,  9.3725e-04,  1.5023e-03],
        [-2.9179e-04, -1.4046e-03, -1.1113e-03],
        [ 2.0404e-03,  1.8209e-03,  1.4154e-03],
        [-1.5654e-03, -2.3589e-03, -2.3717e-03],
        [ 9.7614e-04,  1.0635e-03,  2.0294e-03],
        [-7.6785e-06, -4.4294e-05,  9.1678e-04],
        [-3.2404e-03,  7.2188e-04,  1.0125e-03],
        [ 1.0828e-03, -1.0708e-03,  1.7318e-03],
        [ 4.8445e-04, -1.1641e-03, -8.0314e-04],
        [-2.2989e-03,  1.2942e-04, -2.2772e-03],
        [-7.9921e-04,  1.1784e-04, -4.8479e-04],
        [ 1.3966e-03, -2.0087e-03, -5.0018e-04],
        [ 9.2965e-04, -2.5616e-04, -1.7618e-03],
        [ 2.8102e-04,  1.0398e-03,  3.4214e-04],
        [-2.6870e-03,  1.7054e-03, -5.2242e-04],
        [-2.7147e-04,  9.5796e-04, -1.2096e-03],
        [-1.7757e-03, -6.4384e-04, -2.2524e-04],
        [-1.1702e-04,  1.8470e-04,  1.8261e-03],
        [-8.9467e-04, -1.4100e-03,  2.9564e-04],
        [-2.8026e-03, -3.3297e-04,  1.8034e-03],
        [-2.7223e-04,  1.0130e-03, -4.4030e-04],
        [-1.1375e-03,  1.0451e-03, -2.5174e-04],
        [ 1.2965e-03, -1.9576e-03, -4.6258e-04],
        [ 9.1503e-05,  5.8016e-04,  9.3312e-04],
        [ 1.1116e-03,  7.1159e-04,  1.3645e-03],
        [ 4.7911e-04, -1.3864e-03,  7.8020e-04],
        [-1.1785e-04,  1.0566e-03, -6.8014e-04],
        [ 7.9590e-05, -5.2900e-04,  1.0471e-03],
        [-2.0160e-03,  1.0426e-03,  1.8952e-03],
        [-1.2324e-03,  7.1584e-04, -1.2789e-03],
        [ 1.7195e-03, -2.7660e-05,  3.9570e-03],
        [ 4.5443e-04, -9.5993e-04, -1.7580e-03],
        [-1.1087e-03,  1.0987e-03,  3.6535e-04],
        [ 1.5091e-03,  5.4875e-04,  2.2563e-03],
        [-5.0464e-04, -2.0735e-03, -1.6107e-03],
        [-8.9920e-04,  2.1024e-03, -2.4418e-03],
        [ 2.8618e-03, -1.9740e-03, -4.4636e-04],
        [-1.3192e-04,  7.7635e-04, -8.0147e-04],
        [-5.2273e-04,  4.6675e-04,  4.4001e-04],
        [-1.4306e-03,  1.8573e-03,  3.6289e-04],
        [ 4.5699e-04, -3.5557e-04,  2.6075e-04],
        [-4.1838e-04,  1.9548e-03, -1.7092e-04],
        [-5.4924e-04,  1.3382e-03, -2.9126e-04],
        [ 4.5816e-04,  1.9078e-03,  1.5832e-04],
        [-3.5030e-03,  1.4003e-03, -1.4105e-03],
        [ 1.5543e-03,  1.0036e-03, -1.4515e-03],
        [-6.2063e-04, -1.7169e-03,  1.7556e-03],
        [-1.1085e-03, -1.0785e-03, -2.4707e-04],
        [ 1.4132e-03,  2.4561e-04, -2.4838e-04]], device='cuda:0')), ('fcs.0.bias', tensor([-4.0472e-04,  1.0990e-03,  2.1148e-04,  8.4601e-04,  8.5296e-04,
        -1.0092e-03, -6.4726e-04, -2.2175e-03,  3.0095e-04,  2.9958e-05,
        -1.1371e-04, -2.2561e-03,  1.6017e-03, -2.5467e-03, -6.9247e-04,
        -1.0488e-03,  1.7106e-04,  5.3123e-04,  2.7494e-02, -1.3190e-04,
         5.1567e-04,  1.1644e-03, -1.4282e-03,  4.0792e-03, -1.0629e-03,
         7.3759e-04, -7.9535e-04,  1.7320e-03, -1.4570e-03, -8.9438e-05,
        -1.3729e-03, -7.2066e-05, -9.6097e-04,  8.9615e-04,  6.5368e-04,
        -6.5771e-05,  4.5250e-04, -1.7692e-04, -8.7179e-04,  2.5340e-03,
         7.7836e-04,  1.7637e-04,  5.4392e-04, -2.0588e-03, -1.5791e-03,
         1.7372e-04, -1.6244e-04,  1.2270e-03, -5.8615e-04, -1.2174e-03,
         6.7325e-04, -1.2131e-03,  9.3954e-04,  6.2340e-04, -1.3572e-03,
         2.4262e-03,  2.0255e-03,  2.9960e-03, -4.7389e-04,  1.7109e-03,
         2.3968e-04,  7.3531e-04,  1.0722e-03,  5.6105e-04, -7.1718e-04,
        -4.8375e-04, -3.2554e-04, -5.8860e-04,  5.0015e-04, -4.2199e-04,
         1.0203e-03,  1.8377e-03,  2.0714e-03, -9.5655e-05, -2.2356e-05,
         6.9493e-04,  2.1251e-03, -1.1737e-03, -5.1515e-05,  6.4686e-04,
        -1.2964e-03, -3.4882e-03, -1.3114e-03,  1.1387e-03, -2.0345e-03,
        -1.6721e-03, -3.1998e-03,  1.3950e-03,  9.1567e-04, -1.2467e-04,
         6.9756e-04,  2.9687e-03, -4.6805e-04, -2.4937e-03, -1.1611e-03,
        -6.8549e-04,  2.5930e-04,  6.6336e-04,  2.1866e-03, -3.8883e-04,
         1.3958e-03, -5.7502e-04, -1.6511e-05,  1.2717e-03,  8.4927e-04,
         9.8172e-04, -8.9389e-04, -1.2827e-03,  1.0031e-03, -8.2770e-04,
         1.1732e-04, -8.3716e-04, -2.5404e-03, -9.6865e-04,  1.0204e-03,
         1.7798e-03,  3.0212e-04,  8.2866e-04,  1.3170e-03,  1.0317e-03,
        -1.5571e-04,  1.8355e-03, -1.4056e-03,  1.0292e-03,  2.0638e-03,
         5.7997e-04, -1.2096e-03,  1.2887e-03], device='cuda:0')), ('fcs.1.weight', tensor([[-4.9725e-04,  1.6744e-03,  1.9413e-03,  ...,  2.6351e-04,
         -4.9872e-04,  1.2664e-03],
        [-6.7650e-04, -9.5458e-04,  6.0323e-04,  ...,  1.3057e-03,
         -6.9400e-04,  8.4866e-04],
        [-1.9607e-03, -6.7007e-04, -1.2622e-03,  ..., -6.7432e-04,
         -1.3007e-03, -9.0883e-04],
        ...,
        [-8.9414e-04, -4.7304e-04, -1.9467e-03,  ...,  1.3065e-03,
          1.3117e-03,  5.1405e-05],
        [-2.1811e-03,  7.4692e-04, -1.2170e-03,  ..., -8.8997e-04,
          4.5772e-04, -1.0332e-03],
        [ 1.8299e-03,  4.5943e-04,  7.6542e-04,  ...,  1.3114e-03,
         -4.7987e-03,  1.6379e-03]], device='cuda:0')), ('fcs.1.bias', tensor([ 2.1615e-03, -7.0813e-04, -5.2927e-04,  1.3770e-03, -1.7683e-03,
        -9.0235e-04, -1.1458e-03, -6.7717e-04, -1.0709e-03,  1.1917e-03,
        -1.0144e-03, -6.0324e-04,  9.0874e-04,  4.5361e-04, -1.4331e-03,
        -8.7199e-04, -5.9229e-04,  1.9950e-03,  1.5007e-03,  6.0561e-05,
        -1.1577e-03,  3.5699e-04,  3.3240e-05, -4.4644e-04, -1.7222e-03,
         1.4365e-03,  1.3210e-03,  1.2716e-03, -1.2764e-03,  1.8520e-04,
         1.9046e-03, -6.4435e-04,  8.9364e-04, -1.8221e-04, -4.7122e-05,
        -2.4453e-03,  7.8072e-04, -2.1975e-03, -1.1828e-03,  1.0836e-03,
         1.9213e-03, -8.5857e-04, -8.4689e-04,  7.4758e-04, -1.7500e-03,
         6.4350e-04,  1.3148e-03, -1.0816e-03,  2.0880e-04,  1.8427e-03,
        -7.1488e-04, -1.7627e-05,  1.3304e-03, -6.4002e-04, -1.0116e-03,
         2.1701e-03,  1.9784e-03,  3.0832e-03, -1.8790e-03, -2.9254e-04,
        -7.2584e-04,  3.7408e-04, -5.7101e-04, -5.0802e-04, -2.1378e-03,
        -1.0675e-03, -3.0814e-04,  1.9580e-03, -1.1383e-04, -5.0138e-04,
         1.0642e-02,  2.1740e-03,  1.6608e-03,  5.4931e-04,  8.4983e-04,
         1.2299e-03,  4.8546e-04,  6.6378e-04, -9.0686e-05,  5.0080e-04,
        -3.2988e-04,  1.4467e-03,  8.5103e-04, -5.2274e-05, -3.1428e-03,
         3.7084e-04,  1.8916e-04, -8.6588e-04,  3.3969e-03,  2.0429e-03,
        -9.1454e-04,  5.0919e-05,  3.9521e-04, -1.2925e-03,  5.0798e-04,
         1.4540e-03,  5.4989e-04,  2.1963e-04,  9.0861e-04,  8.2448e-04,
        -3.0976e-04,  4.1307e-03, -3.0718e-03,  2.4133e-04,  3.2982e-03,
         2.1273e-03, -6.3458e-04,  1.2769e-03, -5.5744e-04,  6.4229e-05,
        -1.9617e-03, -2.0258e-03, -8.8524e-04, -1.8137e-04,  1.9023e-03,
         5.0248e-04, -1.0048e-03, -6.9563e-04,  2.1761e-03,  2.4263e-04,
         1.6208e-03,  4.3659e-04,  5.8218e-04,  3.3315e-04,  2.8483e-03,
         1.3477e-03, -5.6978e-04, -1.7524e-03], device='cuda:0')), ('fcs.2.weight', tensor([[-1.2666e-04, -2.1383e-04,  3.9423e-05,  2.8813e-04, -3.5531e-03,
         -9.2558e-07, -7.2369e-04,  1.7963e-04, -6.4985e-04,  1.3471e-03,
          1.5949e-03,  4.6952e-04, -1.0282e-04, -1.5404e-04, -8.7636e-04,
         -5.5448e-04,  1.4838e-03,  6.0830e-04,  2.6168e-03, -1.4809e-04,
          6.9825e-05,  7.6681e-04,  3.0577e-04, -1.1453e-04,  9.9018e-04,
         -2.1383e-03, -8.4438e-04,  9.5282e-04,  9.9125e-04, -7.8126e-04,
          1.1528e-03,  7.4358e-04,  1.5780e-04,  7.9411e-04, -2.1758e-04,
         -1.6970e-03, -5.7793e-04, -1.0702e-03,  8.9638e-05, -1.1041e-03,
         -1.9654e-03, -7.1774e-04,  1.5477e-03,  1.4440e-03, -4.6395e-04,
          3.1596e-04, -3.8270e-04, -3.6227e-04, -9.3682e-04, -2.1587e-03,
         -1.3813e-03,  1.4844e-03,  1.5482e-03, -2.2183e-03,  6.8739e-04,
         -1.5416e-04, -1.2756e-03,  6.1552e-04,  7.2625e-04, -3.3745e-04,
         -5.0611e-04, -2.4017e-04,  2.0293e-03,  2.5210e-04,  3.1054e-05,
         -5.8401e-04,  1.4799e-04, -1.7570e-03,  1.2712e-04,  6.0949e-04,
         -8.8653e-01, -5.0103e-04,  2.2488e-03, -2.4533e-04, -2.5327e-04,
          1.0580e-03, -5.8099e-04,  2.5635e-05,  7.4678e-05,  1.3180e-05,
          3.4752e-03, -1.0515e-03,  1.2309e-03,  8.4974e-04, -9.0012e-04,
          1.5716e-03,  2.6367e-03, -4.2042e-04,  1.3342e-03,  1.9991e-04,
          1.2874e-03,  1.3162e-03,  5.7090e-04, -1.0448e-03, -1.2516e-04,
         -6.1473e-05, -1.5631e-03, -4.6382e-04, -8.5030e-06,  3.6202e-04,
         -9.0486e-04, -1.4883e-03,  8.5719e-04,  2.5492e-03, -1.5043e-04,
          7.7611e-04,  2.4113e-05,  1.3289e-03,  9.0503e-04, -4.9931e-04,
         -1.0014e-03, -5.1205e-04, -2.2142e-03,  2.1652e-04, -3.2934e-04,
         -1.8114e-04, -7.7266e-04, -1.9788e-03, -2.3972e-04, -3.9382e-05,
          2.8290e-03, -2.4701e-04,  5.7931e-04,  9.1010e-04, -7.4099e-04,
          5.0695e-05,  2.0454e-05,  1.1716e-03]], device='cuda:0'))])
end of epoch 1: val_loss 0.013579586250115093, val_acc 1.0
trigger times: 0
saving model weights...
Weights: OrderedDict([('fcs.0.weight', tensor([[-1.0045e-03,  1.8369e-04, -8.4730e-04],
        [-1.5539e-03,  1.4873e-03,  8.4407e-06],
        [ 1.2044e-03,  1.2587e-03, -7.5425e-04],
        [ 3.4108e-04, -1.7561e-04, -5.4129e-04],
        [ 8.2807e-04,  5.9092e-04, -8.3439e-04],
        [ 1.4253e-04,  1.4894e-03, -1.0027e-03],
        [-1.3070e-03,  9.4654e-04,  7.5839e-04],
        [ 5.6108e-05,  7.3533e-04,  1.2140e-04],
        [-9.6772e-04,  7.2395e-04,  1.0347e-03],
        [ 4.5525e-04,  2.2560e-04, -6.4046e-04],
        [ 1.0993e-03, -3.3780e-04,  2.3602e-04],
        [-8.9804e-04, -1.0378e-04, -9.6220e-04],
        [-8.3759e-04,  1.0506e-03,  4.6523e-04],
        [ 1.0653e-03, -9.3770e-04,  7.7138e-04],
        [-8.6500e-04, -1.8222e-03, -1.6881e-04],
        [-1.5038e-03,  3.6176e-04, -8.1368e-04],
        [ 1.4360e-03, -8.4029e-04,  3.0570e-04],
        [-1.9029e-03,  1.2812e-03, -1.2111e-03],
        [ 3.4940e-01, -7.9149e-02,  6.4155e-01],
        [ 4.6327e-04, -2.6764e-03, -5.6357e-04],
        [ 1.0769e-03, -1.1023e-04, -8.6927e-04],
        [ 4.5764e-04, -8.9281e-04,  7.0837e-04],
        [-7.6807e-04, -1.3152e-03,  2.3084e-04],
        [ 1.3960e-03, -8.3770e-04,  2.1368e-03],
        [ 7.1936e-04,  2.3479e-04,  1.1743e-03],
        [-5.2330e-04,  1.8880e-03, -1.4043e-03],
        [-9.0340e-04, -4.5037e-03,  2.0498e-03],
        [-2.6659e-04, -7.4609e-04, -1.1388e-03],
        [ 1.6947e-03, -5.5909e-04, -9.8713e-04],
        [ 2.0579e-03, -7.2626e-04,  7.9295e-04],
        [-1.2268e-03,  4.1857e-04, -1.3586e-03],
        [ 1.5155e-03, -1.9425e-03, -3.9293e-04],
        [ 7.8913e-04,  1.4027e-03, -9.5801e-04],
        [ 2.7633e-04,  5.1282e-04,  1.5408e-03],
        [-1.0986e-03,  3.3934e-04,  1.2316e-03],
        [ 1.5210e-03, -7.3795e-04, -1.8559e-04],
        [ 3.0398e-03,  6.0116e-04, -1.8454e-03],
        [ 4.5700e-04, -3.0337e-04,  5.5150e-04],
        [ 2.4169e-03, -2.1763e-03, -1.7623e-04],
        [-1.0222e-03,  8.2820e-04, -9.1532e-04],
        [-1.2222e-03, -7.2051e-04, -1.4178e-03],
        [-2.1706e-03, -8.1208e-04, -2.5283e-04],
        [ 8.1400e-05, -5.6327e-04,  4.5287e-04],
        [-1.3507e-03,  6.3472e-04,  2.9688e-06],
        [ 3.7130e-04, -6.3215e-04,  1.9277e-03],
        [ 4.4489e-04,  7.2734e-04,  9.4655e-05],
        [-2.3476e-03, -4.7780e-04,  1.4612e-03],
        [ 5.6630e-06, -3.6905e-04, -2.6728e-04],
        [ 3.7469e-03, -1.5216e-03, -1.2355e-04],
        [ 4.5551e-04, -9.7833e-04, -5.5091e-05],
        [-1.0583e-04,  1.7592e-03,  6.4750e-04],
        [ 9.7336e-04,  4.2632e-04, -8.6087e-04],
        [ 4.1614e-04, -6.2090e-04,  1.7751e-03],
        [-9.8046e-04,  3.5381e-04, -1.7888e-03],
        [ 1.7241e-03, -8.3276e-04,  6.0425e-04],
        [ 1.2917e-03,  8.1386e-05,  1.6782e-04],
        [ 6.1808e-04, -1.6912e-03, -7.2011e-04],
        [ 5.7100e-04, -8.8594e-05,  8.9903e-04],
        [ 5.9835e-04,  1.7098e-03, -2.1452e-03],
        [-5.3425e-04,  1.3048e-04, -8.6554e-04],
        [ 1.7837e-03,  2.4241e-03, -1.2183e-03],
        [ 8.6327e-05, -1.1677e-03,  1.2762e-04],
        [ 1.3702e-03, -1.2990e-03, -1.4816e-03],
        [-2.7072e-04,  9.0538e-04,  4.3960e-04],
        [ 1.0723e-03, -4.4944e-04, -1.9076e-03],
        [ 7.3523e-04,  7.2027e-04, -9.3437e-05],
        [ 9.1294e-04, -2.0147e-03, -8.7607e-04],
        [ 2.0369e-03, -2.1577e-04, -7.6648e-04],
        [-1.1631e-03, -3.7214e-04,  1.8280e-03],
        [-1.2806e-03, -1.2139e-03,  8.9831e-05],
        [-1.8266e-03,  2.2236e-03,  1.0383e-03],
        [ 3.1216e-04, -4.4171e-04,  9.9346e-04],
        [ 2.1127e-03, -9.2983e-04, -1.1701e-03],
        [ 2.9698e-03,  8.2987e-04, -6.5345e-05],
        [-1.2885e-03, -1.6448e-04, -1.3357e-03],
        [-4.5000e-05, -3.6380e-04, -1.2353e-04],
        [-8.8846e-04, -1.4141e-03,  1.2644e-03],
        [-1.8404e-03, -2.5306e-03, -6.8405e-04],
        [ 3.6112e-04, -1.7074e-03,  1.5797e-03],
        [-3.4415e-04,  1.0958e-03,  2.5547e-03],
        [-1.7295e-03,  1.8805e-03, -2.3600e-04],
        [ 2.3748e-05,  2.1655e-05, -6.4137e-04],
        [ 5.2138e-04,  1.7354e-03, -2.5100e-04],
        [ 2.4003e-04, -3.9814e-04, -2.7387e-03],
        [ 5.4818e-04, -1.0397e-03,  1.7887e-03],
        [ 1.4629e-03,  1.1426e-03, -5.9986e-06],
        [ 9.2203e-04, -4.6716e-04, -1.6268e-03],
        [-1.6879e-03,  2.1150e-03, -7.5551e-04],
        [ 5.8500e-04, -3.0041e-04,  4.2323e-04],
        [-1.2797e-03,  4.5696e-04,  9.8768e-04],
        [-2.9395e-03,  3.0277e-03,  7.2964e-04],
        [-9.8051e-04,  1.6126e-04, -1.3062e-03],
        [ 5.6383e-04, -1.6948e-03,  3.4738e-04],
        [ 6.5605e-04,  6.6972e-05, -1.8634e-03],
        [-1.7287e-03,  8.5262e-04, -1.8258e-03],
        [ 1.4717e-04,  4.8216e-04, -9.9103e-04],
        [-3.2961e-04, -6.5204e-05, -1.3668e-04],
        [-5.5513e-04,  1.0374e-03, -7.4057e-04],
        [-8.1411e-04, -1.2369e-03, -1.1391e-03],
        [ 2.0014e-04, -2.6613e-05,  7.2887e-04],
        [-1.9645e-03,  8.6881e-04,  2.4085e-03],
        [-1.5893e-03, -1.2392e-03, -1.5469e-04],
        [-1.0272e-03,  1.0238e-03, -1.4852e-03],
        [ 1.7976e-04, -1.2206e-03,  2.1898e-04],
        [ 7.0778e-04,  1.7264e-03,  1.4325e-04],
        [ 9.8496e-04,  3.1913e-04,  1.8900e-03],
        [-3.4840e-04, -1.0254e-03, -7.6036e-04],
        [-1.6720e-03, -1.1335e-03,  4.4916e-04],
        [ 2.6318e-03, -1.4752e-04, -6.2504e-04],
        [-2.6187e-04, -1.0924e-03, -7.7044e-04],
        [-9.1662e-04,  2.5365e-04,  6.6621e-04],
        [ 6.7628e-05,  6.4868e-04, -7.5999e-04],
        [ 9.0386e-05, -1.2702e-03, -1.3770e-04],
        [-1.5164e-03,  7.4393e-04, -4.0088e-04],
        [-1.8933e-03,  1.6497e-03, -5.6734e-04],
        [ 2.5487e-03, -1.9423e-03, -1.2068e-04],
        [-1.1557e-03,  3.3036e-03, -1.8764e-03],
        [-5.6379e-04, -1.6151e-03, -1.1072e-03],
        [-6.7945e-04,  2.5013e-03,  2.0018e-05],
        [-4.0835e-04, -4.0579e-05, -1.4683e-03],
        [-4.2514e-04, -1.3066e-03, -5.8327e-04],
        [ 1.4379e-03, -1.3340e-03,  8.1667e-04],
        [ 2.3765e-03,  5.7937e-05,  1.4405e-03],
        [-1.4514e-03,  4.0686e-04, -1.4798e-03],
        [-1.1231e-03, -1.8836e-03, -4.6000e-04],
        [-9.3517e-04, -1.7238e-03,  6.4662e-04],
        [-6.8607e-04,  4.2736e-04,  2.6223e-04],
        [-8.4027e-04,  2.0909e-03,  2.7627e-03]], device='cuda:0')), ('fcs.0.bias', tensor([ 2.0554e-03,  5.3924e-04, -1.7736e-03,  3.8270e-04, -2.4690e-03,
         1.6635e-03,  1.1653e-03, -7.4263e-04, -9.6006e-04,  4.1349e-04,
        -1.0216e-03, -1.3865e-03, -1.7529e-03,  2.4755e-04, -9.2739e-05,
        -4.7300e-04,  1.5678e-03, -3.1237e-04,  1.5289e-01,  3.5147e-04,
        -5.4227e-04,  4.2120e-04, -6.7398e-04, -1.1720e-04, -1.3379e-03,
         2.2173e-03,  9.7275e-04,  7.1878e-04,  4.2362e-04, -2.6839e-03,
         1.1948e-04,  1.6471e-03, -5.4524e-04,  4.1731e-04, -1.2339e-04,
         1.5358e-03, -2.4050e-03, -1.3064e-03, -1.0044e-03,  6.0547e-04,
         7.7668e-04, -2.6699e-03,  4.9932e-04,  1.2809e-03, -5.9186e-04,
         5.4908e-04,  3.7728e-04, -7.2399e-04, -2.8792e-04,  2.6688e-04,
        -1.2223e-03,  2.2774e-03,  2.5434e-03,  1.8590e-04, -7.0009e-04,
        -8.2563e-05, -7.0391e-04,  9.5746e-04, -6.1867e-04,  1.1201e-03,
         2.9514e-04,  7.2987e-04,  2.7625e-04,  2.5912e-03, -1.7918e-03,
         6.9660e-04, -2.3074e-03,  1.1050e-03, -7.5746e-04, -1.2722e-03,
         1.0358e-03, -1.7030e-03, -1.1603e-04, -1.4387e-04,  1.9153e-03,
         1.0054e-04, -7.0512e-04, -9.7755e-04, -3.4310e-04,  2.4197e-04,
         8.2167e-04,  7.4453e-04,  9.8084e-04,  5.6331e-05,  6.1869e-04,
        -3.6652e-04,  5.7902e-04,  2.4885e-03,  1.2308e-03,  1.0713e-04,
        -2.7079e-03, -1.8352e-03,  2.7182e-03, -8.0836e-04,  1.7431e-03,
        -1.3105e-03,  5.6465e-04,  2.1224e-03, -9.2111e-04, -3.1361e-05,
         4.4749e-04,  8.0687e-05, -8.2860e-04,  8.0760e-04,  1.7708e-03,
        -1.4044e-04, -6.0270e-04,  8.2497e-04,  6.3092e-04, -1.4381e-03,
         6.3259e-04, -5.9191e-04, -7.4936e-05,  2.4123e-03,  8.5542e-04,
         1.4384e-03, -4.8182e-04,  1.9305e-03, -3.8113e-04,  9.8695e-04,
         2.5278e-03,  1.8403e-03,  1.3030e-04,  3.6562e-03, -1.6225e-03,
        -1.5439e-04,  1.7936e-03,  7.3290e-04], device='cuda:0')), ('fcs.1.weight', tensor([[-4.9709e-04,  1.7689e-03,  1.9592e-03,  ..., -1.0011e-03,
         -4.9874e-04,  1.3043e-03],
        [-6.7375e-04, -1.2000e-03, -1.9912e-03,  ...,  1.3041e-03,
          1.5558e-04,  8.8770e-04],
        [-1.9621e-03, -6.7380e-04, -1.2618e-03,  ..., -6.7614e-04,
         -1.3049e-03, -9.1135e-04],
        ...,
        [-8.9387e-04, -4.9392e-04, -1.9601e-03,  ...,  1.3096e-03,
          1.3114e-03,  5.2018e-05],
        [-2.1802e-03,  8.8157e-04, -1.2897e-03,  ..., -8.9175e-04,
          4.6148e-04, -2.5079e-03],
        [ 1.8300e-03,  4.6107e-04,  7.6573e-04,  ...,  1.3051e-03,
         -4.7976e-03,  1.6384e-03]], device='cuda:0')), ('fcs.1.bias', tensor([ 2.1798e-03, -2.1239e-04,  1.1024e-03,  1.7386e-03,  1.0606e-03,
         6.0256e-04,  1.2971e-03,  1.4823e-03,  1.1046e-03,  1.6871e-03,
        -1.6586e-03, -1.7906e-03,  2.1277e-03,  5.9436e-04, -1.7534e-03,
        -7.0010e-04,  8.4247e-05,  2.1406e-03, -9.9009e-04, -9.9754e-04,
        -1.3400e-03,  1.3146e-03,  2.1780e-03, -7.8583e-04,  2.9544e-03,
        -1.7345e-03, -8.6975e-04,  1.5272e-03, -1.8294e-03, -6.8547e-04,
        -7.2183e-04,  6.5533e-04,  5.4563e-04, -3.5338e-05,  1.2253e-03,
        -2.3942e-03,  6.0922e-04, -2.1803e-03, -7.0029e-04, -4.0988e-04,
         1.9568e-03,  1.0512e-03,  2.1619e-03, -1.2696e-05,  1.9124e-03,
        -4.4072e-04, -1.0927e-03, -3.6724e-04,  3.6693e-04, -8.3492e-04,
         1.5037e-03,  1.2398e-03, -2.1442e-04, -9.4397e-04, -2.7630e-03,
         2.2444e-03,  1.9619e-03,  2.2428e-03,  1.8384e-03, -2.1613e-03,
        -7.6537e-04, -1.5788e-04, -1.3826e-03, -6.6491e-04, -2.1955e-03,
         1.6830e-03, -1.3013e-03, -1.3159e-03, -1.4702e-04, -4.6276e-04,
         1.8231e-01,  2.2047e-03, -1.0470e-03,  7.5613e-04,  9.4479e-04,
        -1.9957e-03,  4.0266e-03,  6.7225e-04, -2.0831e-03, -1.1630e-03,
        -1.8364e-03, -7.7847e-04,  1.6957e-03,  3.4086e-04, -3.1272e-03,
         3.3529e-04, -6.6877e-04,  1.6084e-04,  1.9491e-03,  4.7966e-04,
         1.2385e-03,  1.3370e-03, -1.8881e-03, -1.2633e-03,  1.3379e-03,
         1.7146e-03, -7.6380e-04,  6.5517e-04,  6.8309e-04,  7.9130e-04,
        -6.1495e-04,  8.4307e-04, -3.1341e-03,  9.7637e-04,  3.3363e-03,
         1.7239e-03,  8.4108e-04, -1.4964e-03,  2.4082e-03, -1.5863e-03,
        -4.8045e-05, -1.9600e-03,  1.5703e-04, -1.9573e-03,  1.2537e-03,
         1.2492e-03, -6.7980e-04,  1.0204e-03,  2.0742e-03, -1.0621e-03,
        -6.8528e-04,  6.2978e-04, -2.0387e-03, -4.3386e-04, -8.9831e-04,
         1.3275e-03, -2.3552e-04, -2.2906e-03], device='cuda:0')), ('fcs.2.weight', tensor([[-4.0199e-04,  5.8158e-04, -4.8470e-04,  8.4915e-04,  3.4797e-04,
         -4.8242e-04,  3.7458e-04, -8.1562e-04, -7.4654e-04, -5.6010e-04,
          7.6224e-04,  2.6132e-03, -6.7491e-04,  7.0604e-04,  9.0201e-04,
         -6.5783e-05, -1.4766e-04, -1.8029e-03,  4.8589e-05,  1.2540e-04,
          9.3354e-04, -9.8900e-04, -6.0744e-04,  6.1154e-04, -1.4853e-03,
         -1.0533e-03,  1.0053e-03,  3.4163e-04,  4.9338e-04,  9.6318e-06,
          1.2536e-04, -2.0329e-04, -3.2487e-04, -1.0698e-03,  5.2489e-04,
         -1.8248e-03,  1.0769e-03,  9.8861e-06,  1.2518e-04, -1.2392e-03,
         -1.1092e-03,  9.0223e-04, -1.2149e-03,  6.4523e-04, -3.6347e-04,
         -1.2557e-03,  1.2449e-03, -3.1972e-03,  1.2557e-05, -1.5646e-04,
          5.4629e-04,  6.4374e-04,  1.0667e-03, -4.9096e-04,  5.2362e-04,
         -1.5300e-05, -5.5995e-04, -8.0362e-05, -1.1599e-03, -1.1616e-03,
          8.9789e-04,  5.3705e-04,  8.0711e-04,  8.0013e-04, -4.4420e-04,
         -5.2505e-04, -8.0911e-04,  4.9959e-04,  1.2294e-03, -2.7266e-04,
         -7.9286e-01,  2.1353e-04, -1.9146e-03,  8.3929e-04,  5.9730e-04,
         -4.7668e-04, -3.7203e-04,  8.2094e-04,  7.0465e-04,  2.5382e-04,
          1.1263e-03, -7.1805e-04, -1.4379e-03,  3.2062e-05, -9.8727e-04,
          1.5956e-03,  1.3287e-03,  7.0447e-04, -4.7466e-04,  1.1889e-04,
         -7.4377e-04, -3.8263e-04, -1.4268e-04,  1.1213e-03,  2.1015e-04,
          1.7718e-04, -7.1812e-04, -2.9037e-04,  1.3739e-03, -1.1050e-03,
         -7.7099e-04,  1.0244e-03, -1.6329e-03, -1.4321e-03, -1.6360e-04,
          1.7998e-03,  6.5167e-04, -9.4366e-04,  5.5580e-04, -5.4552e-05,
          1.1993e-03,  6.5444e-04,  5.8362e-05, -3.3802e-04,  5.8169e-04,
          1.0556e-03,  1.0147e-03, -1.3645e-03, -1.7326e-03,  9.4507e-04,
          2.1994e-03, -3.1058e-04, -5.1470e-04,  1.6818e-03,  1.8207e-04,
         -8.9277e-04, -8.6354e-05, -2.3075e-03]], device='cuda:0'))])
end of epoch 2: val_loss 0.01149460967822467, val_acc 1.0
trigger times: 0
saving model weights...
Weights: OrderedDict([('fcs.0.weight', tensor([[ 1.4515e-04, -8.8703e-05,  1.3066e-03],
        [ 1.0521e-03, -1.1741e-04,  8.0958e-04],
        [-1.2855e-03,  8.5211e-04, -1.2973e-04],
        [-6.1262e-04,  1.0016e-03,  6.9193e-04],
        [ 4.8389e-04,  1.5791e-03, -1.2018e-03],
        [-1.6875e-03,  4.6342e-04,  7.4575e-04],
        [ 4.6724e-04,  6.5195e-04,  1.2272e-03],
        [-7.9923e-04,  5.0417e-04,  1.9531e-03],
        [ 2.4710e-03, -3.5213e-04, -7.5675e-04],
        [ 2.3972e-03,  1.9845e-03,  7.9998e-05],
        [ 3.7590e-03,  3.5076e-04,  3.4805e-04],
        [ 1.7659e-03, -3.2026e-04,  2.1263e-04],
        [ 5.7378e-04, -2.1587e-03, -3.8137e-05],
        [ 6.3864e-04, -1.4630e-03, -3.2778e-04],
        [ 6.0051e-04,  1.1312e-03, -4.6975e-04],
        [ 1.9601e-03,  2.5135e-04, -5.0742e-04],
        [-7.5448e-04, -3.2942e-04,  2.0490e-04],
        [-1.0494e-03,  1.2785e-03, -4.9148e-04],
        [ 2.8605e-01, -3.1761e-02,  7.0176e-01],
        [-3.4417e-03, -5.1943e-04, -2.2346e-04],
        [-8.4640e-04, -8.2655e-04,  4.0044e-04],
        [ 1.8479e-03,  1.4574e-03,  1.7078e-03],
        [ 1.2623e-03, -1.3672e-03,  5.9762e-06],
        [ 2.1669e-04, -1.4028e-03, -5.0444e-04],
        [ 1.2297e-03, -4.0148e-04, -9.5709e-04],
        [-7.0027e-04,  7.1557e-05, -1.1777e-03],
        [-9.5883e-05,  4.5807e-04, -2.7006e-03],
        [ 4.9230e-04,  1.6613e-04,  1.0394e-04],
        [ 1.4644e-03, -2.2104e-03,  8.2353e-04],
        [-1.2037e-03,  1.3175e-03, -5.8900e-05],
        [ 2.7438e-04, -2.8986e-05, -2.3620e-03],
        [-2.5698e-03, -1.0344e-03, -1.8640e-03],
        [ 7.1298e-04, -4.4710e-04, -7.8780e-04],
        [ 1.5117e-03,  1.0147e-04,  1.9759e-03],
        [-2.5588e-03, -4.4143e-04,  8.5678e-04],
        [ 6.7321e-04, -1.8334e-03, -2.5564e-03],
        [ 2.8922e-04,  1.0272e-03,  1.4560e-03],
        [-3.0900e-04,  1.1712e-03,  2.5628e-03],
        [ 2.1657e-04, -8.1218e-04, -5.5840e-05],
        [ 2.5133e-03, -3.9099e-04,  9.1780e-04],
        [ 1.6750e-03,  1.1176e-03, -1.5224e-03],
        [-9.6036e-04, -1.4975e-03,  2.2965e-03],
        [ 1.1809e-03,  1.8302e-03,  6.2451e-04],
        [ 1.7276e-03,  6.9803e-04,  2.4588e-04],
        [-1.5619e-03, -1.5534e-03,  8.1924e-04],
        [-4.7573e-04,  1.2062e-04,  7.3206e-04],
        [ 6.8125e-04,  9.4116e-05,  4.2888e-04],
        [ 8.3652e-05,  3.8265e-04, -1.4484e-03],
        [ 3.1278e-04, -4.1022e-04,  9.3719e-04],
        [ 1.0043e-03, -1.8265e-03,  1.9660e-03],
        [-5.8252e-05,  9.2688e-04,  7.6558e-04],
        [-5.4413e-04, -9.3526e-04,  6.3932e-04],
        [-1.6181e-03,  1.4132e-04, -7.4548e-04],
        [-1.9735e-03, -3.2941e-06,  1.0268e-03],
        [ 1.2777e-03,  2.4993e-03,  6.9070e-04],
        [ 1.4776e-03, -6.4302e-04,  1.4560e-03],
        [-7.2989e-04, -2.4504e-03,  2.6725e-03],
        [ 2.0565e-05, -5.5600e-04,  1.0785e-03],
        [-1.6341e-03,  9.7243e-04,  3.4355e-04],
        [ 1.0175e-03,  1.7694e-05,  1.0064e-03],
        [-9.0122e-04, -2.8934e-03,  8.5134e-05],
        [-7.0508e-04,  3.0092e-03,  1.1642e-03],
        [ 3.2877e-03,  7.7446e-04,  3.3570e-03],
        [ 6.2499e-05,  8.3091e-04, -3.5046e-04],
        [ 7.7437e-04,  5.7444e-04, -8.3508e-04],
        [-5.7990e-04,  1.4075e-03,  1.5133e-03],
        [-9.5208e-05,  1.9547e-03, -7.6423e-04],
        [-1.9456e-04, -6.1909e-04,  8.6928e-04],
        [ 7.2395e-04, -2.5568e-03, -1.0503e-03],
        [-7.7532e-05,  8.8018e-04,  4.1231e-04],
        [ 1.8565e-03,  1.0493e-03, -1.7630e-03],
        [-1.7930e-04, -4.5346e-04, -1.4200e-03],
        [-1.3271e-03,  1.3195e-03, -1.6726e-03],
        [ 1.8300e-05,  1.3250e-04,  5.7456e-04],
        [-8.0749e-04,  5.7637e-04, -5.8345e-04],
        [ 7.6708e-04,  2.7471e-03,  1.1702e-04],
        [ 1.2072e-03, -6.9365e-04,  2.7286e-04],
        [ 5.1477e-04,  2.4306e-04,  1.8815e-03],
        [ 5.3864e-04, -1.7916e-03,  5.1995e-04],
        [ 3.2452e-04, -1.6716e-05, -2.0568e-04],
        [-7.3998e-04, -1.7962e-04,  7.1163e-04],
        [ 5.9190e-04, -4.8177e-04, -4.8850e-04],
        [-2.8876e-04, -4.8467e-04,  2.6532e-03],
        [ 1.4322e-04,  7.6113e-05, -1.3705e-04],
        [-1.5157e-03,  8.8685e-05, -7.5523e-04],
        [-3.0292e-05,  3.4750e-05, -5.8361e-04],
        [-1.2056e-05,  6.9021e-04,  2.0491e-04],
        [ 1.2209e-03,  2.5858e-03, -7.0012e-04],
        [-1.4019e-05,  1.2123e-03, -6.4602e-04],
        [-6.6342e-04, -4.6620e-04, -3.1916e-04],
        [ 2.4894e-03,  1.3810e-03, -1.5165e-03],
        [ 1.0512e-03,  8.1711e-04, -1.7562e-03],
        [-4.7046e-04,  2.0401e-04, -4.4724e-04],
        [-4.5649e-04, -1.7460e-03,  9.8773e-04],
        [ 1.0232e-03, -2.3433e-04,  1.0854e-03],
        [ 1.1046e-03, -2.5690e-03, -4.7598e-04],
        [ 2.8513e-03, -1.7376e-03,  1.4049e-03],
        [-1.9547e-03,  1.7645e-03,  1.0939e-03],
        [ 1.5102e-03,  9.4028e-04, -6.9237e-04],
        [-1.2670e-03,  2.5324e-03,  9.8807e-04],
        [-1.9379e-03,  7.5615e-04,  8.0862e-04],
        [ 1.0877e-03,  1.2501e-03, -2.8459e-03],
        [ 8.9943e-04, -2.0056e-03, -3.4002e-06],
        [ 4.7462e-04,  9.0517e-04,  3.7266e-04],
        [ 1.2062e-03, -8.1173e-04,  7.1432e-04],
        [-4.9329e-05,  7.3873e-04, -1.3110e-03],
        [-5.6976e-05,  3.9204e-03, -3.0987e-04],
        [-1.6498e-03,  7.5119e-04, -1.4871e-03],
        [-2.9396e-04, -6.6006e-05,  1.3041e-04],
        [ 1.1077e-03, -7.2938e-04,  1.2758e-03],
        [-5.2845e-04,  1.0946e-03, -8.0104e-04],
        [ 6.9429e-04,  4.6411e-04, -2.2181e-03],
        [-1.3533e-04, -1.3344e-03,  3.9885e-04],
        [-9.0422e-05,  1.1189e-03, -1.3594e-03],
        [-1.7359e-03,  4.9352e-04, -7.2429e-04],
        [-8.3435e-04, -8.7605e-04,  2.2341e-03],
        [-1.4270e-03,  2.2659e-03,  1.2964e-03],
        [ 1.5612e-03,  7.1500e-04,  2.0096e-03],
        [-1.2489e-04,  3.7238e-04, -9.0452e-04],
        [-1.2513e-03, -1.3548e-03,  1.5329e-03],
        [ 1.5716e-04, -1.1999e-03,  4.9053e-05],
        [-1.2402e-03,  1.0631e-03, -1.0320e-03],
        [ 6.4209e-04,  2.3540e-03, -8.5717e-05],
        [-8.2569e-04, -7.2843e-04,  6.5866e-05],
        [ 2.0569e-04,  7.2887e-04, -8.9819e-04],
        [-2.4255e-03,  2.2723e-04, -2.4510e-03],
        [ 4.5535e-04,  7.2545e-04,  1.0422e-03],
        [ 1.6260e-03, -8.8692e-04, -1.6900e-03]], device='cuda:0')), ('fcs.0.bias', tensor([-5.4405e-04, -2.3298e-03, -1.7271e-03,  1.2843e-03, -1.3294e-04,
        -8.8448e-04,  7.9223e-04,  4.7778e-04,  2.7324e-04,  1.2061e-03,
         3.5398e-04,  2.3721e-03, -1.1108e-03,  8.0936e-05, -1.8858e-03,
         1.3435e-04,  4.1723e-03, -1.0874e-03,  9.1116e-02, -1.0869e-03,
         4.2303e-04,  6.7352e-04,  3.3063e-04,  2.9732e-04,  4.5062e-04,
         1.6068e-05,  1.1116e-03, -2.8792e-04,  8.2837e-04,  2.3927e-04,
         1.1779e-03, -7.9823e-05, -7.1053e-04,  6.1858e-04, -1.2640e-03,
         3.5996e-04,  6.8090e-04,  5.8218e-04, -1.9604e-03,  2.6806e-03,
         1.7249e-03,  1.0175e-03, -1.2170e-03, -1.8343e-03,  7.0188e-04,
        -1.2450e-03, -1.5959e-04,  1.0870e-03,  1.6536e-03, -2.3163e-03,
        -2.3002e-04, -8.8177e-04,  1.0182e-03, -2.0374e-03,  1.7122e-03,
         7.2243e-04, -1.1186e-03,  1.0140e-03, -1.5396e-03, -8.2704e-04,
         5.1964e-04, -2.7669e-03, -3.3660e-04,  6.9875e-04,  1.2490e-03,
         3.3477e-04, -1.2493e-03, -3.3668e-04, -9.8308e-04,  1.8522e-04,
        -1.0434e-04,  1.7093e-03,  8.5569e-04,  9.8187e-04,  6.7473e-04,
        -6.0362e-04,  1.6972e-03, -1.3324e-03,  1.1925e-03, -8.8541e-05,
        -1.9937e-03,  1.4696e-03, -1.0656e-03,  6.0271e-04,  7.1434e-04,
         1.6533e-03,  2.0426e-03, -3.1862e-05,  2.2542e-03,  8.2491e-04,
         6.2936e-03,  9.8231e-04,  1.6396e-04, -5.0367e-04, -8.9071e-04,
         1.1697e-03,  1.5873e-03, -2.0993e-04, -1.1669e-03, -7.1589e-05,
        -7.8186e-04,  1.5161e-03,  1.8233e-03, -2.8964e-03,  2.3484e-03,
        -1.1114e-03,  2.4571e-03, -2.5016e-03, -6.5238e-04,  6.9845e-04,
        -2.1442e-03, -7.7767e-04,  1.4417e-03,  1.2031e-03, -1.7461e-03,
        -6.0013e-04, -1.1714e-03,  2.4358e-03,  1.7806e-04,  1.9057e-03,
        -8.7178e-04, -9.7720e-04,  7.9341e-04, -2.4498e-03, -4.3002e-04,
         4.6871e-04,  1.6201e-03,  6.4490e-04], device='cuda:0')), ('fcs.1.weight', tensor([[-4.9861e-04,  1.7817e-03,  1.9610e-03,  ...,  3.2731e-04,
         -4.9925e-04,  1.3100e-03],
        [-6.7582e-04, -1.2503e-03, -1.1785e-03,  ...,  1.3027e-03,
         -1.8530e-04,  8.9128e-04],
        [-1.9627e-03, -6.7354e-04, -1.2598e-03,  ..., -6.7443e-04,
         -1.3031e-03, -9.1009e-04],
        ...,
        [-8.9345e-04, -4.9757e-04, -1.9623e-03,  ...,  1.3102e-03,
          1.3114e-03,  5.2334e-05],
        [-2.1818e-03,  9.0593e-04, -1.3019e-03,  ..., -8.9285e-04,
          4.6230e-04,  6.6272e-04],
        [ 1.8290e-03,  4.5952e-04,  7.6520e-04,  ...,  1.3109e-03,
         -4.7993e-03,  1.6398e-03]], device='cuda:0')), ('fcs.1.bias', tensor([ 3.4602e-04,  1.3427e-03, -1.9873e-03,  1.7551e-03,  1.9619e-03,
         2.1751e-03, -2.3888e-04, -7.2759e-04,  1.0113e-03,  8.3865e-04,
         6.0749e-04,  8.0827e-04, -1.8156e-03,  1.7233e-03, -1.7314e-03,
        -9.3701e-04,  1.7880e-03, -4.8241e-05,  4.3885e-04,  2.6237e-03,
        -1.3051e-03,  1.1320e-03,  2.1802e-03,  3.4001e-04,  3.0126e-03,
         2.1164e-03,  1.4359e-03,  1.1561e-03,  1.9328e-03,  1.9784e-03,
        -8.0032e-04,  6.3953e-04, -1.4643e-03,  1.8899e-03, -1.9581e-03,
         7.1382e-04,  1.0271e-03,  2.1129e-04,  4.3531e-04, -8.9600e-04,
         5.1299e-04,  1.2025e-03,  2.1800e-03, -1.9318e-03, -9.2286e-04,
        -5.5158e-04, -1.3290e-03,  1.7872e-03,  1.2562e-03, -7.8484e-04,
         2.1200e-03, -2.7813e-03,  9.2295e-05, -1.5871e-03, -1.1133e-03,
        -2.5458e-03, -2.0626e-03, -1.0293e-03, -6.2339e-04, -2.1954e-03,
        -8.1523e-04, -5.4590e-04,  2.2342e-04,  3.3067e-04, -2.1793e-03,
         1.7012e-03, -1.2918e-03,  3.5346e-04, -2.7475e-04, -1.3961e-04,
         1.5401e-04,  1.0122e-03, -6.1429e-04, -2.2209e-03,  8.6879e-04,
        -4.1653e-04,  1.7056e-03, -6.7685e-04, -2.2859e-03,  4.4317e-04,
        -2.0191e-04,  7.6543e-04,  1.0279e-03, -1.3173e-03,  1.9489e-03,
         1.8021e-04, -1.6738e-03,  1.7235e-03,  1.5488e-03, -6.9857e-04,
         8.8224e-04,  1.3208e-03, -2.2854e-03,  7.3552e-04,  5.5225e-04,
         1.8417e-03, -8.1612e-04,  8.5355e-04, -9.3058e-04,  7.5713e-04,
         4.4473e-04,  7.0887e-05,  7.9809e-04,  1.8217e-03, -7.7326e-04,
        -1.5029e-03,  7.4510e-04, -1.1081e-03,  1.9626e-03,  5.0519e-04,
         5.5676e-04, -5.5251e-04,  2.0884e-03, -2.1228e-03,  2.8316e-03,
         7.2410e-04,  2.0046e-03, -1.2405e-03,  2.3101e-03, -1.3402e-03,
        -3.2859e-04,  8.5894e-04,  2.0125e-03, -3.0851e-03, -1.0085e-03,
         1.3056e-03, -3.5134e-04, -7.8359e-04], device='cuda:0')), ('fcs.2.weight', tensor([[ 6.6876e-04,  3.9378e-04, -1.6571e-04,  7.1233e-04, -3.7788e-04,
         -5.5748e-04,  2.3171e-04,  4.3960e-04, -7.1740e-04, -2.3341e-03,
          1.1564e-03, -1.1254e-03,  8.1743e-04,  1.0813e-03,  6.2802e-04,
         -8.1428e-04,  3.5664e-04, -6.3880e-04, -9.7373e-04, -7.6103e-04,
          1.6087e-03, -6.9079e-04, -2.5556e-04, -5.7350e-04,  6.0922e-04,
          1.6206e-03, -1.2541e-03,  6.6534e-04, -1.1451e-03,  1.3699e-03,
          2.5100e-03, -1.3582e-03, -1.5565e-03, -1.3365e-03, -5.3589e-04,
          7.8299e-05, -1.5322e-03,  5.8994e-04,  1.4071e-03, -1.1500e-03,
          4.0580e-04, -1.2248e-03, -1.0044e-03, -1.1295e-04,  5.6935e-05,
         -2.0390e-03,  1.2082e-03, -1.6527e-03,  1.9134e-04,  1.1264e-04,
          1.0010e-03, -1.3274e-03,  8.9803e-04,  9.1442e-04,  1.7450e-04,
          1.7700e-03,  2.6936e-03,  1.0893e-03,  2.8834e-04,  5.8286e-04,
          7.4954e-04, -9.4755e-04,  2.7876e-04,  1.2783e-04,  3.6855e-04,
         -2.1238e-03,  2.8358e-03, -9.3101e-04, -2.0382e-03, -9.4934e-04,
         -8.5902e-01,  1.8764e-04,  1.4570e-03,  7.6011e-04, -4.3540e-05,
         -8.4043e-04,  8.4601e-04,  2.1626e-03,  2.4302e-04, -6.7454e-04,
          5.0312e-04, -1.9000e-03, -3.4066e-04, -1.1686e-03,  1.7229e-03,
          1.1395e-03,  5.0881e-04, -4.8070e-04, -3.7227e-03, -9.2625e-04,
          7.6741e-05, -2.8090e-03, -4.4450e-04, -4.2359e-04, -1.4892e-03,
          1.1015e-04, -2.6448e-04, -3.8540e-04,  1.6861e-03, -1.3897e-03,
          2.7670e-05, -2.2552e-03, -1.4147e-03,  1.1953e-04,  7.5812e-04,
          1.2063e-03, -6.3559e-04,  3.4327e-04, -8.9547e-05,  3.1603e-04,
         -1.1798e-03,  4.7160e-04, -3.5328e-04,  1.1584e-03, -3.7206e-03,
          4.3351e-04, -1.4187e-03, -1.6677e-03,  3.7288e-04, -8.5806e-04,
         -2.1709e-03, -2.9064e-03,  1.3489e-03, -1.3984e-03, -7.6925e-04,
         -4.2864e-04, -1.0266e-03,  3.2491e-04]], device='cuda:0'))])
end of epoch 3: val_loss 0.01585294250561546, val_acc 1.0
trigger times: 1
end of epoch 4: val_loss 0.019122558336184134, val_acc 0.995
trigger times: 2
end of epoch 5: val_loss 0.009860501188289135, val_acc 1.0
trigger times: 0
saving model weights...
Weights: OrderedDict([('fcs.0.weight', tensor([[-2.5987e-04,  4.8176e-04,  5.6835e-04],
        [-5.6317e-04, -5.3708e-04,  7.8013e-04],
        [-1.0120e-03, -1.0583e-03, -1.2268e-04],
        [ 1.9338e-03, -6.7612e-04, -3.1089e-05],
        [ 3.3539e-05,  5.1737e-04,  1.6647e-03],
        [ 1.7714e-03, -4.3445e-03,  1.0057e-03],
        [ 9.4253e-04, -3.3396e-04, -1.0838e-03],
        [-1.1174e-03,  6.6902e-04,  5.9490e-04],
        [ 1.0151e-03,  9.6661e-04, -4.3012e-04],
        [ 1.1300e-03,  1.7006e-03,  2.2797e-03],
        [-1.3702e-03,  1.7616e-04,  1.0027e-03],
        [ 1.3216e-03,  3.2470e-03, -1.5462e-03],
        [ 1.0507e-03, -1.1653e-03, -1.6494e-03],
        [ 6.0581e-04, -1.9184e-03,  3.5247e-04],
        [ 4.9575e-04, -9.8980e-04,  7.2019e-04],
        [-2.3638e-03, -6.9972e-04,  1.3548e-04],
        [-8.0325e-04,  8.6292e-04, -5.4397e-04],
        [-1.5348e-04,  6.5379e-04,  5.0663e-05],
        [ 4.0155e-01, -7.4632e-02,  6.9120e-01],
        [ 4.3642e-04,  1.5022e-03, -1.8791e-04],
        [-4.4569e-04, -6.2141e-04, -1.0772e-03],
        [ 5.1486e-04,  2.0185e-03, -4.3491e-03],
        [-1.7568e-03,  1.7397e-03, -1.4708e-03],
        [ 3.4052e-04,  1.2488e-03, -7.1634e-04],
        [ 7.9945e-05, -1.2289e-03, -8.1943e-04],
        [ 5.4167e-04,  6.9924e-04,  1.9225e-03],
        [-1.9487e-04,  2.0835e-03, -1.3102e-03],
        [-9.0330e-04, -1.4430e-03,  9.4974e-04],
        [ 7.0940e-04, -1.0836e-03,  9.3233e-04],
        [-1.4318e-03,  1.3731e-03, -2.5494e-03],
        [ 4.5514e-05,  7.6269e-04, -5.3946e-04],
        [-9.4665e-04,  5.0714e-04, -2.7523e-03],
        [-1.4178e-03,  1.1804e-03, -3.4854e-04],
        [ 5.7737e-04,  9.5790e-04,  5.1299e-04],
        [ 1.8315e-03, -2.5431e-03,  2.6448e-03],
        [ 1.5180e-03,  6.0611e-04, -7.7794e-04],
        [ 3.2197e-04, -1.2495e-03,  7.9079e-04],
        [-5.6624e-04,  4.3491e-04,  1.3724e-03],
        [-4.4273e-03,  4.9883e-04, -4.0400e-03],
        [-5.3063e-04,  1.5723e-03,  9.2283e-04],
        [ 1.1742e-03,  3.2885e-03,  2.7285e-03],
        [ 2.5092e-05,  1.1567e-03,  1.9440e-03],
        [ 1.1018e-03, -2.8405e-03, -1.1588e-03],
        [ 4.0080e-03, -2.5859e-04, -4.6816e-04],
        [-4.1750e-05,  6.1273e-04,  8.9765e-04],
        [-3.8374e-03,  1.1991e-03, -1.2651e-03],
        [-1.8578e-03,  5.5606e-04, -6.8698e-04],
        [ 4.9168e-04,  3.7591e-05,  6.8422e-04],
        [-8.5437e-04,  1.4764e-03,  6.3461e-04],
        [ 1.1347e-03, -7.5115e-04, -3.6805e-03],
        [ 2.7723e-03, -2.5495e-03, -1.3907e-03],
        [-1.2929e-03, -1.1718e-03,  9.1931e-04],
        [-1.9783e-04,  2.4025e-04, -2.6750e-04],
        [ 3.6478e-05, -6.3843e-04,  1.1844e-03],
        [ 2.2051e-04, -1.5051e-03, -1.5491e-03],
        [-1.1939e-03,  8.1000e-04,  4.7752e-04],
        [-1.2203e-03,  8.9629e-04,  1.6225e-03],
        [-1.0384e-04, -4.9257e-04,  3.8820e-04],
        [ 1.5107e-03,  1.8906e-03,  2.3647e-03],
        [ 2.6205e-03, -4.7244e-04, -1.6553e-03],
        [ 1.2449e-03, -5.5424e-04, -4.5680e-05],
        [-2.9557e-03, -7.5497e-04, -7.4282e-04],
        [ 1.1017e-03, -1.4322e-03, -9.1316e-04],
        [-2.7126e-04,  8.9583e-04,  8.3306e-04],
        [ 1.2371e-03,  5.4600e-04, -1.2767e-03],
        [-3.0960e-03,  9.5519e-04, -7.7854e-04],
        [-1.0539e-03,  1.6174e-03,  1.3010e-03],
        [ 1.3916e-03, -5.4135e-04, -1.0378e-03],
        [-6.5173e-04, -1.7448e-03,  8.6983e-04],
        [-1.6385e-03,  1.4165e-03,  1.1561e-03],
        [ 5.4545e-04,  1.5479e-03, -1.5550e-04],
        [-1.0364e-03, -6.1202e-04, -4.4787e-05],
        [-1.2952e-03, -4.0566e-04, -2.2133e-03],
        [ 1.3866e-03,  1.1845e-03, -9.7620e-04],
        [ 2.5066e-03, -3.5148e-04,  9.7357e-04],
        [-1.9049e-07,  1.6974e-03,  4.5569e-04],
        [ 2.5956e-03, -1.2424e-03,  7.8514e-04],
        [ 6.4217e-05,  1.8370e-03,  1.5521e-03],
        [-2.6864e-03, -1.8471e-03,  2.6939e-04],
        [-6.5436e-04,  1.3116e-03, -2.9732e-03],
        [-6.0820e-04, -8.9394e-05, -2.3298e-03],
        [-1.3996e-03,  4.6741e-04,  5.7701e-04],
        [-1.5918e-03,  3.5187e-03, -1.2687e-03],
        [ 8.4937e-05, -1.4500e-03,  8.8436e-04],
        [ 3.2717e-04, -1.5294e-03,  7.8598e-04],
        [ 2.2404e-04,  2.2789e-03, -2.4743e-03],
        [-9.4140e-04,  9.7165e-04, -1.4863e-03],
        [ 1.2511e-03,  1.0835e-03, -1.3702e-03],
        [-1.1277e-03, -2.3223e-04, -2.5921e-04],
        [ 2.1913e-05, -1.1000e-03,  4.4498e-03],
        [-4.4288e-04, -1.4989e-03,  1.2899e-03],
        [-6.7949e-05, -6.3420e-04, -1.7694e-03],
        [ 1.0160e-03, -2.5493e-03, -1.4119e-03],
        [ 5.3378e-04,  2.1523e-03, -2.7489e-04],
        [ 1.3433e-03,  1.3479e-04, -2.7428e-04],
        [ 3.0019e-04,  5.7352e-04, -1.5162e-03],
        [-5.6284e-04, -1.5854e-03, -1.2909e-03],
        [ 2.6976e-03, -1.0198e-03, -1.3347e-03],
        [-2.3855e-03,  7.4131e-04,  8.7903e-04],
        [ 1.3053e-03, -2.1475e-04,  6.1995e-04],
        [-4.1776e-04, -2.8306e-03, -1.3574e-03],
        [-1.7465e-03,  7.2691e-04, -3.5366e-03],
        [ 5.0454e-04,  1.2967e-03, -9.9441e-04],
        [ 2.1316e-03,  2.0069e-03, -1.5152e-03],
        [-9.3349e-04, -1.5580e-03,  1.7656e-04],
        [ 2.1119e-03,  1.6555e-04,  1.2112e-03],
        [ 2.4061e-03, -1.2644e-04,  1.3104e-03],
        [ 6.4836e-04,  5.5633e-04,  8.4712e-04],
        [ 6.3079e-04,  2.4489e-04,  2.7045e-03],
        [-7.7895e-04, -8.0675e-05,  1.5487e-03],
        [-3.2573e-03, -2.4881e-03, -1.4969e-03],
        [ 5.0107e-04,  9.5661e-04, -1.3731e-03],
        [ 5.4758e-04,  1.3498e-03,  2.1953e-03],
        [ 2.1833e-03,  6.7418e-04,  2.4343e-04],
        [-9.6590e-04, -2.5255e-04,  6.8247e-04],
        [ 9.4075e-04, -1.1623e-03, -2.2862e-04],
        [ 8.5925e-04, -3.2012e-05, -5.8437e-04],
        [ 3.5375e-03,  2.0359e-03, -8.7079e-04],
        [-2.8020e-04, -2.9778e-04,  4.5311e-04],
        [ 1.1646e-03,  1.8968e-03, -2.0115e-03],
        [-8.1527e-04,  1.6500e-03, -7.2969e-04],
        [ 2.6937e-03,  1.3746e-03,  8.9079e-04],
        [-1.7224e-03,  4.2736e-04,  8.0107e-04],
        [ 1.3647e-03, -1.1434e-03, -5.1913e-04],
        [ 1.1481e-03,  7.0114e-05, -7.8431e-04],
        [ 1.1212e-03,  1.0188e-03, -2.1914e-03],
        [-1.5901e-03, -1.8170e-03,  3.9529e-04],
        [-4.5191e-04,  2.1243e-03, -1.3743e-03]], device='cuda:0')), ('fcs.0.bias', tensor([-1.0806e-03, -2.1404e-03, -2.5018e-03,  4.6473e-04,  2.5288e-03,
        -8.6693e-04, -3.9767e-04,  1.4808e-03, -6.3310e-04,  1.2133e-03,
         9.8536e-04,  1.3333e-03,  2.1123e-03,  2.2837e-03,  2.0581e-03,
        -5.3829e-04, -8.3018e-05,  2.2067e-04,  3.2896e-02,  7.1435e-04,
         2.9131e-03, -5.8438e-04,  1.2906e-03, -1.7668e-03, -1.2824e-03,
        -7.9884e-04,  4.7882e-05,  1.2560e-03,  1.3053e-03,  2.8569e-03,
         6.3792e-04,  1.1306e-04, -1.1417e-03, -6.0970e-04, -4.9201e-04,
        -9.7225e-04,  1.1395e-04, -2.2544e-03,  4.1755e-04,  8.0030e-04,
        -1.0384e-03, -1.0153e-03, -5.9830e-04,  1.3352e-04,  6.6036e-04,
         1.0322e-03,  7.8215e-05,  6.2186e-04, -1.6856e-04,  2.2083e-04,
         3.7964e-04, -1.3941e-03,  5.9225e-04,  8.3334e-04, -1.6709e-03,
         2.2294e-03,  1.1915e-03, -4.9505e-04, -2.7975e-03, -6.9306e-04,
         1.1347e-03, -1.4141e-03, -4.8864e-05, -4.0668e-04,  9.6810e-05,
         2.7318e-03,  8.6056e-05,  1.4486e-05, -6.8978e-04, -2.2101e-03,
         2.2739e-04,  2.2637e-03, -1.9490e-03, -3.8666e-04,  4.3355e-05,
        -1.5741e-03, -3.1379e-04,  8.8977e-04,  1.1354e-03,  4.9809e-04,
         4.9498e-04, -9.4929e-04,  3.6362e-03, -2.8748e-04,  1.3613e-03,
        -2.3819e-05,  9.8994e-04, -9.9684e-04,  3.5651e-05,  7.3298e-04,
        -2.1174e-03,  2.2832e-03,  1.2677e-03, -8.0208e-04,  3.0088e-05,
         1.3818e-04,  7.8163e-04, -1.5284e-04, -1.3550e-03,  5.7564e-04,
        -3.1057e-04,  6.5234e-05,  1.1414e-03,  9.2560e-04,  1.2087e-03,
         1.7442e-03,  1.5826e-03, -2.1831e-03,  5.6145e-04,  2.0970e-03,
         9.1713e-04, -1.6863e-03, -1.1352e-03, -2.6973e-03, -3.5667e-04,
         1.3774e-03, -8.7518e-04, -7.4381e-04, -1.3844e-03,  9.5377e-04,
        -2.4711e-03, -3.6770e-06,  9.0405e-04,  5.4801e-04,  3.0892e-03,
        -6.3539e-04, -7.4489e-04,  2.4479e-03], device='cuda:0')), ('fcs.1.weight', tensor([[-4.9778e-04,  1.7871e-03,  1.9617e-03,  ...,  1.5344e-03,
         -4.9934e-04,  1.3128e-03],
        [-6.7260e-04, -1.2604e-03,  2.4127e-03,  ...,  1.3046e-03,
          2.4999e-03,  8.9399e-04],
        [-1.9629e-03, -6.7337e-04, -1.2602e-03,  ..., -6.7376e-04,
         -1.3045e-03, -9.1098e-04],
        ...,
        [-8.9302e-04, -4.9748e-04, -1.9634e-03,  ...,  1.3089e-03,
          1.3095e-03,  5.3284e-05],
        [-2.1823e-03,  9.1035e-04, -1.3032e-03,  ..., -8.9420e-04,
          4.6401e-04,  1.4694e-03],
        [ 1.8281e-03,  4.5913e-04,  7.6635e-04,  ...,  1.3174e-03,
         -4.7952e-03,  1.6398e-03]], device='cuda:0')), ('fcs.1.bias', tensor([ 9.7335e-04,  7.6266e-04, -2.2662e-03,  1.8926e-03,  1.9894e-03,
        -2.6985e-03,  1.7367e-03, -1.2502e-03, -2.0045e-03,  4.6652e-04,
        -1.6493e-03, -8.1843e-04, -3.6560e-04,  1.4734e-03, -1.3593e-03,
        -2.5767e-04,  2.9394e-03,  1.1261e-04,  6.8304e-04,  1.2258e-03,
         1.3042e-03, -1.2405e-03,  2.1804e-03,  1.3348e-03,  1.4218e-03,
         1.3345e-03,  1.2774e-03,  9.0649e-04, -1.9621e-03, -6.2884e-04,
        -1.7717e-03, -2.6295e-03, -5.4123e-04, -1.7604e-04,  3.6317e-04,
        -2.0557e-03, -7.6273e-04, -5.6521e-04, -1.2257e-03,  6.4812e-04,
         3.1769e-03,  1.2739e-03,  1.3592e-03, -1.5415e-04, -1.5633e-03,
        -2.2224e-03, -2.1789e-03,  1.3061e-03, -1.3308e-03,  6.5469e-04,
         1.3118e-03,  1.7933e-04, -1.8055e-04,  2.2197e-03,  1.3645e-03,
         1.3181e-03, -6.3418e-04,  1.2313e-03,  5.4322e-05, -2.1884e-03,
        -1.0682e-04,  1.1918e-03, -2.1466e-03,  1.5339e-03, -4.1865e-04,
         9.6961e-04, -1.9017e-03,  8.2560e-04,  2.1503e-03, -1.3237e-03,
         5.9385e-05, -7.3290e-04, -1.6692e-04, -1.4302e-03, -1.2769e-03,
         2.1961e-03,  9.4835e-04, -1.5881e-03,  1.3063e-03, -4.3608e-04,
        -1.1109e-03, -2.7716e-03, -1.5074e-03, -5.9574e-04,  8.7828e-04,
        -3.5257e-04, -1.3653e-03,  1.7313e-03, -5.8327e-05,  5.8790e-04,
        -1.9718e-03,  1.2986e-03,  7.2373e-05,  4.5292e-04,  1.4806e-03,
        -2.0229e-05,  9.0829e-04,  7.8906e-04,  2.9991e-04,  1.1935e-03,
        -5.8277e-04,  1.1646e-03, -2.2701e-03,  1.3530e-03,  2.1180e-03,
         5.2931e-04, -8.5881e-04, -6.5271e-04,  6.5886e-04, -1.7164e-03,
         1.4805e-03, -1.2822e-03,  7.8132e-04,  1.6594e-04, -4.7917e-04,
        -6.3665e-04, -2.9318e-03,  1.4947e-03,  5.5367e-04,  2.2431e-03,
         1.2448e-03,  3.6814e-04,  1.6232e-03, -8.7708e-04,  1.6854e-03,
        -9.2183e-04, -6.9473e-04,  1.3152e-03], device='cuda:0')), ('fcs.2.weight', tensor([[ 5.8827e-06, -9.5469e-04, -2.5684e-04, -1.6338e-04,  2.7385e-03,
          4.0540e-04, -8.5764e-04,  2.0800e-03,  3.1380e-03,  4.2961e-04,
         -1.3606e-03,  4.1811e-04, -5.6981e-04, -2.6155e-04,  4.8865e-04,
         -7.1955e-04,  1.0975e-03, -1.6161e-03, -2.1508e-04,  3.8168e-04,
         -1.2391e-03, -1.0740e-03,  1.2879e-03, -4.2414e-03, -1.0575e-03,
          2.0933e-03, -2.5441e-03,  1.5969e-03,  1.2156e-03, -1.1240e-03,
         -9.2331e-04, -1.8879e-03,  1.9231e-03,  9.2542e-04, -8.3824e-04,
          4.1279e-04,  1.4146e-03, -5.3860e-04,  3.9810e-04, -5.5152e-04,
         -1.2413e-03, -2.1191e-03, -4.0393e-03, -2.3711e-03,  1.6677e-03,
         -4.9005e-04,  6.2529e-04, -2.5272e-04,  9.3080e-04, -8.9720e-04,
         -6.1583e-04,  4.7604e-04,  1.6156e-03, -8.2330e-04,  4.4545e-04,
         -1.1988e-03,  7.5540e-04,  1.2102e-03,  1.7340e-03, -2.1322e-03,
          1.8806e-03,  1.1173e-03, -6.8122e-04, -1.3303e-03,  4.1965e-05,
          2.8588e-04, -1.6616e-03, -9.3992e-04,  1.3049e-03,  6.0674e-04,
         -8.9405e-01, -9.6044e-04, -1.4855e-03, -1.1257e-03,  1.3985e-03,
          9.9087e-05, -2.5836e-03,  2.2721e-03, -5.8052e-04, -7.9767e-04,
         -1.6971e-05,  6.6513e-04,  6.5322e-04,  1.3736e-03, -2.0419e-03,
          1.7607e-04, -5.9815e-04, -1.3068e-03,  1.7649e-03,  1.0442e-04,
          2.6033e-03, -1.0151e-03,  2.7811e-03, -7.2488e-04, -5.0297e-04,
         -1.5436e-03,  2.2030e-04, -1.3222e-03,  9.1850e-04,  3.7218e-04,
          2.4520e-04, -1.7899e-03,  3.3255e-05, -1.2740e-03, -1.1505e-03,
          1.3258e-03,  9.4321e-05,  9.1554e-04, -1.7430e-03,  2.1415e-03,
         -1.7892e-03, -1.6857e-03,  8.1046e-04,  1.3732e-03,  2.0390e-04,
         -1.3754e-03, -4.1018e-04,  4.8565e-04,  1.9904e-04,  2.8403e-04,
          2.2179e-03,  1.0907e-04, -1.8914e-03, -1.2651e-03,  5.4691e-05,
          1.7935e-03,  2.1133e-03, -3.1075e-04]], device='cuda:0'))])
end of epoch 6: val_loss 0.011787806894384972, val_acc 1.0
trigger times: 1
end of epoch 7: val_loss 0.012735144186765374, val_acc 0.995
trigger times: 2
end of epoch 8: val_loss 0.012946707191989227, val_acc 1.0
trigger times: 3
end of epoch 9: val_loss 0.010337305739185752, val_acc 1.0
trigger times: 4
end of epoch 10: val_loss 0.014540560456008258, val_acc 0.995
trigger times: 5
end of epoch 11: val_loss 0.011735888985329339, val_acc 1.0
trigger times: 6
end of epoch 12: val_loss 0.02067383813468439, val_acc 0.99
trigger times: 7
end of epoch 13: val_loss 0.017081879208255372, val_acc 0.995
trigger times: 8
end of epoch 14: val_loss 0.01901281976857181, val_acc 0.99
trigger times: 9
end of epoch 15: val_loss 0.014147087043935365, val_acc 1.0
trigger times: 10
Early stopping.
0 -37.832752734422684 -191.10004520678868
1 -37.605971582233906 -189.05007017278314
2 -38.00188063085079 -187.50220085194994
3 -35.290836185216904 -180.24009179391223
4 -33.53631082177162 -171.9613792356186
5 -32.56309485435486 -169.3817016847894
6 -32.49720671027899 -167.87631268052303
7 -35.404957577586174 -164.27567046290412
8 -34.53817830979824 -163.76742236654098
9 -29.029128424823284 -156.0786895876365
10 -31.04360357671976 -155.22804551507866
11 -30.211658731102943 -145.29002069283715
12 -30.300685070455074 -142.86657280197298
13 -25.5814937800169 -142.75441848091938
14 -25.988095231354237 -136.98962801176134
15 -28.65965923666954 -132.4813576990395
16 -24.180051736533642 -130.98347157271724
17 -26.690712988376617 -118.2436222554584
18 -21.199168175458908 -117.38411415155902
19 -26.33654110878706 -116.97382686219106
20 -22.2015537917614 -115.06704102317899
21 -19.04057450219989 -112.47832645551227
22 -23.317027993500233 -103.24187681049156
23 -17.505659899674356 -99.7422752992134
24 -14.588513356633484 -98.18526661663928
25 -16.28011433966458 -88.94674758091466
26 -13.944076338782907 -85.88346861832474
27 -11.378140120767057 -79.38307722218848
28 -12.383865278214216 -79.25112655387144
29 -18.560853567905724 -73.50697855948762
30 -15.822384075261652 -72.69803191552006
31 -14.473246506880969 -71.37326168319514
32 -14.18491498939693 -68.27187815304366
33 -13.195715656504035 -65.42298162776466
34 -11.731489365920424 -65.35816021006309
35 -10.188584059476852 -49.3186741604369
36 -20.80940131621901 -17.325441617065966
37 -12.639384013600647 -4.374511275254108
38 -13.548103824956343 -0.4258658969524013
39 -14.97295946138911 9.108146753357724
40 -15.255159240448847 17.732630180500013
41 -8.782862609252334 40.64550156746333
42 -9.336447023553774 41.11774838972275
43 -13.30180041724816 48.64917674484657
44 -9.60735114174895 52.50260039838799
45 -10.56238607596606 52.54502852695255
46 -10.046844515076373 59.52827491841281
47 -9.49621480773203 63.45606316769021
48 -8.442364896007348 66.31570758515764
49 -14.750479354988784 67.13050507695384
50 -6.701428807224147 72.16624272108386
51 -15.337035949189158 79.16074531670823
52 -13.240025415318087 84.19837606184075
53 -13.267639227748077 89.30707154325768
54 -13.295477892199415 90.2698850730257
55 -12.578071227064356 90.28646231697512
56 -8.845446156803519 90.32667007477052
57 -6.9916925872676075 91.18021498086692
58 -8.122871737461537 92.38187517969644
59 -13.06356929670801 92.67153902025292
60 -12.86557609321062 93.69474938898811
61 -8.012009584927 93.86112859581364
62 -12.22412607627848 95.24073532592021
63 -12.261356670693203 95.3630101766082
64 -11.880190578987822 96.09581961281374
65 -10.80564150470309 97.90553231413178
66 -11.623502746449958 98.07644230926206
67 -11.296617969807812 98.35872828331676
68 -12.209857508668392 98.57334710000995
69 -11.554859175968886 98.77895390936838
70 -11.810739751206711 99.10163703819775
71 -11.438825874123722 99.47183807834362
72 -11.336221523801214 101.36707045382526
73 -10.984165603578731 102.70820969163083
74 -11.260231300329906 103.61971441966246
75 -10.46131737520318 104.00039883786899
76 -10.40766393316153 104.94014608739957
77 -11.074123166617937 105.28448326377394
78 -10.020747427682181 105.60678192821229
79 -9.190558063746721 106.95774051225432
80 -10.297119110822678 107.03525723063939
81 -9.752715113805607 107.05410485829283
82 -8.79983833245933 107.36477417456501
83 -8.96382480172906 107.72369032284489
84 -10.522864757917887 107.78006757763964
85 -10.179174415796297 107.99397435655325
86 -9.49218838813249 108.08910889221833
87 -10.13372821881785 108.09776529440465
88 -9.043178952066228 108.24033506535473
89 -9.143183599459007 109.15712102315346
90 -9.439604353858158 109.71287331230647
91 -9.27740326570347 110.25063890779474
92 -9.154643453424796 110.45880856467717
93 -8.573105745017529 110.48639228144049
94 -8.9224186030915 111.92877271779909
95 -9.036863805959001 112.29467419620224
96 -8.76306840730831 112.73910566375015
97 -8.62095089331251 112.98274531176438
98 -8.372776258736849 113.84616479719523
99 -7.040028401650488 114.84612239587612
100 -8.844662158051506 115.08707834021696
101 -7.2492602879647166 115.41025719446112
102 -7.605133762815967 115.5646624637931
103 -7.395632202737033 115.87882502857741
104 -8.33091571344994 116.51927592390606
105 -8.55595849500969 116.69939038222442
106 -7.570469549871632 117.18809854794453
107 -7.702493276447058 117.29357601720739
108 -7.086688991232222 117.43241923864416
109 -7.752584598725662 119.84073495876005
110 -6.48684109095484 122.74776106687673
111 -6.647217152771191 124.10172315382671
112 -5.874925233511021 124.42382576156477
113 -6.473998091882095 124.48179570258212
114 -6.439717934437795 125.2590893824027
115 -6.2691718535497785 125.30457667780085
116 -6.276391215855256 125.43458549438884
117 -4.792503604548983 129.13346806288703
118 -4.876404242357239 129.67718524437547
119 -4.160731073468924 131.40806576766226
train accuracy: 1.0
validation accuracy: 1.0
