demo lengths 200
demos: (120, 200, 13)
demo_rewards: (120,)
[-191.10004521 -189.05007017 -187.50220085 -180.24009179 -171.96137924
 -169.38170168 -167.87631268 -164.27567046 -163.76742237 -156.07868959
 -155.22804552 -145.29002069 -142.8665728  -142.75441848 -136.98962801
 -132.4813577  -130.98347157 -118.24362226 -117.38411415 -116.97382686
 -115.06704102 -112.47832646 -103.24187681  -99.7422753   -98.18526662
  -88.94674758  -85.88346862  -79.38307722  -79.25112655  -73.50697856
  -72.69803192  -71.37326168  -68.27187815  -65.42298163  -65.35816021
  -49.31867416  -17.32544162   -4.37451128   -0.4258659     9.10814675
   17.73263018   40.64550157   41.11774839   48.64917674   52.5026004
   52.54502853   59.52827492   63.45606317   66.31570759   67.13050508
   72.16624272   79.16074532   84.19837606   89.30707154   90.26988507
   90.28646232   90.32667007   91.18021498   92.38187518   92.67153902
   93.69474939   93.8611286    95.24073533   95.36301018   96.09581961
   97.90553231   98.07644231   98.35872828   98.5733471    98.77895391
   99.10163704   99.47183808  101.36707045  102.70820969  103.61971442
  104.00039884  104.94014609  105.28448326  105.60678193  106.95774051
  107.03525723  107.05410486  107.36477417  107.72369032  107.78006758
  107.99397436  108.08910889  108.09776529  108.24033507  109.15712102
  109.71287331  110.25063891  110.45880856  110.48639228  111.92877272
  112.2946742   112.73910566  112.98274531  113.8461648   114.8461224
  115.08707834  115.41025719  115.56466246  115.87882503  116.51927592
  116.69939038  117.18809855  117.29357602  117.43241924  119.84073496
  122.74776107  124.10172315  124.42382576  124.4817957   125.25908938
  125.30457668  125.43458549  129.13346806  129.67718524  131.40806577]
maximum traj length 200
num training_obs 1800
num training_labels 1800
num val_obs 200
num val_labels 200
ModuleList(
  (0): Linear(in_features=13, out_features=256, bias=True)
  (1): Linear(in_features=256, out_features=128, bias=True)
  (2): Linear(in_features=128, out_features=1, bias=False)
)
Total number of parameters: 36608
Number of trainable paramters: 36608
device: cuda:0
end of epoch 0: val_loss 0.07772572886187529, val_acc 0.99
trigger times: 0
saving model weights...
Weights: OrderedDict([('fcs.0.weight', tensor([[-1.5061e-01,  9.8425e-03,  3.4593e-04,  ..., -2.3006e-04,
         -3.0945e-04, -9.9167e-05],
        [-2.1126e-04, -2.6535e-06, -6.9395e-05,  ...,  1.0969e-04,
          7.9330e-05, -4.9627e-04],
        [-1.7252e-04, -3.6226e-04, -6.2484e-04,  ...,  2.6936e-04,
          1.1093e-03,  1.1468e-03],
        ...,
        [ 1.9839e-04, -5.7129e-05, -5.8116e-05,  ...,  2.5003e-04,
         -6.5819e-04, -5.6188e-04],
        [-3.9508e-05, -8.4458e-05, -2.7719e-04,  ...,  3.5666e-04,
          1.3388e-03, -4.4928e-05],
        [ 8.3889e-04,  6.9005e-05, -3.4200e-04,  ...,  2.9200e-04,
         -1.8308e-03, -3.8464e-04]], device='cuda:0')), ('fcs.0.bias', tensor([-1.6604e-01,  1.9449e-04, -1.2846e-05,  4.3902e-05, -4.2164e-05,
         1.1000e-05,  1.5895e-04, -5.2516e-04, -9.5628e-05,  3.2420e-05,
        -5.9922e-04, -5.4550e-04, -2.1940e-04,  2.4997e-04,  7.3686e-05,
        -3.9846e-05, -3.0799e-01,  3.0598e-01,  2.4550e-02,  2.2200e-01,
         8.0078e-06, -3.8481e-02,  8.2361e-02, -4.4292e-06, -1.1752e-04,
         9.4865e-04, -9.5901e-06,  2.4261e-04, -4.7063e-04,  1.3410e-04,
        -8.7359e-05,  3.7830e-04,  6.0400e-05, -6.7052e-05, -2.3298e-04,
        -2.0509e-05,  1.5812e-01, -4.1806e-02,  2.0315e-04, -8.4299e-06,
         4.1975e-05, -9.4478e-04,  6.9423e-06, -2.4129e-04, -1.0158e-01,
        -2.2382e-04, -1.5691e-01, -1.1612e-01, -3.5149e-04, -4.0570e-04,
         1.6125e-01, -8.5672e-04, -1.2998e-04,  3.7635e-01, -2.7483e-05,
        -5.7160e-04,  1.6832e-04, -4.0189e-04,  1.3987e-05, -1.8466e-05,
        -1.2328e-05, -6.7174e-02, -7.5220e-05,  2.0595e-04, -1.1990e-04,
         1.3520e-05, -2.7784e-05, -1.6683e-01, -7.3188e-06, -1.5059e-04,
         1.0208e-05,  1.6751e-01, -2.7547e-04,  5.7446e-05, -7.1451e-05,
        -4.3755e-04,  1.0625e-04, -1.0156e-04,  7.3958e-04, -2.4598e-05,
        -1.2908e-01,  1.9794e-04, -1.7578e-01, -1.2718e-04, -8.2241e-04,
         5.6030e-08,  1.9313e-04,  9.5601e-02,  2.0515e-04,  4.3770e-05,
         6.4623e-05, -5.7087e-04, -4.6907e-05,  1.7189e-05,  3.9960e-06,
         1.3350e-01, -3.6236e-04,  1.6729e-04,  1.6958e-04, -2.7672e-06,
        -1.6462e-04,  2.4795e-04,  3.0326e-04,  2.1579e-04,  7.5650e-05,
         7.6888e-05, -7.2010e-02,  7.1670e-06, -5.9070e-02, -3.9172e-05,
        -6.4112e-05, -1.6305e-04,  6.0853e-04, -9.9506e-05,  1.6968e-04,
        -5.0188e-04, -1.1225e-04,  3.6090e-01, -4.6265e-05,  4.1474e-05,
         1.8530e-01,  5.0013e-05, -1.3942e-05,  1.8025e-01,  8.6064e-05,
         2.1255e-01, -1.0754e-03, -3.6113e-04, -1.7842e-04,  4.6033e-05,
        -9.0919e-05,  9.6870e-05,  2.0483e-04, -5.2517e-04, -7.3680e-05,
        -3.3985e-05,  7.9219e-04, -2.0575e-04,  1.1717e-05,  2.6851e-04,
        -5.8220e-04, -2.4823e-05, -2.7641e-05,  2.5980e-04, -1.5028e-06,
        -8.9451e-05,  1.6022e-03, -1.9046e-05,  4.5330e-05, -3.0426e-05,
         3.8377e-04, -1.4438e-04, -7.3963e-05,  5.3642e-05, -2.1171e-02,
         4.6333e-04,  5.6372e-04, -1.2089e-01,  2.3920e-04, -3.9069e-05,
        -1.6597e-04,  1.4452e-05, -3.0321e-02,  3.7296e-05, -1.0104e-04,
         2.8244e-04, -1.9774e-04,  1.7349e-01, -5.4220e-05, -6.3741e-05,
         1.3998e-04, -6.9724e-05, -5.1494e-05, -3.0988e-04,  4.1207e-04,
        -1.3846e-05, -3.6469e-04, -5.1865e-05, -4.4119e-04,  2.3426e-02,
         1.7063e-04, -1.4333e-04, -2.7438e-04,  1.4991e-05,  1.5846e-04,
         5.1893e-05, -3.0336e-01,  3.9066e-04,  5.0265e-05, -9.6418e-05,
        -1.6300e-04, -2.3911e-04, -5.9272e-05, -3.0737e-04, -1.4440e-04,
        -4.6873e-04, -9.6756e-06,  3.4551e-04, -6.6658e-05, -1.7209e-01,
        -1.0842e-01, -9.1806e-02, -4.4605e-04, -4.2177e-08, -2.7245e-05,
         1.6220e-04,  2.9997e-01, -1.9296e-05,  1.5243e-04,  1.7601e-05,
        -4.9151e-02, -6.9475e-02, -7.4658e-05, -1.5424e-04, -7.3208e-02,
         4.8452e-04,  7.1595e-04, -5.0365e-04, -1.3682e-01,  1.0685e-04,
         9.2634e-06, -3.3426e-04,  2.1834e-04, -1.2850e-04,  1.5486e-04,
        -2.5279e-07, -2.6581e-05,  5.1436e-04,  1.4887e-04, -2.5364e-03,
         1.1308e-04, -8.6485e-04, -2.7877e-06, -1.4392e-04, -8.2320e-05,
         7.1139e-05,  7.3304e-04, -8.9682e-04, -2.1707e-01, -2.2021e-01,
        -3.3862e-02, -7.0262e-03, -6.8886e-05, -2.5633e-02,  1.8689e-04,
         1.4352e-01,  1.0758e-04,  2.5044e-04,  3.4039e-04,  1.2797e-04,
        -4.6547e-04, -8.3755e-05,  3.3331e-04, -2.2992e-04, -3.5694e-05,
        -5.6076e-04], device='cuda:0')), ('fcs.1.weight', tensor([[ 1.3103e-03,  8.7568e-04, -6.5273e-04,  ..., -6.1513e-04,
          1.1283e-03, -2.7732e-05],
        [ 6.8532e-04,  2.0415e-04, -3.3280e-03,  ..., -6.3840e-04,
         -7.5436e-04, -2.2510e-04],
        [ 2.3929e-04, -6.7861e-04,  5.5187e-04,  ..., -4.4527e-04,
         -8.4985e-04, -2.2575e-04],
        ...,
        [ 5.4667e-04, -2.5758e-04, -1.7987e-04,  ...,  3.3843e-04,
          4.1599e-04, -5.5078e-04],
        [ 4.0889e-05, -1.4345e-04,  4.3939e-05,  ..., -5.2872e-04,
         -3.5544e-04,  1.0000e-03],
        [-1.7303e-03,  6.9753e-04, -1.3095e-03,  ..., -2.6426e-04,
          3.1988e-04, -1.3071e-03]], device='cuda:0')), ('fcs.1.bias', tensor([ 3.5971e-04,  1.6155e-05, -2.1427e-04,  3.0133e-04,  6.4543e-07,
        -1.5943e-03, -6.0994e-05, -2.1370e-02, -3.0590e-04, -2.2408e-04,
         2.4917e-05, -2.9384e-05,  1.8225e-04,  4.2676e-04, -1.3088e-03,
         2.9612e-05,  7.2402e-02, -8.6161e-04,  1.3122e-04,  3.0974e-04,
        -9.1542e-04, -6.6576e-04,  9.3948e-05, -5.3241e-05, -2.9875e-04,
         9.7718e-04,  6.0838e-06, -2.1502e-01, -2.0023e-04, -2.7299e-04,
         4.6429e-05,  3.9742e-04,  5.7268e-05,  9.8034e-05, -3.2153e-05,
        -8.2094e-04,  3.4742e-04, -1.7703e-01, -2.6893e-04, -3.3671e-04,
         4.9994e-05, -1.5553e-04, -3.2904e-04, -7.7516e-05, -3.7651e-05,
         3.5845e-05, -2.0280e-03,  6.0758e-05, -9.2662e-06, -1.9070e-04,
         2.3466e-04, -8.8834e-04,  4.7777e-04, -1.5755e-03, -9.7285e-05,
        -1.2462e-04, -8.2089e-05, -1.3670e-04, -8.0372e-04,  4.7928e-05,
         1.9084e-05,  3.7163e-07, -8.6286e-02,  1.5350e-04, -4.1067e-04,
        -3.9855e-02, -7.0770e-05, -3.9915e-04,  7.5591e-04,  5.5077e-05,
         5.8318e-04, -1.3996e-04,  3.0139e-04,  5.6267e-05,  2.2363e-06,
         3.7174e-05, -9.0324e-04,  5.1153e-04,  4.3085e-05,  7.4848e-05,
         3.3027e-04,  4.9518e-04,  3.6362e-04,  7.5553e-04, -1.0742e-05,
         5.2874e-04,  7.3036e-04,  6.6857e-05, -4.2941e-02, -4.9999e-02,
        -2.1478e-04, -3.8473e-05,  9.4387e-05,  1.4861e-05, -5.1845e-03,
         5.3602e-05, -3.5955e-04, -4.0952e-04, -7.8676e-02, -6.7811e-04,
         4.4410e-03, -1.0863e-03, -2.4555e-01, -1.1646e-03,  1.2931e-03,
         2.2719e-04, -2.0151e-03,  1.9375e-05,  1.8401e-04,  2.3775e-03,
         9.7889e-04,  1.6749e-01,  3.3990e-01, -8.0018e-03,  2.8261e-04,
        -4.8930e-04,  1.5394e-04, -1.8951e-01, -2.2540e-04,  8.4835e-05,
        -6.2979e-04, -1.1573e-01,  6.0375e-05,  1.1573e-04, -1.1277e-04,
        -5.4192e-05, -3.1834e-01, -2.0395e-05], device='cuda:0')), ('fcs.2.weight', tensor([[ 5.5012e-06,  8.2530e-05,  4.6178e-05, -3.5515e-02, -1.1236e-01,
         -5.0250e-02, -1.9379e-05, -8.7668e-02,  1.0911e-07,  2.4362e-04,
          1.2286e-03,  1.9448e-02,  3.8624e-06,  1.6436e-05, -1.1327e-04,
          1.6759e-05, -4.6241e-03,  3.9590e-05, -1.3284e-04, -2.2937e-01,
          1.3556e-04,  8.5322e-05,  1.5262e-01,  4.9089e-05,  5.9699e-05,
         -2.7820e-05, -5.9295e-02,  3.1619e-06,  1.7450e-05, -1.5461e-04,
          2.0496e-05,  2.5703e-05,  6.9096e-06, -2.9439e-05,  1.3214e-05,
          9.4824e-05, -7.6833e-02,  2.3668e-02, -1.4508e-05, -3.9242e-05,
          1.8494e-05,  8.1532e-02, -3.7982e-05, -4.9811e-07,  1.3222e-05,
          1.2276e-04, -5.8464e-05, -2.4557e-06, -8.3123e-02, -1.8243e-04,
         -2.3409e-05, -4.2117e-06,  1.8569e-05, -1.7053e-05,  1.7226e-01,
          7.5898e-05,  2.1522e-01,  2.4610e-05, -1.3064e-05,  5.3831e-04,
         -4.3640e-05, -3.4928e-05,  3.0068e-05,  1.3318e-05,  1.7098e-05,
         -2.4329e-02,  1.3561e-04, -5.8507e-06, -2.3313e-04, -4.0340e-04,
         -6.2342e-02, -5.7243e-05, -1.3920e-05,  1.8489e-05,  2.4728e-05,
         -2.8496e-05,  1.8035e-06, -9.8232e-06, -7.1311e-06, -1.7985e-05,
         -2.5053e-06, -3.6555e-04,  1.3704e-02, -1.1123e-03, -1.6686e-05,
         -1.0512e-05,  5.7323e-05,  5.5510e-05,  3.3850e-02,  1.6394e-05,
         -8.5950e-05,  1.0611e-02,  5.4546e-02, -1.4678e-01, -1.4529e-02,
         -6.1086e-05, -1.7924e-02, -1.4911e-03, -3.3780e-05, -3.7621e-08,
         -2.6155e-01,  7.3960e-05,  6.5943e-02,  2.4888e-05,  3.7896e-05,
         -9.0137e-05, -6.4245e-05, -1.1488e-05, -3.5533e-05,  6.7562e-02,
         -7.6626e-04,  3.5969e-01, -2.1659e-01, -2.3653e-03,  2.6279e-05,
          2.0707e-04,  2.1466e-05,  2.4068e-02, -1.2949e-01, -3.6926e-06,
         -6.7814e-06,  5.9184e-02, -6.6468e-03,  2.1348e-06,  1.1131e-08,
          2.1482e-05, -4.2515e-01,  2.8186e-05]], device='cuda:0'))])
end of epoch 1: val_loss 0.040950366716904156, val_acc 0.98
trigger times: 0
saving model weights...
Weights: OrderedDict([('fcs.0.weight', tensor([[ 6.5934e-05,  8.4384e-06,  1.6879e-04,  ..., -1.5982e-04,
         -9.7071e-04,  1.6595e-03],
        [ 1.8243e-04,  7.1472e-07,  3.7336e-04,  ...,  2.5260e-04,
         -3.4097e-05, -1.0750e-03],
        [-1.2436e-03, -6.7945e-04, -9.6664e-05,  ..., -2.9352e-05,
          1.6116e-03,  2.2390e-04],
        ...,
        [ 2.5021e-05,  1.4182e-04,  1.4142e-04,  ..., -9.8369e-05,
         -2.8526e-05,  2.6915e-05],
        [ 1.8296e-05,  2.6369e-04,  1.2724e-04,  ..., -1.2401e-03,
          5.3645e-04, -7.3366e-04],
        [-2.8233e-03, -8.3243e-03, -7.5987e-04,  ..., -1.1837e-03,
         -1.6751e-04, -6.1527e-04]], device='cuda:0')), ('fcs.0.bias', tensor([ 4.7795e-05, -5.9641e-04,  4.6149e-04, -3.0816e-04, -1.4055e-04,
        -1.1732e-04, -4.1311e-04, -4.8311e-04,  1.3702e-04,  6.0899e-04,
        -5.1906e-05, -2.8936e-03, -4.5308e-04,  4.6314e-04,  2.6558e-04,
         6.5725e-03,  7.3236e-05, -6.9623e-05,  1.3826e-04, -1.0688e-04,
         5.6172e-04,  5.8251e-05, -1.0107e-04,  7.4046e-04,  1.3690e-04,
         8.9715e-04, -3.4507e-06, -1.2892e-04, -4.5130e-05, -1.5290e-05,
         9.0476e-04, -7.2247e-04,  2.6708e-04,  1.8375e-04,  3.9586e-05,
        -7.9891e-05,  1.1940e-01, -4.7734e-05,  4.4859e-04, -1.3995e-04,
         2.5342e-04,  6.7193e-04, -3.8514e-04,  2.1912e-04, -9.0405e-05,
         5.6177e-06,  7.8613e-05,  1.6932e-04,  3.7076e-04,  4.0358e-04,
        -1.5373e-04,  7.0336e-04, -5.4555e-04, -1.1218e-04, -8.1632e-06,
        -3.2289e-04,  5.3867e-04, -1.2064e-04, -5.7101e-05, -4.4118e-04,
         3.6266e-04,  3.3859e-05,  1.4332e-04,  1.1492e-03, -2.1081e-04,
         3.3549e-05, -1.0025e-03, -2.7981e-05, -7.6780e-05,  7.7120e-04,
         2.0662e-03, -3.3063e-06, -1.1724e-04,  6.5956e-04,  4.2316e-04,
        -1.3806e-03, -1.8691e-04, -2.5386e-04, -2.0521e-04, -5.5720e-04,
         1.5097e-04, -7.7269e-04, -1.4688e-04, -1.0966e-04, -1.5215e-04,
         4.4261e-04, -1.0632e-03, -1.3112e-05, -4.5994e-02, -1.0475e-03,
         6.4592e-05, -5.9581e-04,  2.6522e-03, -2.1248e-03,  9.6438e-04,
         1.5487e-06,  2.3054e-03, -1.2044e-03,  4.4875e-05, -2.3093e-05,
         8.4311e-04, -1.9022e-03, -1.6547e-03, -1.8532e-03,  1.7729e-04,
        -3.8394e-04, -9.6447e-05, -3.1571e-04, -5.9426e-05,  1.4506e-04,
        -6.8942e-05, -3.9134e-05,  1.7016e-03, -1.2632e-03, -7.0099e-04,
        -2.4020e-04,  5.0104e-03,  8.4286e-02, -2.0227e-04, -2.9720e-04,
        -1.2914e-04, -2.1570e-04, -4.2803e-04, -1.2225e-04, -3.6397e-04,
        -1.5124e-04,  6.2579e-04, -5.4024e-04, -4.9844e-05, -2.2087e-04,
         2.0805e-05,  5.6431e-04, -1.2809e-04, -3.5041e-03,  7.1021e-04,
         6.2189e-05,  3.2490e-04, -8.2280e-05, -4.4325e-04,  4.0388e-04,
        -2.6457e-02,  4.3674e-04,  2.5923e-03, -1.3217e-04,  2.3556e-03,
        -1.0451e-03, -2.1934e-03,  3.7100e-05,  6.7691e-05, -5.6200e-04,
        -2.3603e-04,  8.5545e-07,  1.2451e-04,  1.5297e-04,  1.1259e-04,
         4.4901e-04,  7.6256e-05, -2.1728e-04,  5.1430e-03, -4.6352e-05,
         1.2247e-03,  9.9672e-05,  1.7372e-04,  3.6430e-05, -3.1938e-05,
         4.6354e-05,  3.2576e-05,  1.2011e-04, -5.8017e-05, -5.7745e-04,
         6.7341e-05, -4.6031e-05,  7.9180e-05,  4.7105e-05, -4.3693e-04,
        -6.9914e-06,  2.1395e-04,  1.1191e-04,  4.9256e-04, -3.1911e-04,
        -2.0557e-04, -7.4342e-04, -1.0303e-05,  2.3217e-05,  5.5770e-04,
        -7.1650e-05, -1.3368e-04, -8.2867e-04,  1.2152e-04,  1.3100e-04,
        -2.1536e-03, -1.1795e-04,  2.4145e-04,  1.3136e-03, -2.3768e-04,
         9.0257e-04,  1.9987e-06,  3.6824e-04, -1.3214e-04, -7.4101e-05,
         9.4047e-05,  2.7248e-05,  1.4767e-03, -8.7992e-04, -2.0540e-04,
         4.7005e-05,  9.3918e-05,  3.9122e-04, -3.5768e-04, -4.9400e-04,
         1.1721e-04, -2.5270e-04,  2.7823e-04,  2.9311e-04,  8.3243e-05,
        -7.0993e-04, -3.7442e-04,  1.4110e-04,  4.1234e-05, -1.1068e-03,
         5.6642e-05, -4.8481e-05,  1.5762e-04,  1.3033e-03,  1.1273e-04,
         4.8445e-04, -6.9979e-05, -4.4769e-04,  9.6311e-04, -4.5991e-04,
        -6.9591e-04,  5.8384e-04, -9.6450e-05,  9.6335e-05,  5.4463e-04,
        -1.9568e-05,  5.6787e-04, -8.5308e-03,  1.4684e-04, -4.9465e-05,
        -9.6892e-05,  4.6162e-05,  7.3652e-04,  5.4107e-04,  5.7818e-04,
         7.2631e-05,  2.1468e-04,  1.0362e-04,  3.7408e-04,  3.4045e-04,
        -4.0452e-04,  9.7615e-05, -1.7085e-04,  4.4273e-03, -1.1216e-03,
        -8.4687e-04], device='cuda:0')), ('fcs.1.weight', tensor([[ 1.3113e-03,  8.9105e-04, -6.7056e-04,  ..., -6.6450e-04,
          7.5336e-04,  5.5423e-04],
        [ 6.8725e-04, -1.1553e-03, -3.3354e-03,  ..., -3.4574e-04,
         -8.7160e-04, -6.3665e-05],
        [ 2.2798e-04, -1.6304e-03,  5.5238e-04,  ..., -6.1937e-04,
         -1.1999e-03, -2.2407e-04],
        ...,
        [ 5.5117e-04, -4.9254e-04, -2.1859e-04,  ...,  5.5519e-04,
          7.2534e-04, -9.4196e-04],
        [-5.7717e-06, -4.8568e-04,  1.8556e-04,  ..., -1.4261e-03,
         -3.7024e-04,  2.5809e-03],
        [-1.7800e-03,  1.2464e-03, -1.3098e-03,  ...,  6.0087e-04,
          4.8694e-04, -1.3277e-03]], device='cuda:0')), ('fcs.1.bias', tensor([ 5.5190e-04,  3.7225e-04, -5.3979e-04,  7.3144e-04,  1.0811e-04,
         7.0322e-04, -4.0696e-04,  7.8250e-06, -5.7045e-04, -3.2026e-04,
         1.6764e-05,  4.8498e-04,  2.2873e-04,  1.4717e-03, -4.7230e-04,
         1.0452e-03,  1.3330e-04,  9.0528e-05, -1.4528e-03, -5.0485e-05,
        -1.3891e-03, -5.7536e-04, -6.6822e-04,  1.9619e-04, -6.1408e-04,
         6.8351e-05,  1.1726e-03,  2.0519e-05,  4.4550e-05, -1.8026e-03,
        -5.8973e-05,  1.4152e-03,  4.0267e-04,  2.9996e-04, -1.1371e-03,
         3.8758e-04, -1.6265e-04,  1.5093e-04, -3.6666e-04, -6.7494e-04,
         1.2368e-04,  3.3807e-04,  6.7702e-04, -2.4986e-04, -4.8208e-04,
         2.1437e-04, -2.1614e-03, -8.1699e-05, -8.5271e-05,  1.4360e-04,
         5.8201e-04, -6.0290e-04, -7.1454e-04,  7.4971e-04, -9.5352e-05,
         2.3630e-04, -7.2302e-05,  6.2075e-04, -6.0864e-06,  2.5996e-05,
        -4.6122e-04, -2.6593e-04, -3.4123e-05,  6.3257e-07,  5.5146e-04,
        -2.0587e-05,  5.9715e-04, -1.6735e-03, -2.0311e-03, -2.6229e-04,
         5.1830e-04,  3.7862e-05,  5.2095e-04, -1.2141e-04,  1.2963e-04,
         7.2721e-04,  6.0962e-04,  6.0845e-04,  4.0938e-04,  1.1843e-03,
         1.0320e-03, -1.2248e-03,  3.2617e-05, -3.2238e-03,  3.5505e-04,
         5.3641e-04, -1.9159e-03, -4.4666e-04,  2.4732e-04,  3.7433e-05,
         1.0608e-04, -2.0204e-04, -4.8735e-06,  1.3279e-04, -6.0992e-04,
        -8.7341e-05,  9.4190e-05, -7.0300e-04, -2.0885e-04,  9.8320e-04,
         1.0519e-03, -1.0111e-04, -1.6520e-02, -2.1186e-03,  6.8008e-04,
         3.8575e-04,  1.5834e-03,  4.0375e-05,  1.1078e-06,  5.6418e-05,
        -2.6069e-03, -1.1020e-01,  6.5036e-02, -6.5409e-05, -5.0288e-04,
         8.9997e-04,  1.5113e-04, -6.7462e-05, -3.9350e-04, -5.1528e-04,
        -7.6493e-04,  4.5937e-05, -5.3614e-04,  5.6564e-04,  2.8905e-04,
        -2.5274e-04, -2.4137e-02,  2.6108e-04], device='cuda:0')), ('fcs.2.weight', tensor([[-4.9669e-07, -1.8106e-04,  3.6426e-05, -2.5269e-06,  7.1568e-05,
          7.4478e-06,  1.5785e-04,  3.2823e-06, -1.9549e-05,  3.9080e-04,
          5.7993e-06, -3.9421e-06, -1.1003e-05, -1.3347e-04, -3.4784e-04,
          1.0751e-05,  3.0984e-06,  1.9745e-04,  1.4364e-05,  1.0460e-05,
         -6.2235e-05, -1.9310e-04,  1.3757e-05, -3.8980e-04, -2.9682e-05,
          6.7557e-06, -1.5348e-05,  9.8066e-06,  2.9467e-06,  1.4041e-04,
         -7.2920e-05, -3.7641e-05, -2.7094e-05,  1.0825e-04, -1.4001e-04,
          1.1591e-04, -4.6322e-05, -1.5337e-05,  1.0178e-04,  9.0970e-06,
         -2.9339e-05,  9.0737e-06,  1.4176e-05, -2.1955e-04,  1.2561e-04,
         -1.2937e-04,  2.9916e-04, -9.2636e-05, -1.5937e-02, -1.9782e-04,
         -2.5370e-04, -1.8226e-04,  8.0018e-05, -7.3226e-05, -2.9407e-06,
          1.5790e-04,  1.0522e-01,  2.4186e-05, -3.6175e-04, -1.0398e-03,
         -3.2534e-05,  5.4167e-05, -5.9587e-05,  3.6751e-05,  3.5812e-05,
         -2.5261e-05,  6.6652e-04,  9.1020e-05, -5.9956e-04,  1.6294e-04,
          2.5915e-05, -1.5523e-05,  5.5250e-06,  3.4160e-05,  2.2276e-05,
         -3.8816e-05, -1.0317e-04,  2.7456e-04,  2.8090e-05, -1.0513e-04,
         -1.7190e-05,  3.3749e-04, -4.1301e-05,  5.9244e-04, -2.2180e-04,
         -4.5837e-05,  4.0570e-05,  5.7404e-06, -3.3928e-05, -3.0263e-05,
         -3.7224e-04, -1.2589e-05, -2.0895e-05,  6.0713e-05, -3.5042e-05,
          1.4916e-05,  4.5730e-06,  2.4803e-04, -1.4997e-04,  2.6985e-05,
         -6.8925e-02, -1.3506e-05, -2.0720e-05, -1.7353e-04, -3.4132e-05,
          2.0761e-05, -5.5410e-05, -8.5935e-05, -3.7648e-04,  1.2820e-05,
          5.6397e-04,  1.9240e-01, -2.9403e-01,  8.9586e-06,  1.0740e-05,
          7.0851e-05, -3.8927e-07, -1.6043e-05, -1.4788e-02,  3.6004e-05,
         -1.3192e-04, -2.7931e-06, -4.0092e-05,  1.0151e-03,  3.8064e-05,
          4.1502e-07, -3.4129e-01,  4.8336e-04]], device='cuda:0'))])
end of epoch 2: val_loss 0.01616153889585476, val_acc 0.995
trigger times: 0
saving model weights...
Weights: OrderedDict([('fcs.0.weight', tensor([[ 1.8334e-04, -2.2966e-05,  6.4688e-04,  ...,  2.3006e-04,
          8.3202e-05,  1.0750e-03],
        [ 1.6520e-04, -5.2951e-04, -3.2525e-04,  ...,  5.7351e-05,
          1.5581e-03,  1.0400e-03],
        [ 5.9169e-04, -1.5785e-03, -1.6751e-03,  ...,  9.3632e-04,
         -6.1323e-04, -1.3459e-03],
        ...,
        [-1.4795e-03, -5.1021e-04,  7.4156e-04,  ..., -1.2045e-03,
          1.6811e-03, -4.2655e-04],
        [-4.1545e-04,  7.7616e-04, -3.4252e-04,  ..., -1.0624e-03,
         -5.8707e-05, -1.7524e-04],
        [ 1.0323e-03, -1.2410e-03, -6.0143e-05,  ..., -6.4897e-04,
          7.4959e-04, -3.2310e-04]], device='cuda:0')), ('fcs.0.bias', tensor([ 8.3759e-05,  1.1164e-03, -1.9783e-04, -1.4514e-05,  3.8676e-04,
         8.5376e-04,  2.1010e-03, -1.3342e-03,  7.6203e-05,  6.3266e-04,
         3.3158e-03, -6.1245e-04, -3.1784e-04, -8.1065e-05,  9.8615e-05,
        -7.0885e-04, -2.2385e-04, -2.5202e-04, -4.1990e-04, -4.1823e-04,
         1.5739e-04, -8.9680e-05,  2.6768e-04, -5.2459e-04,  2.3755e-03,
         5.2472e-04,  4.6313e-04,  4.3783e-04,  3.5179e-05,  3.5567e-04,
         3.2984e-04,  1.9540e-03, -6.7583e-04, -3.3143e-04, -7.8817e-04,
        -3.3987e-04,  1.4976e-01,  4.6296e-04, -6.6640e-04,  2.7257e-04,
        -4.5087e-04, -6.4181e-04, -2.4143e-04, -4.3418e-04, -1.0191e-04,
        -5.1938e-04,  5.1101e-05,  1.2594e-04, -7.6312e-04,  3.4290e-04,
         3.1817e-04, -9.4156e-04, -1.0695e-03,  5.4970e-05,  5.9343e-04,
        -1.0846e-03, -6.3558e-04,  1.2092e-03, -5.7672e-05,  1.9653e-03,
         2.0082e-04,  1.5686e-04,  3.2474e-04,  5.0937e-04,  4.3164e-04,
        -3.0170e-05,  3.7081e-04, -1.8634e-04, -2.3325e-03, -3.5840e-04,
        -3.7472e-03,  1.1279e-04, -1.4482e-03,  3.1356e-04,  1.2691e-03,
         1.1640e-03, -1.0080e-05,  7.0872e-05,  6.2560e-05,  1.0824e-04,
        -4.0917e-04,  2.3982e-04, -1.0601e-04,  3.6638e-04, -1.8737e-03,
        -3.4938e-04,  5.8182e-04,  3.7448e-05,  1.1346e-03,  2.3941e-03,
        -1.2104e-03, -2.1337e-03, -5.1175e-04,  1.0242e-03,  4.4962e-04,
        -2.0103e-04,  1.8318e-03,  1.4011e-03,  8.6542e-06,  6.6652e-04,
         8.4276e-05,  2.1529e-03, -4.7248e-04, -6.8259e-05, -2.5002e-04,
         2.4401e-04,  4.6190e-04,  4.3085e-04,  5.0335e-04, -8.8944e-04,
         4.5718e-04,  1.4878e-03, -5.9342e-04, -2.0648e-05,  1.9465e-04,
         1.7599e-03, -7.2519e-04,  1.4028e-06,  7.5936e-04,  4.7904e-04,
         2.2318e-04,  3.3332e-04,  7.3998e-04,  7.5859e-05, -3.6073e-03,
        -3.2101e-04,  2.8044e-04, -1.1872e-03,  9.2304e-04, -5.6666e-04,
         8.1959e-05,  9.2403e-05, -2.3166e-03,  4.3408e-04,  2.9054e-04,
        -6.1629e-04, -1.8125e-03, -1.9539e-03,  6.4265e-04,  4.3556e-04,
        -3.8548e-03, -9.0331e-05,  5.5790e-04,  5.3649e-04,  3.4903e-04,
         6.3893e-04, -2.4062e-04,  5.2431e-04, -7.9880e-05,  3.5843e-04,
         7.8189e-04,  1.0939e-04, -1.3997e-03,  1.6722e-04, -1.1133e-04,
        -1.3435e-03, -1.2795e-03,  8.7679e-05, -1.1763e-03,  2.1526e-04,
         3.1564e-04, -4.7148e-04, -2.1302e-04,  6.2027e-04,  4.3513e-04,
        -1.5740e-03, -6.4831e-04, -1.3605e-05, -2.3438e-04,  2.3774e-04,
         3.1165e-04, -4.3153e-02, -4.6754e-04, -4.1323e-04,  1.7215e-03,
        -6.5134e-05,  2.5125e-03,  2.9605e-04, -9.3231e-04, -9.2857e-04,
         2.0038e-04,  2.3545e-04,  1.2869e-03, -1.3309e-04,  4.4498e-04,
        -2.2051e-04,  1.9895e-04,  3.6198e-04,  6.0402e-04,  9.0770e-04,
        -4.2417e-05, -8.8898e-04, -8.2583e-04, -6.6831e-04, -1.3470e-03,
         4.3062e-03, -4.7267e-05, -1.0411e-04,  1.9595e-03, -3.7084e-05,
         3.2745e-04, -1.9896e-04,  1.8741e-03,  3.3365e-04, -2.5039e-05,
        -1.0657e-03, -5.1812e-05,  2.5808e-03,  8.7944e-04,  2.8435e-04,
        -4.8880e-05,  1.5499e-04,  3.5528e-05, -5.9515e-04,  1.0884e-04,
         8.4696e-05,  1.7862e-03,  6.4735e-04, -1.6152e-04,  5.3845e-04,
        -3.0030e-05, -3.6405e-04,  6.6465e-04, -6.8837e-04,  5.1394e-04,
         8.2029e-04, -3.7907e-04,  6.4869e-04, -1.0943e-03,  2.6975e-04,
        -4.0834e-04,  1.6560e-03,  5.3367e-04, -1.9473e-04, -8.7695e-04,
        -6.7246e-04, -2.2166e-04,  6.0139e-05,  1.5854e-04, -9.5860e-05,
         2.1994e-04, -2.6430e-04,  2.6490e-04,  1.6368e-03,  1.9108e-04,
        -2.0561e-05,  8.3144e-04,  1.9775e-03, -8.6334e-06, -1.0814e-04,
        -5.9369e-04,  4.2275e-04,  1.0970e-03,  1.7539e-03,  4.4011e-04,
         1.8462e-04], device='cuda:0')), ('fcs.1.weight', tensor([[ 1.3121e-03,  8.9307e-04, -6.7283e-04,  ..., -6.7239e-04,
          1.7116e-04,  2.1014e-03],
        [ 6.7247e-04, -1.8321e-03, -3.3462e-03,  ..., -4.3068e-04,
         -8.9497e-04,  1.4214e-03],
        [ 2.2624e-04, -1.8947e-03,  5.4797e-04,  ..., -6.6324e-04,
         -1.2936e-03, -2.4426e-04],
        ...,
        [ 5.5176e-04, -6.3087e-04, -2.2678e-04,  ...,  6.3357e-04,
          8.5853e-04, -1.1051e-03],
        [-2.5500e-05, -5.3892e-04,  1.5970e-03,  ..., -1.8450e-03,
         -8.6558e-04,  2.0056e-03],
        [-1.7853e-03,  1.5515e-03, -1.3048e-03,  ..., -6.8118e-05,
          5.4101e-04, -1.3151e-03]], device='cuda:0')), ('fcs.1.bias', tensor([ 6.1745e-04, -9.7062e-04, -8.0398e-04, -6.5060e-04,  4.5186e-04,
        -3.3529e-04,  1.0588e-03, -1.4994e-04, -1.0268e-03, -6.7703e-04,
         3.9925e-04,  1.0295e-03,  2.1833e-04, -1.1796e-03, -7.4109e-04,
        -1.1554e-03, -2.6340e-04, -6.2567e-04,  2.1778e-04, -3.7475e-04,
        -1.1729e-03, -5.8061e-04, -1.4707e-03, -1.4889e-04,  4.6181e-04,
        -8.8787e-04,  2.4776e-03,  5.4998e-05,  9.2534e-04,  4.1655e-04,
        -5.7192e-04, -1.0162e-03,  7.4399e-04, -6.8643e-04,  8.5709e-04,
         8.2996e-04, -3.1488e-04,  3.6738e-04,  5.0698e-04, -9.1557e-04,
         5.1567e-04,  5.9417e-04,  4.0184e-04, -4.2786e-04,  7.4996e-04,
         7.8048e-04,  1.4173e-03, -7.2098e-05,  6.6775e-05,  5.3625e-04,
        -8.1588e-04,  3.1691e-03,  5.9274e-04, -7.7253e-04,  2.5000e-05,
        -4.6059e-05, -5.1754e-05,  1.0332e-03,  4.5087e-04,  1.1682e-04,
         1.6319e-03,  3.2104e-05, -1.0327e-04, -1.0040e-03, -1.1453e-03,
        -5.4316e-04, -9.4161e-04, -2.0476e-03,  6.3327e-04,  3.4661e-04,
        -1.9201e-03, -2.0453e-04,  6.0547e-04, -3.2045e-04,  5.2715e-04,
         5.6291e-04,  7.0044e-04,  8.0653e-04, -4.7076e-04,  1.9893e-03,
        -2.5854e-03,  8.5489e-04, -2.8336e-03,  1.6303e-03, -3.9113e-04,
        -5.2187e-04,  1.1198e-03, -1.2479e-03, -6.5014e-04,  3.9045e-04,
         2.4698e-04, -5.1989e-04,  7.2580e-05, -1.2349e-04, -3.0371e-04,
         6.4317e-04, -3.9423e-04,  1.2068e-03,  7.2461e-05,  3.8713e-04,
        -1.5149e-05, -2.5659e-04,  1.9047e-05,  7.7075e-04,  6.4415e-04,
        -1.1899e-03,  1.3258e-03, -3.5004e-04, -1.4993e-03,  9.1555e-04,
        -2.2126e-03, -2.0205e-04,  1.4692e-02,  1.6257e-04, -1.0457e-03,
        -7.1940e-04,  9.6965e-04,  1.2608e-04, -3.3194e-04, -1.0536e-03,
        -2.7057e-03,  1.2393e-04, -2.1935e-04,  8.7190e-04, -1.6012e-03,
         3.0043e-04,  2.2310e-04,  5.2953e-04], device='cuda:0')), ('fcs.2.weight', tensor([[ 1.0567e-04,  9.4001e-04, -1.0340e-04,  2.0041e-05,  9.5707e-05,
          1.5508e-06,  6.3632e-05, -3.7598e-05, -9.3771e-05, -1.5055e-04,
          1.0974e-04, -2.0882e-05, -6.1794e-05, -1.5001e-04, -1.3696e-04,
         -7.8583e-05,  1.4211e-05,  1.6779e-04,  2.9786e-04, -6.8696e-06,
          4.4783e-04,  6.3968e-04,  1.1441e-04, -2.7462e-04, -9.1588e-05,
         -1.0339e-04,  2.6223e-05,  6.6596e-05,  2.4238e-05, -2.1059e-04,
         -3.6472e-05, -1.9542e-04,  6.7710e-05, -4.9069e-04, -2.5089e-04,
         -3.1273e-04,  1.9054e-05, -5.6115e-05,  1.7858e-04, -1.2218e-05,
         -8.6755e-05, -1.5085e-05, -2.4963e-04,  9.5563e-05,  2.3649e-04,
          3.4375e-04, -7.5507e-04, -1.3917e-04, -2.9912e-05,  1.2979e-04,
         -1.2395e-04, -2.8608e-04, -2.8549e-04,  5.8106e-06, -2.5386e-05,
          7.0643e-05,  9.5766e-06, -1.6949e-06,  1.1016e-03, -4.9089e-04,
         -1.1636e-04,  8.9466e-05, -5.2128e-05, -1.3226e-04, -1.6956e-05,
         -3.5905e-05, -6.4088e-04, -1.0357e-04,  8.4858e-04,  5.6114e-04,
          5.1168e-05,  1.1491e-03, -7.1135e-05, -1.4525e-05,  2.1348e-06,
          5.3060e-05, -7.1174e-05,  4.1585e-04, -1.8186e-05,  6.4402e-04,
         -2.8215e-04,  5.6140e-04,  3.2436e-05,  1.0731e-03, -1.3892e-03,
          7.2662e-05,  3.3198e-04,  3.2064e-04, -1.8600e-05,  1.4976e-06,
          9.2845e-04, -3.9446e-06, -2.2892e-05, -5.2236e-05,  1.8351e-04,
          3.3834e-06, -1.3219e-05, -2.6428e-04,  3.0888e-04,  4.7810e-05,
          2.0796e-05,  4.4458e-05, -1.1716e-04,  5.2276e-04, -3.5745e-04,
          4.0352e-05,  1.8408e-04,  8.4841e-05, -8.3893e-05,  1.0985e-05,
          4.8285e-05,  4.3117e-05, -4.1513e-01, -5.0220e-05,  1.4003e-04,
         -5.4066e-04,  1.5393e-04, -3.4530e-06,  1.5621e-05,  8.0374e-05,
          3.8585e-04, -3.9457e-05,  2.8829e-05,  8.9802e-04, -3.6391e-04,
         -4.9301e-05, -1.3480e-01, -1.5902e-04]], device='cuda:0'))])
end of epoch 3: val_loss 8.698525390625, val_acc 0.995
trigger times: 1
end of epoch 4: val_loss 0.0038221409916877748, val_acc 0.995
trigger times: 0
saving model weights...
Weights: OrderedDict([('fcs.0.weight', tensor([[-9.6396e-05,  7.6276e-05, -4.9739e-05,  ...,  1.4044e-03,
          9.8001e-05, -1.2420e-03],
        [ 4.8217e-05, -9.5548e-05,  4.7915e-04,  ..., -2.8659e-04,
         -1.7662e-03, -1.2429e-03],
        [-2.4992e-05, -2.0954e-05,  1.0209e-04,  ...,  2.5042e-05,
         -9.1243e-05, -3.0050e-04],
        ...,
        [-4.3627e-04,  7.2560e-04, -4.0481e-04,  ...,  8.7076e-04,
         -1.0843e-03,  2.4979e-03],
        [-8.5530e-04, -1.2757e-03, -1.3254e-03,  ..., -1.1433e-03,
          2.4054e-03,  1.9961e-04],
        [ 6.3202e-05, -7.7676e-02,  3.0133e-06,  ...,  2.5664e-04,
         -2.6702e-05, -3.5171e-04]], device='cuda:0')), ('fcs.0.bias', tensor([-5.4966e-06,  2.4970e-04, -1.2628e-02, -4.5169e-05,  1.7996e-05,
         1.2353e-03, -1.5462e-04, -9.0420e-02,  4.4556e-01, -4.8247e-04,
         7.1941e-05,  8.4834e-05,  1.0464e-04, -2.3345e-01,  1.7261e-04,
         2.5874e-04, -2.2638e-01, -2.6802e-01, -6.4653e-05,  1.5071e-04,
         1.1604e-06,  6.7767e-02, -8.1740e-04, -1.1945e-01,  3.4144e-05,
         3.0960e-05,  1.0715e-01, -2.0905e-01,  3.8953e-05, -9.9420e-05,
        -3.9401e-04,  3.5529e-05,  3.6356e-04, -2.7627e-04,  4.0104e-06,
        -2.4138e-05,  1.4208e+00,  4.1233e-05, -7.3171e-06,  4.0344e-05,
        -1.2625e-05,  2.3862e-04,  6.2036e-04,  1.0222e-05,  1.7169e-01,
        -2.6085e-05, -1.0659e-01, -6.5371e-02, -2.0990e-05,  7.2820e-05,
         1.3331e-03,  4.9045e-05, -1.0940e-04, -3.4036e-05,  1.4195e-03,
         9.3416e-04, -2.1682e-01, -7.0487e-05, -1.4154e-05,  1.9745e-04,
        -6.6278e-02,  1.6232e-06, -1.3029e-04,  1.0830e-04,  4.8209e-04,
         5.1786e-05, -7.9774e-05, -3.8315e-04, -1.9734e-04,  5.0552e-05,
         4.5634e-05,  3.8902e-05, -1.7315e-04, -8.5766e-05,  1.3843e-04,
        -1.7344e-04, -3.9537e-04,  2.5109e-01, -4.4560e-05,  1.6861e-04,
         8.8673e-05, -3.3714e-04,  3.2897e-04, -2.3534e-04,  1.4534e-04,
        -3.5218e-04, -2.4017e-01,  3.7943e-04,  8.0861e-02, -1.4450e-03,
         1.8825e-04,  7.3264e-01,  1.2234e+00,  1.2005e-04,  9.5730e-05,
         6.2928e-06,  2.4162e-01, -1.3686e-01, -2.9561e-05, -1.2147e-05,
         1.6236e-04,  7.0071e-01, -3.2430e-05,  1.4074e-02, -1.2119e-03,
        -2.0215e-04,  3.6053e-04,  9.3099e-05, -2.9566e-01, -7.9854e-06,
        -8.8732e-02, -1.0956e-05, -1.9810e-05,  1.2585e-01, -1.4954e-04,
        -1.1761e-03,  7.8085e-04, -1.8280e-04, -2.5919e-03,  1.2715e-04,
        -9.3498e-02,  8.6515e-05,  1.6454e-05,  2.1517e-04,  7.6370e-06,
         3.7577e-05,  1.6983e-04, -1.5253e-01,  2.2888e-04, -8.8658e-02,
         4.9847e-01,  4.2177e-05,  4.5943e-05,  1.9181e-05, -2.6912e-01,
         1.8043e-01, -1.2377e-01, -5.7003e-02, -5.4307e-03, -2.9515e-01,
         7.8089e-04,  3.4492e-04, -1.8741e-04,  7.3395e-04, -4.1467e-04,
         9.1755e-05, -3.3253e-04, -2.6633e-05, -2.1786e-05,  8.2237e-01,
         6.3224e-07,  2.5396e-05,  1.3111e-04,  9.9156e-06, -4.4275e-06,
        -1.5228e-01, -6.4659e-04, -9.4186e-02,  3.0849e-05, -3.6532e-04,
        -2.5382e-02, -1.0001e-04,  1.6155e-05,  1.6405e-01,  2.2068e-01,
        -3.1120e-04, -9.1073e-02,  3.0989e-05, -5.6072e-02, -8.7542e-05,
        -1.4342e-05,  4.5628e-05, -2.0821e-01, -7.6652e-04,  1.1006e-05,
         2.5366e-04,  4.0266e-05,  3.0679e-04, -1.0493e-05,  2.6479e-06,
        -8.7298e-03, -8.5963e-05, -1.8312e-04,  4.3851e-05, -1.0789e-01,
        -4.0793e-05, -1.9132e-04,  7.0379e-02,  1.6526e-04, -2.0333e-04,
         2.0188e-04, -3.4147e-04,  7.9646e-06, -1.7743e-04,  1.2058e-03,
        -1.2914e-01, -2.5567e-04, -1.7008e-01,  4.2578e-05,  2.2883e-04,
         4.8978e-05, -9.8445e-02,  3.2005e-04,  8.0945e-05, -1.0351e-04,
        -9.0328e-05, -1.2560e-01, -7.0166e-02,  2.5638e-04,  6.7870e-05,
        -1.1346e-01, -7.5970e-04,  1.4185e-01,  1.9426e-05, -1.4972e-01,
         8.5614e-05,  1.0292e-04,  2.4281e-05,  6.7021e-01, -1.9246e-04,
        -3.5948e-05, -1.3342e-04,  1.9010e-05,  4.7671e-05, -1.3165e-04,
         3.8055e-01, -6.0192e-04,  7.0397e-01, -3.2303e-02, -1.7070e-04,
         4.1444e-04,  3.8181e-05,  8.4938e-05, -4.3927e-06, -1.7020e-05,
        -3.4123e-02, -1.4948e-04, -1.2005e-01, -8.7990e-04,  1.7506e-05,
         1.9945e-05, -3.6262e-05, -3.1346e-05, -5.2083e-02,  3.0833e-04,
         1.4140e-05, -1.2762e-01,  4.6900e-01,  1.3678e-04,  9.0724e-05,
         1.6254e-04,  5.7313e-05, -1.0937e-03,  1.0942e-04,  4.3314e-04,
        -3.1514e-03], device='cuda:0')), ('fcs.1.weight', tensor([[-4.8839e-04,  1.7804e-03, -1.2896e-03,  ..., -9.0109e-04,
         -2.1817e-03, -5.9192e-05],
        [ 3.1184e-03,  1.0728e-03, -5.1044e-04,  ...,  1.1394e-03,
         -1.3026e-03, -5.5750e-05],
        [ 1.3045e-03, -3.0509e-04,  2.1807e-03,  ...,  4.9708e-04,
          8.9446e-04, -2.1791e-03],
        ...,
        [-1.3076e-03,  1.3247e-04, -5.7237e-05,  ..., -1.3068e-03,
         -8.1744e-04,  1.0538e-06],
        [-1.7014e-03,  1.2963e-03,  8.9366e-04,  ...,  2.1629e-03,
         -3.5186e-04, -7.7159e-04],
        [-2.2179e-03, -6.5348e-04,  1.1144e-05,  ..., -1.7212e-03,
         -9.3040e-04, -1.1151e-06]], device='cuda:0')), ('fcs.1.bias', tensor([-1.0505e-04, -2.1903e-04,  9.4300e-04,  1.4743e-04, -3.4767e-04,
         7.7861e-05, -9.3532e-04,  1.6790e-03, -3.4892e-04,  1.1417e-05,
        -1.2968e-04,  1.2095e-03,  4.0396e-04, -1.3438e-06,  5.7014e-04,
        -2.1450e-04, -7.6593e-05,  1.6404e-06, -2.1191e-04,  2.9711e-05,
         3.0815e-04, -5.5911e-05, -2.5009e-04,  2.1353e-04,  4.5092e-06,
         7.6065e-04,  6.7551e-04,  7.3762e-06,  3.4864e-04, -3.6706e-04,
        -1.1641e-04,  6.9618e-04, -2.6756e-04, -2.1602e-01,  3.0923e-04,
         1.1410e-04, -7.7847e-05, -3.9418e-04, -1.8859e-04, -6.6782e-04,
         1.4891e-04, -1.7674e-04,  1.8259e-04, -3.4887e-04,  4.1582e-04,
         5.8523e-04, -1.5418e-04,  4.1726e-05, -1.2526e-04,  7.2839e-05,
        -1.4630e-04, -1.2526e-04, -1.5658e-04, -1.7461e-04, -8.4196e-04,
        -5.0235e-02, -8.4277e-05, -2.9697e-04, -1.0193e-03,  1.5014e-05,
         1.1184e-03,  1.4091e-04,  4.7423e-04, -9.0969e-04, -1.5780e-03,
        -4.6714e-04,  1.5389e-04, -4.2416e-04, -1.4122e-04, -6.2383e-05,
        -1.2549e-03,  6.2253e-05,  2.3911e-04, -1.2229e-03,  6.1705e-05,
         9.3720e-06, -1.4172e-05,  7.4088e-05, -8.6243e-04,  1.2518e-05,
        -4.7515e-04, -1.2538e-05,  1.0156e-04, -7.3708e-05,  3.2662e-04,
         7.4533e-04, -5.3209e-05,  3.8942e-04,  5.7805e-04,  1.2473e-03,
         1.3672e-04, -7.8643e-04,  5.0821e-04,  1.3822e-03, -6.2467e-06,
        -1.0192e-04, -2.2677e-04,  1.4780e-04,  3.0701e-04,  1.1095e-03,
        -2.6779e-04,  3.1731e-05, -3.4712e-04, -5.8853e-05,  1.4005e-04,
         5.2745e-04,  4.4501e-04, -5.4578e-06,  1.1547e-03, -3.5479e-05,
         1.3325e-04, -2.7126e-05,  5.2756e-05,  1.0176e-01,  5.4703e-04,
         6.6371e-04, -6.0770e-04,  3.4770e-04,  3.2330e-04,  1.3136e-03,
         6.9775e-05,  2.2651e-04,  6.3925e-05,  1.6954e-05, -1.5121e-04,
         1.1665e-04, -1.9204e-04, -4.5881e-04], device='cuda:0')), ('fcs.2.weight', tensor([[-8.9002e-02,  3.3704e-06,  2.9228e-04, -1.7205e-02,  1.6411e-04,
          2.5351e-03, -3.0485e-04, -4.4941e-05,  1.3013e-02,  4.0118e-06,
          6.2677e-03,  8.0447e-05,  9.5623e-04,  8.5574e-06, -5.1088e-05,
         -4.4338e-02, -1.2047e-04, -4.2467e-05, -9.2105e-02, -5.9623e-02,
         -1.9485e-01,  8.3952e-02, -1.0331e-01, -1.2066e-01,  1.5014e-02,
         -1.7377e-04, -5.5006e-04,  8.7896e-05, -7.9137e-02, -7.8846e-06,
         -8.1521e-02, -7.9892e-05, -7.6399e-04, -1.2756e-01, -1.3753e-05,
         -7.7790e-02, -5.6497e-04, -5.7628e-02, -2.6031e-05,  4.9035e-04,
         -4.8411e-02,  2.0964e-05, -9.9151e-02, -1.8063e-09,  4.0385e-02,
          1.3412e-04, -2.1921e-01, -5.6187e-05,  2.7338e-02, -7.4779e-05,
         -7.4573e-06, -2.7893e-02, -3.6838e-05, -4.0416e-07,  3.1178e-04,
          2.8978e-01, -5.1157e-06, -8.2969e-05,  1.2202e-04, -1.9034e-06,
         -2.2246e-05,  1.5075e-01,  3.7051e-02, -4.3027e-06, -7.3404e-02,
         -5.6546e-02, -2.0663e-01, -4.6755e-02, -1.1598e-01, -3.0640e-09,
          2.7698e-04,  4.9379e-06, -8.0811e-02, -8.3018e-02, -1.0454e-01,
         -4.8718e-05, -6.4880e-02,  3.1155e-01, -1.6765e-01, -5.7111e-02,
          1.2583e-04, -8.0817e-06,  1.1835e-04, -7.8650e-07,  7.1786e-06,
         -5.3407e-02,  4.0628e-01,  1.3804e-01, -8.0431e-02, -3.4122e-02,
         -2.7545e-05, -1.2582e-06, -6.3593e-02,  1.7606e-05, -2.4430e-01,
          8.4605e-02,  3.6472e-05,  5.3434e-02,  1.9665e-02, -4.3742e-02,
          6.4964e-05, -2.8331e-02, -6.2450e-02,  3.6745e-06,  1.4569e-05,
          4.3789e-02, -2.0535e-04,  7.4570e-02, -2.1178e-04, -1.1245e-05,
         -6.2704e-06,  2.6779e-01, -6.0317e-01,  1.2147e-06,  1.8037e-04,
          9.8861e-05, -3.9158e-02,  2.4565e-04, -1.5878e-05, -7.8710e-03,
          4.2202e-02, -3.4263e-04,  3.8536e-02,  4.4973e-02, -2.4925e-01,
         -1.5581e-02, -1.1030e-04, -4.8047e-02]], device='cuda:0'))])
end of epoch 5: val_loss 2.667629858475351e-05, val_acc 1.0
trigger times: 0
saving model weights...
Weights: OrderedDict([('fcs.0.weight', tensor([[-1.4283e-04,  4.6362e-05,  2.1124e-05,  ..., -7.1852e-04,
          1.4185e-03, -1.3101e-03],
        [ 2.3234e-03,  1.9900e-03, -4.6698e-03,  ...,  1.2380e-03,
          8.8648e-04, -6.7130e-04],
        [-2.3491e-05, -3.4472e-05, -8.7682e-05,  ...,  4.3904e-05,
         -6.7179e-04,  6.3791e-04],
        ...,
        [ 3.6714e-04,  2.5848e-03, -4.7807e-04,  ..., -1.3209e-03,
          1.9589e-03,  2.4969e-03],
        [-1.6002e-03, -1.2283e-03, -1.4598e-03,  ...,  1.2544e-03,
         -1.1424e-03,  1.4660e-03],
        [ 1.2674e-05,  4.8211e-05, -8.0461e-05,  ..., -1.0380e-04,
          1.2010e-04, -4.4552e-04]], device='cuda:0')), ('fcs.0.bias', tensor([ 4.2796e-05, -5.8481e-04, -1.8184e-05, -7.7108e-05, -8.5269e-05,
        -1.5583e-04, -2.3531e-04,  2.5782e-05,  6.9860e-05, -1.9517e-03,
        -3.4272e-04,  1.6410e-04, -1.4661e-03, -8.2390e-02, -6.2191e-04,
        -1.1555e-03, -6.4503e-02, -1.3025e-01, -1.7337e-04,  4.6314e-05,
        -1.7563e-04, -5.8382e-05, -4.3443e-04, -2.8381e-05,  6.7231e-05,
         3.6255e-04, -4.2662e-05, -9.3716e-02,  7.2429e-06, -6.6667e-05,
        -7.8223e-04, -1.2096e-04, -3.1977e-03,  2.8055e-04,  1.1504e-05,
        -1.5437e-04,  1.2405e+00, -1.4703e-04, -1.4926e-04, -4.7525e-04,
         1.5213e-04,  6.2779e-04,  7.5676e-04, -4.3433e-05, -1.4212e-05,
        -1.5077e-05, -1.5365e-05,  4.5393e-06, -5.6727e-05,  2.0330e-04,
         2.7678e-04,  5.9796e-04,  7.0039e-04, -2.5014e-04, -7.5944e-04,
         1.9086e-04,  6.2366e-05, -2.1917e-05,  1.5681e-04,  7.9480e-05,
         8.7338e-06,  7.5785e-05, -7.4249e-04, -1.4984e-04,  6.3714e-04,
        -8.0146e-05, -4.2750e-04,  4.9555e-05,  5.5299e-04,  9.6214e-05,
         9.6454e-05,  2.9942e-04,  1.4235e-04,  8.6799e-05,  1.9047e-04,
         2.8423e-04, -1.0900e-04,  1.6916e-05,  2.5434e-05,  8.7105e-05,
        -1.4686e-04,  2.0784e-04,  3.1499e-04,  8.2972e-04, -6.2751e-04,
         2.0731e-03,  7.3202e-05, -2.5601e-04, -7.6299e-05,  2.7150e-04,
        -2.3216e-05,  4.9298e-01,  2.9220e-01,  1.5896e-04, -5.0948e-05,
         1.2382e-04,  8.9584e-05,  3.9552e-05, -7.1144e-07,  4.0956e-04,
         2.3694e-04,  2.5961e-01,  2.8430e-04,  3.2320e-05,  1.5914e-03,
         5.0904e-04,  4.3125e-04, -4.2963e-04, -8.3910e-06,  2.7753e-04,
         1.4403e-05,  4.5553e-05,  1.4668e-04, -7.0125e-06, -1.4637e-04,
        -1.4168e-03, -6.8469e-04, -2.4556e-05, -2.0840e-03, -7.9557e-05,
        -3.4511e-05,  3.6562e-05,  9.1472e-05, -7.6846e-04, -1.4739e-05,
        -1.7841e-05, -3.2092e-04, -9.3812e-05,  1.1961e-03, -1.6951e-05,
        -1.0760e-04, -1.0958e-04,  5.3340e-05,  1.4628e-04, -1.3659e-01,
         6.1086e-05, -3.3324e-05,  6.6709e-05, -2.8854e-06, -8.9367e-02,
        -8.0604e-04, -5.8595e-04,  4.0722e-04, -6.8448e-04,  3.0681e-05,
         3.8605e-05,  1.8850e-03, -1.7058e-04,  1.7731e-04, -2.8520e-04,
        -8.0252e-05, -3.4988e-05, -2.4891e-04,  5.3023e-05,  1.6266e-04,
        -6.1820e-06, -4.3395e-04,  2.7875e-05, -1.4583e-04,  2.3663e-04,
        -2.0947e-05, -7.4124e-06,  5.2621e-05, -1.0736e-04,  3.7121e-05,
         2.6663e-04,  1.2612e-07, -6.3362e-05, -1.3171e-05, -2.7092e-04,
        -2.0949e-05,  1.3627e-04, -1.3045e-02,  9.1598e-04, -2.3288e-04,
        -5.8273e-05,  1.0580e-04,  4.9671e-04, -3.6036e-05,  1.5892e-05,
        -1.4505e-05, -3.7695e-04, -1.8140e-03, -1.3999e-05, -1.9326e-05,
        -1.4844e-04, -4.9301e-04, -2.2392e-05,  5.6874e-05,  7.9465e-05,
        -4.6410e-04,  6.2045e-04,  1.2272e-04, -6.2127e-04, -1.9263e-04,
         3.0246e-05,  3.5316e-04,  1.4709e-05,  4.6339e-05,  1.6712e-05,
         2.5108e-05,  2.0045e-05, -6.6420e-04, -1.5581e-04, -5.3347e-04,
         9.7673e-04, -4.1469e-05,  1.3488e-05, -4.8083e-04, -5.7850e-04,
        -5.0769e-05, -4.6993e-04, -6.3835e-05, -3.1789e-03, -1.0756e-05,
        -8.7849e-05, -1.2289e-04, -8.8846e-05,  1.3656e-01,  3.6356e-04,
         5.7256e-05, -5.7716e-04, -1.0490e-05, -3.1700e-04,  1.7667e-04,
         2.4008e-01,  9.9614e-04,  5.3324e-01,  3.3838e-05,  7.9266e-05,
        -6.5390e-05,  2.6739e-07, -8.2272e-05, -1.3694e-04,  1.7943e-04,
        -4.4638e-05, -1.0080e-04,  3.5261e-05,  9.5490e-05, -9.4126e-05,
        -2.3586e-06, -2.2668e-05, -7.1301e-06, -1.1386e-04, -6.2955e-05,
         5.9129e-05, -1.6737e-05,  6.6045e-02,  7.3628e-04, -6.4186e-05,
        -4.2469e-04, -7.0237e-05, -4.8588e-04,  3.6251e-04, -1.8375e-03,
        -6.6875e-06], device='cuda:0')), ('fcs.1.weight', tensor([[-1.3111e-03,  7.6331e-04, -1.3033e-03,  ..., -1.3042e-03,
          2.2771e-04,  5.2980e-04],
        [ 3.1418e-03,  6.8183e-04, -1.2191e-03,  ...,  1.1422e-03,
         -1.3041e-03, -1.0662e-04],
        [ 1.3044e-03, -3.0524e-04,  2.1805e-03,  ...,  4.9716e-04,
          8.9364e-04,  6.7349e-04],
        ...,
        [-1.3089e-03, -3.0482e-04, -1.6640e-04,  ..., -1.3040e-03,
         -7.6494e-04, -4.2342e-06],
        [-1.9109e-03,  1.3030e-03,  8.9371e-04,  ...,  2.1776e-03,
          1.0559e-03, -7.7169e-04],
        [-2.1776e-03, -8.0458e-05,  2.5581e-05,  ..., -3.0164e-05,
          5.4966e-04, -5.8067e-05]], device='cuda:0')), ('fcs.1.bias', tensor([-9.4442e-04,  2.5215e-04,  7.1418e-04, -5.2870e-04, -2.2214e-04,
        -8.7953e-05, -4.8965e-04,  1.8928e-03, -7.9204e-04,  3.3583e-05,
        -4.2172e-04,  1.2883e-03,  6.5874e-04, -9.3785e-05,  6.5238e-04,
         1.9374e-03, -5.1276e-04,  6.0914e-04, -1.6406e-04, -1.5266e-04,
         1.9917e-04, -6.7777e-05, -8.6254e-04,  4.8389e-04, -8.7568e-05,
         7.6469e-04, -1.4095e-03,  1.8665e-05,  6.8722e-04, -8.7361e-04,
        -2.5341e-03,  1.3021e-03, -9.3624e-04, -7.5868e-05, -1.3179e-03,
         6.9880e-06,  3.1482e-04,  1.5831e-03, -4.3856e-04,  5.9284e-04,
        -1.2832e-03,  2.0314e-03,  2.3403e-04, -5.5891e-04, -1.7655e-03,
        -1.2764e-03, -5.3105e-05,  9.6485e-05, -2.3940e-04,  3.1217e-04,
        -2.7880e-04, -2.0378e-03, -7.3928e-04,  9.6061e-06, -8.0824e-04,
         1.3217e-04,  1.4955e-04, -7.9455e-04, -2.9311e-04, -2.4994e-05,
         1.2686e-03,  4.8471e-04, -1.0788e-03, -2.0204e-03,  1.0135e-04,
        -4.8116e-04,  1.5597e-04, -6.1255e-04, -1.1904e-04,  6.3853e-04,
         6.6939e-04, -1.4120e-04, -8.5183e-04,  1.3369e-03, -1.1857e-06,
        -3.8001e-04,  2.0777e-04, -4.0972e-05, -5.0611e-03,  1.3208e-04,
         4.9402e-04,  3.4273e-04,  3.3946e-04, -7.1384e-04,  5.3778e-04,
        -3.0928e-04, -4.1850e-04, -5.6144e-04,  1.4419e-03, -1.7772e-03,
        -3.0873e-04, -8.7295e-04,  3.9956e-04,  1.2092e-03,  2.1052e-05,
         2.4724e-04, -5.5838e-04,  1.1983e-04,  3.2820e-04, -4.9585e-04,
        -9.4695e-04,  5.1010e-04, -2.0797e-04, -1.5281e-04,  3.4581e-04,
        -6.2745e-04,  1.9833e-03,  4.8677e-05, -7.5568e-05, -7.3892e-05,
         3.1052e-04,  1.1845e-04,  8.6363e-05, -1.1122e-04, -2.1665e-03,
         5.9079e-04, -5.4591e-04, -5.0535e-04,  5.7570e-04,  1.9075e-03,
        -2.7251e-04,  5.3477e-04,  1.2367e-04,  8.1012e-04,  1.1810e-03,
         1.0479e-04,  9.5029e-04,  6.7069e-04], device='cuda:0')), ('fcs.2.weight', tensor([[-1.3658e-05,  1.7389e-06, -5.3203e-04,  3.1984e-05,  2.3868e-06,
         -8.6630e-06, -5.6393e-04, -1.8032e-04,  1.5078e-05, -1.7136e-06,
         -1.9765e-05,  7.0627e-05,  2.0564e-06, -3.4868e-05,  2.0250e-04,
         -7.5702e-06,  1.3292e-04, -1.5972e-04,  2.4902e-05,  6.5437e-08,
         -1.1488e-01,  1.0861e-05, -8.9783e-06, -7.2408e-03, -1.6962e-07,
          8.0847e-04,  1.7801e-04, -5.8452e-05, -1.9732e-02, -6.8480e-06,
         -4.6542e-02, -1.4396e-03,  5.2470e-04, -8.6563e-03, -1.0828e-04,
          9.3976e-06,  1.6932e-05, -1.4405e-02, -5.6313e-05, -5.9821e-04,
         -6.5705e-06, -4.4929e-04, -6.1340e-02,  3.5488e-06, -2.1214e-05,
          2.2796e-04, -1.3342e-01, -8.8005e-05,  2.3912e-05, -5.3711e-04,
         -1.5623e-05,  1.1134e-06, -8.9193e-05, -1.6346e-05, -1.5121e-04,
          2.2680e-01,  2.1452e-06, -1.9114e-04, -2.0546e-06,  4.6859e-05,
          1.7367e-06,  7.4864e-03,  1.2292e-05, -1.6530e-06, -1.2126e-05,
         -1.1439e-02, -1.4397e-01,  1.7090e-06, -3.0205e-02,  4.9965e-06,
         -7.7581e-04,  2.7525e-06, -3.6474e-02, -8.3844e-03, -3.2296e-05,
         -9.6626e-05, -2.8431e-02,  1.5450e-01,  8.3960e-06,  1.1575e-05,
          2.5398e-04, -1.4974e-05,  1.7779e-04, -1.7804e-06, -4.7245e-06,
         -3.3530e-05,  1.6824e-01,  3.6926e-02, -3.6390e-02,  1.0166e-05,
          4.3647e-05, -1.6975e-05, -1.0469e-05,  4.2672e-05, -1.6168e-01,
          2.0889e-02,  3.1985e-05,  1.7634e-05, -1.2987e-05, -1.3391e-02,
         -1.3772e-04,  1.1043e-05, -3.2659e-06,  1.9867e-05,  8.2192e-05,
          1.8723e-05,  7.7070e-05,  3.7735e-02, -4.2163e-04, -3.6822e-04,
         -2.2487e-05,  1.6760e-01, -4.5097e-01,  4.9174e-06, -7.6587e-04,
         -3.3929e-04, -2.3524e-06,  2.9515e-04,  1.4642e-05, -6.3659e-07,
          4.1418e-06,  3.3917e-08,  2.7063e-06, -6.1882e-06, -1.7541e-01,
         -2.4243e-06, -2.3084e-04, -1.3960e-02]], device='cuda:0'))])
end of epoch 6: val_loss 0.00462167178650894, val_acc 1.0
trigger times: 1
end of epoch 7: val_loss 0.010119373615423867, val_acc 0.995
trigger times: 2
end of epoch 8: val_loss 1.3251544189453126, val_acc 0.995
trigger times: 3
end of epoch 9: val_loss 0.03990969657897949, val_acc 0.995
trigger times: 4
end of epoch 10: val_loss 0.004846708659433077, val_acc 0.995
trigger times: 5
end of epoch 11: val_loss 0.015802931275898935, val_acc 0.995
trigger times: 6
end of epoch 12: val_loss 8.478798828125, val_acc 0.985
trigger times: 7
end of epoch 13: val_loss 0.0, val_acc 1.0
trigger times: 0
saving model weights...
Weights: OrderedDict([('fcs.0.weight', tensor([[-3.7900e-01, -1.4973e-01,  6.9354e-05,  ..., -2.5084e-05,
         -2.6856e-04, -3.0355e-04],
        [ 1.6883e-01,  1.6887e-01, -4.2018e-01,  ...,  1.5516e+00,
         -1.0178e+00,  2.2177e+00],
        [-1.8846e-02,  1.9714e-01,  2.7352e-02,  ...,  1.2195e+00,
         -5.6441e-01,  1.9189e+00],
        ...,
        [ 5.0541e-01,  6.5716e-02,  6.9592e-01,  ...,  1.3263e-05,
          2.9868e-01, -5.7623e-05],
        [ 5.6247e-01,  4.5856e-06,  2.0866e-02,  ...,  3.5093e-01,
         -4.4098e-01,  5.6168e-01],
        [ 9.2898e-06, -3.1581e-05, -3.6720e-05,  ..., -8.4267e-06,
         -2.2073e-04,  1.0265e-03]], device='cuda:0')), ('fcs.0.bias', tensor([-2.1992e-01,  8.1379e-01,  8.0118e-01, -1.8023e-05, -2.7097e-05,
         1.6814e-01,  9.3108e-02, -1.0830e-04, -2.3401e-05, -1.1054e-01,
         2.1180e-05, -3.0414e-01,  4.4280e-05,  5.8138e-05, -4.2352e-05,
        -2.0686e-02,  1.1911e-01,  3.0083e-04, -5.4991e-04, -2.5953e-06,
         3.6356e-01, -2.4574e-01,  1.1549e-03,  1.9804e-01,  5.0098e-04,
         5.3405e-05,  1.0882e-04,  8.6795e-02,  5.2801e-07, -4.9125e-05,
        -1.6801e-04,  6.5269e-01, -2.4966e-01, -1.9208e-05, -2.0067e-02,
        -8.1288e-05,  2.1372e+00,  3.1457e-01, -1.4778e-04, -3.6752e-02,
         1.1893e-01, -6.9466e-05,  2.9422e-01, -5.6935e-05, -2.3647e-01,
        -1.9039e-01, -3.4034e-01,  5.9597e-05, -1.1430e-01, -8.9679e-05,
        -7.5352e-05,  2.4627e-01, -9.7280e-06, -1.2575e-04,  1.5391e-04,
         1.5863e-02, -4.0440e-02,  6.5943e-04, -2.4924e-02,  3.0257e-05,
        -5.7076e-05,  7.4535e-06,  2.0178e-05,  3.0886e-01,  9.3273e-02,
        -3.7253e-01, -1.2172e-04,  2.2145e-01, -1.0749e-04, -1.0845e-01,
         2.5151e-01,  2.6704e-01,  3.0296e-01,  3.4046e-05, -1.0291e-04,
         1.3504e+00,  9.6075e-02, -4.0810e-05, -5.5127e-01, -7.5066e-05,
        -8.3201e-05, -3.3117e-05,  1.8148e-04, -1.3462e-01, -1.1005e-01,
        -5.8969e-05, -3.7626e-02,  4.7315e-03, -9.7372e-05, -1.1094e-04,
        -3.1601e-05, -2.7653e-02,  2.0624e-04,  6.6538e-01, -6.0725e-03,
         4.0956e-06,  1.8218e-04,  2.7734e-05,  1.2066e-06,  1.3571e-04,
        -3.8364e-05, -4.8460e-05,  7.9430e-07,  5.5844e-05, -4.7681e-02,
        -2.3065e-01, -4.9005e-05, -2.0156e-05,  5.5974e-01,  2.7248e-01,
         2.3036e-01, -3.1269e-03, -8.4873e-02,  4.0637e-05,  1.8688e-01,
         4.8628e-01, -1.0062e-02,  1.0096e-01, -7.1096e-05, -1.9346e-01,
        -4.0977e-04,  2.2128e-04,  3.7613e-05,  3.5779e-05, -2.5657e-04,
        -7.2624e-05, -1.9680e-05, -3.8846e-01, -2.4874e-01,  1.2766e+00,
        -1.7723e-01,  8.5843e-05,  4.7463e-06, -4.2017e-02, -2.4403e-04,
         1.2855e+00, -2.0666e-01, -9.7340e-05,  2.8894e-05, -1.8531e-01,
         4.1532e-01,  3.6225e-01,  6.0927e-01,  2.7463e-05,  4.5138e-05,
         2.6280e-05, -4.4316e-05, -5.2021e-02, -2.5611e-01,  9.4136e-05,
        -1.3964e-02, -3.0461e-05, -6.4786e-05, -2.1781e-01,  6.9199e-05,
        -1.4935e-04,  1.2624e-01, -7.3138e-02,  1.7903e-01, -1.1250e-01,
         3.0730e-05, -2.4369e-01,  2.0704e-01,  4.4414e-01,  4.4569e-01,
         2.4788e-05, -4.6227e-05, -8.6234e-02, -6.7150e-06, -1.1706e-01,
        -6.9592e-04,  2.9351e-01,  2.5115e-01, -4.3134e-02, -4.4919e-04,
        -2.5469e-01, -2.4791e-01, -1.9880e-01, -1.2649e-07,  3.6199e-08,
        -3.5019e-05, -1.5890e-04, -6.7543e-05,  1.4793e-05, -1.6619e-01,
        -2.7424e-03, -4.3639e-04, -1.0323e-06,  9.2641e-06,  1.4279e-05,
        -1.0746e-05,  8.4203e-01,  1.2959e-02, -1.1167e-01,  9.3761e-06,
         2.8313e-01,  3.2551e-01,  7.9519e-05, -2.4174e-04, -1.9302e-01,
        -9.8028e-02,  2.2789e-01,  5.5117e-01, -2.8201e-05,  8.0339e-05,
         9.3965e-02, -3.7516e-02,  5.3124e-02,  3.5627e-05, -1.9175e-01,
         5.7265e-01,  1.3154e-05, -1.7491e-05, -3.0206e-06,  5.1230e-01,
         6.3739e-01,  6.3853e-05,  1.2219e-04, -2.8210e-01, -1.9968e-01,
        -3.5242e-01, -2.3317e-01, -1.0410e-02,  7.6496e-06,  2.7148e-01,
         4.8219e-05, -8.0927e-02,  2.9887e-07, -2.4503e-01,  8.4197e-05,
         8.6099e-05,  9.0953e-05, -2.0261e-01, -1.7279e-01, -3.4740e-01,
         6.0307e-07,  3.0733e-01,  9.2875e-02,  2.1042e-01,  1.3589e-05,
        -1.1341e-01,  1.4090e-05, -1.6836e-04, -3.6855e-05,  8.6456e-01,
        -1.9812e-01,  3.8915e-01, -9.0375e-02, -8.1073e-02, -1.6814e-01,
         4.6325e-01, -5.4937e-02, -1.0760e-02,  2.9371e-01,  7.2870e-01,
        -1.5758e-01], device='cuda:0')), ('fcs.1.weight', tensor([[-2.2790e-04, -8.3925e-05, -1.2597e-06,  ...,  7.5563e-02,
          1.3429e-05,  9.9748e-04],
        [ 1.0857e-03, -2.4580e-05,  1.0833e-05,  ..., -3.5139e-05,
          3.6766e-05,  5.2356e-05],
        [ 6.0783e-04, -8.3572e-05, -1.5330e-04,  ..., -2.9369e-04,
         -5.5235e-04,  8.9111e-04],
        ...,
        [-1.0032e-03, -3.1509e-06,  3.9001e-05,  ..., -6.3127e-05,
         -3.3133e-05,  4.9406e-04],
        [-4.9114e-04, -2.3572e-05, -1.0132e-04,  ..., -3.6211e-06,
          7.1499e-05,  8.0018e-05],
        [ 4.0819e-04,  3.6350e-05,  1.0785e-05,  ..., -1.7858e-05,
          1.7184e-04,  1.3978e-03]], device='cuda:0')), ('fcs.1.bias', tensor([-4.7365e-04,  6.6657e-05, -4.1024e-04,  8.3035e-04,  1.6508e-04,
        -3.3448e-04,  6.4413e-05, -7.8161e-05,  1.3445e-04, -8.9440e-05,
        -5.7066e-05, -4.1028e-04,  1.8849e-04,  5.7754e-04,  2.4501e-04,
         1.4803e-04,  4.6583e-04,  6.7816e-04, -3.3598e-05,  1.0744e-04,
         4.4203e-04, -1.0027e-03, -5.4181e-04,  2.3992e-04, -6.0492e-05,
        -3.6595e-05,  1.8718e-03,  1.2906e-03, -5.8423e-04, -2.1893e-05,
        -4.8742e-04, -1.6982e-04, -1.0950e-04,  5.2753e-05,  5.3971e-05,
        -4.1520e-05,  8.6965e-05, -7.7282e-04, -1.5485e-04,  4.7649e-05,
        -1.3791e-03,  5.1871e-05,  2.7160e-05, -2.0726e-04,  1.8389e-05,
        -1.6869e-03, -1.1740e-04,  3.0954e-04, -5.5512e-04,  5.3253e-04,
         2.1876e-04, -2.2967e-06, -2.5855e-04, -3.3706e-05,  1.9526e-04,
         3.2002e-05,  8.4816e-05,  3.6761e-05, -3.9434e-05, -2.1656e-02,
        -3.3121e-04, -7.7904e-05, -1.2440e-04, -4.3693e-05,  1.1438e-01,
         1.6423e-05, -9.1588e-05,  6.6917e-04, -5.9541e-04,  2.9537e-05,
         2.6705e-04,  5.6073e-04, -6.2211e-05,  4.7679e-05,  8.4432e-04,
        -6.0638e-04, -9.0030e-03, -9.8833e-05, -4.4267e-04, -8.7386e-07,
        -2.2407e-04,  2.9833e-04,  2.0545e-04, -2.1892e-05,  2.1234e-04,
        -2.2822e-05, -3.8807e-04, -5.1080e-04, -2.2749e-04,  2.3782e-04,
         1.8693e-04, -6.7126e-03, -7.6952e-04,  2.0626e-01, -1.1965e-04,
        -6.3208e-04, -4.2468e-02,  7.6363e-05,  8.6566e-06, -7.1932e-05,
         1.8180e-04, -4.1651e-05,  8.6589e-05,  9.4645e-05, -1.0894e-04,
        -4.3416e-05,  3.3610e-04, -5.7525e-04,  5.4921e-07,  4.2237e-06,
         8.3255e-05, -3.7304e-04,  9.9411e-05, -1.0202e-05,  4.6076e-06,
         3.3018e-05,  5.7428e-05, -1.5131e-04,  5.5765e-04, -4.6211e-04,
        -1.2043e-04, -9.4860e-04, -8.6193e-05, -1.0256e-03,  3.8073e-05,
         3.8830e-04, -5.6920e-04, -1.7669e-04], device='cuda:0')), ('fcs.2.weight', tensor([[ 2.3041e-02,  5.2705e-03,  1.9845e-05,  4.0321e-03,  1.8413e-02,
         -1.4756e-02,  3.9827e-02,  3.2067e-05,  1.0157e-05,  3.8280e-01,
         -9.1501e-03,  1.4176e-05, -3.6107e-07,  8.1408e-02, -1.0304e-06,
         -1.3249e-02,  1.1893e-05,  7.1198e-04, -1.9492e-04,  1.0069e-01,
         -2.6442e-02,  1.2067e-04,  4.4286e-02, -5.9462e-02, -6.3400e-02,
         -2.3004e-05, -1.8729e-06,  7.6005e-05,  7.5923e-02,  1.9819e-04,
         -1.5543e-01,  2.4720e-05, -9.2864e-04,  2.3331e-05, -4.3703e-02,
          2.6891e-02,  1.0261e+00,  4.6679e-06, -9.6788e-03,  2.0096e-05,
          2.5607e-01,  9.1878e-08,  1.1714e-05,  2.9176e-02, -9.2614e-05,
          1.0658e-04, -1.3499e-07,  1.8437e-02,  3.4456e-03, -1.0299e-05,
         -1.3927e-04,  4.1068e-02,  7.3282e-06,  1.2183e-03, -1.8582e-01,
          5.5755e-02,  1.3719e-06, -8.4267e-07, -1.1313e-03, -3.4229e-05,
          6.4688e-06,  4.8848e-03, -8.9879e-02, -9.2079e-02, -6.9294e-01,
          2.2541e-01, -4.1330e-05,  1.4745e-02, -2.0009e-04,  1.9722e-03,
          1.6406e-01,  2.8220e-03,  5.4508e-02, -2.5936e-04, -2.1279e-05,
          1.5832e-03, -1.6329e-01, -2.7546e-01,  4.7327e-06, -4.7172e-05,
         -6.8785e-05,  1.1337e-03,  3.0561e-01,  6.0818e-02, -1.9245e-05,
         -2.7792e-04,  1.0192e-02,  7.2868e-06, -7.6549e-06,  1.2091e-06,
          4.7974e-02, -1.2840e-07, -1.6352e-06, -7.6573e-01, -1.3188e-06,
          1.2546e-03,  1.1404e-05, -2.4010e-02, -1.9472e-01, -3.7564e-05,
         -4.9659e-04, -1.9164e-01,  6.5625e-02, -1.1669e-05,  1.7932e-01,
          1.1443e-05, -1.9556e-07,  1.9401e-01, -1.6002e-01, -1.5236e-01,
          1.1255e-02, -1.4891e-06, -5.8136e-01, -1.0376e-01, -7.7770e-02,
         -2.4409e-06, -2.9870e-06,  1.1114e-01, -5.8303e-02,  1.5672e-04,
          2.8690e-02,  7.4855e-02,  9.7770e-06,  8.4170e-05,  3.2768e-07,
          2.5941e-01,  4.8510e-02, -3.0223e-02]], device='cuda:0'))])
end of epoch 14: val_loss 0.0, val_acc 1.0
trigger times: 0
saving model weights...
Weights: OrderedDict([('fcs.0.weight', tensor([[-7.1804e-02,  1.6640e-05,  1.8001e-04,  ..., -1.4704e-04,
         -6.1589e-04, -7.6069e-04],
        [ 7.0656e-02,  1.8470e-01, -1.2010e-01,  ...,  8.8120e-01,
         -2.1148e-01,  1.4529e+00],
        [-4.4042e-02,  1.4079e-01,  4.1900e-02,  ...,  5.8844e-01,
         -1.2093e-02,  8.7348e-01],
        ...,
        [ 2.5205e-01, -6.3840e-03,  3.4018e-01,  ...,  1.9728e-03,
          2.5758e-02, -1.0812e-02],
        [ 3.7007e-01,  5.3717e-02, -4.4179e-02,  ...,  3.2974e-02,
         -3.6035e-02, -2.1635e-03],
        [-6.8068e-05, -8.4019e-05, -5.6287e-05,  ..., -1.9072e-04,
          1.6260e-04,  3.9206e-04]], device='cuda:0')), ('fcs.0.bias', tensor([-5.4278e-06,  4.3138e-01,  2.8548e-01,  7.9241e-05, -1.3807e-04,
        -2.7798e-05,  2.6129e-07,  6.8072e-04, -2.3377e-02,  1.8966e-05,
         8.3691e-03, -1.4467e-01,  2.0027e-04,  2.2635e-04, -4.1335e-04,
         6.8813e-05,  5.0452e-02, -5.3724e-05,  1.4824e-03,  1.2811e-05,
        -2.7259e-01, -8.6245e-05, -3.2118e-04, -9.2051e-05,  6.9160e-05,
         1.8521e-01,  1.2434e-05,  3.0608e-02, -4.9432e-03,  4.1405e-05,
        -1.4326e-04,  3.0606e-01, -1.0425e-01, -9.9717e-05,  6.2010e-05,
         1.4714e-04,  2.1212e+00, -1.9776e-04, -3.5378e-05, -2.2956e-02,
         2.2688e-02,  3.0040e-04,  7.8473e-05,  7.2911e-03, -7.0087e-02,
        -2.6718e-04, -1.9405e-01, -2.9344e-06,  8.1993e-05,  3.6652e-03,
         1.5302e-04, -2.6408e-04,  4.5592e-05, -8.8690e-05,  4.9487e-04,
         2.4480e-04, -9.4868e-05,  6.0891e-04, -4.9849e-05,  7.9963e-05,
         5.7893e-05,  4.8890e-05,  9.5134e-05,  2.0979e-01, -2.4033e-05,
        -2.1551e-01, -2.4827e-04, -5.7653e-04, -2.0869e-02, -5.7139e-05,
         1.4516e-01,  6.3160e-05,  2.6585e-01,  9.4151e-05,  1.3845e-04,
         8.2369e-01,  2.9291e-05, -7.5863e-05, -2.2474e-01, -1.1973e-04,
         1.1242e-04, -5.1980e-05, -2.2926e-04,  8.5007e-06,  2.1154e-05,
        -2.8996e-03,  4.9465e-05,  2.4234e-05,  9.4152e-05, -4.2138e-04,
        -1.2289e-03, -9.5229e-05,  6.7005e-04,  1.5087e-01,  2.5991e-05,
        -1.3148e-04, -8.5237e-04, -9.2617e-05, -1.1949e-03, -2.4775e-04,
        -2.0177e-04, -4.1391e-04,  7.9245e-06, -9.0379e-05,  1.6726e-04,
        -6.8920e-02,  5.0536e-03, -2.6384e-02,  1.6916e-01,  2.0469e-01,
         7.5201e-02,  8.5240e-06, -2.7685e-05, -8.7870e-04, -1.5513e-05,
        -8.8760e-05,  2.0916e-03, -3.3395e-05, -3.9149e-04, -1.6756e-05,
         3.3338e-04,  8.0007e-02,  6.5984e-04, -6.5957e-06, -6.1342e-04,
         2.0539e-04, -2.0368e-04, -2.4917e-01, -1.3987e-01,  6.4661e-01,
         3.5347e-05,  2.6165e-02, -4.2876e-05,  3.7972e-05,  7.0621e-02,
         6.4871e-01, -5.1578e-03, -3.5993e-04,  2.1454e-03, -1.3384e-01,
        -2.9185e-05, -1.4718e-01,  3.3393e-05,  1.3777e-05,  3.9638e-04,
        -2.6655e-04, -2.6318e-04, -3.6216e-06, -1.2887e-01,  4.9822e-04,
         7.2226e-05, -7.1361e-04, -4.7409e-04,  7.8246e-06, -1.3913e-05,
         3.6275e-02, -1.9813e-05, -2.1645e-06,  1.3876e-04,  8.7595e-05,
        -1.8048e-05, -4.1081e-02,  3.1696e-05, -1.0664e-05, -7.3592e-05,
         6.8563e-05,  7.9379e-04,  3.6904e-05,  4.4527e-04, -2.7712e-02,
         5.1973e-05, -8.0982e-05,  8.4192e-02,  1.2830e-03, -1.1654e-02,
        -3.1838e-02, -9.5971e-02,  1.7505e-05, -6.3823e-05,  5.4718e-05,
         7.4103e-05, -1.2958e-04,  5.5085e-04,  1.7936e-04, -7.2656e-05,
         1.1929e-04, -2.2846e-03,  7.2783e-06,  3.9931e-05,  2.5088e-04,
         8.0326e-03,  4.2467e-02,  1.4555e-05, -2.9559e-01,  8.3362e-07,
        -1.4836e-05,  2.8912e-05, -2.6883e-03, -2.9680e-04,  5.9348e-05,
        -3.0886e-05,  1.2298e-01,  2.5502e-01,  5.9488e-05, -1.1531e-04,
        -8.8986e-05,  3.0083e-03, -1.5715e-06, -9.9337e-06, -2.6407e-02,
         6.5847e-03,  3.7758e-06,  2.6911e-05, -2.3789e-03,  1.7332e-01,
        -2.2323e-01, -2.6430e-02, -7.5435e-05, -1.9607e-01,  3.7220e-05,
        -2.5072e-01, -3.6061e-02,  8.4083e-05, -1.3427e-03,  1.6108e-01,
        -4.2221e-04,  2.4420e-04, -3.3499e-04, -9.9524e-02, -1.4931e-04,
        -6.9118e-04, -4.2823e-07, -1.1068e-01, -8.5350e-04, -1.4985e-01,
        -1.4039e-04,  2.2901e-01,  2.1607e-01,  3.2146e-02,  4.7481e-06,
         1.0037e-04,  2.9726e-04,  4.0117e-04,  1.8695e-04,  2.7929e-01,
        -6.0623e-06,  1.2249e-04, -1.5649e-05,  6.9975e-06, -1.1264e-01,
        -3.8551e-05,  8.9374e-05, -1.9423e-03,  1.1623e-04, -5.1347e-06,
        -3.1314e-05], device='cuda:0')), ('fcs.1.weight', tensor([[-1.2784e-03,  1.5542e-04, -1.8152e-04,  ...,  6.2411e-05,
          1.3319e-04,  1.2340e-03],
        [ 1.3397e-03,  9.1737e-05,  5.0710e-05,  ...,  5.1917e-06,
          7.4839e-05, -2.6862e-04],
        [ 6.0796e-04, -3.2303e-04,  7.7143e-05,  ..., -6.9611e-04,
         -5.4864e-04,  8.9324e-04],
        ...,
        [ 1.7236e-03, -3.6717e-03, -2.6170e-04,  ...,  4.1885e-04,
         -6.4196e-04, -5.1143e-04],
        [ 1.1774e-03,  1.0273e-05, -3.0495e-04,  ...,  2.0869e-05,
          3.5139e-04,  7.9710e-05],
        [ 2.1899e-04,  2.6157e-05,  6.7658e-05,  ..., -4.0994e-06,
         -3.3655e-05,  1.9608e-03]], device='cuda:0')), ('fcs.1.bias', tensor([-1.0092e-03, -4.7193e-04, -7.8242e-04,  1.3026e-03,  4.1123e-04,
        -5.7355e-04, -4.8389e-06,  2.2311e-04,  2.5523e-04,  1.2691e-04,
         1.0934e-03, -2.8227e-04,  1.0990e-03, -2.3426e-03,  5.4480e-04,
        -5.2706e-04,  8.8297e-04, -8.9117e-04,  5.8582e-05,  9.1411e-04,
         7.6949e-04, -1.2359e-03,  1.0079e-03,  1.8401e-01, -9.2412e-05,
        -1.1025e-04, -5.7867e-04,  9.0074e-04,  2.3618e-03,  1.4404e-04,
         1.1914e-02, -4.7003e-04, -2.2918e-04,  8.3589e-04,  1.0321e-04,
        -3.7183e-04,  2.6220e-02, -1.1708e-03, -1.1176e-04,  4.9833e-05,
        -1.5864e-01,  1.0686e-04,  5.8423e-05, -3.5514e-04, -1.4337e-04,
        -1.3072e-03, -3.8535e-05,  6.1895e-04, -1.2829e-03, -1.4814e-04,
        -1.1361e-04, -1.3895e-04,  1.4430e-03, -3.1275e-04, -2.2754e-02,
        -8.0123e-03,  1.8241e-04,  1.7180e-04, -7.4072e-05, -9.0634e-05,
        -7.4011e-04, -1.4890e-05,  6.1279e-02, -1.2809e-01,  1.2396e-03,
        -5.1354e-06,  5.9523e-04,  9.9596e-04, -6.5863e-04,  5.5260e-05,
         9.8275e-04,  8.1089e-04,  4.7789e-04, -5.4658e-04,  1.1442e-03,
         1.1760e-03,  1.1925e-04,  6.7064e-05, -4.0192e-04,  6.1671e-04,
        -4.9697e-04,  9.3480e-04, -4.3622e-04,  1.8017e-04,  8.3635e-04,
        -6.8362e-05, -6.5078e-04,  3.9826e-04, -2.1551e-04,  1.5826e-03,
        -7.0673e-03, -1.4261e-04, -6.6723e-04, -1.7062e-03, -1.3835e-04,
        -1.0690e-03,  9.0261e-06,  1.7113e-04,  8.3690e-05, -3.8382e-04,
         3.5690e-04, -2.2177e-02,  1.0467e-02,  2.4206e-04,  1.4388e-02,
        -8.2580e-04,  7.7296e-04,  7.6314e-04, -1.0745e-01,  1.0435e-03,
        -2.7635e-05, -5.5987e-04,  1.6031e-04,  3.3572e-04,  2.2588e-04,
        -1.8796e-05,  1.3148e-04,  1.9919e-04, -1.3733e-01,  1.3254e-04,
         5.3972e-04, -1.0493e-03, -2.6234e-04, -1.2348e-03,  9.4004e-05,
        -1.5944e-04, -1.0388e-03, -1.3093e-07], device='cuda:0')), ('fcs.2.weight', tensor([[ 2.3967e-04,  1.4883e-07, -2.5789e-03,  4.7924e-03, -3.3091e-07,
         -4.6445e-06,  2.2870e-02,  1.6307e-04,  4.6149e-04,  3.1991e-01,
          1.9022e-02,  4.9196e-04,  2.1556e-02,  2.8809e-02,  1.2426e-06,
          5.7724e-06, -5.4947e-05, -2.5563e-03,  1.3978e-04,  7.9468e-02,
         -2.4793e-05,  2.4067e-04,  2.1415e-02, -3.3836e-02,  2.2686e-05,
          8.5343e-04,  4.5581e-05, -1.0957e-02,  4.7369e-02,  9.8012e-06,
          6.2421e-02, -3.6956e-03, -1.6043e-07, -1.3698e-05, -1.8858e-02,
          5.5014e-05,  8.2202e-01,  1.5818e-05, -6.2760e-07, -2.4290e-03,
          2.4066e-01,  4.0823e-05,  1.4333e-04, -6.0370e-04, -1.0869e-03,
         -8.2084e-04,  3.1450e-06, -7.8929e-07, -7.3258e-07, -6.4023e-05,
          2.1218e-02,  1.5499e-02,  2.9092e-03,  1.7014e-02, -1.1961e-01,
          3.5588e-02, -3.9488e-06, -1.7032e-04,  2.0264e-04,  3.6400e-05,
         -2.6960e-06,  8.3284e-07, -4.8539e-02, -6.9803e-02, -4.8163e-01,
          2.0874e-01, -3.7682e-04,  2.6559e-06,  5.9168e-04, -3.3957e-07,
         -6.2988e-04,  8.0495e-06,  4.6757e-05,  1.8684e-02, -8.1817e-03,
          2.0581e-03, -1.1923e-01, -1.0165e-01, -1.8581e-06, -2.0925e-04,
         -7.3651e-05,  1.7659e-03, -6.7297e-05,  2.2452e-02, -1.6571e-03,
         -6.9157e-04, -2.1249e-06, -6.3402e-05, -5.8788e-05, -7.4111e-06,
          3.2240e-02, -2.5799e-06,  1.2396e-02, -5.5099e-01,  6.1782e-06,
         -1.2650e-06,  8.7545e-05, -5.6034e-06, -1.3920e-01,  2.7969e-04,
          1.0676e-05, -6.7490e-02,  5.7263e-02,  2.6992e-04,  1.5614e-01,
          3.1920e-05, -3.2011e-06,  1.7991e-05, -4.4152e-02, -6.6254e-02,
          3.3420e-03,  1.1643e-06, -3.4864e-01, -5.8005e-02, -2.2464e-02,
          5.7512e-05,  6.7523e-05,  8.1675e-02, -2.9043e-02, -1.8658e-03,
          3.9061e-03,  9.7477e-04,  1.4975e-02, -2.2998e-04,  2.0746e-07,
          1.4917e-01,  2.7119e-04, -6.7528e-08]], device='cuda:0'))])
end of epoch 15: val_loss 0.0, val_acc 1.0
trigger times: 0
saving model weights...
Weights: OrderedDict([('fcs.0.weight', tensor([[ 1.7295e-05,  2.8522e-05,  4.2961e-04,  ..., -3.9384e-04,
         -1.0193e-03, -1.4136e-03],
        [-3.0454e-07,  1.4381e-01,  1.3305e-05,  ...,  7.8674e-02,
          1.2631e-04,  8.3792e-02],
        [-1.6492e-05,  7.3930e-02, -9.1018e-05,  ..., -5.6303e-05,
         -3.2612e-04,  5.1449e-05],
        ...,
        [-4.1455e-06, -8.8739e-06, -2.3664e-05,  ...,  1.4929e-04,
          4.7847e-05,  1.0909e-04],
        [-2.8221e-05, -1.7709e-06, -1.5981e-04,  ..., -2.4488e-05,
         -1.2177e-04, -1.4612e-04],
        [ 1.4244e-04,  2.6929e-04,  8.9012e-05,  ..., -4.8686e-04,
          4.3230e-04,  1.3009e-03]], device='cuda:0')), ('fcs.0.bias', tensor([-1.2113e-05, -1.8941e-04,  8.8447e-06, -1.1271e-04,  1.3547e-04,
         1.2643e-04, -1.2258e-04,  8.3447e-04, -1.4969e-04,  1.2784e-04,
         4.3411e-05,  3.6773e-06, -1.0014e-04, -2.2030e-04, -2.9658e-04,
        -1.6173e-04, -5.8471e-06,  1.0396e-04,  2.0893e-03, -3.4796e-05,
        -2.1290e-06,  3.0945e-04, -1.6879e-03, -4.5055e-06,  1.5649e-04,
        -8.8946e-05, -8.2281e-04,  8.3908e-07,  5.3051e-02,  1.9300e-03,
        -2.8993e-04,  7.7931e-05, -2.6539e-05, -6.0460e-05, -1.0577e-04,
        -3.8576e-04,  1.6541e+00, -3.8839e-05, -2.2045e-04,  9.4653e-06,
        -3.9177e-05,  8.6133e-06, -3.6312e-05, -1.9403e-04, -3.7507e-05,
        -4.3007e-05, -7.8006e-05, -2.5265e-04,  1.7126e-04,  2.1668e-04,
         4.2473e-05, -2.3429e-04,  1.4183e-04, -1.1088e-04,  6.4036e-04,
         2.3826e-04,  3.9568e-05, -3.5387e-05,  1.0560e-04,  3.6307e-04,
        -6.9078e-05, -3.9348e-04, -9.8171e-05,  5.5447e-05, -1.2147e-05,
        -2.1082e-06, -8.2277e-05,  5.9657e-05,  6.5380e-04,  5.4801e-05,
         5.9863e-05,  3.9569e-04, -3.5684e-04, -9.9953e-05,  6.1132e-04,
         1.7198e-05,  2.8879e-04, -1.0846e-04, -1.2175e-04,  1.0255e-03,
        -5.2616e-04,  7.3737e-05,  4.7031e-04,  1.1009e-04,  4.0846e-05,
        -1.2436e-04, -1.1259e-04, -1.4679e-04,  1.1421e-04,  3.1328e-04,
        -3.1704e-04,  5.2966e-05, -4.2754e-04, -3.7323e-05, -6.5889e-05,
        -8.5113e-05,  2.1723e-04,  8.3069e-05,  1.5415e-04, -1.0171e-03,
         4.5674e-04, -3.3428e-05,  6.4433e-05,  2.6142e-04, -5.6266e-05,
        -2.6237e-05, -3.4043e-04,  1.9741e-04, -7.3722e-05,  3.3848e-02,
        -1.2027e-04,  4.4726e-05,  9.4174e-05,  7.0649e-04, -9.2722e-05,
         1.3374e-05, -1.0653e-04,  6.2450e-05, -1.2622e-04, -9.8248e-06,
         2.1082e-03, -3.8394e-04, -8.6180e-04,  1.3952e-04,  6.9799e-04,
         7.2080e-04, -1.2436e-04,  2.0241e-06,  2.0917e-05,  1.9219e-04,
        -3.2285e-05,  2.9225e-04, -2.3712e-04,  3.4016e-04,  5.4465e-04,
        -1.1854e-04,  4.7269e-05,  1.2989e-03, -1.9292e-04, -1.6460e-02,
        -1.0725e-04, -9.5043e-05,  9.0581e-05,  1.9701e-04, -1.1589e-04,
         1.3327e-04, -1.4412e-04,  1.4190e-04,  9.1739e-05, -2.0257e-04,
         7.9871e-06,  4.6597e-04,  1.1445e-04,  2.8006e-05, -8.0425e-04,
         1.6930e-04,  2.0771e-05, -7.5645e-05,  2.3855e-04,  4.0258e-05,
         8.4435e-04,  8.1785e-05, -1.0792e-04,  1.1478e-04,  3.5353e-05,
        -7.2884e-05, -7.8766e-04, -1.7929e-05,  5.1685e-05,  1.7761e-05,
         8.4787e-04,  3.6071e-05, -2.8013e-02, -4.5137e-05, -1.1506e-03,
        -6.4667e-05, -3.8855e-05, -1.0392e-04,  3.4107e-04, -1.9572e-04,
        -1.8495e-04,  3.0067e-04,  9.5477e-04, -1.3398e-04,  3.0218e-05,
        -8.4544e-05, -3.1695e-03, -1.6318e-04, -7.5900e-05, -1.4280e-04,
        -1.3474e-03, -1.8535e-04,  1.3246e-04, -1.3896e-01, -8.2293e-05,
         9.2918e-05, -1.5585e-01,  2.1608e-04,  9.1894e-04,  1.4926e-04,
        -9.2628e-05, -4.8870e-05, -2.4352e-06, -2.4639e-04, -2.1144e-04,
        -1.0392e-04,  2.3709e-04,  7.7649e-05, -5.1484e-05,  2.8064e-06,
        -1.7095e-04, -1.9725e-04,  5.2421e-05,  3.6681e-04,  5.2053e-05,
        -4.7356e-05, -6.5063e-04, -4.9489e-04, -8.0705e-03, -1.5646e-04,
        -3.1755e-02,  3.0281e-05,  8.2176e-05, -3.5990e-04, -3.8149e-06,
        -1.1809e-03, -1.2825e-04,  2.7364e-04,  6.2938e-05,  9.7115e-05,
         7.0917e-04, -8.9121e-04, -6.1934e-06, -3.1986e-05, -4.1866e-05,
         2.6361e-04,  4.7023e-02,  2.1935e-05,  5.8485e-05,  1.9811e-04,
        -1.4660e-04, -4.4829e-04,  6.9114e-05, -5.6795e-04,  4.3180e-05,
         1.8119e-04, -1.0453e-04, -3.0357e-05,  3.1496e-05, -9.1105e-06,
         4.3977e-05,  1.0020e-04, -1.0099e-04, -3.7873e-04, -6.3877e-05,
         2.1642e-05], device='cuda:0')), ('fcs.1.weight', tensor([[-1.7321e-03,  3.0951e-04, -4.4577e-04,  ...,  8.3533e-05,
         -1.2018e-04,  1.2920e-03],
        [ 1.4014e-03,  2.6434e-04, -5.0619e-05,  ...,  1.9098e-05,
          1.7785e-04,  6.9993e-04],
        [ 6.0891e-04,  1.0992e-03,  1.8789e-04,  ..., -1.0870e-03,
         -1.9889e-03,  8.9362e-04],
        ...,
        [ 5.5101e-04, -2.0637e-05, -4.4631e-05,  ...,  5.1428e-05,
         -8.2442e-05, -4.9741e-04],
        [ 1.0802e-03, -7.7142e-04, -3.7454e-04,  ...,  1.0321e-04,
         -1.7906e-04,  8.0742e-05],
        [ 4.7541e-04,  1.0629e-04,  1.7298e-04,  ..., -8.4189e-05,
         -1.0819e-04,  2.1392e-03]], device='cuda:0')), ('fcs.1.bias', tensor([-1.5590e-03, -5.9553e-04, -7.4647e-04, -6.8067e-04,  8.9521e-04,
        -6.4738e-04, -3.8880e-04, -4.2193e-04,  7.2458e-04,  2.6664e-04,
         6.5352e-04, -3.9972e-04, -4.7465e-04,  1.0784e-03,  6.2071e-04,
        -9.5486e-04,  1.1968e-03, -1.1906e-03, -5.0003e-05,  1.1062e-03,
         9.3589e-04,  8.8541e-04,  5.5637e-05,  7.3953e-07, -2.5758e-04,
        -6.2934e-04, -7.5581e-04, -8.9357e-04, -2.5251e-04, -1.5685e-04,
        -1.4475e-04,  7.4743e-04, -4.9750e-04,  1.2778e-03, -5.9368e-04,
         6.0767e-04,  3.6880e-05, -1.9139e-03,  4.2447e-05, -8.2484e-05,
        -6.3993e-05,  2.5875e-04,  9.3657e-04,  9.4882e-04, -1.0805e-04,
        -6.0730e-04,  2.5796e-04,  9.3371e-04, -2.3306e-03, -4.7607e-04,
         8.1105e-04, -2.9964e-04, -8.8876e-04,  1.4164e-04,  4.0368e-04,
        -5.3688e-04, -4.3082e-04,  4.1938e-04,  7.8385e-04, -2.3354e-04,
        -1.3935e-03, -9.2260e-04,  3.8211e-04, -5.8902e-04,  2.5392e-04,
         1.2444e-04,  8.9680e-04,  1.1141e-03, -6.7112e-04,  1.1882e-04,
         1.8543e-03,  1.1612e-03, -1.0961e-03,  1.0346e-03, -8.7912e-04,
         1.2120e-03, -7.6798e-05,  1.7194e-03, -7.9945e-04,  1.4543e-03,
        -7.0381e-04, -5.2657e-04, -7.0485e-04,  3.4745e-04, -1.8788e-03,
         3.1688e-04, -7.4208e-04, -1.7597e-03, -3.9192e-04,  1.6208e-03,
        -5.1731e-04, -3.3830e-04,  6.2448e-04,  2.7293e-04, -2.0133e-04,
        -1.2808e-03, -2.3418e-04,  1.7194e-05,  2.9707e-04,  1.5098e-03,
         7.2348e-04, -3.2751e-04, -1.2513e-03,  6.0900e-04, -2.1027e-04,
        -5.4548e-04,  1.4829e-03,  4.7431e-04, -6.2689e-04,  1.3247e-05,
         4.8749e-05, -6.3499e-04,  2.1099e-04,  8.5658e-04, -8.6194e-04,
         6.0571e-06, -8.4330e-05, -2.1452e-03,  3.1355e-04,  2.9227e-04,
         5.6788e-04, -4.4073e-04, -3.2414e-04, -8.8609e-04,  1.9030e-04,
        -5.1980e-06, -1.2016e-03, -8.8720e-04], device='cuda:0')), ('fcs.2.weight', tensor([[ 2.6914e-06, -2.8896e-06,  3.2158e-04,  2.7608e-06, -2.0328e-06,
         -3.8602e-06,  1.3024e-06,  5.8220e-04, -9.8497e-05,  4.9522e-02,
          6.5493e-07, -6.9345e-05,  8.0803e-07,  3.2790e-05,  1.0564e-05,
         -6.1782e-06,  2.6622e-05, -9.2755e-04,  2.1952e-04,  3.4602e-02,
          3.4906e-06, -3.7721e-04, -1.4047e-05,  1.3012e-05, -3.7116e-05,
          1.4258e-04,  5.5340e-05, -2.2893e-04,  9.0915e-06, -2.3325e-03,
         -1.1078e-05, -3.9540e-04,  1.0690e-05,  5.2135e-05, -5.6253e-06,
          8.0430e-06,  3.3416e-01, -2.3559e-05,  6.2301e-06, -1.6346e-05,
          1.9185e-01,  5.8821e-05, -7.4417e-05, -4.7900e-05,  8.7016e-04,
          8.1472e-04, -4.8612e-06, -5.6338e-06,  9.9063e-06,  1.4690e-04,
         -9.5662e-04,  8.5720e-06, -5.0350e-05,  8.4862e-07, -1.9425e-02,
          4.8724e-06, -1.6633e-06, -2.8914e-08, -3.9919e-05, -4.3643e-05,
         -2.1342e-05,  4.4532e-06, -4.3370e-07, -1.6828e-02, -4.5158e-01,
          3.2293e-02,  1.2939e-04,  1.1987e-06,  2.0079e-04, -7.3372e-06,
         -1.2412e-05,  2.0147e-06,  1.0469e-04,  1.3420e-04, -1.1296e-04,
          7.7984e-06, -1.4833e-02, -1.5243e-01, -9.6565e-06, -2.6910e-04,
         -1.3477e-04,  1.5410e-06, -1.0017e-04,  1.9260e-05,  3.0281e-04,
         -1.1613e-03,  9.3658e-06,  3.4439e-05,  5.9906e-06, -5.6935e-06,
         -9.3993e-06,  5.7350e-06, -1.6128e-05, -5.2161e-01,  2.4702e-05,
         -2.5343e-06,  3.1937e-05, -3.1440e-06,  6.9250e-02,  5.7778e-05,
         -1.3304e-05, -1.5247e-05, -1.1582e-05, -5.1783e-05,  2.8012e-02,
         -1.2822e-05,  7.3780e-06,  9.7347e-05,  1.3837e-05, -7.7984e-06,
         -3.4908e-08, -2.0024e-06, -3.4299e-01,  1.9017e-06, -1.0405e-05,
          7.0830e-07,  6.3130e-05,  1.0355e-05,  1.6731e-06,  4.1548e-07,
         -8.6813e-06,  1.3383e-04,  4.2000e-04,  9.1061e-05,  9.8516e-06,
          9.3507e-02, -4.0857e-06, -1.0097e-05]], device='cuda:0'))])
end of epoch 16: val_loss 2.4678951781424985e-05, val_acc 1.0
trigger times: 1
end of epoch 17: val_loss 0.010402428100552258, val_acc 1.0
trigger times: 2
end of epoch 18: val_loss 1.351015625, val_acc 0.995
trigger times: 3
end of epoch 19: val_loss 0.056844539642333984, val_acc 0.995
trigger times: 4
end of epoch 20: val_loss 0.0053785714732123326, val_acc 0.995
trigger times: 5
end of epoch 21: val_loss 0.010799270665744877, val_acc 0.995
trigger times: 6
end of epoch 22: val_loss 14.615119903087615, val_acc 0.975
trigger times: 7
end of epoch 23: val_loss 7.645857520401478e-05, val_acc 1.0
trigger times: 8
end of epoch 24: val_loss 1.0967134585371241e-07, val_acc 1.0
trigger times: 9
end of epoch 25: val_loss 0.1528772830963135, val_acc 0.99
trigger times: 10
Early stopping.
0 -611.4085865020752 -191.10004520678868
1 -543.7043237686157 -189.05007017278314
2 -555.7086851596832 -187.50220085194994
3 -531.5391880273819 -180.24009179391223
4 -501.97109627723694 -171.9613792356186
5 -460.48116874694824 -169.3817016847894
6 -501.23652374744415 -167.87631268052303
7 -585.4945960044861 -164.27567046290412
8 -531.6854386329651 -163.76742236654098
9 -454.9841159582138 -156.0786895876365
10 -493.07583808898926 -155.22804551507866
11 -486.6910605430603 -145.29002069283715
12 -507.03409683704376 -142.86657280197298
13 -368.3626549243927 -142.75441848091938
14 -436.529265165329 -136.98962801176134
15 -451.8174167871475 -132.4813576990395
16 -370.75071251392365 -130.98347157271724
17 -438.2563410997391 -118.2436222554584
18 -327.71998792886734 -117.38411415155902
19 -459.45874559879303 -116.97382686219106
20 -380.38440907001495 -115.06704102317899
21 -286.03639537096024 -112.47832645551227
22 -403.62577390670776 -103.24187681049156
23 -309.85210847854614 -99.7422752992134
24 -226.83938735723495 -98.18526661663928
25 -308.3329576253891 -88.94674758091466
26 -257.644484102726 -85.88346861832474
27 -209.5114402472973 -79.38307722218848
28 -216.74357011914253 -79.25112655387144
29 -323.75754941254854 -73.50697855948762
30 -317.13380509614944 -72.69803191552006
31 -261.21772438287735 -71.37326168319514
32 -275.3938858509064 -68.27187815304366
33 -240.44445723295212 -65.42298162776466
34 -227.58335953950882 -65.35816021006309
35 -220.33383184671402 -49.3186741604369
36 -370.49516904354095 -17.325441617065966
37 -238.17523615062237 -4.374511275254108
38 -223.59486240148544 -0.4258658969524013
39 -285.8621139600873 9.108146753357724
40 -259.7704681158066 17.732630180500013
41 -214.09348380565643 40.64550156746333
42 -210.83811885118484 41.11774838972275
43 -234.58526608347893 48.64917674484657
44 -212.51792637258768 52.50260039838799
45 -221.99745389819145 52.54502852695255
46 -220.92532312870026 59.52827491841281
47 -213.16677298396826 63.45606316769021
48 -185.6104319691658 66.31570758515764
49 -302.7301375232637 67.13050507695384
50 -162.1400753557682 72.16624272108386
51 -303.19987750053406 79.16074531670823
52 -253.7605176270008 84.19837606184075
53 -267.89863681793213 89.30707154325768
54 -259.5967263877392 90.2698850730257
55 -243.72970832139254 90.28646231697512
56 -213.2760137617588 90.32667007477052
57 -165.48934686928988 91.18021498086692
58 -198.50634832307696 92.38187517969644
59 -262.8380191549659 92.67153902025292
60 -263.6064167767763 93.69474938898811
61 -192.1524689416401 93.86112859581364
62 -250.99492931365967 95.24073532592021
63 -261.4043260216713 95.3630101766082
64 -254.3620191961527 96.09581961281374
65 -225.48306865245104 97.90553231413178
66 -248.66891185939312 98.07644230926206
67 -236.29107928276062 98.35872828331676
68 -260.88405196368694 98.57334710000995
69 -232.59874919056892 98.77895390936838
70 -243.93215315788984 99.10163703819775
71 -254.94421527022496 99.47183807834362
72 -236.65619918704033 101.36707045382526
73 -245.0309873521328 102.70820969163083
74 -230.45565432310104 103.61971441966246
75 -218.13453873991966 104.00039883786899
76 -220.00964641571045 104.94014608739957
77 -220.31943686306477 105.28448326377394
78 -209.79663398861885 105.60678192821229
79 -198.99087557196617 106.95774051225432
80 -214.80396889150143 107.03525723063939
81 -193.68485821783543 107.05410485829283
82 -195.60627724975348 107.36477417456501
83 -186.3083581328392 107.72369032284489
84 -239.35875098407269 107.78006757763964
85 -221.26852686703205 107.99397435655325
86 -228.6165816038847 108.08910889221833
87 -236.69378460664302 108.09776529440465
88 -194.54887958616018 108.24033506535473
89 -197.86260202527046 109.15712102315346
90 -200.1859701424837 109.71287331230647
91 -232.4929632358253 110.25063890779474
92 -202.2174660488963 110.45880856467717
93 -191.9669873714447 110.48639228144049
94 -206.65757811069489 111.92877271779909
95 -187.22725992649794 112.29467419620224
96 -223.69276081770658 112.73910566375015
97 -187.4914842247963 112.98274531176438
98 -183.11176274716854 113.84616479719523
99 -180.82022852823138 114.84612239587612
100 -176.14736200496554 115.08707834021696
101 -170.21863578259945 115.41025719446112
102 -168.91831190139055 115.5646624637931
103 -182.3047752082348 115.87882502857741
104 -207.42215510457754 116.51927592390606
105 -169.6806958131492 116.69939038222442
106 -169.53444755077362 117.18809854794453
107 -182.0395572334528 117.29357601720739
108 -169.26979919523 117.43241923864416
109 -175.70129015296698 119.84073495876005
110 -162.78367932140827 122.74776106687673
111 -157.5129142999649 124.10172315382671
112 -158.25070944428444 124.42382576156477
113 -146.25564252585173 124.48179570258212
114 -163.00555311888456 125.2590893824027
115 -173.2157956957817 125.30457667780085
116 -151.02376418560743 125.43458549438884
117 -124.79225042462349 129.13346806288703
118 -128.07718185335398 129.67718524437547
119 -119.99978216737509 131.40806576766226
train accuracy: 0.9972222222222222
validation accuracy: 0.99
