demo lengths 200
demos: (120, 200, 3)
demo_rewards: (120,)
[-191.10004521 -189.05007017 -187.50220085 -180.24009179 -171.96137924
 -169.38170168 -167.87631268 -164.27567046 -163.76742237 -156.07868959
 -155.22804552 -145.29002069 -142.8665728  -142.75441848 -136.98962801
 -132.4813577  -130.98347157 -118.24362226 -117.38411415 -116.97382686
 -115.06704102 -112.47832646 -103.24187681  -99.7422753   -98.18526662
  -88.94674758  -85.88346862  -79.38307722  -79.25112655  -73.50697856
  -72.69803192  -71.37326168  -68.27187815  -65.42298163  -65.35816021
  -49.31867416  -17.32544162   -4.37451128   -0.4258659     9.10814675
   17.73263018   40.64550157   41.11774839   48.64917674   52.5026004
   52.54502853   59.52827492   63.45606317   66.31570759   67.13050508
   72.16624272   79.16074532   84.19837606   89.30707154   90.26988507
   90.28646232   90.32667007   91.18021498   92.38187518   92.67153902
   93.69474939   93.8611286    95.24073533   95.36301018   96.09581961
   97.90553231   98.07644231   98.35872828   98.5733471    98.77895391
   99.10163704   99.47183808  101.36707045  102.70820969  103.61971442
  104.00039884  104.94014609  105.28448326  105.60678193  106.95774051
  107.03525723  107.05410486  107.36477417  107.72369032  107.78006758
  107.99397436  108.08910889  108.09776529  108.24033507  109.15712102
  109.71287331  110.25063891  110.45880856  110.48639228  111.92877272
  112.2946742   112.73910566  112.98274531  113.8461648   114.8461224
  115.08707834  115.41025719  115.56466246  115.87882503  116.51927592
  116.69939038  117.18809855  117.29357602  117.43241924  119.84073496
  122.74776107  124.10172315  124.42382576  124.4817957   125.25908938
  125.30457668  125.43458549  129.13346806  129.67718524  131.40806577]
maximum traj length 200
num training_obs 1800
num training_labels 1800
num val_obs 200
num val_labels 200
ModuleList(
  (0): Linear(in_features=3, out_features=128, bias=True)
  (1): Linear(in_features=128, out_features=64, bias=True)
  (2): Linear(in_features=64, out_features=1, bias=False)
)
device: cuda:0
end of epoch 0: val_loss 0.0037514476499845985, val_acc 1.0
trigger times: 0
saving model weights...
Weights: OrderedDict([('fcs.0.weight', tensor([[-2.0746e-04, -6.5540e-04, -6.2116e-04],
        [-9.8079e-04,  1.5873e-03, -1.0157e-03],
        [ 6.4319e-05,  4.1177e-04, -1.0876e-03],
        [ 1.2441e-04,  2.0195e-03,  2.9412e-04],
        [-1.9527e-04, -3.6744e-04, -8.8808e-05],
        [ 1.2081e-03,  4.9880e-04, -1.4628e-03],
        [ 1.4447e-03, -1.1938e-03,  3.1045e-04],
        [-6.8792e-05, -2.3022e-04,  7.5504e-04],
        [ 1.8673e-03, -4.8270e-04, -1.6315e-03],
        [-6.0807e-04,  5.2117e-04,  1.7934e-03],
        [ 1.3620e-03,  7.1189e-04, -1.6328e-03],
        [ 3.8873e-04, -1.0032e-03, -1.2172e-04],
        [ 9.8926e-05, -9.5980e-04,  1.7630e-03],
        [ 1.0528e-03,  7.3809e-05, -4.5759e-04],
        [-7.4183e-04, -1.5443e-03, -2.5532e-04],
        [-7.8898e-04,  4.7682e-04,  4.3700e-04],
        [ 1.8771e-03, -9.6929e-04,  1.7920e-03],
        [ 1.6557e-05,  2.1785e-03,  1.5280e-04],
        [-1.1594e-03,  5.6306e-04, -6.6173e-04],
        [ 6.1764e-04, -8.7350e-04, -4.6472e-04],
        [-3.9498e-04,  9.9594e-04, -4.0884e-04],
        [-2.3380e-04,  6.5823e-04,  2.6490e-03],
        [ 8.8082e-04,  1.2957e-03,  2.6965e-03],
        [-3.1719e-05, -2.2098e-04,  6.1490e-04],
        [ 5.3610e-04,  4.1920e-04, -8.8402e-04],
        [ 1.3460e-03,  5.2720e-04, -5.3110e-04],
        [-5.2782e-04, -8.9487e-05, -4.9107e-04],
        [-6.1726e-04, -1.6434e-04,  1.6688e-03],
        [-1.6171e-03,  1.3360e-03,  9.3288e-04],
        [-4.1701e-03, -1.2283e-03, -1.5893e-03],
        [ 4.1150e-04,  4.9942e-04, -8.8470e-04],
        [-1.8883e-03, -1.4672e-03,  8.5985e-04],
        [-6.7728e-04, -1.2240e-04, -9.3493e-04],
        [ 1.0900e-03, -3.2528e-04,  7.6501e-04],
        [-9.8132e-04,  1.7721e-03,  5.8149e-04],
        [-1.4120e-03,  5.8180e-04,  2.4572e-03],
        [-1.5709e-03, -4.3590e-04,  9.1385e-04],
        [ 1.9070e-03,  2.4568e-03, -6.8891e-04],
        [-4.2744e-05, -1.0489e-03, -1.1789e-03],
        [ 1.6129e-03,  2.9931e-04,  1.1480e-03],
        [ 2.2976e-03,  9.5022e-06,  1.9874e-03],
        [ 6.6312e-04, -2.6351e-04,  1.9221e-04],
        [ 3.2394e-04,  1.0165e-03,  1.2834e-03],
        [ 4.1510e-04, -9.3212e-04,  1.4241e-03],
        [ 1.1516e-03, -1.6889e-05, -1.3739e-03],
        [-3.0797e-04,  2.2214e-03, -9.6251e-04],
        [-8.9138e-04,  9.0014e-04, -1.1658e-03],
        [-7.3164e-05, -1.4779e-03, -1.6052e-03],
        [-5.6505e-04, -3.0126e-04, -8.9883e-04],
        [ 1.6078e-03, -1.2428e-03, -1.0324e-03],
        [ 5.9422e-04,  3.3572e-04, -1.6424e-03],
        [-3.1170e-03,  1.6478e-04, -2.0676e-03],
        [ 2.5351e-04,  5.9128e-04, -1.9292e-03],
        [-7.6740e-04, -3.8067e-04,  5.7512e-04],
        [ 8.4914e-04, -2.4676e-03, -7.8643e-04],
        [ 2.8833e-03, -3.2536e-03,  1.0608e-03],
        [-4.0992e-03,  1.7559e-03, -1.6797e-04],
        [-4.8287e-04,  1.7136e-04, -1.5490e-03],
        [ 1.0991e-03, -2.1051e-04, -9.9842e-04],
        [ 1.9719e-04,  6.1026e-04, -1.6169e-03],
        [-1.3645e-03, -1.1271e-05, -2.1228e-03],
        [-5.8538e-04,  1.7431e-03,  1.8190e-04],
        [ 4.8503e-04,  7.3190e-04,  5.3957e-04],
        [-1.2728e-03, -1.7043e-03,  2.9821e-04],
        [ 3.3352e-04,  3.1733e-04, -8.3290e-04],
        [-5.9853e-04,  4.0038e-04, -4.4119e-03],
        [ 9.2763e-04, -2.6198e-04, -8.7755e-04],
        [-4.3808e-04,  5.3699e-04, -4.8800e-04],
        [-6.6333e-05,  8.9221e-04, -7.8209e-04],
        [ 2.9048e-04,  4.3224e-04, -1.3195e-03],
        [-1.3100e-03,  1.3943e-03, -6.3631e-04],
        [ 1.0029e-03,  7.0007e-05,  2.1630e-03],
        [-1.2463e-03, -2.6368e-03, -5.1342e-04],
        [ 5.5655e-01, -2.5441e-02,  5.2728e-01],
        [ 6.4407e-04,  2.7859e-03, -1.8346e-03],
        [ 6.8073e-04,  1.4935e-04, -1.1184e-03],
        [ 1.0462e-03, -1.6026e-04,  2.6634e-04],
        [ 1.4368e-03,  1.5791e-03, -9.5760e-04],
        [-1.7707e-03,  3.2763e-03, -1.3979e-03],
        [ 1.4143e-03,  3.7621e-04,  1.0593e-03],
        [ 1.4892e-03, -9.1233e-04, -2.2432e-03],
        [-3.0151e-04, -8.2413e-04, -8.6290e-04],
        [ 1.4555e-03,  5.9450e-04,  8.4064e-04],
        [ 1.2946e-03, -7.4907e-04,  2.5878e-04],
        [ 1.0404e-03,  2.6666e-03, -2.6666e-03],
        [ 1.6681e-04,  3.8653e-04,  7.8379e-04],
        [ 4.0633e-04, -1.2645e-03,  1.0298e-03],
        [ 8.1932e-04,  8.7495e-04, -1.3312e-04],
        [-2.9311e-04,  8.9459e-04, -7.3920e-04],
        [ 6.2168e-04,  6.8073e-04,  5.5462e-04],
        [ 9.7781e-04, -6.8465e-04,  5.6374e-04],
        [-5.4620e-04, -1.2600e-03, -4.3996e-04],
        [-8.6736e-05, -1.0022e-03, -7.3764e-04],
        [-4.6358e-04, -9.4044e-04,  1.4973e-03],
        [-1.5957e-04, -1.8644e-03, -9.7619e-04],
        [-6.7674e-04, -6.0626e-04, -3.4726e-04],
        [-1.7124e-03,  1.6922e-04,  2.7310e-03],
        [ 9.3259e-04, -8.0453e-04,  8.6958e-04],
        [ 7.3207e-04, -6.3915e-04,  8.2670e-04],
        [ 7.1435e-04,  1.1833e-03,  3.7137e-04],
        [-1.8346e-04, -8.6128e-04, -2.9301e-04],
        [-1.0673e-03, -2.2385e-03,  6.4821e-04],
        [ 1.9600e-05,  1.1865e-03,  3.4527e-04],
        [ 7.1975e-04,  4.0385e-04,  1.9355e-03],
        [ 3.9511e-04, -3.7303e-04, -1.6836e-03],
        [-4.0984e-04,  7.4450e-04, -1.7390e-03],
        [ 6.5971e-05, -1.1306e-03, -9.9096e-04],
        [ 1.7253e-03,  9.6478e-04,  7.9839e-04],
        [-8.3044e-04,  6.7693e-05, -9.8574e-04],
        [ 5.9262e-04,  2.0457e-03, -6.4228e-04],
        [ 3.6732e-04, -5.0636e-04,  2.0766e-04],
        [-5.6555e-04,  5.7664e-04, -1.0129e-03],
        [-1.3092e-03, -1.1700e-03,  1.0992e-04],
        [ 7.1974e-04, -2.6879e-03, -2.6595e-03],
        [-5.8162e-04, -1.2146e-03,  1.0838e-03],
        [ 1.1681e-03,  1.9210e-04,  2.8718e-04],
        [-2.5781e-03, -2.5051e-03, -3.6402e-04],
        [-1.5947e-03,  2.1117e-04, -1.6469e-03],
        [ 1.6506e-03,  1.1007e-04, -4.3806e-04],
        [ 2.6990e-04, -1.1576e-03, -1.5083e-03],
        [-6.8353e-04, -1.9260e-04,  1.5027e-03],
        [ 1.3612e-03,  9.2417e-04, -7.5247e-04],
        [-1.8004e-03, -9.0937e-05,  7.5091e-04],
        [-3.9390e-04,  5.1699e-04, -1.5425e-03],
        [-1.1267e-03,  1.8125e-03,  2.1956e-03],
        [ 1.0698e-03, -3.3336e-04, -2.0512e-04],
        [ 8.3825e-04, -1.9003e-05,  1.7386e-03],
        [-2.5148e-04,  2.0444e-03, -2.0121e-04]], device='cuda:0')), ('fcs.0.bias', tensor([-1.4992e-03, -9.1822e-04, -2.8996e-03,  7.3144e-04, -2.7992e-04,
         9.3424e-04,  1.1328e-03,  2.0148e-05,  7.0876e-05, -9.4060e-04,
        -1.7315e-04, -1.9964e-03,  7.8875e-05,  4.7686e-04, -9.0910e-04,
        -2.3592e-03,  1.6416e-03, -4.6302e-04, -1.1493e-04, -2.0050e-03,
        -1.5208e-03, -1.1194e-03,  6.6162e-04,  1.8701e-03,  6.3627e-04,
        -1.4152e-03, -1.0753e-03, -1.0972e-03, -8.7002e-04, -3.8553e-03,
         1.2136e-03, -5.4119e-04, -2.6045e-04,  6.4008e-04,  2.2765e-04,
        -1.3625e-03,  1.5124e-03, -2.6870e-03,  1.1826e-03,  8.9356e-04,
        -3.3644e-04, -9.7811e-04,  2.6619e-03, -7.6774e-04, -1.6263e-04,
        -3.8340e-04, -1.6499e-03, -1.0897e-04, -1.8789e-03,  2.5251e-03,
         8.8544e-05,  1.5341e-04, -7.6519e-04,  1.4203e-04, -9.9140e-04,
        -2.3495e-03,  3.2298e-03,  7.0462e-04,  4.6251e-04, -4.4732e-04,
        -3.8591e-03,  8.8392e-04, -1.0778e-03, -1.5955e-04, -1.8811e-03,
         8.9084e-04,  3.4809e-05, -2.2019e-03,  1.6262e-03, -2.3918e-03,
         1.2574e-03,  8.0121e-04,  1.4943e-03,  9.4406e-03,  1.4214e-04,
         6.2578e-04,  9.9633e-04,  2.6192e-04, -1.6254e-03, -3.9641e-04,
        -4.8047e-04, -2.0462e-03, -2.4126e-04, -3.8327e-04, -1.0765e-04,
        -1.1588e-03,  1.4235e-03, -2.9804e-05, -1.9143e-03, -1.1241e-03,
         4.0890e-06, -6.0805e-04, -9.9775e-04, -2.4629e-03, -1.2048e-03,
        -4.4449e-04,  1.6739e-03, -1.4901e-03,  7.3026e-04,  1.0920e-03,
         4.9096e-04,  1.0751e-03,  6.9900e-04, -3.6134e-03,  3.6441e-05,
        -3.2712e-04,  1.7635e-03, -8.6269e-04, -8.2482e-04,  1.7439e-03,
         2.0141e-04, -1.4949e-03, -6.7940e-04, -2.2447e-03, -1.9653e-03,
         1.2472e-03,  1.5391e-03,  1.4290e-03, -2.6086e-04,  3.5894e-03,
         5.3017e-04,  3.1077e-04, -6.4049e-04,  9.7132e-04,  2.8664e-04,
        -1.1177e-03,  5.1686e-04, -1.1560e-03], device='cuda:0')), ('fcs.1.weight', tensor([[-2.2990e-04,  5.1621e-05, -5.6239e-04,  ...,  4.2513e-04,
          4.7457e-04, -1.3120e-03],
        [ 1.3044e-03, -1.2603e-03,  1.3110e-03,  ..., -1.3044e-03,
          8.9009e-04,  1.3468e-04],
        [ 9.1037e-04,  8.9151e-04, -6.0882e-04,  ...,  1.7147e-03,
         -1.2159e-03,  3.1453e-03],
        ...,
        [ 2.8804e-03, -8.3240e-05, -8.9429e-04,  ...,  9.8546e-04,
          6.5245e-04,  1.2599e-03],
        [ 6.4885e-04, -6.4328e-04,  7.4440e-04,  ..., -4.0882e-04,
          2.0146e-03,  2.5205e-03],
        [-1.3053e-03, -1.3082e-03, -3.3218e-03,  ...,  1.5310e-03,
          1.9538e-03,  5.4190e-05]], device='cuda:0')), ('fcs.1.bias', tensor([-1.1640e-03,  8.0200e-04,  6.0009e-04,  6.9692e-05,  1.3035e-03,
         6.7618e-04,  1.7484e-03,  2.8401e-04, -1.3604e-03,  2.2696e-03,
        -1.8694e-04,  1.0243e-03,  8.5870e-04,  1.7500e-04, -9.3173e-04,
         8.6455e-04, -1.6233e-05, -5.9027e-04, -3.8371e-05,  4.3132e-03,
        -4.9691e-04, -3.3672e-04,  7.2699e-04, -5.5165e-04, -1.3022e-03,
        -6.4851e-04, -2.9031e-04,  4.3870e-04,  3.6789e-03,  1.5233e-03,
         1.5387e-02,  2.4546e-03,  1.0812e-04, -5.4686e-04,  1.8512e-03,
        -1.3411e-03,  1.2994e-03, -2.4951e-03, -1.1425e-03,  7.4665e-04,
        -5.0424e-04,  2.1131e-03,  8.8005e-04,  1.2828e-03,  5.5507e-04,
         5.5103e-04, -2.1037e-03,  3.3364e-04, -2.0993e-03, -4.3537e-04,
        -6.7841e-04, -1.3247e-03,  2.2164e-04, -1.1099e-04,  1.0989e-03,
        -1.2929e-04, -8.7250e-04,  1.3071e-03,  2.1472e-04,  3.9593e-04,
        -1.1151e-03,  1.1751e-03, -5.1725e-04, -8.7998e-04], device='cuda:0')), ('fcs.2.weight', tensor([[-2.4512e-03,  2.9387e-04,  1.4459e-04, -1.1831e-04,  4.9898e-04,
          6.0925e-04, -8.0752e-05,  2.7088e-04,  3.6043e-04,  1.5099e-03,
         -1.9182e-04, -3.5512e-04,  1.5514e-05, -4.6920e-04, -2.7404e-04,
         -1.4187e-03,  2.1351e-03, -7.9064e-05, -1.5183e-04,  2.5801e-03,
          2.8111e-04,  3.8581e-04,  4.0136e-04,  9.9186e-04, -8.7338e-04,
          8.1976e-04,  6.6007e-04,  3.2642e-04, -3.1956e-03,  1.0928e-03,
         -8.8153e-01,  4.7791e-04,  3.2134e-04, -1.2810e-03,  1.0652e-03,
          4.4583e-05, -5.6654e-04,  9.5164e-04,  1.0520e-03,  3.0970e-04,
         -1.5474e-05,  6.9253e-04, -4.1977e-04,  1.8935e-04,  1.3699e-04,
          1.7072e-05, -2.7789e-04, -1.3931e-03,  2.9490e-04,  4.6996e-04,
         -2.7106e-04, -1.3116e-03,  1.6837e-04,  5.0131e-04,  3.1730e-04,
         -4.5181e-04,  1.8891e-03,  5.4676e-04, -1.5469e-03, -5.0735e-04,
          5.2251e-04, -2.8922e-04,  1.3499e-04,  4.8206e-04]], device='cuda:0'))])
end of epoch 1: val_loss 0.007612465637718237, val_acc 0.995
trigger times: 1
end of epoch 2: val_loss 0.004430239074910354, val_acc 1.0
trigger times: 2
end of epoch 3: val_loss 0.004068476190890209, val_acc 1.0
trigger times: 3
end of epoch 4: val_loss 0.0034151333208469834, val_acc 1.0
trigger times: 0
saving model weights...
Weights: OrderedDict([('fcs.0.weight', tensor([[ 7.4536e-04,  2.2137e-03,  1.0845e-04],
        [-9.9383e-04,  2.1501e-04,  4.3062e-05],
        [ 1.6535e-03, -1.3350e-03, -1.0570e-03],
        [ 3.7588e-04,  4.9618e-04,  1.5178e-03],
        [ 1.0444e-03, -2.2140e-03,  1.8242e-03],
        [ 1.6549e-04, -8.2880e-04, -2.2756e-03],
        [ 4.9145e-04, -3.4874e-04, -7.5148e-04],
        [ 7.4996e-04, -1.9845e-03, -1.0147e-03],
        [-1.3864e-03,  6.7667e-04, -7.1931e-04],
        [ 2.5002e-03, -2.4092e-04, -5.3428e-04],
        [ 9.0305e-04,  9.4728e-04,  1.9484e-03],
        [ 1.0765e-03,  2.1954e-03, -1.0279e-03],
        [-3.4931e-04, -2.7337e-04, -1.0763e-03],
        [ 1.3549e-03, -2.8045e-05, -1.9052e-03],
        [-1.0027e-03, -9.1824e-05, -3.5377e-03],
        [-1.2046e-03,  1.5874e-03, -4.1719e-04],
        [ 3.9725e-04,  6.2728e-04,  8.2850e-04],
        [ 3.3196e-04, -1.6937e-05,  1.0359e-03],
        [-6.3984e-04, -1.3812e-03, -3.7903e-03],
        [-1.2652e-03,  8.8817e-04,  4.0948e-04],
        [ 1.1578e-03, -2.7764e-03,  1.1660e-03],
        [-5.4443e-04,  4.2560e-04,  7.4268e-04],
        [-1.7487e-04, -8.2856e-04,  6.7946e-04],
        [ 1.9408e-03, -2.5145e-04, -1.7100e-03],
        [ 9.0239e-04,  2.0713e-04, -9.5658e-04],
        [-1.7711e-03, -4.4761e-04, -3.5786e-03],
        [ 1.2929e-03, -3.8076e-04,  1.5194e-03],
        [-8.9824e-04, -4.3835e-04, -9.3238e-04],
        [-3.0174e-03, -6.3379e-04,  1.1154e-04],
        [-1.1533e-03, -1.7071e-03,  5.1337e-04],
        [-5.4467e-04, -1.5648e-03, -1.2420e-04],
        [ 2.2186e-03,  1.5725e-03,  6.2389e-04],
        [ 5.9270e-04,  2.1957e-03,  9.4672e-04],
        [ 1.8414e-04,  1.9666e-04,  6.3055e-05],
        [ 6.4586e-04, -3.6608e-04,  7.0912e-04],
        [ 2.0501e-04, -6.2860e-04,  8.5390e-04],
        [ 1.0452e-03, -3.7378e-04, -4.0555e-04],
        [-5.6655e-04,  1.2268e-03,  1.2231e-03],
        [-2.1937e-03, -1.4819e-03, -1.2132e-03],
        [ 2.6518e-03, -1.4645e-04, -5.1522e-04],
        [ 1.0189e-03,  1.9880e-03, -9.3660e-04],
        [ 4.0058e-04, -1.3985e-04,  1.1048e-03],
        [-4.4580e-03, -3.0483e-04,  4.1493e-03],
        [ 1.9275e-04, -6.3918e-04, -1.2588e-03],
        [ 1.0101e-03,  7.0140e-04, -4.0327e-04],
        [ 8.6082e-04, -9.3333e-04,  1.0202e-03],
        [ 1.2356e-03,  1.8358e-03,  3.9827e-04],
        [-1.3036e-03,  1.2895e-03, -1.6900e-03],
        [ 7.4751e-04,  1.0421e-03, -6.3576e-04],
        [ 2.0021e-04,  2.9756e-04,  1.1015e-03],
        [ 4.9887e-04,  5.9197e-06, -1.4452e-03],
        [-1.5891e-03, -2.8205e-03, -2.5287e-03],
        [-2.3497e-05, -9.5529e-04, -9.1246e-04],
        [-2.1309e-03,  1.1227e-03, -6.8315e-04],
        [-3.4704e-04,  7.3998e-04,  2.9446e-04],
        [ 1.7519e-04,  2.6457e-03, -8.2555e-04],
        [-1.6934e-03, -1.9652e-04,  1.3414e-03],
        [ 1.7198e-03, -4.1891e-03, -1.3455e-03],
        [ 7.2738e-04, -9.2503e-04, -8.2535e-05],
        [-2.6118e-05, -1.1797e-03,  1.1744e-03],
        [-1.1203e-03, -1.4281e-04, -1.8476e-03],
        [ 9.6148e-04,  1.0911e-03, -1.3588e-03],
        [ 1.1514e-03,  1.4300e-03, -3.5400e-03],
        [ 5.1221e-04, -1.6778e-03,  2.3476e-03],
        [-1.6312e-03, -1.4790e-03,  2.1640e-03],
        [ 1.1339e-03,  2.0422e-05, -8.6710e-04],
        [-4.8529e-04, -1.3365e-03, -1.2025e-03],
        [-4.9503e-04,  1.9901e-03, -9.2912e-04],
        [ 3.8145e-04,  5.6636e-04, -1.6510e-03],
        [-1.4469e-03, -8.5629e-05, -1.1285e-03],
        [ 6.6899e-04, -2.1029e-03,  1.2346e-04],
        [ 1.2367e-03,  3.2762e-04, -8.7592e-04],
        [-6.7846e-04, -4.3247e-04,  5.6497e-04],
        [ 5.2646e-01, -9.1793e-02,  5.1015e-01],
        [ 4.0377e-04,  1.0686e-04,  9.9223e-04],
        [ 3.0614e-04,  1.7466e-03, -1.3102e-03],
        [ 6.8875e-04,  8.7186e-04,  2.3387e-03],
        [-1.6658e-03,  1.5067e-03,  1.8927e-03],
        [ 1.0772e-03,  1.9706e-04,  7.5498e-04],
        [-6.1654e-04, -1.4632e-03,  3.9141e-04],
        [ 1.0073e-03, -6.4969e-04, -1.6983e-03],
        [-4.9677e-04,  1.8548e-03,  1.9401e-05],
        [-1.8248e-03, -1.0430e-03, -1.2323e-04],
        [-1.5685e-03, -7.8556e-04, -6.2800e-04],
        [ 1.4775e-03,  1.1069e-03, -4.6600e-05],
        [ 8.8727e-04, -2.9632e-03,  1.7713e-03],
        [-2.0228e-03,  1.5173e-03,  8.1944e-04],
        [ 4.5483e-04,  9.2871e-04,  2.5341e-03],
        [ 2.0848e-03, -1.9624e-03,  5.1453e-04],
        [ 6.2283e-04, -1.1535e-03, -1.0306e-03],
        [ 8.2481e-04,  9.4791e-04,  2.1631e-04],
        [-9.3558e-04,  3.5999e-04, -1.2407e-03],
        [-2.3650e-03, -1.1136e-03, -5.1204e-05],
        [ 6.3180e-05, -6.6146e-04,  4.5991e-04],
        [ 1.5037e-03,  6.4758e-04, -8.6427e-04],
        [-1.4676e-03, -5.7206e-04,  5.9935e-04],
        [ 8.5170e-05, -4.8512e-05,  9.6186e-04],
        [ 1.6411e-03,  1.8248e-03, -1.4060e-03],
        [-9.7558e-04, -1.3264e-04, -4.5589e-04],
        [ 5.5633e-04, -7.1233e-06, -1.9581e-03],
        [-3.7084e-03, -6.2317e-04, -8.1449e-04],
        [ 1.5845e-03, -1.8307e-03,  1.3863e-03],
        [-6.7379e-04, -7.5920e-04, -1.8071e-03],
        [ 3.7906e-03, -4.7379e-04, -5.6439e-04],
        [ 7.1391e-04, -4.6856e-04, -2.4543e-04],
        [-1.2231e-03,  2.6944e-04,  1.0643e-03],
        [-2.0107e-03,  1.5677e-03, -1.0086e-03],
        [ 2.9100e-04,  1.5278e-03,  8.6509e-04],
        [ 2.5281e-03,  1.5414e-03,  1.2048e-03],
        [-1.5670e-03,  9.7968e-04,  1.1182e-03],
        [ 1.2082e-03,  1.7199e-05,  1.0944e-03],
        [-1.2486e-03, -3.2256e-04,  3.4600e-03],
        [-1.3800e-03,  6.5118e-04,  1.6094e-03],
        [-1.6380e-03, -1.3734e-03,  1.0437e-03],
        [ 2.8953e-03,  4.5009e-04,  5.0961e-04],
        [ 1.5081e-03, -2.1195e-03,  6.8042e-04],
        [-1.4019e-03,  4.3090e-04, -1.9880e-03],
        [ 2.6758e-05, -5.9180e-04, -8.5128e-04],
        [ 1.8297e-03,  1.4574e-04, -3.0708e-04],
        [ 3.4913e-04,  6.2886e-04,  1.4287e-03],
        [-8.4827e-04,  3.7008e-04,  2.4295e-04],
        [-1.1523e-03,  1.6112e-03,  7.2415e-04],
        [-1.2253e-03,  6.8263e-04,  7.0234e-04],
        [ 1.0148e-03,  9.4818e-04, -2.4888e-04],
        [-3.5121e-04,  9.2737e-04,  1.1631e-03],
        [ 1.2828e-03, -1.4530e-03,  1.7788e-04],
        [ 2.5228e-03, -5.0044e-04, -1.5516e-04],
        [ 1.4579e-03, -3.6737e-04,  1.7514e-03]], device='cuda:0')), ('fcs.0.bias', tensor([ 2.8920e-03, -1.0226e-03,  1.0611e-03, -7.3825e-04, -2.2154e-03,
        -2.7090e-03, -7.6966e-04, -3.1011e-04, -2.8530e-05,  3.6276e-05,
         4.1864e-04, -1.3443e-03, -4.8001e-04,  5.6434e-04,  1.0326e-03,
         9.7942e-05, -1.4287e-03,  1.5260e-04,  2.2861e-03,  6.5543e-04,
        -1.2934e-03, -4.2661e-05,  4.4569e-04, -1.5486e-03, -8.6643e-04,
         2.1939e-03, -2.5797e-03,  1.6823e-03,  1.1655e-03,  8.6695e-05,
         4.2106e-04,  1.6917e-03,  1.8525e-03, -2.2757e-03,  1.5826e-03,
         2.2995e-03, -1.1396e-03,  2.0987e-03,  1.3675e-03, -1.5343e-03,
        -3.3261e-03,  1.8999e-03,  1.9200e-04,  2.2721e-03, -1.2028e-03,
        -1.4879e-03, -2.2565e-03,  1.0200e-03, -7.4793e-04, -9.8839e-05,
        -1.2872e-04,  2.9683e-03, -2.5081e-03, -2.0713e-03,  1.9825e-03,
         3.6183e-04, -9.3223e-04, -1.3532e-03,  5.4111e-04,  4.6792e-04,
         4.3680e-04,  1.0622e-03, -1.5438e-03, -5.0087e-04, -1.1713e-04,
        -4.7059e-04,  1.1949e-03,  2.5117e-03, -3.5823e-04, -1.4399e-03,
        -1.8441e-03,  8.8296e-04, -9.5462e-04,  1.0722e-01, -1.6734e-03,
        -1.4941e-03,  1.4708e-06,  8.3322e-04, -2.5731e-03,  4.2525e-04,
         1.6055e-03, -1.8201e-03, -4.9990e-04, -1.4413e-05,  1.6749e-03,
         2.5791e-05,  1.1633e-03, -2.2596e-03, -8.6223e-04, -1.6107e-03,
        -1.7775e-03, -1.6143e-03, -4.2580e-04, -1.5536e-04, -4.6573e-04,
         3.9481e-04, -1.1299e-03, -3.2357e-03, -1.5856e-03, -3.3037e-04,
        -1.8327e-03,  3.1517e-03, -2.1201e-03,  1.3383e-03, -6.1134e-04,
        -2.1287e-03, -8.3330e-04,  1.5173e-03, -8.3803e-04,  1.8661e-03,
        -1.0143e-03, -1.1852e-03,  2.5287e-03, -7.5571e-04, -1.2840e-04,
        -2.4907e-04,  2.0238e-04,  2.0245e-03,  1.9741e-04,  1.3250e-03,
        -9.8694e-04,  8.9781e-04, -1.1686e-03, -1.5446e-04, -4.1025e-04,
         1.0193e-03,  1.7256e-04,  8.4022e-04], device='cuda:0')), ('fcs.1.weight', tensor([[-2.2773e-04,  5.1817e-05, -5.6204e-04,  ...,  4.9487e-04,
          5.5181e-04, -1.3105e-03],
        [ 1.3036e-03, -1.2607e-03,  1.3107e-03,  ..., -1.3035e-03,
          8.9373e-04, -6.8490e-04],
        [ 9.0997e-04,  8.9366e-04, -6.0907e-04,  ...,  1.9616e-03,
         -1.3041e-03,  3.1464e-03],
        ...,
        [ 2.8842e-03, -8.0578e-05, -8.9237e-04,  ...,  9.8536e-04,
          6.5227e-04,  1.2608e-03],
        [ 6.5447e-04,  1.3043e-03,  7.4651e-04,  ..., -5.5139e-04,
          2.1809e-03, -1.4675e-03],
        [-1.3103e-03, -1.3083e-03, -3.3313e-03,  ...,  1.9619e-03,
          1.9609e-03,  5.0001e-05]], device='cuda:0')), ('fcs.1.bias', tensor([-2.0459e-03,  1.0056e-04,  1.2886e-03,  2.1806e-03,  6.8947e-04,
        -1.2986e-03,  1.9480e-03, -1.3898e-03, -6.4488e-04,  9.9152e-04,
        -2.7348e-04,  7.1408e-05, -7.6523e-04,  4.4871e-04, -2.2074e-03,
         1.1741e-03, -2.3134e-04,  1.2817e-03,  2.6382e-03,  1.9510e-03,
        -6.6744e-04,  1.2987e-03, -2.8303e-04, -7.4606e-04, -1.4675e-03,
         1.3225e-03,  2.9760e-04, -2.4852e-04,  1.0481e-03, -4.4700e-04,
        -7.9773e-04, -1.3066e-03,  1.9178e-03, -2.2187e-03,  7.4451e-04,
         9.5929e-05,  9.8992e-04, -2.2018e-03,  7.7967e-04, -1.2977e-03,
        -7.1512e-04,  1.5367e-03,  4.8017e-03, -2.1722e-03,  7.4513e-04,
         1.3089e-03,  2.1897e-03, -7.9161e-04, -3.3326e-03,  1.2515e-03,
        -1.2976e-03, -2.4582e-03,  8.6230e-04, -2.2120e-03,  8.4071e-04,
        -5.5425e-04,  2.1618e-03,  8.6829e-04, -8.8962e-04, -5.0554e-04,
         1.3709e-03,  1.3104e-03,  1.3070e-03, -6.1037e-04], device='cuda:0')), ('fcs.2.weight', tensor([[-9.2864e-04,  1.0366e-03,  3.0653e-04,  1.5267e-03, -3.4305e-04,
          1.8951e-03,  1.0720e-03,  1.6228e-03, -1.3551e-03,  2.4162e-03,
         -1.5118e-04,  9.3183e-05, -7.6240e-04,  8.6401e-04, -2.9058e-04,
         -2.7125e-03,  2.7269e-04, -2.0334e-03, -1.0287e-03, -2.1782e-04,
          1.5373e-04,  1.2197e-03,  1.4802e-03,  2.2577e-03, -3.8830e-04,
         -5.0736e-04,  4.5132e-03, -1.9773e-03,  5.6015e-04, -1.6196e-03,
         -8.7459e-01, -5.5493e-04, -5.9721e-04,  7.6921e-04, -2.7676e-03,
         -1.7254e-03, -1.0321e-03, -1.1442e-03,  1.1945e-03,  1.3020e-03,
          1.4624e-03, -1.3754e-03,  1.6559e-03, -1.6395e-03, -4.8059e-04,
         -1.4092e-03,  1.6583e-03, -1.1344e-03,  9.0005e-04,  2.1218e-03,
         -1.1990e-04, -1.0537e-03, -1.7927e-03,  1.2456e-03, -4.3122e-04,
         -1.3262e-04,  1.4330e-03,  1.9312e-03, -1.0359e-03,  5.2367e-04,
         -7.4828e-04, -7.3249e-04, -5.9301e-04,  1.4821e-03]], device='cuda:0'))])
end of epoch 5: val_loss 0.004976568778115009, val_acc 1.0
trigger times: 1
end of epoch 6: val_loss 0.004439633704456974, val_acc 1.0
trigger times: 2
end of epoch 7: val_loss 0.0071326598713460495, val_acc 1.0
trigger times: 3
end of epoch 8: val_loss 0.003841036732164902, val_acc 1.0
trigger times: 4
end of epoch 9: val_loss 0.003054644609429893, val_acc 1.0
trigger times: 0
saving model weights...
Weights: OrderedDict([('fcs.0.weight', tensor([[-2.8539e-03, -5.3475e-04, -9.2531e-04],
        [-1.3398e-03, -1.4518e-03, -1.8776e-03],
        [-1.3839e-03, -1.1541e-03,  1.7863e-03],
        [-6.1575e-04,  1.0951e-03,  2.6835e-04],
        [-7.7409e-04, -3.6902e-04, -2.8902e-05],
        [ 7.9825e-04, -2.5108e-03, -6.5289e-05],
        [-1.5940e-04, -2.0337e-03,  2.0663e-04],
        [ 2.1846e-03,  2.8758e-03, -9.8948e-05],
        [-6.6014e-04,  6.1783e-04, -4.0820e-04],
        [ 1.0788e-04, -1.1172e-03, -8.2780e-04],
        [ 1.2590e-04,  1.1691e-03, -1.0882e-04],
        [ 5.3535e-04,  1.7917e-03, -5.1969e-04],
        [-1.2685e-03, -6.8066e-04, -1.9340e-03],
        [-2.2328e-03,  3.8780e-04,  2.3725e-05],
        [-4.8734e-05,  1.4897e-03,  7.4538e-04],
        [ 7.9453e-04, -1.4484e-03,  2.0974e-03],
        [ 2.2364e-03, -5.0517e-04, -1.3989e-03],
        [-7.3290e-04, -3.7323e-04, -8.7826e-04],
        [-1.0883e-03, -1.4831e-04,  1.9197e-04],
        [-5.7710e-04, -6.8268e-04, -9.5361e-04],
        [ 1.9786e-03, -1.9030e-03, -1.2116e-03],
        [ 3.6200e-04,  1.1438e-03, -1.0740e-03],
        [ 1.0167e-04, -2.4764e-04,  3.2153e-04],
        [-6.4248e-04,  2.6442e-04, -8.9905e-04],
        [ 1.8598e-03,  2.0992e-03, -1.1719e-03],
        [-1.5706e-03, -3.0411e-03, -8.3806e-05],
        [-1.8305e-03, -1.6055e-03,  1.7116e-03],
        [ 1.2918e-03, -1.2630e-03, -1.1397e-04],
        [-7.4458e-05, -3.5702e-04,  2.4662e-04],
        [-1.3392e-03,  1.5937e-04, -1.2292e-03],
        [ 3.2803e-04,  8.3236e-04,  1.1908e-03],
        [-4.4001e-03,  1.4074e-03,  3.6132e-04],
        [-2.3504e-03, -7.9349e-04,  1.3205e-03],
        [-9.9793e-04,  2.2028e-03,  2.2863e-04],
        [ 4.3461e-04, -1.9617e-05, -9.2766e-04],
        [ 1.8123e-04, -6.1888e-04,  1.0360e-03],
        [-1.7267e-03, -1.1565e-04, -4.8682e-04],
        [-2.4420e-03, -1.4171e-03, -1.0965e-03],
        [-1.0168e-03, -7.7660e-05,  1.2832e-03],
        [ 1.5436e-04, -3.9843e-03,  5.9711e-04],
        [-2.0245e-04,  2.3291e-03,  1.2687e-03],
        [-9.4240e-04,  7.8193e-05, -1.3652e-03],
        [-2.8242e-06, -1.9113e-03, -1.1103e-03],
        [-1.5521e-04, -2.1412e-03,  1.7507e-03],
        [ 3.7371e-03,  5.5342e-04,  1.8420e-03],
        [ 7.0221e-05,  3.2410e-04, -9.9960e-04],
        [-1.5645e-03,  9.8243e-04,  1.9277e-04],
        [-1.1067e-03,  1.6226e-04,  1.7582e-04],
        [-6.0258e-04,  1.6991e-03,  3.5635e-04],
        [-1.8257e-04, -1.2061e-03, -2.4629e-04],
        [ 8.8358e-04,  2.4885e-04,  9.6698e-04],
        [-1.3267e-04,  1.8604e-05,  9.3314e-04],
        [ 3.8932e-04, -1.2389e-04, -2.4297e-03],
        [ 3.5770e-04, -5.4737e-04, -2.7716e-03],
        [-9.5935e-04, -1.0567e-03,  1.6355e-03],
        [-2.3006e-03, -9.5799e-04, -8.1006e-04],
        [-6.6591e-04, -8.6240e-04,  5.9942e-04],
        [-9.0337e-04, -2.1906e-03,  4.5110e-04],
        [ 1.0558e-03, -2.4947e-03, -4.7601e-04],
        [-1.2782e-03, -1.6103e-03, -7.3618e-04],
        [ 1.2651e-04, -1.2668e-04, -2.0600e-03],
        [-1.0842e-03,  6.3570e-04, -8.7777e-04],
        [-3.4691e-04,  1.8591e-03,  2.0076e-03],
        [-8.6001e-04,  3.3094e-04,  1.2641e-03],
        [ 5.4525e-04, -1.8523e-03,  1.3667e-03],
        [-6.3457e-04, -7.4298e-04,  2.1972e-03],
        [ 1.5319e-03,  1.5273e-03, -4.5678e-04],
        [-1.1383e-03,  9.0103e-04, -8.2481e-04],
        [-1.5729e-03,  2.0101e-03,  6.9906e-04],
        [-1.7898e-04,  1.2799e-03, -7.0313e-04],
        [ 4.2246e-05,  3.6382e-04,  1.5927e-03],
        [ 8.8022e-05,  5.3136e-04,  2.2641e-04],
        [ 2.2938e-03, -9.8561e-04, -1.2819e-03],
        [ 6.0900e-01, -7.7405e-02,  6.4420e-01],
        [-5.0442e-04, -9.2801e-04, -1.1490e-03],
        [-1.9949e-03,  9.7527e-05,  1.3748e-03],
        [-1.0448e-03, -4.9971e-04, -6.5792e-04],
        [ 4.4539e-04, -4.7919e-04,  1.6467e-03],
        [ 8.7086e-06, -1.4369e-03,  2.8906e-03],
        [ 3.6775e-04,  4.4560e-04, -6.2659e-04],
        [-1.7478e-03, -1.6577e-03, -8.5324e-04],
        [ 7.7982e-05, -2.1081e-04, -2.8548e-04],
        [-1.5312e-03, -1.8099e-04, -3.6673e-04],
        [-7.3397e-04,  7.2255e-04, -9.3502e-04],
        [-2.0030e-03,  5.6814e-04,  2.3595e-03],
        [ 9.5657e-04, -5.0118e-04,  1.6624e-03],
        [-7.3289e-04,  1.3865e-03, -1.8155e-04],
        [ 2.7678e-05,  2.7916e-03, -5.0946e-04],
        [ 5.0231e-04,  6.7508e-04, -6.8113e-04],
        [ 1.8961e-03,  7.9769e-04,  1.7328e-03],
        [-3.3169e-04, -1.6555e-03, -2.8639e-04],
        [-1.7366e-03, -9.0735e-04, -2.7929e-04],
        [-5.0227e-04,  1.2005e-03, -7.2916e-04],
        [-1.2697e-03, -1.9577e-03, -1.7472e-03],
        [ 7.6701e-04, -2.7549e-04, -1.1706e-03],
        [-7.9259e-04,  4.3872e-04,  1.6549e-03],
        [ 2.1111e-04, -4.3122e-04,  1.2285e-04],
        [-1.9786e-05, -6.6253e-04, -5.0028e-04],
        [-2.4804e-04, -4.8639e-04,  1.6167e-03],
        [-1.3103e-03, -8.0053e-04,  6.1005e-04],
        [ 1.6306e-03,  2.5320e-04,  5.1257e-04],
        [-1.0413e-04,  1.1078e-03,  5.1291e-04],
        [-6.7995e-04,  1.7540e-03,  1.1840e-04],
        [ 1.5728e-04, -7.6385e-04, -4.0895e-04],
        [-8.4470e-04, -1.4297e-04, -1.8137e-03],
        [ 5.8728e-04, -1.4543e-03,  5.7778e-04],
        [ 2.9298e-04, -5.3363e-04,  3.1113e-04],
        [ 7.3627e-07,  9.2001e-04,  6.3840e-04],
        [-9.3557e-04, -3.4849e-03, -1.4482e-03],
        [ 1.3931e-04, -7.5158e-04, -5.6895e-04],
        [-3.4716e-04,  3.3712e-03, -4.6105e-04],
        [-1.2612e-03, -2.3006e-04, -6.9834e-04],
        [ 1.7257e-03, -3.2786e-04, -1.5221e-03],
        [-5.4570e-04, -4.5737e-04, -6.1372e-04],
        [-1.1432e-03, -4.2264e-04, -5.8847e-04],
        [-8.3654e-05, -5.4613e-04,  1.9115e-03],
        [-1.2186e-03, -2.7711e-03, -3.9081e-04],
        [-2.3183e-03,  1.3765e-04,  6.0390e-04],
        [-1.7473e-03, -1.0198e-03, -2.4971e-05],
        [ 1.4530e-04,  7.4811e-04,  1.3592e-03],
        [-7.8408e-04,  5.4824e-04, -1.0137e-03],
        [-1.1107e-03, -1.6911e-03, -1.5776e-04],
        [-1.4726e-03, -1.0572e-03, -9.9177e-04],
        [ 2.9038e-04,  6.9212e-04,  4.8995e-04],
        [-1.6505e-03, -1.9070e-03,  1.1469e-03],
        [ 1.2369e-03,  3.4541e-04, -6.8553e-04],
        [-7.3500e-04, -1.0724e-03,  4.2988e-04],
        [ 2.3523e-03,  2.0080e-03, -1.3018e-03]], device='cuda:0')), ('fcs.0.bias', tensor([ 7.3842e-04,  7.9592e-04, -1.3982e-03, -2.4624e-04,  9.2456e-04,
        -1.3311e-03,  2.3496e-04, -1.1470e-03, -2.8116e-04,  1.5647e-04,
        -1.6480e-03,  1.3493e-03, -2.2037e-03,  7.1181e-04, -4.7764e-06,
         9.2225e-04,  2.7969e-03,  2.3308e-04, -5.1813e-04,  1.6412e-03,
         2.5535e-03, -5.0655e-04, -9.6550e-04, -2.4497e-04, -4.7453e-04,
         2.7725e-03, -1.2392e-03,  4.4061e-04,  1.7983e-03, -1.3741e-03,
        -1.5272e-03,  1.5103e-03,  2.3171e-03,  7.8863e-04, -9.4302e-04,
        -4.3699e-04,  3.6383e-04, -1.1452e-03, -8.0803e-04,  2.2108e-04,
        -1.2819e-04,  3.2034e-04,  1.0714e-03, -5.5577e-04,  1.2030e-04,
        -5.7186e-04, -1.5443e-03,  1.3465e-04, -4.6336e-05,  1.8452e-03,
        -1.4586e-03, -3.1665e-04,  3.4336e-03, -5.1251e-04,  5.5302e-04,
         1.9839e-03,  3.8401e-03, -2.6696e-03,  5.8220e-04,  2.7156e-03,
         1.8542e-03,  2.7241e-03, -7.6345e-04,  1.3754e-03,  1.8376e-03,
         3.9487e-04,  1.2773e-04,  6.0428e-04,  8.3582e-04,  1.6341e-03,
        -9.4279e-04, -6.4658e-04,  4.0648e-04,  1.9129e-01, -1.2363e-04,
         2.5817e-03, -3.1819e-03,  8.7449e-04,  9.7948e-04, -1.2231e-03,
        -1.4629e-03,  9.5342e-04,  1.8155e-03, -5.9764e-05, -2.8537e-03,
         3.3673e-04, -1.8591e-03,  4.5772e-05,  5.1541e-04,  1.3266e-03,
        -1.0600e-03,  9.9409e-04,  4.1617e-04, -8.9846e-04, -1.9941e-03,
         4.4973e-03, -1.8296e-03, -1.9136e-03, -7.6168e-04,  1.5478e-03,
        -2.7677e-03,  3.2098e-03,  2.0470e-03,  1.1348e-03,  1.0971e-03,
        -5.4955e-04,  1.9664e-03,  1.2785e-03, -2.7199e-03, -1.1185e-04,
        -6.1622e-04,  3.8167e-03,  2.0518e-03,  3.1603e-05, -2.7168e-04,
         1.0154e-03,  5.0245e-04, -3.6896e-03,  3.4823e-03, -6.5126e-05,
        -1.1354e-03,  1.0100e-04, -2.7765e-03,  4.1896e-04, -7.4358e-04,
        -1.7993e-03,  5.0411e-04,  2.2875e-03], device='cuda:0')), ('fcs.1.weight', tensor([[-2.2900e-04,  5.5456e-05, -5.6405e-04,  ...,  4.9655e-04,
          5.5201e-04, -1.3107e-03],
        [ 1.3219e-03, -1.2784e-03,  1.3109e-03,  ..., -1.3075e-03,
          8.9648e-04,  7.2365e-04],
        [ 9.0533e-04,  8.9701e-04, -6.0980e-04,  ...,  1.9618e-03,
         -1.3045e-03,  3.1500e-03],
        ...,
        [ 2.8832e-03, -8.3390e-05, -8.9625e-04,  ...,  9.7567e-04,
          6.5329e-04,  1.2610e-03],
        [ 6.5579e-04,  1.2969e-03,  7.4660e-04,  ..., -5.5848e-04,
          2.1834e-03,  5.9334e-04],
        [-1.3184e-03, -1.3016e-03, -3.3329e-03,  ...,  1.9654e-03,
          1.9599e-03,  5.8048e-05]], device='cuda:0')), ('fcs.1.bias', tensor([ 6.4889e-04,  2.8338e-04, -1.0723e-03, -7.5531e-04, -1.6857e-04,
        -2.1813e-03,  1.3075e-03,  1.8637e-03, -1.3084e-03,  1.4488e-03,
         7.9134e-04,  2.1193e-03,  6.3990e-05,  1.7848e-03, -2.0042e-03,
         1.2422e-03,  2.1570e-03, -1.0316e-03, -1.3020e-03, -1.2991e-03,
         1.3300e-03, -2.7286e-03, -7.4897e-04,  2.7428e-03, -3.5736e-04,
         1.4922e-03,  7.9727e-04,  6.0227e-04, -1.1659e-03, -1.7755e-03,
         1.6084e-01, -1.3189e-03, -1.1838e-03,  2.2204e-03,  6.9766e-04,
        -2.6804e-04, -6.9687e-04,  2.5026e-03,  2.2166e-03,  1.6307e-03,
        -8.0468e-04,  9.7526e-04,  2.0252e-03,  1.3019e-03, -1.3071e-03,
        -5.6668e-04, -2.2055e-03, -1.3132e-03, -1.3953e-03,  8.8785e-04,
         8.1825e-04, -1.3893e-03,  1.8538e-03,  4.9936e-04,  1.8674e-03,
         1.2890e-03,  5.8752e-04, -6.0524e-04, -5.6116e-04, -1.5916e-03,
        -9.0007e-04, -1.2353e-04, -7.6601e-04,  2.6932e-03], device='cuda:0')), ('fcs.2.weight', tensor([[-2.0087e-03, -2.1044e-03, -1.8406e-04, -1.8225e-03, -2.4353e-03,
          4.2653e-04, -1.6921e-03, -1.0031e-03, -9.4377e-04,  1.5169e-03,
          5.7175e-04,  8.4310e-04, -8.8983e-05,  3.7332e-03,  7.8414e-04,
          5.6689e-04, -1.1897e-03, -1.3190e-03,  7.2245e-05, -4.2984e-04,
         -3.2942e-04, -2.9027e-03,  5.1719e-04,  1.6882e-03,  1.9276e-04,
          5.8813e-04,  2.7919e-04, -9.5422e-04,  7.1285e-04, -2.0363e-04,
         -7.9884e-01,  1.5445e-03, -1.1881e-03, -9.1368e-05,  9.5043e-04,
         -2.6107e-03, -1.0146e-03,  1.1420e-03,  1.0943e-03, -2.8940e-04,
          1.0651e-03, -1.1379e-03,  8.6148e-04, -1.1445e-03,  6.8809e-04,
         -2.7104e-03,  2.2155e-04,  6.4996e-04, -4.3204e-04,  1.2714e-03,
          1.9641e-03,  2.2649e-04,  3.6358e-03, -1.6526e-03, -1.0704e-03,
         -1.7945e-03, -6.0918e-04, -1.5440e-03, -1.0920e-04,  5.3372e-04,
          5.1310e-04,  4.9472e-04,  6.9443e-04, -3.3980e-04]], device='cuda:0'))])
end of epoch 10: val_loss 0.004215396549341896, val_acc 1.0
trigger times: 1
end of epoch 11: val_loss 0.0058254890251688, val_acc 1.0
trigger times: 2
end of epoch 12: val_loss 0.005318798464890762, val_acc 1.0
trigger times: 3
end of epoch 13: val_loss 0.008331994140409336, val_acc 1.0
trigger times: 4
end of epoch 14: val_loss 0.005554810833018955, val_acc 1.0
trigger times: 5
end of epoch 15: val_loss 0.008289614035063871, val_acc 1.0
trigger times: 6
end of epoch 16: val_loss 0.00526874301499916, val_acc 1.0
trigger times: 7
end of epoch 17: val_loss 0.0029230776227057477, val_acc 1.0
trigger times: 0
saving model weights...
Weights: OrderedDict([('fcs.0.weight', tensor([[-7.0472e-04,  3.6957e-04,  8.1738e-04],
        [-9.9194e-04, -8.2993e-04, -1.6294e-03],
        [ 2.5535e-03,  1.3570e-03,  5.2337e-04],
        [-1.5066e-03, -8.8713e-04,  2.8295e-03],
        [-1.6018e-03, -9.9599e-04, -4.6783e-04],
        [-1.6423e-03,  1.0158e-03, -1.1459e-03],
        [-2.6706e-03, -2.5492e-03, -7.1722e-04],
        [ 2.1095e-03, -2.0690e-03,  1.2165e-03],
        [ 5.5350e-04,  9.0694e-04, -2.0703e-03],
        [ 1.0515e-03, -1.9815e-03, -1.0380e-04],
        [ 4.9776e-04, -6.7452e-04, -7.3733e-04],
        [ 1.3580e-03,  2.2164e-03,  4.7002e-04],
        [ 1.5680e-03, -1.9779e-03,  4.7145e-04],
        [-8.1067e-04,  1.7922e-03, -1.3536e-03],
        [ 3.2846e-04,  5.8463e-04, -8.0283e-04],
        [-9.1177e-05,  1.6219e-03,  1.7714e-04],
        [ 5.7471e-04,  9.8496e-04, -1.0800e-03],
        [ 9.5155e-04,  7.3668e-04, -1.5968e-03],
        [ 1.6786e-04,  3.1729e-04, -5.9775e-04],
        [-1.3983e-03, -2.3082e-05, -3.7186e-04],
        [ 1.2851e-03,  1.1172e-03, -2.6236e-03],
        [-4.4109e-04,  2.3461e-03, -1.9303e-03],
        [ 1.4020e-03,  2.0560e-04, -1.3812e-04],
        [-8.7459e-04,  4.6748e-04, -7.5009e-04],
        [ 2.5988e-03, -1.4709e-03, -5.5188e-04],
        [-9.8268e-05,  2.3664e-03, -1.2701e-04],
        [-1.4988e-04,  1.0195e-03,  1.1141e-03],
        [-7.3508e-04,  9.8741e-05,  3.4618e-03],
        [-4.8505e-04,  1.4500e-04,  8.5948e-04],
        [-1.0150e-03, -9.9897e-04, -1.2763e-03],
        [ 8.5222e-04, -9.0114e-04,  1.4448e-04],
        [-5.8504e-04, -1.9024e-03,  3.7045e-04],
        [ 1.1974e-04, -1.8498e-03,  2.9586e-06],
        [ 4.9694e-04,  3.7502e-04,  8.9871e-04],
        [-6.6822e-04,  2.1871e-03, -9.8320e-04],
        [ 4.7117e-04,  9.9252e-04,  1.6272e-03],
        [ 1.2758e-03,  2.0493e-03,  8.4544e-05],
        [-1.1318e-03,  2.4667e-03,  8.1909e-04],
        [ 3.0441e-04,  8.3850e-04, -1.4442e-03],
        [ 8.2844e-04,  5.2138e-05,  1.2757e-03],
        [ 8.3134e-04, -1.5805e-03,  1.4615e-03],
        [-7.9628e-04, -1.3530e-03,  1.1042e-03],
        [-8.7056e-04, -9.0788e-04,  7.4082e-04],
        [-4.7731e-04,  3.5244e-05, -3.2515e-03],
        [-1.3174e-03,  2.3499e-03,  1.9483e-04],
        [ 8.6028e-04,  3.6006e-04,  6.2982e-04],
        [-3.3739e-04,  6.5475e-04, -3.6597e-04],
        [-1.8923e-03,  6.7274e-04, -1.0409e-03],
        [ 2.6292e-03,  3.1323e-04,  1.2415e-03],
        [-6.3740e-04,  1.4990e-03,  9.9724e-04],
        [-1.7601e-03, -1.4604e-03, -2.4114e-03],
        [ 8.8350e-04,  4.8945e-06,  3.1640e-04],
        [ 2.5720e-03,  1.1810e-03, -7.9211e-04],
        [ 8.8187e-04, -3.1638e-04,  4.3439e-04],
        [-1.7658e-03, -1.9648e-04, -1.0561e-03],
        [ 5.2720e-04,  6.5515e-05, -3.5382e-04],
        [-8.5065e-05, -7.2730e-04, -6.1141e-04],
        [-4.2448e-04, -1.4019e-03,  2.6071e-03],
        [ 3.5601e-04,  1.1063e-03, -4.9502e-04],
        [ 3.8626e-03, -1.8150e-03, -2.2520e-03],
        [ 7.9552e-04,  1.5636e-03,  1.0947e-04],
        [ 1.8837e-03,  1.2638e-03,  8.8827e-05],
        [ 2.6567e-03, -3.2989e-03, -1.5796e-04],
        [-1.9631e-03, -7.0124e-04, -3.7796e-05],
        [-1.6689e-04,  1.4005e-04, -5.9585e-04],
        [ 6.0737e-04, -7.1577e-04,  1.3689e-03],
        [ 1.7046e-03, -1.2260e-03,  2.2703e-03],
        [-1.7802e-03,  2.1304e-03, -1.0858e-04],
        [-1.3226e-03, -1.2499e-03, -1.4988e-03],
        [ 1.4318e-03,  1.0329e-03,  4.1572e-04],
        [-1.5456e-03,  1.1210e-03,  1.8470e-03],
        [-4.1350e-04, -1.1329e-03, -8.6764e-04],
        [ 2.8142e-03, -1.7866e-03,  1.1012e-03],
        [ 4.3034e-01, -1.1216e-02,  7.1507e-01],
        [ 1.0049e-03, -1.9136e-03,  6.6681e-05],
        [ 1.0582e-03,  2.1797e-03,  1.4641e-04],
        [-3.1572e-03, -1.8394e-03,  8.7408e-05],
        [ 1.2666e-03, -1.2900e-03,  1.3163e-03],
        [ 2.8388e-03,  2.7559e-03, -9.5024e-04],
        [ 1.0299e-04, -1.1628e-03, -7.9193e-04],
        [-1.3376e-03, -1.8197e-03, -2.4829e-04],
        [ 1.4962e-03,  4.8889e-04, -1.6560e-03],
        [ 7.2601e-05,  1.1852e-03,  8.1406e-04],
        [ 1.6095e-03,  1.6563e-04, -1.2279e-03],
        [ 6.2453e-04,  1.2504e-03, -5.1238e-05],
        [ 5.8461e-04, -1.8621e-03, -1.6695e-03],
        [ 2.2393e-03,  1.1138e-03,  4.3680e-04],
        [-8.2114e-04, -8.0956e-04,  2.0560e-03],
        [-4.4457e-04, -1.8672e-03,  7.9742e-04],
        [ 3.5451e-03, -5.4965e-04, -2.5801e-03],
        [-7.8854e-04, -1.6939e-03,  1.5423e-03],
        [ 3.7470e-03, -1.3414e-03, -2.8269e-04],
        [ 1.9420e-05, -2.4001e-03,  4.7887e-04],
        [-9.2082e-06,  8.1299e-04,  8.4607e-04],
        [ 6.1695e-04,  7.7985e-04, -1.2318e-03],
        [ 1.0465e-04, -5.9680e-04, -3.0422e-04],
        [ 7.6410e-04,  1.5371e-03,  7.4800e-05],
        [-1.3276e-03, -1.4069e-03, -1.3813e-03],
        [ 2.2557e-03, -5.2719e-04,  5.7521e-04],
        [-2.5917e-03, -1.7179e-03,  7.6240e-04],
        [-4.4619e-04,  2.4886e-03,  2.2830e-03],
        [-9.6160e-04,  1.3969e-05, -3.2221e-04],
        [-1.0550e-03, -8.1261e-04, -3.4623e-03],
        [-2.3688e-03,  1.7433e-03, -2.7429e-03],
        [ 1.1160e-03,  1.1676e-03, -1.5035e-03],
        [-1.6017e-03, -5.1070e-04,  1.8910e-03],
        [-5.2684e-04, -6.3050e-04, -8.9216e-04],
        [ 1.6254e-03, -1.6563e-03, -1.7923e-03],
        [ 2.8318e-03,  5.0238e-04,  6.5570e-04],
        [ 1.4205e-03, -3.8463e-04,  8.6381e-04],
        [ 1.1486e-03,  2.0013e-03, -6.6186e-04],
        [ 1.6516e-04,  1.0188e-03, -1.4968e-04],
        [-9.4060e-06,  3.0690e-04, -6.3706e-04],
        [-9.4970e-04, -3.7297e-04, -9.9461e-04],
        [-4.2409e-04, -1.3368e-03,  7.4084e-05],
        [-1.1114e-03, -1.5543e-03,  1.9748e-03],
        [ 6.5871e-04,  2.2704e-03, -3.2775e-03],
        [ 1.8248e-03, -1.4723e-03,  8.3488e-04],
        [ 2.0162e-03, -5.5147e-04, -1.3441e-03],
        [-2.0430e-04, -1.1732e-04, -1.5216e-04],
        [ 9.2874e-04,  1.8607e-03,  1.1987e-03],
        [-6.3194e-04,  7.9786e-05,  2.4559e-04],
        [-6.4281e-04, -3.8696e-04,  2.6280e-03],
        [-1.7270e-03,  2.0694e-04,  7.2422e-05],
        [-3.8633e-04,  8.0542e-04,  1.0773e-03],
        [-1.4539e-04, -1.1773e-03,  2.1598e-03],
        [-9.5621e-04, -1.1610e-03,  5.5583e-04],
        [ 1.2752e-03, -7.4615e-04,  1.2328e-03]], device='cuda:0')), ('fcs.0.bias', tensor([-7.6912e-04,  1.7818e-03,  3.8273e-04,  2.5386e-04, -5.9987e-04,
        -2.8023e-04, -2.1561e-03, -1.4308e-03, -1.6908e-03,  1.0025e-04,
         7.9594e-04,  2.8012e-03,  5.9202e-04,  7.3824e-04, -1.7289e-03,
         3.9622e-05,  2.4620e-04,  4.1423e-04, -5.9253e-04, -1.1358e-03,
        -2.5900e-03, -1.1738e-03,  1.7799e-03,  2.0995e-03, -9.6851e-04,
         1.5992e-03, -1.2843e-03,  6.7059e-05,  8.7904e-05,  4.4113e-04,
        -3.1607e-04,  6.2886e-04, -6.9457e-04, -5.6787e-04, -9.4042e-04,
         4.5135e-03, -1.1294e-03, -4.0995e-04, -2.4962e-03, -3.2240e-03,
         1.3033e-03, -5.7802e-04,  1.9462e-04, -1.8622e-03, -2.7428e-03,
        -1.7111e-03, -1.6624e-03, -2.9221e-04,  1.8213e-03, -1.9906e-03,
         1.6714e-03,  1.3872e-03,  8.7087e-04, -6.4306e-04, -9.2240e-04,
        -1.0946e-03,  1.4946e-03, -9.5405e-04,  1.3944e-04,  1.1317e-03,
        -8.4034e-04,  2.3655e-03,  2.3529e-03,  1.6383e-04,  1.3575e-03,
         2.7816e-04, -2.4381e-04, -1.7375e-03,  6.0132e-06,  1.7194e-04,
         6.3857e-05,  6.5236e-04,  7.5145e-04,  3.0637e-02, -3.2697e-04,
         2.0664e-03, -1.3658e-03,  1.3941e-03, -1.1821e-03, -1.5818e-03,
        -1.4500e-03, -2.3287e-04,  5.6480e-04,  1.0992e-03,  7.1536e-04,
         6.4914e-04, -2.7334e-03, -8.9243e-04, -2.8241e-03,  1.3874e-03,
        -1.2120e-03, -1.7565e-03,  2.4856e-03, -6.5184e-05, -5.3506e-04,
        -3.7760e-03, -7.3808e-04, -1.5743e-04, -2.3460e-03, -1.0422e-03,
         6.3682e-04,  1.2343e-03,  2.6457e-03, -3.9813e-04,  1.8427e-04,
        -2.4152e-03, -1.8443e-03, -6.2521e-04, -2.8580e-04, -1.2584e-03,
        -2.9476e-03, -2.3835e-05, -7.8364e-04,  5.1580e-04,  1.8650e-03,
        -2.5972e-03,  1.0862e-03, -7.7855e-05, -1.7307e-03, -1.1844e-03,
         4.2039e-04, -1.0750e-03, -5.7603e-04, -1.0836e-03, -1.5618e-03,
         1.7773e-03, -9.1924e-04, -1.0831e-03], device='cuda:0')), ('fcs.1.weight', tensor([[-2.2898e-04,  5.3420e-05, -5.6062e-04,  ...,  4.9743e-04,
          5.5245e-04, -1.3134e-03],
        [ 1.3092e-03, -1.2668e-03,  1.3108e-03,  ..., -1.3090e-03,
          8.9459e-04, -2.3872e-04],
        [ 9.0888e-04,  8.9738e-04, -6.0798e-04,  ...,  1.9622e-03,
         -1.3066e-03,  3.1485e-03],
        ...,
        [ 2.8819e-03, -8.1736e-05, -8.9453e-04,  ...,  9.8547e-04,
          6.5307e-04,  1.2619e-03],
        [ 6.5711e-04,  1.2996e-03,  7.4357e-04,  ..., -5.5231e-04,
          2.1805e-03, -2.4230e-03],
        [-1.3072e-03, -1.3169e-03, -3.3324e-03,  ...,  1.9603e-03,
          1.9646e-03,  5.3766e-05]], device='cuda:0')), ('fcs.1.bias', tensor([-0.0007,  0.0008, -0.0022, -0.0012,  0.0013,  0.0017,  0.0022,  0.0022,
         0.0005,  0.0011,  0.0011,  0.0022, -0.0019, -0.0020, -0.0006,  0.0033,
        -0.0011,  0.0022, -0.0007,  0.0022,  0.0008, -0.0019,  0.0009,  0.0009,
         0.0013, -0.0013,  0.0015,  0.0011,  0.0022, -0.0022,  0.0105,  0.0015,
         0.0026, -0.0014, -0.0007, -0.0007, -0.0023,  0.0012, -0.0008,  0.0015,
         0.0008,  0.0022, -0.0033,  0.0005,  0.0014,  0.0022,  0.0007, -0.0021,
        -0.0012,  0.0022, -0.0017, -0.0022,  0.0011, -0.0005,  0.0008, -0.0009,
        -0.0021, -0.0014, -0.0016, -0.0020,  0.0013, -0.0006, -0.0006,  0.0023],
       device='cuda:0')), ('fcs.2.weight', tensor([[ 4.1313e-04,  1.7567e-03,  1.7264e-03,  1.2932e-03,  2.3815e-04,
         -2.4354e-03,  1.3593e-03, -1.0577e-03, -6.9880e-04,  1.4735e-03,
          1.3797e-03, -3.7789e-04, -1.4628e-03, -7.9686e-04,  5.8048e-04,
         -4.9605e-04,  1.8551e-04, -2.2961e-03, -9.8371e-04,  2.1119e-04,
          5.2105e-04, -4.1285e-04, -6.4133e-05, -1.8436e-04, -1.7972e-03,
         -1.3047e-03,  1.5112e-03,  1.3772e-03, -7.4769e-04,  1.1638e-03,
         -9.3036e-01,  2.2147e-03, -2.8794e-03,  7.0446e-04, -9.5508e-04,
         -6.8255e-04, -1.2517e-03, -2.2490e-04, -1.0450e-03,  7.3944e-04,
         -1.5003e-04,  9.3436e-04, -8.9048e-04,  6.3459e-04,  1.1796e-03,
          6.8536e-04,  3.8677e-04, -7.5888e-04,  3.7941e-04,  4.3237e-04,
         -2.6522e-04, -1.2856e-03,  2.2381e-03,  3.9248e-04, -1.2284e-04,
          1.5358e-03,  2.5771e-04,  6.9785e-04,  5.8897e-04, -9.7227e-05,
         -9.5341e-05, -2.0212e-03,  1.7564e-03, -1.0341e-03]], device='cuda:0'))])
end of epoch 18: val_loss 0.0037867015693208474, val_acc 1.0
trigger times: 1
end of epoch 19: val_loss 0.0045147229719022875, val_acc 0.995
trigger times: 2
end of epoch 20: val_loss 0.0032441557129499186, val_acc 1.0
trigger times: 3
end of epoch 21: val_loss 0.0043412070459340766, val_acc 1.0
trigger times: 4
end of epoch 22: val_loss 0.004853345438973236, val_acc 1.0
trigger times: 5
end of epoch 23: val_loss 0.0034234766888825516, val_acc 1.0
trigger times: 6
end of epoch 24: val_loss 0.003067657620261706, val_acc 1.0
trigger times: 7
end of epoch 25: val_loss 0.006770451916130291, val_acc 1.0
trigger times: 8
end of epoch 26: val_loss 0.006193047846397697, val_acc 1.0
trigger times: 9
end of epoch 27: val_loss 0.004082369584206518, val_acc 1.0
trigger times: 10
Early stopping.
0 -58.66267079114914 -191.10004520678868
1 -58.39053888618946 -189.05007017278314
2 -58.927341401576996 -187.50220085194994
3 -55.61245493590832 -180.24009179391223
4 -53.507154151797295 -171.9613792356186
5 -52.33931282162666 -169.3817016847894
6 -52.26026754081249 -167.87631268052303
7 -56.05801437795162 -164.27567046290412
8 -54.956215530633926 -163.76742236654098
9 -48.09868101775646 -156.0786895876365
10 -50.6394419670105 -155.22804551507866
11 -49.76457220315933 -145.29002069283715
12 -49.93311679363251 -142.86657280197298
13 -43.96170927584171 -142.75441848091938
14 -44.57307782769203 -136.98962801176134
15 -48.02567535638809 -132.4813576990395
16 -42.34174835681915 -130.98347157271724
17 -45.78647403419018 -118.2436222554584
18 -38.76477226614952 -117.38411415155902
19 -45.361490458250046 -116.97382686219106
20 -40.091105073690414 -115.06704102317899
21 -36.11275211721659 -112.47832645551227
22 -41.73822270333767 -103.24187681049156
23 -34.39419814944267 -99.7422752992134
24 -30.77027076482773 -98.18526661663928
25 -33.04707919061184 -88.94674758091466
26 -30.1204674243927 -85.88346861832474
27 -27.10299615561962 -79.38307722218848
28 -28.371632255613804 -79.25112655387144
29 -35.82290780171752 -73.50697855948762
30 -32.744827792048454 -72.69803191552006
31 -30.673413209617138 -71.37326168319514
32 -30.718150906264782 -68.27187815304366
33 -29.531147427856922 -65.42298162776466
34 -27.7740174010396 -65.35816021006309
35 -25.98428563028574 -49.3186741604369
36 -38.5862828316167 -17.325441617065966
37 -28.59433558769524 -4.374511275254108
38 -29.667493529617786 -0.4258658969524013
39 -31.618881901726127 9.108146753357724
40 -31.818145006895065 17.732630180500013
41 -24.22434998676181 40.64550156746333
42 -24.66277163103223 41.11774838972275
43 -29.45545929018408 48.64917674484657
44 -25.16815195977688 52.50260039838799
45 -26.186102835461497 52.54502852695255
46 -25.629502662457526 59.52827491841281
47 -24.902539366856217 63.45606316769021
48 -23.662369241006672 66.31570758515764
49 -31.21953741647303 67.13050507695384
50 -21.65839434042573 72.16624272108386
51 -32.04939436353743 79.16074531670823
52 -29.457518653012812 84.19837606184075
53 -29.55661761481315 89.30707154325768
54 -29.590988307259977 90.2698850730257
55 -28.668360180221498 90.28646231697512
56 -24.16312673315406 90.32667007477052
57 -21.923251712694764 91.18021498086692
58 -23.28882424440235 92.38187517969644
59 -29.319225130137056 92.67153902025292
60 -29.080797136295587 93.69474938898811
61 -23.156577611342072 93.86112859581364
62 -28.31505481339991 95.24073532592021
63 -28.387395252473652 95.3630101766082
64 -27.839003955945373 96.09581961281374
65 -26.513802429661155 97.90553231413178
66 -27.574025738984346 98.07644230926206
67 -27.191391992382705 98.35872828331676
68 -28.287235821597278 98.57334710000995
69 -27.51101708924398 98.77895390936838
70 -27.72885132394731 99.10163703819775
71 -27.293675707653165 99.47183807834362
72 -27.239916504360735 101.36707045382526
73 -26.816501491703093 102.70820969163083
74 -27.106143971905112 103.61971441966246
75 -26.18903091456741 104.00039883786899
76 -26.103982150554657 104.94014608739957
77 -26.857148645445704 105.28448326377394
78 -25.66036750562489 105.60678192821229
79 -24.65101846307516 106.95774051225432
80 -25.915617991238832 107.03525723063939
81 -25.258292879909277 107.05410485829283
82 -24.12796120159328 107.36477417456501
83 -24.34098827186972 107.72369032284489
84 -26.262953226454556 107.78006757763964
85 -25.81770175229758 107.99397435655325
86 -24.98200763296336 108.08910889221833
87 -25.76281014457345 108.09776529440465
88 -24.42290568817407 108.24033506535473
89 -24.538941752165556 109.15712102315346
90 -24.90635246038437 109.71287331230647
91 -24.721767108887434 110.25063890779474
92 -24.555161957629025 110.45880856467717
93 -23.84362248517573 110.48639228144049
94 -24.29694965016097 111.92877271779909
95 -24.409998591057956 112.29467419620224
96 -24.094154700636864 112.73910566375015
97 -23.980566122569144 112.98274531176438
98 -23.619499718770385 113.84616479719523
99 -22.018339037895203 114.84612239587612
100 -24.17850928939879 115.08707834021696
101 -22.27417370863259 115.41025719446112
102 -22.703815792687237 115.5646624637931
103 -22.511211615987122 115.87882502857741
104 -23.58013821579516 116.51927592390606
105 -23.855030956678092 116.69939038222442
106 -22.721042008139193 117.18809854794453
107 -22.82303309533745 117.29357601720739
108 -22.1250315932557 117.43241923864416
109 -22.87841134238988 119.84073495876005
110 -21.374849181622267 122.74776106687673
111 -21.56703628692776 124.10172315382671
112 -20.663972104899585 124.42382576156477
113 -21.356757171452045 124.48179570258212
114 -21.331581136211753 125.2590893824027
115 -21.11597730219364 125.30457667780085
116 -21.10223371349275 125.43458549438884
117 -19.333653106354177 129.13346806288703
118 -19.406262395903468 129.67718524437547
119 -18.561027493327856 131.40806576766226
train accuracy: 1.0
validation accuracy: 1.0
