demo lengths 200
demos: (120, 200, 3)
demo_rewards: (120,)
[-191.10004521 -189.05007017 -187.50220085 -180.24009179 -171.96137924
 -169.38170168 -167.87631268 -164.27567046 -163.76742237 -156.07868959
 -155.22804552 -145.29002069 -142.8665728  -142.75441848 -136.98962801
 -132.4813577  -130.98347157 -118.24362226 -117.38411415 -116.97382686
 -115.06704102 -112.47832646 -103.24187681  -99.7422753   -98.18526662
  -88.94674758  -85.88346862  -79.38307722  -79.25112655  -73.50697856
  -72.69803192  -71.37326168  -68.27187815  -65.42298163  -65.35816021
  -49.31867416  -17.32544162   -4.37451128   -0.4258659     9.10814675
   17.73263018   40.64550157   41.11774839   48.64917674   52.5026004
   52.54502853   59.52827492   63.45606317   66.31570759   67.13050508
   72.16624272   79.16074532   84.19837606   89.30707154   90.26988507
   90.28646232   90.32667007   91.18021498   92.38187518   92.67153902
   93.69474939   93.8611286    95.24073533   95.36301018   96.09581961
   97.90553231   98.07644231   98.35872828   98.5733471    98.77895391
   99.10163704   99.47183808  101.36707045  102.70820969  103.61971442
  104.00039884  104.94014609  105.28448326  105.60678193  106.95774051
  107.03525723  107.05410486  107.36477417  107.72369032  107.78006758
  107.99397436  108.08910889  108.09776529  108.24033507  109.15712102
  109.71287331  110.25063891  110.45880856  110.48639228  111.92877272
  112.2946742   112.73910566  112.98274531  113.8461648   114.8461224
  115.08707834  115.41025719  115.56466246  115.87882503  116.51927592
  116.69939038  117.18809855  117.29357602  117.43241924  119.84073496
  122.74776107  124.10172315  124.42382576  124.4817957   125.25908938
  125.30457668  125.43458549  129.13346806  129.67718524  131.40806577]
maximum traj length 200
num training_obs 1800
num training_labels 1800
num val_obs 200
num val_labels 200
ModuleList(
  (0): Linear(in_features=3, out_features=256, bias=True)
  (1): Linear(in_features=256, out_features=256, bias=True)
  (2): Linear(in_features=256, out_features=1, bias=False)
)
Total number of parameters: 67072
Number of trainable paramters: 67072
device: cuda:0
end of epoch 0: val_loss 0.01413641676215608, val_acc 0.995
trigger times: 0
saving model weights...
Weights: OrderedDict([('fcs.0.weight', tensor([[-1.3559e-03, -5.6325e-04,  1.1467e-03],
        [ 1.1438e-03,  8.3896e-04,  1.5020e-03],
        [-1.7006e-04, -1.7059e-03,  4.0182e-04],
        [ 1.2639e-03, -9.1751e-04,  2.0903e-03],
        [-3.4859e-04, -1.2350e-05,  4.6287e-04],
        [-4.7959e-05, -1.1367e-05,  9.9236e-04],
        [-6.3988e-04,  5.4854e-04, -9.2064e-04],
        [ 1.9839e-03, -2.6187e-03, -4.1008e-04],
        [ 3.6438e-04,  5.4725e-04,  8.6997e-04],
        [ 4.2962e-03, -1.7941e-03,  1.6179e-03],
        [ 1.1110e-03, -7.4443e-04, -1.9862e-03],
        [ 3.3173e-03, -8.6968e-04,  2.7839e-04],
        [-1.0351e-05,  3.2915e-04, -1.7733e-03],
        [ 1.0639e-03, -9.9585e-04, -4.4890e-04],
        [-1.8482e-03,  1.2956e-03,  1.2983e-03],
        [ 1.1795e-03, -1.6613e-04,  4.9008e-04],
        [ 1.4386e-04,  3.9559e-04, -3.2379e-05],
        [-1.0653e-03,  3.8960e-05,  3.0182e-04],
        [ 8.2832e-04,  2.0406e-04,  1.9871e-04],
        [ 1.4964e-04,  2.5831e-04,  1.2089e-03],
        [ 1.1339e-03, -6.2336e-04, -3.3538e-04],
        [-1.4354e-03,  5.3250e-04, -7.6413e-04],
        [ 6.1234e-05, -1.3835e-03, -9.9714e-04],
        [ 8.8238e-04, -1.1391e-03,  1.2169e-03],
        [-6.2141e-05, -9.3090e-04, -6.2624e-04],
        [ 1.0592e-03,  4.4665e-04, -1.4487e-03],
        [-1.0233e-03,  1.9347e-03, -2.2058e-04],
        [ 7.5668e-05,  1.1592e-03, -1.7113e-03],
        [-2.6449e-03,  2.1057e-04,  4.0153e-04],
        [ 9.4110e-04,  1.6205e-03, -1.6937e-03],
        [-1.7747e-03, -8.0207e-04,  4.0937e-04],
        [-5.3542e-04,  1.2128e-03,  2.4762e-03],
        [ 5.6670e-04, -1.2582e-03,  4.2109e-04],
        [-9.0614e-04, -2.2179e-03, -7.5193e-04],
        [ 1.8308e-03, -9.0362e-05,  1.0365e-03],
        [ 1.7610e-03, -2.8006e-03, -8.0408e-04],
        [ 1.7918e-03, -2.1492e-03,  1.0956e-03],
        [-6.2111e-04,  1.2041e-04, -6.1320e-05],
        [-6.1375e-04, -2.6237e-03,  2.0262e-03],
        [-1.1083e-03,  1.5108e-03,  2.0101e-03],
        [ 4.0546e-04, -1.3441e-03, -1.4075e-03],
        [ 6.7327e-04, -7.3152e-04,  2.1493e-03],
        [ 1.4753e-03,  2.0067e-03,  4.9571e-04],
        [ 2.4466e-03,  7.2934e-04,  3.1375e-04],
        [-1.1595e-03,  1.2179e-03, -8.4397e-04],
        [-1.0666e-03, -9.8151e-04,  7.6509e-04],
        [ 3.2693e-04,  1.0756e-03, -7.6461e-04],
        [ 2.8646e-03,  7.9895e-04, -2.1608e-04],
        [-8.7658e-04, -1.2919e-03,  6.5600e-04],
        [ 5.6392e-04,  5.1446e-04,  1.0851e-03],
        [-1.2733e-03, -1.0694e-03,  7.8718e-04],
        [ 1.6186e-04,  2.4428e-04,  2.7115e-03],
        [ 2.2827e-03,  4.8937e-04, -1.0835e-03],
        [-4.1161e-04,  1.1438e-03,  3.3678e-04],
        [ 1.2237e-03,  1.0417e-03, -3.4604e-04],
        [-6.8279e-04, -2.8013e-03,  1.5620e-03],
        [-2.6797e-04,  4.1428e-04,  8.3098e-04],
        [-2.2536e-03, -6.5827e-04,  4.3125e-04],
        [ 4.7325e-04, -1.8564e-05, -6.5405e-04],
        [-1.0004e-03,  5.7573e-04, -2.0042e-03],
        [-5.4704e-04, -3.2795e-03, -1.7982e-03],
        [-2.8263e-04,  4.8629e-04,  1.2776e-03],
        [ 8.2461e-04,  1.1096e-03, -5.6534e-04],
        [ 8.5345e-04, -6.8799e-04,  1.0389e-03],
        [-1.3697e-03,  7.7670e-04, -1.3992e-03],
        [-1.9196e-03,  1.6815e-03,  2.3200e-03],
        [ 6.3361e-04,  1.2177e-03,  1.3280e-03],
        [ 9.0438e-04,  9.3263e-05, -8.7713e-04],
        [-5.1582e-04, -3.1289e-05,  1.4119e-03],
        [-1.9379e-03,  1.5271e-04, -2.3857e-03],
        [-4.5831e-04, -1.7569e-03, -5.0081e-04],
        [ 3.2690e-04, -6.8824e-04,  5.5657e-04],
        [ 3.0401e-04,  6.3605e-05, -2.4428e-03],
        [-2.1368e-03,  8.9428e-04, -4.7711e-04],
        [ 1.8353e-04, -7.2043e-04,  6.6872e-04],
        [-2.8523e-04, -2.9511e-03,  5.1738e-04],
        [ 1.4364e-03, -8.1359e-04, -2.3029e-03],
        [-3.9284e-04,  2.0769e-04, -5.3372e-04],
        [ 4.8418e-04, -3.2691e-03, -1.9079e-03],
        [-1.2133e-03, -7.9647e-04, -2.1829e-04],
        [-8.9596e-04, -3.3015e-03, -2.7146e-04],
        [ 2.9311e-04, -1.3457e-04, -2.5852e-04],
        [-8.2779e-04,  8.4843e-04, -3.2732e-03],
        [ 1.0736e-03,  1.7652e-03,  1.0019e-03],
        [ 1.0105e-04, -2.0451e-04, -1.9758e-03],
        [-1.0745e-03, -9.1350e-04, -4.4864e-04],
        [-5.3855e-04,  1.2934e-03, -7.1920e-04],
        [ 3.8544e-04,  2.5124e-04,  1.7918e-03],
        [ 1.1579e-03,  1.3603e-03,  1.4673e-04],
        [-6.4922e-04,  1.2540e-03,  4.3906e-03],
        [ 5.1773e-04,  2.2261e-04,  1.1926e-03],
        [-6.5258e-04,  1.2923e-03,  1.5259e-03],
        [-9.7081e-04,  7.0695e-04, -1.0838e-03],
        [ 8.9784e-04, -1.6085e-03, -2.5980e-03],
        [-2.5505e-04,  1.6484e-03,  2.1644e-03],
        [-6.2483e-04, -9.7996e-04,  1.2025e-03],
        [ 6.7991e-04, -8.8527e-04, -5.2031e-04],
        [-1.1628e-03, -6.7794e-04,  1.6491e-03],
        [ 4.6005e-01, -4.8306e-02,  5.0779e-01],
        [ 2.4454e-03, -2.8725e-04, -6.2976e-04],
        [ 7.5156e-04, -5.7636e-04, -1.6725e-03],
        [-8.3729e-04,  5.5036e-04, -9.9403e-04],
        [ 2.0296e-03,  1.0344e-03,  1.3129e-03],
        [-1.0213e-04, -2.4703e-04,  6.9651e-04],
        [-1.4568e-03, -1.0228e-03,  9.4882e-04],
        [ 4.2586e-04,  9.7562e-04,  1.4427e-03],
        [ 1.0356e-03, -9.8484e-04,  1.7807e-03],
        [ 8.4546e-04,  2.3971e-03, -1.2831e-03],
        [ 2.0200e-03,  2.1312e-04,  1.7057e-03],
        [ 8.4828e-04, -8.7223e-04, -2.8308e-04],
        [-1.8336e-03,  1.1030e-03, -1.3992e-03],
        [-1.0605e-03,  9.8172e-04, -2.5203e-03],
        [-4.4815e-04,  8.4152e-04, -8.5939e-04],
        [-8.4888e-05,  6.7014e-04,  1.0434e-03],
        [-9.0754e-04,  3.8599e-04, -7.6671e-05],
        [ 1.0799e-03,  1.5480e-03, -6.3785e-04],
        [-1.5014e-03, -2.6465e-04,  1.0949e-03],
        [-1.5492e-03,  1.1217e-03, -1.9497e-03],
        [ 9.9728e-04,  1.3835e-03, -1.0534e-03],
        [ 7.3587e-05,  5.9088e-04, -1.7303e-03],
        [-3.4402e-04, -1.2379e-03,  1.9497e-03],
        [-1.1813e-03, -1.7556e-03, -2.1384e-04],
        [ 1.2487e-03,  1.7993e-03,  6.3850e-04],
        [ 2.3539e-03, -7.4219e-04,  2.1941e-04],
        [ 1.4754e-03, -1.2667e-03,  7.1264e-04],
        [ 1.8682e-03,  8.2938e-05, -1.5444e-03],
        [-1.2195e-03, -2.9592e-04, -5.6294e-04],
        [-1.5124e-03,  1.1640e-03, -4.4109e-04],
        [ 2.9343e-04, -1.3091e-03, -9.8147e-04],
        [ 1.1088e-03,  7.2961e-04,  6.1727e-04],
        [-3.1500e-04, -8.4218e-04,  4.8130e-05],
        [ 1.2197e-03, -1.3402e-03,  9.9898e-04],
        [-2.2931e-03, -5.8764e-04, -1.1923e-03],
        [-1.0630e-03,  1.5169e-03, -4.2671e-04],
        [-1.4363e-03,  1.3411e-03,  1.1053e-03],
        [ 2.3825e-04,  2.5685e-03,  5.1585e-04],
        [ 1.2704e-03, -9.3822e-04, -4.2340e-04],
        [-1.1514e-03,  2.0265e-03, -1.5205e-03],
        [ 1.1840e-03,  1.1308e-03,  1.5691e-04],
        [ 1.6564e-03,  9.2706e-04, -4.9105e-05],
        [-8.2977e-04, -1.5263e-03,  1.1999e-03],
        [ 2.0027e-03, -1.1390e-03,  9.7501e-04],
        [ 9.9296e-04,  1.8109e-04, -5.7728e-04],
        [-2.3633e-04,  1.6684e-03,  9.9356e-04],
        [-1.5187e-04,  1.2851e-03,  8.8040e-04],
        [-3.3705e-04, -3.3601e-04,  2.2740e-03],
        [ 9.6830e-04, -7.0323e-04, -2.0476e-03],
        [-2.8701e-04,  4.3733e-04,  7.7591e-04],
        [-3.8851e-04, -5.0357e-04,  4.7391e-04],
        [ 5.1275e-04, -1.7028e-03, -2.0586e-03],
        [ 6.4472e-04,  1.3443e-03,  1.1323e-03],
        [ 2.8798e-03, -4.8676e-04, -1.7863e-03],
        [ 1.1377e-03, -1.1598e-03,  1.3793e-04],
        [ 2.7885e-03,  3.0209e-03,  1.3590e-03],
        [-2.0049e-04, -4.3284e-03,  1.6333e-03],
        [ 6.3008e-04,  2.7571e-04,  2.2578e-03],
        [-1.3623e-03, -1.1244e-03,  1.3694e-03],
        [-3.1466e-03, -7.4035e-04,  2.1460e-03],
        [-3.9002e-04, -4.8683e-04,  1.1515e-03],
        [-5.2888e-04,  3.6713e-06,  1.8103e-03],
        [ 8.5384e-04, -1.0151e-03,  1.0122e-04],
        [ 1.1684e-04, -1.5071e-03, -6.5224e-04],
        [ 2.7682e-03,  3.9685e-03, -1.1967e-03],
        [ 1.0314e-03, -9.4260e-04, -1.0910e-03],
        [ 1.8653e-03,  1.0362e-03, -1.9790e-05],
        [-7.9209e-04,  1.6347e-03, -1.2600e-03],
        [ 9.7004e-04, -1.7414e-03, -6.1444e-04],
        [-3.1754e-04,  1.7343e-03,  6.6203e-04],
        [ 1.1286e-03,  4.9492e-05,  6.5197e-04],
        [-1.5948e-03,  2.1843e-04,  2.0355e-03],
        [-2.7942e-03, -3.9036e-04, -1.1753e-03],
        [-1.7573e-03, -6.6372e-04,  6.8953e-04],
        [-1.0323e-04,  6.1996e-05,  2.3803e-03],
        [ 2.7652e-03,  1.2721e-03, -1.2392e-04],
        [ 8.5399e-04, -1.1702e-03, -1.5891e-03],
        [ 8.7527e-04, -2.5834e-04,  5.6356e-04],
        [ 1.0395e-03,  3.3978e-04,  8.9141e-04],
        [ 7.7457e-04, -2.9216e-03, -7.5621e-04],
        [ 1.1807e-03,  5.7371e-04,  1.9260e-03],
        [ 3.1213e-04, -4.3025e-04, -2.2879e-03],
        [-1.8176e-03,  4.2762e-04,  1.2167e-03],
        [ 6.0946e-04,  7.9137e-04, -5.5377e-04],
        [ 6.9655e-04,  8.7312e-04,  5.5104e-04],
        [ 1.6505e-03,  2.0457e-03,  6.0078e-04],
        [ 2.5648e-04, -3.8513e-04,  5.8840e-04],
        [-7.0066e-04, -4.6719e-05,  9.9065e-04],
        [ 5.7399e-04, -3.7604e-05, -3.0065e-04],
        [ 1.8636e-03,  2.2056e-03,  1.3311e-04],
        [-7.1624e-04, -2.3110e-05, -8.6320e-04],
        [-1.0079e-03,  1.0713e-03, -5.7204e-04],
        [-2.1518e-03,  7.0884e-04, -1.2046e-03],
        [ 2.1228e-03, -8.5495e-04,  5.4596e-04],
        [ 8.4679e-04, -9.8956e-04, -2.3261e-03],
        [-5.6944e-04, -6.9726e-04, -8.3211e-04],
        [ 6.5448e-04,  9.1367e-06, -1.3374e-03],
        [ 2.7524e-05,  1.2895e-03, -4.2483e-04],
        [ 4.6441e-04,  1.7183e-03,  1.0859e-03],
        [-3.1531e-04,  6.0537e-04, -1.1875e-04],
        [-1.6683e-03, -2.6770e-03, -5.3953e-04],
        [ 1.0416e-03,  3.5663e-04,  1.1073e-03],
        [ 1.5655e-04,  4.4082e-04, -1.7097e-03],
        [ 1.1216e-04,  5.9395e-04, -2.4821e-03],
        [-2.0345e-03,  7.2499e-04, -5.7589e-05],
        [-1.8672e-04,  1.7253e-03, -4.0441e-04],
        [-1.3435e-03, -1.1996e-03,  7.7300e-04],
        [-1.5542e-03,  1.0312e-04, -2.5466e-03],
        [-5.6676e-04,  2.2592e-03, -2.0377e-03],
        [-8.9906e-04,  2.6083e-04, -1.9906e-03],
        [-7.2241e-04,  6.8795e-04, -8.0669e-04],
        [-4.0666e-04,  2.2045e-04,  3.2633e-05],
        [ 1.4960e-04,  2.7652e-04, -2.6144e-05],
        [ 3.6274e-04, -1.3939e-03,  2.7334e-04],
        [-9.4108e-05,  6.7493e-04,  1.8502e-06],
        [ 3.0237e-04, -4.4498e-04,  6.3848e-04],
        [ 2.0037e-04, -9.8723e-04,  5.5070e-05],
        [-2.0593e-03, -1.3608e-03, -7.9450e-04],
        [-2.4647e-03,  9.4975e-04,  4.0643e-04],
        [-3.6229e-04, -7.5520e-04,  1.2783e-03],
        [ 9.6398e-04,  5.6545e-04, -8.9777e-04],
        [ 1.9879e-03,  1.0223e-03, -8.7720e-04],
        [-2.7769e-03, -4.3203e-05, -1.3761e-03],
        [ 1.0588e-03, -1.2371e-03,  7.4341e-04],
        [-4.6453e-04,  1.1388e-04,  6.1481e-04],
        [-1.8058e-03,  2.7376e-03,  2.3248e-03],
        [ 2.4836e-04, -2.0800e-03, -6.7804e-04],
        [ 6.3454e-04,  2.0005e-05,  2.7249e-04],
        [-1.9925e-03, -2.5865e-03, -5.6699e-04],
        [ 1.1558e-04, -1.9687e-03,  1.0906e-03],
        [ 6.7801e-04,  1.4241e-04, -5.6018e-05],
        [ 6.5748e-04, -2.5130e-04,  3.6302e-04],
        [-2.9128e-04,  5.7141e-04,  1.9505e-03],
        [-6.7579e-04, -4.3483e-03, -1.5269e-03],
        [ 2.2240e-03,  8.3472e-04,  2.1847e-03],
        [ 2.1082e-03, -3.3703e-05, -6.2815e-04],
        [-1.2503e-03, -6.9329e-04, -1.2212e-04],
        [ 1.1552e-03,  2.8860e-03,  6.1916e-04],
        [-1.0041e-03, -2.9078e-04, -1.0484e-04],
        [-1.3102e-04, -1.1615e-03, -2.5166e-03],
        [-8.3645e-04,  2.8640e-04,  6.7232e-04],
        [-5.4991e-04, -6.7050e-04,  1.0133e-03],
        [ 1.2014e-03, -2.0070e-03,  2.7491e-04],
        [-1.6235e-03, -2.8863e-03, -1.0495e-03],
        [-1.1459e-03, -4.0119e-04, -1.6798e-03],
        [-2.1492e-04,  1.4222e-05,  9.2764e-04],
        [ 6.0264e-04, -1.5848e-04, -9.7804e-04],
        [ 1.6729e-03,  2.9861e-04,  1.2404e-03],
        [ 1.5925e-03,  1.4728e-04,  6.3200e-04],
        [ 1.1615e-03, -5.8360e-04,  7.4855e-04],
        [ 5.5518e-05,  5.1814e-04,  2.1346e-03],
        [-2.7037e-03, -3.3550e-03, -8.6702e-04],
        [ 2.3272e-03,  4.3175e-04,  1.0013e-03],
        [ 3.1667e-04, -2.5517e-04,  8.6882e-04],
        [-1.3556e-03,  7.9083e-04, -4.7202e-04],
        [-1.1226e-03,  6.7655e-04, -1.1700e-03],
        [ 9.0127e-04,  1.2753e-03, -1.1822e-03],
        [ 1.1950e-04, -2.2997e-03, -1.3554e-03]], device='cuda:0')), ('fcs.0.bias', tensor([-4.3291e-04,  1.7412e-03,  2.0369e-03,  4.4862e-04, -1.1723e-03,
        -2.5675e-03,  1.4427e-03,  6.2521e-04, -1.0295e-03, -1.1435e-03,
        -8.7179e-04,  1.5866e-03, -8.6408e-04, -7.5707e-04,  1.1085e-03,
         8.4706e-04,  1.5154e-03, -8.3617e-04,  1.0345e-03,  4.2638e-04,
        -1.7799e-03, -6.5533e-04,  1.3763e-03,  1.8798e-03, -1.2367e-04,
        -8.7438e-04,  1.6962e-03,  1.4925e-04,  1.6134e-03,  1.9174e-03,
        -1.3661e-04, -7.1049e-04,  1.6143e-03, -7.0861e-04,  8.5496e-04,
        -1.3158e-03, -7.4549e-05,  5.3992e-04, -2.1739e-03,  2.3451e-03,
         1.1515e-03,  1.3494e-03, -7.6108e-04,  1.4830e-03,  5.4186e-04,
         1.0929e-03, -9.6361e-04,  2.1247e-03, -6.7283e-04, -4.7918e-04,
         8.1877e-04,  1.0876e-03,  6.2454e-05,  9.1216e-04, -1.5418e-03,
        -1.2800e-03, -5.5720e-04,  1.4128e-03, -1.0536e-04, -2.0593e-03,
        -1.2527e-03,  7.6469e-04,  1.1273e-03,  2.5502e-05, -2.1081e-03,
         7.0268e-04,  1.7743e-03,  5.4652e-05, -6.0696e-04, -1.5221e-03,
        -2.1222e-03, -7.5525e-04, -2.9442e-03, -6.2588e-04,  1.1094e-03,
        -1.4916e-05,  4.2738e-04, -1.5617e-03,  2.0627e-04,  1.4468e-03,
        -7.4606e-04,  1.8633e-04,  4.5128e-04, -2.0900e-03,  5.8392e-04,
        -1.6166e-03, -2.4319e-03,  6.0080e-04,  9.9092e-04,  4.6302e-05,
        -6.9319e-04, -2.2957e-03, -1.7567e-03, -1.6805e-03,  1.1494e-03,
         6.6294e-04,  2.0874e-03, -4.5904e-05,  4.7242e-02, -9.7621e-04,
        -1.7903e-03,  9.0925e-04, -7.5377e-04,  3.6544e-04,  1.2286e-03,
         2.0523e-03,  3.5158e-04,  1.4327e-03,  1.4220e-04,  3.3662e-03,
        -7.6157e-06, -2.5295e-03, -3.3091e-03,  3.4357e-04,  1.0342e-03,
         5.1199e-05, -8.2863e-04,  5.6493e-04,  2.0546e-03,  6.5280e-04,
         6.5051e-04, -1.0402e-03, -1.4158e-03, -2.9044e-06,  7.5774e-04,
        -1.7954e-04, -8.7497e-05, -8.5175e-04, -1.2813e-03,  1.6189e-03,
         2.9855e-04, -3.7557e-03,  1.5529e-03, -1.2924e-03, -1.7204e-03,
        -5.5371e-04, -2.0516e-03,  8.9191e-04,  1.4003e-03, -9.4155e-04,
         1.5149e-03,  7.4232e-04, -1.4089e-03,  4.6723e-04,  1.8758e-04,
        -4.3913e-04, -1.0363e-03,  8.1763e-04,  8.1005e-04,  5.5215e-04,
        -1.1759e-04, -9.5636e-04,  1.4569e-04,  6.1938e-04, -1.8792e-03,
         9.1816e-04,  1.3303e-03, -1.8404e-04, -9.5150e-04,  1.7676e-03,
         3.2190e-03,  1.3693e-03,  8.8621e-04, -1.0246e-03, -8.4399e-04,
        -8.1258e-04,  1.7432e-03, -5.2893e-04, -1.2672e-03,  2.5806e-04,
         1.5620e-03,  6.6400e-04, -3.2474e-05, -8.2074e-04, -3.2562e-04,
         4.6901e-04,  1.3209e-03, -4.5627e-04,  1.0738e-03, -8.2309e-05,
        -1.7724e-03,  1.5447e-03,  1.5411e-03,  2.8775e-04, -1.4387e-03,
         1.2308e-03,  1.0195e-03,  1.4041e-03,  2.2617e-03, -1.9145e-04,
         1.3496e-03, -7.6646e-04, -6.4915e-04, -1.2508e-03,  6.1216e-04,
        -8.6327e-04,  7.5220e-04,  5.4978e-04, -5.9862e-04, -6.0251e-04,
        -1.1189e-03, -2.3193e-03,  1.3718e-03, -1.2033e-03, -2.1482e-03,
         1.3524e-03,  1.9528e-03,  3.3067e-04,  9.3554e-04, -3.1024e-03,
        -7.7481e-04,  2.3349e-03, -1.9614e-03,  1.7755e-03,  5.7617e-04,
        -3.1820e-04,  4.2971e-04,  7.8897e-04,  3.4864e-04, -1.0756e-04,
         1.5168e-04,  1.6164e-03,  1.3349e-03,  2.5945e-04,  1.2891e-03,
         1.3008e-03,  2.0755e-03, -1.1528e-03,  1.1381e-03,  5.7612e-04,
        -4.8389e-04,  1.7627e-03, -2.3807e-03, -5.5536e-04, -1.4150e-04,
        -1.2463e-03, -1.3885e-03,  1.9584e-04, -1.7581e-03, -1.1521e-04,
         7.1759e-04, -1.1571e-03, -7.3436e-04,  5.8028e-04, -1.0962e-03,
         1.0455e-03,  6.1322e-04, -9.2793e-04, -8.1686e-04,  1.0848e-03,
        -9.2107e-04,  1.1019e-03,  3.1429e-04, -1.2318e-03, -3.1872e-03,
        -1.8810e-03], device='cuda:0')), ('fcs.1.weight', tensor([[ 1.0808e-03,  2.8261e-04,  3.7094e-04,  ..., -2.6423e-04,
         -1.4669e-03, -6.3788e-05],
        [-8.9423e-04,  5.5138e-04,  1.9620e-03,  ...,  3.2551e-04,
          6.0780e-04, -9.8554e-04],
        [ 4.6104e-04, -1.3044e-03,  8.9382e-04,  ..., -1.3045e-03,
         -1.3116e-03, -2.2831e-04],
        ...,
        [ 4.9518e-04, -5.0192e-04,  2.2745e-04,  ..., -8.9401e-04,
         -7.7314e-04,  1.7839e-03],
        [ 6.7484e-04,  1.3094e-03, -4.3142e-03,  ..., -6.8398e-04,
          2.1839e-03, -5.5134e-04],
        [ 3.3310e-03, -7.6388e-04, -1.6408e-03,  ..., -1.9630e-03,
         -1.8285e-03, -1.9622e-03]], device='cuda:0')), ('fcs.1.bias', tensor([-2.4967e-03, -7.9938e-04, -6.4183e-04, -1.2782e-03,  1.1182e-03,
         1.8745e-03,  1.0806e-03,  6.7428e-05,  8.6336e-04,  1.4742e-03,
         1.9607e-03,  6.7297e-04,  1.1408e-03, -4.2561e-03, -5.2658e-04,
        -5.6400e-04,  1.3262e-03,  1.1522e-03,  8.2766e-04,  3.3862e-04,
         8.0336e-04, -6.6589e-04,  2.8039e-04,  2.3664e-03,  4.2708e-04,
         2.7544e-04, -5.1739e-04,  8.8108e-04,  2.4764e-04,  6.6044e-04,
        -1.6127e-03,  2.4232e-03, -4.5843e-04,  1.1103e-03,  1.1930e-03,
        -3.3265e-03, -1.1281e-03, -3.3898e-03,  2.9595e-04,  5.1317e-04,
        -1.0948e-03,  2.5545e-03,  3.0165e-04, -7.5290e-04, -1.4461e-03,
        -6.9513e-04, -1.2782e-03, -1.4048e-03, -1.0106e-03,  7.5072e-04,
         3.6588e-04,  2.1847e-03, -1.3012e-03, -2.7098e-03, -1.5844e-03,
        -1.7132e-03,  1.8268e-03,  1.3116e-03, -1.1850e-03, -1.1425e-03,
        -1.3090e-03, -1.8870e-03, -1.2427e-03, -5.5810e-04,  6.3829e-04,
         9.9351e-04,  3.2473e-03, -3.2755e-03, -1.2656e-05,  1.1970e-03,
        -1.2443e-05,  5.5018e-04,  1.0802e-03, -3.1087e-04, -4.3818e-04,
         1.3036e-03,  1.9576e-04,  1.3020e-03, -9.5666e-05,  5.3783e-04,
        -3.7821e-04, -6.2568e-04,  9.4032e-05,  2.0067e-04,  2.2495e-03,
        -6.0879e-04,  3.2473e-04, -1.0334e-03,  4.9521e-04,  1.6593e-04,
         9.2628e-04,  1.7523e-03, -3.5482e-04,  1.4192e-03,  1.7395e-03,
        -1.3909e-03,  1.9339e-03,  9.5256e-04,  2.9382e-04, -9.5115e-04,
        -1.8002e-03, -1.1885e-03,  1.4659e-04, -1.2054e-03, -4.3059e-04,
         6.4832e-04,  7.9835e-04,  2.3303e-04,  1.3957e-04, -1.7291e-04,
        -1.9109e-03,  1.4483e-03, -1.7326e-04,  7.1845e-04, -9.9862e-04,
         6.9487e-04, -7.2024e-04, -7.6760e-04, -2.1081e-03,  4.0147e-03,
        -1.1949e-03, -1.0544e-03, -1.6710e-03,  2.7961e-05, -8.7770e-05,
         2.1584e-03,  5.9303e-04,  1.9502e-03, -1.0617e-03, -1.3138e-03,
        -1.3928e-03,  5.7773e-04,  1.3342e-03,  7.5106e-04,  4.2150e-03,
         2.8802e-03,  9.8985e-04, -2.2483e-04,  2.1864e-03,  1.1882e-03,
        -1.8808e-03,  3.1739e-03,  2.6159e-04, -2.3215e-03,  2.1808e-03,
         6.8787e-04, -8.5937e-04, -1.9630e-03,  2.1998e-03, -3.4732e-03,
         6.6383e-04, -7.5733e-04,  8.8697e-04,  2.3182e-04,  2.4746e-04,
        -1.3168e-03, -1.9712e-03,  1.9493e-03, -2.3575e-03,  4.9656e-04,
         1.1690e-03,  7.5070e-04,  4.0345e-03, -3.9262e-04,  1.4181e-03,
        -5.5386e-04,  8.3262e-04,  9.2801e-04,  1.0782e-03, -1.3363e-03,
        -7.0501e-04,  2.2219e-03, -1.2159e-04,  9.3579e-04, -6.0684e-04,
         8.2177e-04, -1.2420e-03, -1.3570e-03,  1.2352e-03, -1.4819e-03,
        -7.6885e-04,  1.8984e-03,  2.1397e-03,  5.5923e-04,  2.1789e-03,
        -1.3491e-03, -2.0662e-03,  2.2628e-03, -4.7479e-04, -1.8649e-03,
         2.8907e-04, -9.6486e-04, -1.8212e-03, -1.7480e-03, -2.1587e-03,
        -5.6552e-04,  7.8592e-04, -2.0290e-03,  7.0974e-04,  8.4163e-04,
         2.4568e-03, -7.7449e-04,  8.8250e-04, -7.4952e-04,  2.1214e-03,
         2.7087e-04, -1.7002e-03, -2.8128e-04,  7.0670e-04,  8.9291e-04,
         1.4075e-03, -1.3293e-03,  2.4679e-03,  4.1960e-04,  1.7710e-03,
        -4.9147e-04,  9.7338e-04,  1.9151e-04,  6.4795e-04,  7.3323e-04,
        -1.9079e-04, -5.1828e-04, -1.3506e-03,  6.1624e-04, -5.2075e-04,
        -9.2508e-04,  2.2143e-03, -7.6348e-04, -1.4577e-03,  7.7931e-04,
        -1.4644e-03, -8.5608e-04, -7.5386e-04, -3.0212e-03,  7.9026e-04,
        -1.9523e-03,  7.1134e-04,  1.4273e-03,  4.6321e-04,  3.5217e-04,
         1.1063e-03,  1.4738e-03,  7.4927e-04,  3.9090e-05,  6.6069e-04,
        -4.8628e-04, -1.5464e-03,  1.1702e-03, -5.6514e-04, -2.4430e-04,
        -4.0451e-03,  1.2669e-03,  1.7009e-03,  1.6157e-03, -1.4066e-03,
        -9.6502e-04], device='cuda:0')), ('fcs.2.weight', tensor([[-4.9066e-04, -1.0461e-04, -5.9484e-04,  1.4723e-03, -1.3990e-03,
         -1.2560e-03, -5.1685e-04,  8.7057e-04, -2.3461e-03,  2.0443e-05,
          1.7944e-03,  6.4081e-04,  4.4424e-04,  3.0679e-04, -6.5709e-04,
          6.0759e-04, -7.2063e-04,  1.0131e-03,  1.9482e-05,  3.6313e-04,
         -5.8498e-04,  2.1174e-03, -6.1306e-04, -4.1666e-04, -1.1440e-03,
         -1.6422e-04, -7.8196e-06,  1.2953e-03, -1.2486e-03, -1.1739e-03,
         -1.2455e-03, -2.0740e-03, -3.6301e-03,  1.2162e-03, -6.2381e-05,
          1.3746e-03, -9.3001e-04,  4.3769e-04,  5.2633e-04, -1.3614e-03,
         -1.4279e-03,  8.8931e-04,  3.7650e-04,  1.3080e-03,  8.3856e-04,
         -6.6782e-04, -7.4334e-04,  1.3261e-03, -1.9231e-03, -4.6277e-04,
          1.3410e-03,  9.0982e-04,  1.6053e-03,  6.7834e-04,  9.8638e-04,
         -1.0032e-03,  1.0653e-03,  1.0743e-03,  7.2186e-04, -1.0717e-03,
         -1.6210e-03, -6.1178e-04,  5.6742e-04, -4.1383e-04,  2.9892e-04,
          8.7359e-04, -8.2499e-04, -3.6683e-05,  2.2160e-04, -4.4636e-04,
          8.9820e-04, -1.2299e-03,  1.6210e-03, -1.8909e-04,  1.9771e-04,
         -1.2884e-03,  6.5386e-04,  5.4793e-04,  1.3752e-03, -1.1855e-03,
          8.6991e-05, -8.8815e-04,  7.8560e-04, -1.7297e-03,  3.1709e-03,
         -1.1882e-03,  1.0642e-04, -1.2463e-03, -3.6211e-04, -1.5884e-03,
          1.2877e-03,  1.3436e-03,  5.7840e-04,  1.6883e-03, -1.1786e-03,
          5.0639e-04, -1.3592e-03, -8.1967e-04, -2.2563e-03,  5.8039e-04,
          1.4584e-03, -7.4740e-04,  9.0390e-04,  1.0469e-03,  6.0663e-04,
         -1.1003e-03,  1.2355e-03, -9.0712e-04,  7.2618e-04, -1.2836e-03,
          1.3746e-03,  1.6570e-03, -7.8073e-04,  1.8399e-03,  8.2025e-04,
         -1.3653e-03,  3.4551e-04,  9.0001e-04,  5.3101e-04,  6.2152e-04,
          1.0751e-03,  7.1030e-04, -7.2025e-04, -6.2843e-04, -1.2727e-03,
          1.4710e-03,  2.1251e-03, -8.0723e-04,  1.8746e-03,  9.1186e-04,
          1.7934e-03,  1.2212e-03, -5.3018e-04, -2.3013e-03,  5.6437e-04,
          1.1479e-03,  1.2782e-03,  7.4352e-04, -7.7858e-04,  1.0478e-03,
         -5.7189e-04,  2.2498e-03,  6.7116e-04,  1.6841e-04,  2.3134e-04,
         -1.2957e-03,  5.5922e-04, -9.1533e-04, -8.0158e-01, -1.4569e-03,
         -1.2170e-03,  5.4200e-05, -1.2285e-03, -2.2068e-04, -4.1112e-04,
          1.6107e-03, -1.6199e-03, -1.1307e-03,  4.0050e-04, -2.1785e-03,
         -9.1195e-04,  7.4880e-04, -1.1386e-03,  5.7623e-04, -5.0442e-04,
          1.5911e-03, -1.2997e-03, -1.9633e-04, -9.1012e-04, -9.7975e-04,
          7.9974e-04, -2.3481e-04, -7.9575e-04, -1.2318e-04, -7.5507e-04,
          7.5863e-04,  8.0596e-05,  4.1366e-04, -7.8521e-04, -3.5439e-03,
         -8.8388e-04,  3.7728e-03, -5.0312e-04,  8.2637e-04,  1.5475e-03,
          1.1918e-03, -9.9609e-04,  4.0152e-04, -8.3729e-04,  1.0396e-03,
         -6.5724e-04, -1.2235e-03, -1.8507e-03, -4.5039e-04,  8.3030e-04,
          7.8612e-04,  1.7815e-03, -2.4720e-04,  1.5495e-03,  2.8937e-04,
          9.0973e-04, -8.7063e-04, -4.1261e-04, -2.1961e-04, -1.2653e-03,
          1.3681e-03, -2.3962e-04,  1.6199e-03,  9.8554e-04,  2.1852e-04,
          1.1244e-03,  6.9307e-04, -3.9401e-05,  2.1661e-03, -4.0118e-04,
         -4.1444e-05,  1.5537e-03,  6.6533e-04, -9.5887e-05, -4.8327e-04,
         -8.3857e-04,  1.1840e-03, -2.7390e-03,  1.2265e-03, -2.1196e-04,
          1.0012e-03,  1.1010e-03,  1.0566e-03,  1.1545e-03,  2.1801e-03,
          5.6261e-04,  9.9001e-04,  1.3241e-03,  1.0634e-03, -1.3445e-03,
         -1.2451e-03,  2.4122e-03,  5.8147e-04,  2.8132e-04,  1.7984e-03,
          2.1070e-03,  1.4155e-04,  4.1989e-04, -1.3810e-03, -5.0616e-04,
         -5.0027e-04,  6.5251e-05, -1.2491e-03, -1.3364e-03, -3.2103e-04,
          1.4710e-03,  6.5024e-04, -9.2737e-04, -1.4554e-03,  1.7836e-03,
         -1.3294e-03]], device='cuda:0'))])
end of epoch 1: val_loss 0.012113679885316841, val_acc 0.995
trigger times: 0
saving model weights...
Weights: OrderedDict([('fcs.0.weight', tensor([[-1.7734e-04, -1.4758e-04,  5.7770e-04],
        [ 9.2431e-04,  1.0789e-03, -1.2704e-03],
        [ 9.3674e-04, -4.9326e-04, -7.2278e-04],
        [ 5.3435e-04, -2.0196e-03, -4.2103e-03],
        [-1.8489e-03,  2.6043e-03,  3.8300e-04],
        [ 6.1438e-04,  1.5461e-03,  8.1159e-04],
        [ 4.4775e-04,  8.8008e-04, -2.0113e-03],
        [-1.6593e-03, -2.4100e-04, -6.6428e-04],
        [-2.1718e-05,  8.6989e-04,  4.6367e-04],
        [-1.5570e-03, -7.1883e-04, -1.8741e-03],
        [ 1.7145e-03,  5.3463e-04, -7.2656e-06],
        [-1.3388e-03, -2.5167e-03, -1.6570e-03],
        [-1.4088e-03, -1.2007e-03,  1.1154e-03],
        [-5.3638e-04, -1.2667e-03,  1.1355e-03],
        [ 1.2697e-03, -5.8400e-04,  1.3573e-03],
        [ 6.5388e-04, -2.7899e-05, -1.8245e-03],
        [ 2.3693e-03, -1.1520e-03,  1.3500e-03],
        [ 2.0682e-03, -3.0562e-04, -1.1426e-03],
        [ 5.2721e-04,  2.0295e-03,  2.6661e-04],
        [-5.3329e-04,  2.6755e-04, -1.7754e-03],
        [-1.9013e-03, -2.1379e-03,  3.5329e-04],
        [-2.0445e-04,  5.8082e-04,  1.4699e-03],
        [ 1.9581e-04, -1.3130e-04, -1.2296e-03],
        [-2.2771e-04, -5.2306e-04,  9.7309e-04],
        [ 3.7214e-04, -5.9580e-04, -9.4628e-04],
        [-1.4123e-03, -2.1214e-03,  1.9090e-03],
        [-2.5260e-03,  1.0427e-03,  1.2248e-03],
        [ 1.7523e-03, -9.6109e-04, -1.4528e-04],
        [-2.3312e-04, -1.4469e-03,  1.0479e-03],
        [ 2.1394e-03,  4.0423e-05,  6.2624e-04],
        [-1.0569e-03,  2.7340e-03, -1.1042e-03],
        [ 5.4017e-04, -1.4726e-03,  6.8338e-04],
        [-3.3802e-04,  6.9881e-04, -1.2536e-04],
        [-2.5665e-04, -7.4530e-04, -8.2318e-05],
        [-1.5971e-03,  1.1608e-03,  1.3545e-03],
        [-1.3272e-03,  8.7731e-04, -1.3553e-03],
        [-1.6900e-03, -8.2772e-04,  1.6179e-03],
        [ 1.6205e-03,  1.0348e-03,  1.0228e-03],
        [-8.9171e-04, -6.4421e-04,  3.1696e-07],
        [-1.1271e-03,  2.0308e-04, -6.5919e-05],
        [ 1.0250e-03,  1.3249e-03,  1.3006e-03],
        [-6.0624e-04,  1.9724e-03,  4.0229e-04],
        [-2.7275e-04, -7.3859e-04,  5.7125e-04],
        [ 3.3753e-04, -2.7254e-04,  2.9875e-04],
        [ 9.6495e-04, -1.0818e-04,  4.3791e-05],
        [ 9.2510e-04, -2.4331e-03,  2.1026e-03],
        [ 3.3736e-03,  9.7398e-04, -8.3461e-04],
        [-9.0870e-04, -6.7123e-04,  4.9838e-04],
        [-5.7992e-04, -9.4748e-04, -4.1859e-04],
        [ 4.6392e-04,  1.2883e-04, -1.4739e-03],
        [-2.0319e-03,  1.4941e-03,  1.5577e-03],
        [ 1.5342e-03, -1.5705e-03, -2.7347e-05],
        [-8.4128e-04,  2.5281e-03, -1.6496e-03],
        [-1.2125e-03,  1.3570e-03,  1.0914e-03],
        [ 1.2543e-03, -2.5459e-03,  1.4961e-03],
        [-2.9873e-04,  8.6045e-04,  2.3198e-03],
        [ 3.2582e-04,  1.0749e-03, -5.6743e-04],
        [-7.1087e-04,  5.2949e-04,  8.4904e-04],
        [-1.2251e-03,  1.4443e-03,  6.6211e-05],
        [-1.3138e-03,  6.7608e-04, -1.3280e-03],
        [-2.7288e-03,  2.8238e-03, -4.6808e-04],
        [ 1.9099e-03, -1.2963e-03, -2.0598e-04],
        [ 1.4132e-03, -1.4158e-03,  5.6731e-04],
        [-8.1815e-04, -2.5848e-03, -9.3713e-04],
        [ 1.5641e-03, -4.4316e-05,  9.6544e-04],
        [ 9.2007e-04,  1.9349e-05, -1.7795e-03],
        [-2.6664e-03, -6.7798e-04, -1.4197e-03],
        [-1.8482e-03, -9.5292e-04,  2.1277e-03],
        [-5.8422e-04,  2.1825e-03,  4.4279e-04],
        [-9.2214e-04,  1.0124e-03,  2.9460e-04],
        [-7.3832e-04, -3.4993e-04,  1.4319e-03],
        [ 2.1673e-03,  1.6591e-03, -1.1479e-03],
        [ 1.9372e-03,  2.2343e-03, -6.9220e-04],
        [-1.0064e-03,  1.0615e-03, -2.2786e-03],
        [ 1.6662e-03,  8.8012e-04,  1.7393e-03],
        [-1.8575e-03, -7.5867e-06, -2.7911e-04],
        [ 1.3086e-03,  5.9341e-04,  1.3316e-05],
        [ 5.6527e-04,  1.6857e-03, -1.9291e-03],
        [-1.1128e-03, -1.5412e-03,  1.2262e-03],
        [ 1.0939e-03, -1.1971e-03, -2.7547e-04],
        [-1.5316e-03, -1.0394e-03, -5.3190e-04],
        [ 2.1130e-03, -3.9580e-04, -7.6284e-04],
        [ 1.3701e-03,  2.1946e-03, -2.0239e-04],
        [ 1.5376e-03, -1.0141e-03,  1.8762e-04],
        [-1.6686e-03, -9.9987e-04, -4.1620e-04],
        [ 1.6116e-03,  2.3272e-03, -6.9669e-04],
        [-1.2813e-03,  1.6727e-03,  1.2679e-03],
        [ 4.1099e-04,  1.1635e-03, -2.3427e-03],
        [-1.9301e-03,  1.9087e-03, -3.5451e-04],
        [ 2.1734e-03, -4.0104e-05,  1.8142e-03],
        [ 1.2016e-03, -4.0444e-04,  2.3188e-04],
        [ 1.7739e-03, -2.4103e-04, -2.1625e-03],
        [-4.2083e-04,  2.8354e-03, -2.3141e-03],
        [-4.4500e-05,  5.0136e-04,  1.9770e-03],
        [-1.2229e-04,  6.4841e-04, -2.1980e-03],
        [-4.2365e-04, -3.1065e-04,  3.4775e-04],
        [ 2.5174e-03, -7.8821e-04,  1.7212e-03],
        [ 1.5369e-03, -8.0401e-04,  1.0747e-05],
        [ 4.8789e-01, -9.5236e-02,  5.5032e-01],
        [-1.2788e-03,  2.0311e-03,  3.8338e-04],
        [ 6.0139e-04, -9.0149e-04, -8.3671e-04],
        [-1.2743e-03, -2.4839e-05, -1.3509e-03],
        [ 2.6836e-04, -3.0444e-04,  1.6628e-03],
        [ 3.3015e-06, -9.1737e-04,  1.8480e-03],
        [-1.0810e-03,  3.5839e-03, -1.3384e-03],
        [ 6.4721e-04, -1.0841e-03,  1.7930e-03],
        [-5.3875e-04,  1.2463e-03,  8.9775e-04],
        [ 8.3519e-04,  6.8179e-04,  2.0831e-03],
        [ 6.7610e-04, -5.8700e-04, -2.1989e-03],
        [-6.2822e-04, -1.1075e-03,  3.6332e-06],
        [-2.5762e-04,  1.3703e-04, -9.7375e-04],
        [ 3.5496e-05, -2.0610e-04,  9.3364e-04],
        [-1.7420e-03, -8.7976e-06,  1.0791e-03],
        [-2.6638e-03,  1.8244e-03,  2.7482e-03],
        [ 7.3224e-04,  4.8714e-06, -1.3119e-03],
        [-1.3856e-03,  3.7830e-04, -7.7664e-04],
        [-5.4747e-05, -1.3666e-03, -1.7058e-03],
        [-1.9283e-03, -5.0200e-05, -7.0165e-04],
        [-1.4020e-03,  4.5692e-04, -1.1065e-04],
        [ 1.7844e-03,  9.4547e-05,  9.9452e-05],
        [ 9.2625e-04,  1.6551e-03, -2.7414e-04],
        [-1.0390e-03, -2.3404e-03,  1.2045e-03],
        [-1.1179e-03, -7.8946e-04,  3.0060e-04],
        [-1.0338e-03, -1.9140e-05, -9.3335e-04],
        [ 1.9034e-03,  1.1232e-04,  1.4411e-03],
        [ 1.4102e-05,  1.3487e-05,  9.7769e-06],
        [-6.1362e-04, -8.3490e-04,  6.3303e-04],
        [-2.9909e-04, -3.6946e-05,  3.9906e-05],
        [ 4.2263e-04,  8.8788e-04, -2.7083e-03],
        [ 1.3704e-03,  1.1275e-03,  1.3527e-03],
        [ 9.4495e-04,  1.2847e-03,  7.6882e-04],
        [ 1.4919e-03,  1.3880e-04, -7.1673e-04],
        [-1.2018e-03, -7.8522e-04,  8.3596e-04],
        [-2.2973e-03, -1.3522e-03,  1.0207e-03],
        [-2.7472e-04, -2.2236e-04,  8.2629e-04],
        [-6.2524e-04, -7.8085e-04,  7.1616e-05],
        [-2.7531e-04,  4.0201e-04,  1.6991e-03],
        [-1.6775e-04,  1.5583e-03, -6.1646e-04],
        [-1.1588e-03,  4.4815e-04, -6.9919e-04],
        [-9.8631e-04,  3.0458e-04, -1.0846e-03],
        [-2.5071e-03,  1.9853e-03, -6.6609e-04],
        [ 1.5638e-03,  1.2492e-03, -1.2379e-04],
        [-1.5141e-04, -1.0910e-04,  2.0328e-04],
        [ 1.2047e-04,  1.2303e-03,  1.7190e-03],
        [ 3.8211e-03,  1.3496e-04,  1.3565e-03],
        [ 2.8490e-03,  5.8694e-04,  8.9855e-04],
        [-5.2656e-04, -1.2180e-04, -1.7615e-03],
        [ 1.3170e-03,  7.2617e-04, -8.7779e-04],
        [ 1.9768e-03,  1.8396e-03,  2.1872e-04],
        [-1.7561e-03, -1.5579e-03, -6.8079e-04],
        [ 9.7427e-04,  3.4644e-04, -1.8093e-03],
        [-2.1960e-03,  1.1109e-03,  9.3174e-04],
        [-2.2576e-03,  2.5474e-03, -1.7269e-03],
        [-2.5279e-04,  2.2292e-03, -2.3456e-04],
        [ 8.3450e-04, -5.4703e-04,  4.6270e-05],
        [-2.3941e-04, -1.2348e-03,  1.2582e-03],
        [-1.0475e-03,  1.2254e-03, -2.4815e-03],
        [-1.4373e-04,  1.1481e-03,  4.2818e-03],
        [-7.8639e-04,  1.2359e-04,  4.5612e-04],
        [ 5.6994e-04, -4.3940e-07,  1.3113e-03],
        [ 2.8333e-04, -6.0337e-04, -1.3218e-03],
        [ 1.3911e-03,  3.8662e-03, -1.7935e-03],
        [ 1.2304e-04,  1.3139e-03,  8.9173e-05],
        [ 1.0424e-03,  1.4071e-03,  3.4886e-04],
        [ 1.8696e-03,  5.2516e-04,  1.5345e-03],
        [ 1.9679e-03,  2.1474e-04,  1.3918e-03],
        [ 2.7026e-03,  1.6323e-03,  7.2361e-04],
        [-2.8734e-03, -4.1401e-04,  5.8081e-04],
        [ 6.8029e-04, -1.7280e-04,  1.7499e-03],
        [-4.1706e-04, -1.3141e-04, -1.5014e-03],
        [ 1.9697e-03, -2.2767e-04, -2.0438e-04],
        [ 1.4534e-03, -1.3662e-03, -5.0153e-04],
        [ 3.2917e-04,  2.3508e-03,  9.8523e-04],
        [ 1.5528e-03,  2.4124e-03,  1.9939e-04],
        [-2.0740e-04, -6.0714e-04,  4.7080e-04],
        [-1.3867e-04, -1.3446e-03,  9.0497e-04],
        [-1.6337e-03,  1.3658e-03,  7.3190e-04],
        [ 1.3086e-04, -6.8282e-04, -1.2875e-03],
        [ 2.8369e-04,  1.5386e-04,  1.7264e-03],
        [-2.2783e-04, -5.0806e-04,  3.9047e-04],
        [ 7.4375e-04, -2.0121e-03, -1.1505e-03],
        [ 2.5061e-03, -1.0227e-03,  4.2803e-04],
        [ 1.0250e-03,  2.6677e-03,  4.0596e-04],
        [ 1.3411e-04,  2.1550e-03, -1.1460e-03],
        [ 9.4553e-04, -4.6217e-04,  1.7137e-03],
        [-1.2605e-03,  7.3949e-04, -1.6990e-04],
        [ 2.4852e-04, -9.4204e-04, -1.5586e-03],
        [ 1.7524e-03,  2.0715e-03, -8.9920e-04],
        [ 4.3657e-04,  2.7871e-04,  5.7332e-04],
        [-1.1777e-04,  1.6491e-03,  1.1890e-04],
        [-1.1342e-03,  2.0809e-04, -1.2337e-03],
        [ 8.9822e-04,  1.2775e-03,  2.6959e-04],
        [ 2.7858e-03,  1.5845e-03,  8.0361e-05],
        [ 1.3425e-03,  4.0768e-04,  1.0993e-03],
        [ 3.1831e-04,  1.1162e-03, -7.5866e-05],
        [-1.1977e-03, -5.0491e-04,  5.4600e-04],
        [-1.1882e-04, -1.0904e-03, -2.8410e-04],
        [ 4.2960e-04,  1.0520e-03, -2.2483e-03],
        [ 6.0026e-04, -3.8145e-03, -7.7901e-04],
        [ 2.3605e-05, -2.0577e-03, -1.5667e-03],
        [ 1.4445e-04, -6.7945e-04,  6.2747e-04],
        [-6.9413e-04, -5.4984e-04,  2.1870e-03],
        [ 4.3946e-04, -3.4997e-04, -1.0961e-03],
        [-3.6162e-04,  3.9337e-04,  7.8629e-04],
        [ 2.0767e-04, -1.6171e-04, -8.9976e-05],
        [ 7.5860e-04, -2.5973e-04, -7.4682e-04],
        [ 1.1540e-04,  1.7484e-03, -2.7318e-04],
        [ 5.2435e-04,  2.3737e-04, -7.8336e-04],
        [ 8.1132e-05,  2.0314e-03, -4.7772e-04],
        [ 1.0572e-03, -7.6797e-05, -2.1953e-03],
        [-1.0460e-03,  3.0007e-03,  1.3310e-05],
        [ 1.0135e-03, -6.8516e-04,  1.6883e-03],
        [-2.0476e-03,  7.8926e-04,  1.3049e-03],
        [ 9.2552e-04,  1.2191e-03, -5.3713e-04],
        [ 1.7422e-04, -2.2179e-03,  1.1213e-03],
        [-9.1303e-04,  7.9451e-05,  8.2271e-04],
        [ 3.9621e-04, -4.4057e-04, -2.9701e-04],
        [-8.4259e-04, -1.4341e-03,  8.5572e-04],
        [ 5.3845e-04, -2.1841e-03, -9.1486e-04],
        [-3.9219e-04,  2.0444e-04, -2.7930e-05],
        [-7.9460e-04,  1.8626e-03, -2.5425e-03],
        [ 1.1946e-03, -1.9668e-03, -4.9280e-04],
        [-3.8536e-04, -6.1802e-05, -7.8161e-04],
        [ 1.0057e-03, -1.0497e-03,  1.7291e-03],
        [ 8.3484e-04,  1.6045e-03, -1.8732e-03],
        [ 1.1135e-03, -1.8273e-03,  1.0871e-03],
        [-5.2615e-04, -2.0770e-03,  4.1283e-05],
        [-2.5859e-04, -1.2773e-03,  1.9165e-03],
        [ 1.1291e-03, -1.3554e-03, -1.2542e-03],
        [-8.3915e-04, -1.1673e-03, -1.7663e-03],
        [-2.3706e-03,  5.8597e-05,  1.0175e-03],
        [-1.1149e-03, -1.5142e-03, -1.2761e-03],
        [ 1.5328e-04,  3.8093e-04,  8.2260e-04],
        [-1.9131e-03, -7.1783e-04,  7.5773e-04],
        [-2.3836e-04,  1.8553e-03,  2.6066e-04],
        [ 1.7532e-03,  3.5572e-06,  1.1793e-03],
        [ 1.5380e-03, -1.4213e-03, -2.3395e-03],
        [ 1.3463e-03,  1.2477e-03,  5.8344e-04],
        [-7.8549e-04,  1.6711e-03,  9.5554e-04],
        [-2.8899e-03,  6.8902e-04, -3.9726e-04],
        [ 1.0495e-03,  2.2562e-03,  1.1835e-03],
        [ 1.4330e-03,  7.8064e-04,  2.4109e-03],
        [ 1.5642e-03,  3.9439e-04,  8.8726e-04],
        [ 7.6991e-04, -4.8975e-04,  3.0922e-04],
        [-5.5597e-05,  1.1481e-03, -1.6908e-03],
        [-7.1612e-04,  4.9777e-04, -1.1758e-03],
        [-3.6069e-04, -3.6137e-03, -2.7848e-05],
        [ 9.0204e-07,  7.4280e-04,  1.3133e-03],
        [-1.4086e-03, -1.0856e-04,  5.8785e-04],
        [-1.3181e-03, -2.7342e-03, -1.7606e-03],
        [ 1.9529e-03,  2.9009e-05, -2.1747e-04],
        [-1.0478e-03, -1.1595e-03,  8.8162e-04],
        [ 1.2767e-03,  6.7317e-04, -1.7667e-04],
        [ 1.6312e-03,  8.4848e-04, -7.5149e-04],
        [-4.6004e-05, -3.1513e-04,  1.6439e-03],
        [ 2.3135e-04, -1.0875e-04,  9.3180e-04]], device='cuda:0')), ('fcs.0.bias', tensor([ 6.5851e-04,  2.7400e-04, -1.8889e-03, -3.3614e-04,  2.4638e-03,
        -1.8275e-04, -3.4581e-04,  6.4773e-04, -1.6684e-03, -2.5342e-04,
         1.4457e-03, -1.2507e-03, -1.9554e-03, -1.7559e-04,  2.0522e-04,
        -3.3732e-04, -1.0701e-03, -6.9918e-04, -1.3584e-04,  1.1013e-03,
        -1.3221e-04, -1.9999e-03,  6.3522e-04,  1.0910e-03,  5.7103e-04,
        -6.4092e-04, -1.3669e-04,  3.4692e-04,  3.4985e-05,  3.6693e-03,
        -3.4919e-04,  2.2201e-04, -8.9452e-04, -1.8576e-03, -1.4793e-03,
         3.2714e-03,  8.0059e-04,  8.0961e-05,  8.0035e-04,  9.8914e-04,
        -8.7925e-05, -2.6960e-03, -2.3048e-04, -1.5577e-04,  1.4955e-03,
         2.0597e-03, -1.0572e-03, -8.2479e-04,  9.9759e-05,  6.9640e-04,
        -2.1516e-03,  8.2564e-04,  5.1384e-04, -8.4544e-04, -5.8846e-04,
        -6.9431e-04,  9.7635e-04,  3.7587e-04,  7.6907e-04,  7.7645e-04,
        -1.0579e-03, -1.2780e-03,  1.0230e-03,  9.0810e-04, -2.5923e-03,
         1.4344e-04, -2.3836e-03, -1.0358e-03, -7.4033e-04, -2.5172e-03,
        -1.3485e-03, -5.3637e-04, -2.3004e-03, -2.0901e-03,  2.0072e-03,
        -1.2134e-03, -2.6617e-04, -2.2085e-04, -8.6116e-04, -6.0412e-04,
         1.7729e-03, -8.5447e-04,  1.6452e-03, -6.9643e-04, -4.1089e-04,
        -2.7481e-04, -3.7179e-04, -1.2162e-03, -7.4730e-04, -5.6185e-04,
        -2.9253e-04, -6.0666e-04,  6.3720e-04,  9.9535e-04,  3.7988e-03,
        -1.7775e-03,  4.1865e-04, -1.1777e-03,  7.6721e-02,  3.1710e-03,
        -1.8874e-04,  1.0037e-03, -5.0010e-04,  7.8096e-04,  7.2979e-04,
         6.8486e-04,  7.0675e-04, -2.0424e-04,  7.6787e-04,  2.8749e-05,
        -1.7943e-03,  4.3453e-04,  1.7582e-03, -5.9114e-04, -6.5495e-04,
        -1.0124e-03,  1.3549e-03, -8.9386e-05,  8.6570e-04, -1.8247e-03,
         1.2863e-03, -1.3542e-03, -1.9141e-03, -1.7255e-03,  2.2791e-03,
         8.4040e-04, -3.5934e-04,  2.5185e-03, -1.8749e-04, -1.0715e-03,
         9.1110e-05,  1.2784e-03, -1.0900e-03,  3.0852e-05, -1.7005e-03,
        -9.6256e-04, -3.5513e-03,  8.8358e-04,  8.4949e-05,  4.9814e-04,
         1.4977e-03, -1.5199e-03, -2.8352e-03,  1.8716e-03,  9.1328e-04,
        -2.1850e-03,  9.7496e-04,  4.7726e-04, -1.6559e-03, -1.2610e-03,
        -1.1165e-03, -1.9114e-03,  3.4191e-03, -6.6919e-04, -1.1927e-03,
         2.0265e-03, -1.5670e-03,  6.5116e-04,  3.8485e-04, -1.1543e-03,
         4.1137e-05, -1.6454e-03,  1.7637e-03,  1.8480e-03, -6.8099e-04,
        -1.2768e-03,  1.1917e-03, -2.7883e-04, -7.5322e-04, -1.8616e-03,
        -3.2338e-04, -1.5750e-03,  1.4623e-03, -4.9695e-04,  4.1857e-04,
         8.2351e-04,  9.6305e-04, -1.3366e-03, -5.5140e-04,  8.7078e-04,
        -6.5400e-04, -1.8869e-03,  9.5967e-04, -1.5270e-03, -1.1599e-03,
         9.1835e-05, -7.9307e-04, -1.6100e-03,  7.8165e-04, -1.1695e-03,
         3.5528e-04,  5.7646e-05,  1.0607e-03,  2.7142e-04, -2.8324e-04,
        -1.0518e-04, -9.3975e-04, -7.7522e-05,  9.3459e-04,  1.6534e-03,
        -1.9871e-03, -1.3849e-05, -2.0117e-03,  3.2854e-05, -1.1733e-03,
         1.9184e-04,  7.5611e-04, -1.0633e-03,  7.4524e-04, -2.8219e-03,
        -1.1540e-03, -1.3721e-03,  1.5310e-03,  7.6397e-04,  1.7246e-03,
        -7.7550e-04, -1.6109e-03,  8.6486e-05,  8.2286e-04,  4.0663e-05,
        -6.6827e-04, -1.2854e-03,  1.3335e-03, -1.5411e-03,  1.4044e-03,
        -4.3274e-04,  2.0911e-03,  5.2525e-04,  1.8351e-04, -1.0892e-04,
         1.3985e-03,  2.8079e-04, -8.1132e-04,  1.6029e-03,  2.6587e-04,
         8.1944e-04,  7.4501e-04,  7.4263e-04,  3.6353e-04,  1.4083e-06,
         6.4377e-04,  6.3368e-04, -6.5373e-04,  3.3818e-05,  5.5563e-04,
         8.3060e-04, -1.8710e-04, -7.4359e-04,  1.4345e-03, -1.5082e-03,
         9.2067e-04, -8.0859e-05,  2.3634e-03,  1.0809e-04, -2.1874e-03,
        -2.5533e-04], device='cuda:0')), ('fcs.1.weight', tensor([[ 1.0786e-03,  2.8323e-04,  3.6973e-04,  ...,  1.0011e-03,
         -1.4690e-03,  3.5497e-03],
        [-8.9295e-04,  5.5275e-04,  1.9626e-03,  ..., -6.4854e-04,
          6.1457e-04, -9.8141e-04],
        [ 4.6044e-04, -1.3044e-03,  8.9382e-04,  ..., -1.3044e-03,
         -1.3113e-03, -2.2966e-04],
        ...,
        [ 4.9686e-04, -4.9648e-04,  2.2943e-04,  ..., -8.9367e-04,
         -7.6973e-04,  1.7865e-03],
        [ 6.7443e-04,  1.3033e-03, -4.3168e-03,  ...,  8.0220e-05,
          2.1852e-03, -5.4890e-04],
        [ 3.3302e-03, -7.6728e-04, -1.6396e-03,  ..., -1.9631e-03,
         -1.8225e-03, -1.9599e-03]], device='cuda:0')), ('fcs.1.bias', tensor([-2.5311e-03,  6.2270e-04, -7.3452e-04, -1.2633e-03,  9.5599e-04,
        -1.8450e-04,  7.6003e-04,  9.1520e-04,  5.7045e-04,  2.4845e-03,
         1.8686e-03,  6.2709e-04, -5.8908e-04, -4.3404e-03,  1.7234e-03,
        -9.4035e-04, -1.9681e-03, -2.1956e-03, -5.0986e-04,  2.1532e-03,
         7.6664e-04, -1.6736e-03,  2.4943e-03,  2.4946e-04,  1.7608e-04,
         1.9688e-03, -7.8907e-04, -7.6318e-04,  1.7425e-06, -2.0401e-04,
         1.3092e-03, -2.1880e-03, -2.4796e-04,  1.9301e-03, -1.2621e-03,
        -3.2579e-03, -2.0395e-03,  1.0627e-03,  6.6554e-04,  6.3915e-04,
        -1.2905e-03, -6.5699e-04,  1.6803e-03, -8.3510e-04, -2.2317e-03,
         7.2986e-04, -6.2100e-04, -1.3028e-03, -3.4166e-05, -7.4396e-04,
        -7.1638e-04,  2.0945e-03,  1.7947e-03,  4.8517e-04,  1.3072e-03,
        -1.6817e-03,  1.9335e-03,  1.1620e-03, -8.9618e-04, -1.0975e-03,
        -1.8783e-03, -2.5553e-03, -1.9731e-03, -6.7317e-04,  6.1288e-04,
        -1.3122e-03,  2.2641e-03, -3.2781e-03, -1.8682e-03,  1.3164e-03,
        -8.1261e-04, -1.2110e-03,  1.9480e-03,  5.7399e-04, -1.3817e-03,
         1.3200e-03, -5.9561e-04, -3.0602e-04, -1.0207e-03, -1.1117e-04,
        -1.4397e-03, -2.1339e-03, -1.4759e-03, -2.2007e-03,  1.9638e-03,
        -1.3010e-03,  2.1802e-03, -1.2914e-03, -7.7622e-04,  1.7380e-03,
         1.1747e-03, -1.3145e-03,  1.8750e-03, -6.5484e-04,  1.9239e-03,
        -1.3099e-03, -8.5354e-04,  2.0686e-03, -1.0518e-04,  1.4982e-04,
         1.2831e-03,  1.3179e-03, -5.0708e-04,  1.2112e-03,  6.4717e-04,
         8.4534e-04,  1.7968e-03,  1.1112e-03,  2.4967e-03,  8.6474e-04,
         1.2117e-03, -2.1018e-03, -1.2076e-03,  1.8711e-03,  6.9643e-04,
         2.1434e-03, -7.6338e-04, -2.4843e-03, -1.8216e-03,  7.7510e-04,
         1.5081e-05, -1.3133e-03,  8.2229e-04, -7.6551e-04,  1.5970e-03,
         9.8882e-04, -6.7210e-04,  2.7109e-04, -6.5734e-04, -1.5004e-03,
        -1.2695e-03,  6.3916e-04,  1.0736e-03,  7.6639e-04,  4.2106e-03,
         5.7585e-04,  1.7247e-03,  1.3344e-03, -9.1846e-04, -1.0388e-03,
        -1.9626e-03,  4.2881e-04,  7.6146e-04, -2.1788e-03, -5.0467e-04,
         1.6820e-03, -2.0868e-03,  1.3069e-03,  9.3293e-02,  8.2407e-04,
        -7.6876e-04,  1.6712e-03, -6.0612e-04, -1.3103e-03,  5.5971e-04,
        -3.1689e-04, -2.3478e-03,  1.9612e-03,  1.2407e-03,  1.1454e-03,
         1.5580e-03,  6.7838e-04, -8.5857e-05,  2.8934e-03,  1.6107e-03,
         5.4005e-04,  1.2708e-03, -7.4662e-04, -2.4886e-04, -1.3265e-03,
        -7.3242e-04, -1.0854e-03, -1.8316e-03, -1.2284e-03,  1.1307e-03,
         7.4208e-04, -2.1871e-03, -2.9146e-04,  1.2029e-03, -7.1135e-04,
         1.5281e-03,  1.2872e-03, -5.9574e-04,  8.7863e-04,  2.1685e-04,
        -1.9216e-03, -1.3074e-03,  6.7289e-04, -2.4181e-03, -1.8822e-03,
        -1.2939e-03, -9.6910e-04, -1.9610e-03,  3.9737e-04, -5.9860e-04,
        -1.5949e-03, -1.3146e-03, -1.4565e-03, -1.2469e-03,  3.4448e-04,
         2.6633e-03, -6.7849e-04,  5.0868e-04, -7.6523e-04,  1.2954e-03,
        -6.9261e-04,  8.1434e-04,  5.6952e-04, -7.6625e-04, -1.1437e-03,
        -7.7017e-04, -2.8212e-04,  1.5177e-04, -1.8718e-03,  1.8310e-03,
         2.0184e-03, -1.3394e-03,  1.9619e-03,  5.8800e-04, -1.2226e-03,
         1.9109e-03, -2.2109e-03,  7.3137e-04,  7.6215e-04,  9.9715e-04,
         1.5233e-03,  2.9536e-03,  7.6320e-04, -1.5653e-03,  7.6359e-04,
         8.2990e-04,  8.0544e-04, -1.0158e-03, -3.2338e-03,  1.3548e-03,
        -1.8155e-03, -6.7393e-04,  1.3788e-03,  1.9617e-03,  6.8830e-04,
        -3.5174e-04,  1.9799e-03,  6.3565e-04,  2.9854e-04,  8.7325e-04,
        -7.6535e-04,  1.9576e-03,  8.2989e-04, -7.7918e-04,  7.4283e-04,
        -1.5879e-03,  2.4921e-03,  2.5032e-04,  2.0080e-03,  4.8751e-04,
         1.2551e-03], device='cuda:0')), ('fcs.2.weight', tensor([[-2.5264e-03, -2.4783e-03, -4.7536e-04,  1.2317e-03,  2.7834e-03,
          1.2080e-03,  1.6611e-03, -1.0236e-03, -1.8895e-04,  8.5615e-04,
          1.8920e-05,  2.8696e-04,  4.3723e-04, -5.6932e-04, -9.2008e-04,
          4.7896e-04, -2.1924e-04,  1.4868e-03, -5.2658e-04,  1.2648e-03,
         -6.3806e-04, -6.9346e-04, -1.2863e-03, -7.1344e-04, -2.5068e-03,
          4.6831e-04,  1.7784e-03, -1.5708e-03,  8.2549e-04,  3.0282e-04,
         -6.0456e-04, -5.6907e-04,  1.3821e-03,  9.0449e-05, -7.9237e-04,
         -4.1230e-04,  2.4546e-03, -3.5296e-04, -2.3685e-03, -2.3362e-03,
          2.2742e-04,  1.0057e-04,  1.7157e-03, -5.9752e-05,  7.9500e-04,
         -1.0531e-04,  2.6127e-06,  5.3256e-05, -1.5356e-03, -9.3792e-07,
          1.2727e-04,  6.9247e-04, -9.7477e-04, -1.7483e-04,  8.8839e-04,
         -2.3960e-03,  7.8234e-04, -8.8373e-04, -2.7830e-03, -6.4596e-04,
          1.5581e-03,  3.4401e-03,  1.0029e-03, -8.4098e-04, -1.4892e-04,
          1.1653e-03,  5.5608e-04,  4.4160e-04,  2.1899e-04,  4.4637e-04,
          3.8239e-04, -2.9283e-03, -2.4329e-04, -6.0605e-04,  5.8039e-04,
         -3.8892e-04,  1.0774e-04, -1.0365e-03,  1.0747e-03,  7.3711e-04,
         -6.7746e-04,  1.1586e-03,  2.1504e-03,  6.1739e-04, -8.6957e-04,
          1.7060e-04,  1.3277e-03, -1.3922e-03, -2.0861e-03,  1.7581e-03,
          1.6718e-03,  1.8360e-03, -5.9850e-04,  2.5532e-04,  1.2015e-03,
          1.5774e-03,  6.0799e-04, -1.0037e-04,  1.3294e-03,  7.9093e-04,
          1.5898e-03,  2.4390e-03, -1.5872e-03, -1.8761e-03,  2.5579e-03,
          1.0812e-03,  1.3090e-03,  4.3065e-04, -9.8732e-05, -8.1053e-04,
         -5.1407e-04,  1.2843e-03, -1.6105e-03,  1.1152e-03,  8.5295e-04,
          2.5832e-03,  9.3189e-04,  2.1171e-04, -1.2782e-03, -1.9617e-04,
          9.7239e-04, -1.8589e-03,  1.2861e-03,  4.2551e-04,  1.6415e-04,
          9.0118e-05, -1.6067e-03, -8.9441e-04,  8.6858e-04, -2.8345e-03,
         -1.1974e-03,  7.5677e-04,  1.2448e-03,  9.4884e-04, -3.2863e-04,
          1.2364e-04, -2.1541e-03,  5.3903e-04, -9.4519e-04, -3.3559e-04,
          1.1612e-03,  7.7515e-04,  5.6639e-04,  3.2024e-04, -1.9418e-03,
         -1.0620e-05, -2.0244e-03,  5.4219e-04, -8.3135e-01, -1.5433e-03,
          1.0231e-04, -1.2085e-03, -3.0554e-04, -4.8975e-04,  3.7275e-04,
          1.7763e-03,  1.2202e-03, -5.1657e-04, -1.3406e-03,  9.9785e-04,
          1.7166e-03,  1.6830e-04,  1.8366e-03,  2.0767e-03,  7.2610e-04,
         -1.8030e-04,  1.2336e-03, -4.1090e-04, -1.8725e-03,  4.6043e-04,
          1.6581e-04, -5.7221e-05, -2.5735e-03,  1.5762e-03, -1.0491e-03,
          5.6577e-04, -2.4195e-04,  3.7634e-04, -4.2391e-04,  1.8675e-03,
          2.0138e-05,  1.9511e-04, -6.4896e-04, -1.3278e-03,  8.5637e-04,
         -4.0185e-04,  7.3749e-05, -3.7281e-04,  2.3856e-04, -8.2239e-04,
         -6.7564e-04, -4.5831e-03, -2.5200e-03, -7.6780e-04, -7.0937e-04,
         -4.7879e-05,  9.6780e-04,  1.5376e-03,  7.4272e-04,  1.9697e-03,
         -7.5366e-04,  1.5527e-03, -1.1409e-03, -7.1619e-04, -3.2476e-04,
          1.0664e-03,  3.4255e-04,  9.5696e-04,  5.2739e-04, -9.9497e-04,
         -1.7998e-03,  1.6132e-03, -1.3147e-03,  1.1172e-03, -9.5697e-04,
          1.8713e-03, -1.6606e-03,  8.4327e-04, -9.6216e-04, -8.3309e-05,
          4.7207e-04,  1.1097e-03,  1.0263e-03, -1.1628e-03, -1.7187e-04,
          1.6100e-03, -1.4937e-03,  1.6567e-03,  4.3956e-04,  1.8632e-03,
          2.3155e-03,  1.0174e-04, -1.0199e-03,  4.2503e-05, -3.0935e-04,
          5.0150e-04,  3.1720e-05, -6.0739e-04, -7.0423e-04,  1.4922e-03,
         -4.0404e-04, -1.0809e-03, -6.6772e-05,  7.2029e-04,  1.6449e-03,
         -2.6633e-04, -1.3688e-04, -4.6060e-04, -1.0891e-03,  8.1476e-04,
         -1.5891e-03,  1.1894e-03, -1.2073e-03,  1.0370e-03, -5.6860e-04,
          9.0056e-05]], device='cuda:0'))])
end of epoch 2: val_loss 0.016164074898852156, val_acc 0.99
trigger times: 1
end of epoch 3: val_loss 0.013424234919206626, val_acc 0.99
trigger times: 2
end of epoch 4: val_loss 0.006285681639269569, val_acc 1.0
trigger times: 0
saving model weights...
Weights: OrderedDict([('fcs.0.weight', tensor([[-3.0326e-03,  9.6137e-04, -3.1804e-03],
        [-2.3867e-03, -7.6998e-04,  2.3800e-03],
        [-8.7621e-04,  2.2371e-03,  2.1232e-03],
        [-1.6640e-03,  2.5786e-04,  3.2457e-06],
        [-1.4952e-04,  6.5543e-04, -2.9866e-04],
        [-6.3275e-05,  2.8669e-03,  5.0970e-04],
        [-2.4328e-04,  7.7906e-04,  9.1511e-04],
        [ 2.3809e-04, -2.4063e-04,  7.5385e-04],
        [-3.3177e-04, -1.2622e-04,  5.0704e-04],
        [-7.7509e-04,  1.4030e-03, -1.3402e-03],
        [ 1.0407e-03,  8.4392e-04,  3.0068e-04],
        [ 8.9403e-04, -2.1104e-04,  2.2611e-03],
        [ 1.9181e-03, -3.1018e-04,  1.1691e-03],
        [ 8.0358e-04, -1.0165e-03, -1.3044e-03],
        [-7.8300e-04, -6.9266e-04, -1.8847e-03],
        [ 2.1472e-03,  5.7714e-04,  7.1663e-05],
        [ 5.5421e-04,  4.1485e-04,  7.0659e-04],
        [-1.2015e-04,  7.8715e-04,  1.8909e-03],
        [-9.3325e-04,  3.7399e-04, -9.9788e-04],
        [ 1.1971e-03, -6.8932e-04, -9.3827e-05],
        [ 2.5209e-04, -1.6610e-03, -8.6038e-04],
        [ 1.6408e-03,  1.4516e-04,  1.3447e-03],
        [ 1.1487e-03,  1.3145e-03,  1.6310e-04],
        [ 5.3666e-04,  5.4110e-04, -5.9893e-04],
        [-1.4312e-03,  1.6009e-05, -1.2262e-03],
        [ 9.3284e-04, -9.8463e-05,  1.3467e-03],
        [ 1.7229e-03,  1.3273e-03, -7.0770e-04],
        [ 7.6783e-04, -4.9871e-04,  1.3696e-04],
        [ 1.4109e-03,  9.3988e-04, -7.8911e-05],
        [ 1.2520e-03,  4.6694e-04, -9.3739e-04],
        [ 7.8817e-04, -5.3784e-04, -9.0211e-04],
        [ 5.5368e-04, -1.1343e-03, -1.4467e-03],
        [ 1.8686e-04,  1.1571e-03, -8.9637e-04],
        [-8.1441e-04,  1.6207e-05,  7.1983e-04],
        [ 1.6320e-04,  1.5066e-03,  1.2140e-03],
        [ 1.0694e-03, -7.0921e-04, -1.1215e-04],
        [-1.0624e-04, -1.3066e-03,  1.2779e-03],
        [-9.5827e-05, -1.5326e-03,  5.7649e-04],
        [ 9.0424e-04,  1.4975e-03, -2.3252e-03],
        [ 2.3712e-04, -5.4713e-04, -9.8637e-05],
        [ 1.3433e-03, -1.6584e-03,  2.0833e-04],
        [ 2.5594e-03, -1.1447e-03,  2.1337e-04],
        [-2.9441e-03, -1.0842e-03,  5.8395e-04],
        [ 1.1436e-03, -2.8132e-03,  1.0057e-03],
        [-2.4437e-04, -7.5178e-04,  2.1865e-05],
        [-1.2682e-03,  3.6429e-04, -2.7857e-03],
        [ 5.4487e-04, -2.9619e-05,  5.9689e-05],
        [ 8.4266e-04,  2.7346e-04, -2.6907e-04],
        [-3.5640e-04,  1.8927e-03,  8.8283e-04],
        [-1.0641e-03,  1.1467e-03, -1.5221e-03],
        [-1.2868e-03,  1.2680e-04, -1.9783e-03],
        [ 2.1623e-03,  4.1296e-04, -4.0267e-04],
        [-1.7435e-03, -1.7939e-03, -1.4723e-03],
        [-1.5426e-04,  5.1011e-04, -1.1591e-03],
        [-1.1400e-03,  1.1605e-04, -1.4016e-03],
        [-9.7357e-04, -2.7029e-03, -8.8874e-04],
        [-1.3255e-03, -1.5168e-03,  8.4707e-04],
        [ 9.6884e-04,  7.0055e-04,  1.3323e-03],
        [-1.0110e-03,  3.4378e-03,  5.4620e-04],
        [-1.7944e-03, -4.1970e-04, -1.5624e-03],
        [ 1.3294e-03, -2.6490e-04, -2.1741e-03],
        [ 5.5776e-06, -4.9274e-04,  1.5887e-03],
        [-1.0329e-03,  8.4956e-04, -6.0697e-04],
        [ 1.5658e-03, -3.9075e-04,  7.6047e-04],
        [-6.2396e-04,  5.9641e-04, -1.1383e-03],
        [-7.3464e-04, -1.7676e-03, -2.0617e-03],
        [-1.5549e-03,  4.0324e-04,  7.4292e-04],
        [ 1.9983e-03, -2.6021e-04,  6.3357e-04],
        [ 1.1150e-03,  1.9681e-03,  1.1839e-03],
        [ 8.0889e-05, -6.7390e-04,  1.6226e-05],
        [ 4.3999e-04,  2.9378e-04,  1.9756e-03],
        [ 3.8444e-03,  9.3346e-05, -8.3623e-04],
        [-9.0325e-04,  4.4825e-05,  1.9673e-03],
        [-1.2743e-03, -5.5980e-04, -9.7381e-04],
        [-1.4244e-03, -2.0743e-03,  8.5077e-05],
        [ 1.6843e-03,  7.1262e-04, -1.6871e-03],
        [ 1.8278e-03,  7.9590e-04,  1.2765e-03],
        [-1.6356e-03,  3.5613e-04,  6.9242e-04],
        [-6.4703e-04,  2.2509e-05,  1.4914e-03],
        [-3.7717e-04,  8.9298e-04, -5.8553e-05],
        [ 1.9481e-03,  1.6526e-04,  1.9334e-04],
        [-6.0958e-04, -1.4336e-03,  6.7923e-05],
        [-2.3229e-03,  8.0240e-05,  1.0652e-03],
        [ 6.9290e-05,  1.5119e-03, -2.0414e-06],
        [ 1.2623e-03, -1.4217e-03,  8.6787e-04],
        [ 2.2325e-03, -1.7565e-03,  1.5901e-03],
        [-4.2690e-04,  2.3357e-03, -3.2519e-03],
        [-1.3451e-03, -1.5390e-04,  1.2126e-04],
        [ 5.1923e-04,  1.4896e-03, -3.9377e-04],
        [-6.2359e-05,  1.1273e-04,  1.2844e-03],
        [ 7.5052e-04,  1.3476e-03,  1.5313e-03],
        [-1.2296e-03, -7.5744e-04,  9.4521e-04],
        [-2.0593e-03,  6.2577e-04, -1.5078e-04],
        [ 2.0670e-04, -9.6127e-04,  1.8356e-04],
        [ 1.0315e-03,  4.1608e-04, -8.1491e-04],
        [-1.5541e-03,  7.2039e-04,  1.0692e-03],
        [-1.9051e-04,  3.3418e-04,  1.0483e-03],
        [ 2.8238e-03, -1.2122e-03, -1.6359e-03],
        [ 4.1899e-01, -1.5798e-01,  6.8850e-01],
        [-1.4132e-03, -9.5895e-04,  4.8526e-04],
        [ 1.1119e-04, -2.6007e-03, -1.1020e-03],
        [ 1.4162e-03,  1.5854e-03, -7.1687e-04],
        [-1.6080e-04,  1.1058e-04, -2.0583e-03],
        [ 2.2484e-03,  8.1895e-04, -4.4928e-04],
        [-6.9783e-04, -1.3099e-03,  8.0151e-04],
        [-1.2610e-04, -1.7327e-03,  1.5070e-03],
        [-1.0943e-03, -1.3259e-03,  7.1856e-04],
        [-7.7466e-04,  2.0200e-03,  1.4214e-03],
        [ 1.9227e-03,  1.4668e-03,  5.8351e-04],
        [-1.8191e-03,  1.8772e-03, -6.5623e-05],
        [-4.2911e-04, -5.3065e-04,  6.9966e-04],
        [ 1.2483e-03, -3.9726e-04,  2.4038e-03],
        [-1.5390e-03, -1.5721e-03, -2.4494e-04],
        [ 3.0338e-03, -1.6187e-03,  8.6178e-04],
        [-1.0846e-03,  9.9158e-04,  1.6278e-03],
        [-4.4039e-04, -2.5492e-03,  4.1634e-05],
        [-1.3038e-03, -9.5257e-04, -1.3086e-03],
        [ 8.7584e-05,  5.1356e-04,  1.1934e-03],
        [-6.8753e-04,  6.4461e-04, -5.0445e-04],
        [ 2.7592e-03, -3.2456e-04, -1.0760e-03],
        [ 4.5409e-04, -2.8768e-03, -1.1678e-03],
        [ 3.7483e-03,  9.6122e-04,  1.9494e-04],
        [ 2.4521e-03,  5.0040e-04,  2.6453e-03],
        [-4.1837e-04,  3.8569e-04,  6.2930e-04],
        [-1.0497e-03,  1.3824e-03,  1.1468e-03],
        [-3.9982e-04,  6.5504e-04,  8.2504e-04],
        [-3.8913e-04,  4.7197e-04, -3.8508e-04],
        [ 1.6455e-03,  1.1039e-03,  2.3558e-03],
        [ 7.0165e-04, -2.5925e-03, -4.6541e-04],
        [-1.1444e-03,  4.1638e-04, -1.1440e-04],
        [-2.0435e-04, -4.4367e-04,  9.3948e-04],
        [ 8.5175e-04, -3.8112e-04, -8.9342e-04],
        [-5.7775e-05, -4.3321e-05,  1.3449e-04],
        [ 5.7209e-04, -2.3727e-04,  2.4075e-03],
        [ 1.7525e-03,  8.8438e-04,  9.8462e-04],
        [-1.3569e-03, -1.9181e-03, -1.1415e-03],
        [-8.7534e-04, -9.2121e-04, -1.2143e-04],
        [-1.4884e-03,  6.1975e-04, -1.1732e-03],
        [-9.0461e-04, -8.1057e-04,  1.3733e-03],
        [-9.7474e-04,  3.5717e-04,  2.6605e-03],
        [-1.3588e-03, -4.5796e-04, -1.2070e-04],
        [-8.0480e-04, -2.4192e-04, -2.9139e-04],
        [-8.3264e-05,  1.1227e-03, -9.2456e-04],
        [ 1.0338e-03, -8.8495e-04,  1.5485e-03],
        [ 3.9030e-04, -5.9727e-06, -2.8637e-03],
        [-7.7867e-04, -1.2083e-03, -1.7876e-04],
        [-1.4510e-03,  5.7608e-04, -1.0356e-03],
        [ 3.0350e-03,  1.8124e-03,  1.6662e-03],
        [-1.2288e-03, -1.8169e-05,  1.3453e-03],
        [-1.4823e-03, -7.2569e-04,  1.2295e-03],
        [-5.1309e-04,  6.0484e-04,  1.7014e-03],
        [-1.1135e-03, -2.1921e-03,  6.9509e-04],
        [ 1.1865e-03,  1.7655e-03, -5.7532e-05],
        [ 8.9969e-04,  6.6761e-04, -8.7895e-04],
        [-1.3801e-03, -1.1713e-03, -2.7843e-03],
        [-2.2288e-03, -1.4263e-03, -1.6260e-04],
        [ 1.3037e-03, -1.4165e-03,  3.2290e-03],
        [-5.6225e-04, -7.5486e-04, -1.1926e-03],
        [-5.2132e-04,  7.2939e-04, -2.1082e-03],
        [-1.4986e-04,  2.9741e-04,  1.4505e-03],
        [ 3.7036e-04, -3.8336e-04, -3.3583e-04],
        [ 9.5478e-04, -1.9954e-03,  1.5155e-03],
        [-1.2626e-03, -1.7328e-03,  1.5846e-03],
        [-1.0122e-03, -1.2075e-04, -2.1149e-04],
        [ 1.5062e-03,  4.8449e-05, -1.2467e-03],
        [-1.5315e-04,  8.3164e-04,  1.3585e-03],
        [-2.1743e-04, -1.0665e-03,  2.2875e-04],
        [-8.1439e-04, -3.4714e-03, -1.3755e-03],
        [-7.9205e-04,  8.6225e-04, -1.5413e-03],
        [ 8.3245e-04, -8.1726e-04,  1.9235e-05],
        [-1.5155e-03, -2.3750e-03, -1.1038e-04],
        [-4.1698e-04, -1.3575e-03,  1.6775e-04],
        [ 1.7899e-03,  1.2852e-03, -9.0464e-04],
        [-1.0091e-03,  1.6915e-03, -5.6225e-04],
        [ 2.5707e-03, -1.1027e-03, -1.5336e-03],
        [ 6.8421e-04, -2.5359e-04, -8.3084e-04],
        [-6.8509e-05,  1.1770e-03,  1.5226e-03],
        [ 1.1922e-03,  1.1319e-03,  6.8611e-04],
        [-2.2498e-05, -4.5786e-04, -6.7556e-04],
        [ 1.5033e-03,  1.6133e-03, -9.5893e-04],
        [-1.5331e-04, -1.4566e-03,  1.6407e-03],
        [-5.7428e-04, -1.6071e-03, -2.6559e-03],
        [ 1.7571e-03, -1.6819e-03, -1.5316e-03],
        [ 9.6319e-06, -5.0339e-04, -5.7263e-04],
        [ 8.9927e-04,  2.0247e-03, -9.0121e-04],
        [-1.5276e-04, -2.6435e-03,  1.4230e-03],
        [-1.8809e-03,  9.8758e-04, -2.5913e-04],
        [-5.2791e-04,  7.9993e-04, -8.0749e-05],
        [ 3.0876e-04,  1.1188e-03,  1.8515e-03],
        [ 1.2511e-03,  6.2399e-04, -4.6512e-04],
        [-7.5974e-04,  1.4022e-03,  1.6624e-03],
        [ 1.0665e-03, -8.1697e-04, -1.0450e-03],
        [-4.6552e-03, -1.1619e-03,  1.7858e-03],
        [ 7.8918e-04, -2.5932e-03, -4.4919e-04],
        [-6.9802e-04,  5.6443e-04,  2.1474e-03],
        [ 1.7474e-03,  2.5707e-03, -1.0223e-03],
        [ 1.6119e-03, -1.4770e-03, -4.5241e-04],
        [-4.9755e-04,  1.0774e-03,  9.0174e-04],
        [ 1.3477e-03, -3.2015e-04,  1.3307e-03],
        [-1.7437e-03,  2.3121e-03, -1.5050e-03],
        [-7.7128e-04,  1.3307e-03, -1.9326e-03],
        [-1.1204e-03, -1.0301e-03, -2.7588e-03],
        [ 9.4389e-04,  6.5258e-04,  1.0248e-03],
        [ 4.4969e-04, -2.9392e-04,  7.3102e-04],
        [ 1.0077e-03, -2.7606e-03, -8.8461e-04],
        [-9.6364e-04, -1.2451e-03, -3.7034e-04],
        [-6.4904e-04, -1.4012e-03,  4.2340e-03],
        [-6.6799e-05,  2.4861e-04, -8.1742e-04],
        [-2.3585e-04, -3.9043e-05,  1.1239e-03],
        [-4.8726e-04, -3.0093e-03,  5.2147e-04],
        [ 3.4191e-04, -4.3233e-04, -5.5640e-04],
        [-3.5379e-04, -1.8021e-03,  1.3201e-03],
        [-1.0841e-03, -9.4815e-06, -1.9154e-03],
        [ 2.8568e-04, -2.3848e-03,  3.1804e-04],
        [ 6.7879e-04,  5.2633e-04,  1.2302e-03],
        [ 7.9679e-04, -8.8607e-05, -1.1183e-03],
        [-4.9425e-04,  1.4779e-03, -4.7998e-04],
        [ 3.9743e-04, -1.1855e-04,  1.3890e-03],
        [-1.4088e-05, -6.8016e-05,  1.5129e-03],
        [ 1.9884e-03,  1.5702e-03,  3.9749e-04],
        [ 7.8061e-05,  1.2047e-04,  5.9245e-06],
        [-3.7411e-04,  2.1766e-04, -1.9683e-03],
        [ 5.0677e-04, -8.9760e-04,  8.0742e-04],
        [-6.2884e-04, -7.6557e-04,  1.5098e-03],
        [-1.2158e-03, -9.8444e-04,  3.4790e-04],
        [ 4.4924e-04,  1.9698e-03, -2.6179e-04],
        [ 6.2515e-04, -2.8378e-03, -7.2489e-04],
        [-2.2605e-03, -1.8431e-03,  1.6769e-04],
        [ 1.7474e-03, -1.2346e-03,  1.8498e-03],
        [ 9.5254e-04, -1.8106e-03, -4.8002e-04],
        [ 1.6859e-05,  3.1797e-03, -2.5874e-03],
        [-1.5968e-03, -2.0670e-03,  1.5181e-05],
        [-1.2286e-03,  1.4234e-03, -1.8000e-03],
        [ 1.3318e-03,  1.7001e-03, -1.5250e-03],
        [-3.4907e-04, -1.7870e-03,  2.8451e-03],
        [ 1.8375e-03, -7.3276e-05, -9.2375e-04],
        [ 4.3474e-04, -1.2606e-03, -1.7198e-03],
        [-2.5860e-04,  1.7552e-03, -1.0167e-03],
        [-3.2246e-04, -5.1410e-03,  1.1984e-03],
        [-7.8676e-04,  1.7152e-03,  1.4363e-03],
        [ 1.8982e-04,  8.2203e-04, -2.4178e-03],
        [ 1.2785e-03, -1.0824e-03,  4.7521e-04],
        [ 4.0240e-04,  1.9891e-03, -4.2388e-04],
        [-3.3148e-04, -1.9677e-03, -1.8866e-03],
        [ 5.6379e-04,  2.3396e-03, -2.8394e-03],
        [ 1.1782e-03,  3.7766e-05, -1.1873e-03],
        [-4.2524e-04, -1.0944e-03, -1.5889e-03],
        [-1.2638e-03, -8.5171e-04, -1.2962e-03],
        [-1.5602e-04, -1.1585e-03,  4.4697e-04],
        [ 7.9789e-04,  1.6674e-03, -5.5683e-04],
        [-1.7560e-03,  2.4182e-03,  1.5256e-03],
        [ 1.0316e-03, -2.6807e-03,  3.0940e-04],
        [-3.2160e-05, -1.2206e-03,  1.6889e-03],
        [ 8.5197e-04, -1.1014e-03, -1.4957e-03],
        [ 7.3076e-04,  1.7458e-05,  2.3135e-04],
        [ 5.5023e-04,  2.4137e-04,  1.5532e-03]], device='cuda:0')), ('fcs.0.bias', tensor([ 2.0722e-03,  2.7191e-03, -1.9003e-03, -6.6396e-04, -2.3802e-03,
        -9.7350e-04,  2.5642e-03, -1.0620e-03, -1.6709e-03, -4.4824e-04,
        -5.1947e-04, -1.3015e-03, -1.0862e-03,  3.1683e-04, -8.9946e-04,
        -6.3641e-04,  1.9627e-03,  4.3844e-03, -1.0901e-03,  8.0502e-04,
        -1.6437e-03,  1.5775e-03,  5.4188e-04,  5.2944e-04,  9.4704e-05,
        -1.8831e-03, -1.0428e-03, -9.6305e-04,  3.4037e-05, -1.9926e-03,
        -2.0323e-03,  3.8591e-04, -1.2020e-03,  1.0022e-03, -2.0066e-04,
        -1.9186e-03,  8.0589e-04, -7.9991e-04,  1.1304e-03,  1.6713e-03,
        -2.7753e-03,  8.7793e-04, -7.1240e-04, -2.7446e-04, -2.8802e-04,
        -2.6469e-03,  4.4199e-04,  7.8138e-04, -6.3343e-04, -4.1869e-03,
        -5.5381e-04,  4.3104e-04, -2.1836e-04,  1.0328e-03,  2.8801e-03,
        -1.6493e-03,  4.8103e-04,  1.3971e-03,  1.3337e-03, -7.9875e-04,
        -1.0349e-03,  1.8017e-03,  2.1558e-04, -3.2718e-03, -2.6388e-03,
        -2.8597e-04,  2.8795e-03, -3.1092e-04, -6.0120e-04,  6.6652e-04,
         1.7926e-03,  3.9448e-03,  1.0341e-03,  1.1938e-03,  3.9316e-03,
        -1.0448e-04, -1.8821e-03, -7.2159e-05, -6.0675e-04,  9.2800e-04,
        -2.1367e-03, -1.7251e-04,  1.4608e-03, -2.0438e-03, -1.4260e-03,
        -4.8121e-04, -8.6406e-04, -2.1004e-03,  1.7214e-03, -1.3824e-03,
         8.0328e-05,  1.2703e-03,  1.0116e-04, -3.6921e-04,  1.0333e-03,
         1.8238e-03, -1.6428e-03, -2.4877e-03,  3.4571e-01,  9.7974e-04,
         4.9188e-04, -1.1893e-03, -4.6556e-04,  3.0113e-06, -2.4740e-03,
        -9.7190e-04, -1.7014e-03, -6.1686e-04, -1.2692e-03, -5.3713e-04,
        -7.5808e-04,  1.7626e-03,  6.0282e-04, -3.4729e-03,  1.2777e-03,
         1.7512e-04,  2.2607e-03, -8.1456e-04, -8.9757e-04, -3.2469e-04,
         3.7322e-04,  9.6970e-04, -1.1562e-03, -5.1012e-04, -3.1494e-04,
        -2.4090e-04, -7.0670e-04,  3.1388e-04, -3.7444e-03,  1.0469e-03,
        -8.8529e-04,  1.5159e-03,  1.4803e-03,  6.3593e-04,  4.0462e-04,
         1.5691e-03,  9.9974e-04,  1.5537e-03,  2.3284e-03,  6.6818e-05,
        -1.3687e-03,  1.0447e-03,  1.0307e-03, -1.2865e-03, -1.4697e-03,
         1.7190e-04,  1.2537e-03, -2.6566e-03,  1.7856e-03,  2.9384e-04,
         2.3508e-03, -1.7696e-03, -2.8998e-03, -3.7711e-04, -1.7302e-03,
        -5.1022e-04,  1.8613e-03,  1.4842e-03,  2.3789e-03,  3.9788e-04,
         2.0207e-04, -3.1644e-04,  1.8062e-03, -1.4674e-03,  1.3923e-03,
         5.5911e-04,  2.2197e-05, -7.1814e-04,  7.7621e-04, -1.4886e-03,
        -1.1604e-03, -1.2996e-03,  4.7982e-04, -7.7543e-04,  3.7143e-04,
         1.4498e-03,  1.9888e-03,  9.2136e-04, -4.8108e-04, -1.4718e-03,
         4.4220e-04,  1.8313e-03,  1.5687e-03,  1.6977e-03,  1.2811e-03,
         1.6419e-03, -1.6340e-03, -9.6646e-04, -1.4838e-03, -1.2493e-03,
         7.5937e-04, -2.3796e-03, -4.4471e-04,  2.2217e-04, -1.8349e-03,
         1.5060e-03,  9.6166e-04,  6.7542e-04, -6.1046e-04, -6.3639e-04,
         1.0364e-03,  1.4946e-04,  1.7459e-03,  1.0504e-04, -3.1100e-05,
         1.4125e-03, -1.3150e-03, -2.6796e-03,  4.2782e-04,  8.4597e-04,
        -5.7909e-04,  7.7365e-05, -1.2632e-03, -1.5499e-03,  6.3804e-04,
         1.1523e-03,  4.1030e-04, -8.9070e-04,  7.1967e-04, -3.8212e-05,
         6.8905e-05, -2.6997e-04, -9.5399e-04, -6.2310e-04,  1.4527e-03,
        -2.6065e-04,  2.4682e-03,  8.9587e-04,  9.3807e-04,  1.1110e-03,
         7.4988e-04,  4.6886e-04, -4.1712e-03, -1.4729e-03,  1.0621e-03,
         1.6231e-03, -1.5014e-03, -6.4279e-04,  4.2973e-05, -8.0365e-04,
         5.1401e-04, -3.7952e-04,  1.3698e-03, -4.5307e-04, -1.1871e-03,
        -6.2515e-04,  1.5364e-03,  4.4640e-03, -1.6785e-03, -1.2113e-03,
        -3.8021e-03, -2.2173e-03,  6.0065e-04,  7.0722e-04,  1.5709e-03,
        -5.7570e-04], device='cuda:0')), ('fcs.1.weight', tensor([[ 0.0011,  0.0003,  0.0004,  ..., -0.0006, -0.0015, -0.0013],
        [-0.0009,  0.0006,  0.0020,  ..., -0.0007,  0.0006, -0.0010],
        [ 0.0005, -0.0013,  0.0009,  ..., -0.0013, -0.0013, -0.0002],
        ...,
        [ 0.0005, -0.0005,  0.0002,  ..., -0.0009, -0.0008,  0.0018],
        [ 0.0007,  0.0013, -0.0043,  ...,  0.0013,  0.0022, -0.0006],
        [ 0.0033, -0.0008, -0.0016,  ..., -0.0020, -0.0018, -0.0020]],
       device='cuda:0')), ('fcs.1.bias', tensor([-1.1453e-03, -1.8496e-03,  8.2499e-04,  1.2522e-03, -6.0671e-04,
        -7.6526e-04, -3.9769e-04, -1.5253e-03, -1.6074e-04,  8.5341e-04,
         1.9598e-03, -1.4318e-03, -2.9596e-05,  7.4979e-04,  8.3235e-04,
         1.5439e-04, -2.6618e-03, -3.2755e-04,  7.3423e-04, -9.5498e-04,
        -3.2679e-03,  8.6154e-04, -2.3515e-03, -7.4929e-04, -3.4546e-03,
         1.8546e-03,  6.8905e-04, -1.0094e-03, -7.8317e-04,  7.6546e-04,
         1.6840e-03, -2.5264e-03, -7.6107e-04,  1.9369e-03, -6.7248e-05,
         1.1901e-03, -1.1533e-03,  6.7591e-04,  3.3313e-03,  2.7287e-03,
        -1.5432e-03, -6.9677e-04, -1.5865e-04,  2.0692e-03,  1.3695e-03,
        -1.9597e-03,  1.7676e-03,  1.5641e-03,  8.5697e-04,  5.0791e-04,
        -6.6653e-04, -2.0608e-03, -6.9608e-04,  5.0764e-04, -8.1527e-06,
         2.1436e-03, -8.0574e-04,  7.3889e-05, -1.1888e-03,  1.0735e-03,
        -2.6089e-04, -4.9384e-04,  3.5881e-04, -7.0115e-04, -1.1592e-03,
        -1.2504e-03,  2.1892e-03, -1.1235e-04,  1.2659e-03,  6.3206e-04,
        -1.8489e-03,  2.1975e-03,  2.0511e-04,  2.9154e-04,  8.9362e-04,
         1.3122e-03,  8.7109e-04,  7.6516e-04, -1.3167e-03,  2.0776e-03,
        -1.3196e-03,  1.5977e-03, -1.2001e-03, -1.4117e-03, -6.9800e-04,
        -1.2980e-03, -1.1329e-03,  1.3666e-03, -1.9620e-03,  5.0006e-04,
         4.8738e-04, -6.7925e-04,  1.8301e-03, -1.1077e-03,  2.3777e-03,
        -1.0230e-03,  1.0026e-03,  1.9840e-03,  1.9034e-03, -2.4586e-03,
         3.1602e-03,  1.9636e-03,  2.1743e-03, -5.9139e-04, -1.7052e-03,
        -7.4207e-04, -6.1060e-05,  4.2197e-04,  2.4248e-03,  1.4820e-03,
        -5.9705e-04, -2.1794e-03, -7.8041e-04,  9.1522e-04, -1.9121e-03,
         2.9105e-03,  1.9476e-03,  2.2498e-03,  3.8479e-03, -3.5594e-04,
         2.1803e-03, -1.9275e-03, -1.9640e-03, -1.3368e-03,  9.8244e-04,
        -7.0596e-04, -1.3332e-03, -8.9011e-04, -4.9615e-04,  6.1595e-04,
        -4.7794e-04,  1.3017e-03, -5.8383e-04, -8.3352e-04,  1.7254e-04,
         1.9877e-03,  1.2463e-03,  1.2220e-03, -1.3830e-03,  1.9703e-03,
        -1.4452e-03,  6.0665e-04,  5.9758e-04, -1.3113e-03, -7.8554e-04,
        -1.4710e-04, -1.7414e-04,  4.4171e-04,  4.4178e-02, -9.9086e-04,
         1.3170e-03, -7.4300e-04, -7.7235e-04,  1.8365e-03,  2.0443e-03,
         4.5827e-04, -1.9779e-03, -1.4151e-03,  6.3636e-04,  7.1431e-04,
        -6.4192e-04,  2.2935e-04, -6.4464e-04, -8.3792e-04,  2.3914e-03,
         7.8918e-04,  1.9654e-03,  8.9472e-04, -2.8518e-03, -1.8269e-03,
        -7.9543e-04,  6.8198e-04, -3.0194e-03,  1.3247e-03, -1.9701e-04,
         1.9645e-03,  2.4970e-03,  8.6445e-04,  1.3728e-03, -1.1401e-03,
        -7.2599e-04,  8.4221e-04, -2.3238e-03, -8.3069e-04, -1.5654e-03,
        -8.1532e-04, -1.9625e-03,  7.6463e-04, -4.7751e-04, -2.8695e-03,
         9.8368e-05, -2.3606e-03, -1.2781e-03, -1.9089e-03, -6.2870e-04,
         3.6714e-04,  1.1082e-03, -1.3684e-03,  8.9399e-04, -7.7412e-04,
        -4.1140e-04, -6.0412e-04, -1.7604e-03, -9.5117e-04,  1.9928e-03,
        -1.4013e-03, -3.6351e-04,  6.2384e-04,  4.9867e-04, -7.3414e-04,
         3.3183e-03,  1.2594e-03, -2.0961e-03,  1.0492e-03, -2.3057e-03,
        -2.2751e-03,  9.5066e-04, -6.4398e-04,  1.9569e-03, -2.0104e-03,
        -9.1215e-05, -6.8399e-04,  4.0791e-05, -3.5929e-04, -1.3298e-04,
        -1.2289e-04, -6.7742e-04,  7.7378e-04,  1.2514e-03,  1.1612e-03,
         1.2621e-03, -1.3370e-03, -1.3570e-03,  2.1162e-03,  1.9424e-03,
         1.3112e-03,  2.1821e-03, -2.6946e-04,  2.0248e-04,  1.9619e-03,
         2.1884e-04, -1.7472e-03,  9.3957e-05,  1.0519e-03,  8.0634e-04,
        -1.3098e-03,  2.0167e-03,  7.6503e-04, -2.4077e-04, -1.0565e-04,
         1.3527e-03,  2.1777e-03,  7.4089e-04,  1.5970e-03,  4.6146e-04,
        -3.9153e-04], device='cuda:0')), ('fcs.2.weight', tensor([[-2.8557e-04,  1.8298e-03, -2.0339e-03, -2.8547e-04, -4.2003e-05,
         -1.6971e-04, -3.5206e-04,  6.9728e-04, -1.6978e-04,  1.6639e-03,
         -9.2943e-04,  2.4147e-03, -2.1554e-03,  5.4121e-04, -1.7650e-04,
          1.8810e-03, -1.9575e-03, -8.7086e-04, -9.0773e-04,  1.3330e-03,
         -1.0323e-03,  4.3025e-05, -5.9366e-04,  9.2885e-04, -5.9828e-04,
          9.0175e-04, -8.0052e-04, -4.0581e-04,  8.9545e-04, -9.6507e-04,
         -2.5736e-04,  1.7231e-03, -1.2184e-03, -1.7041e-03, -2.4111e-03,
          6.6735e-04, -4.9604e-04, -9.1969e-04, -2.1822e-04, -7.5239e-05,
         -1.0471e-04,  1.3478e-03, -9.0671e-04,  1.4871e-03, -8.3888e-04,
          1.0006e-04, -2.8433e-03, -3.3494e-04,  1.2438e-04, -9.5401e-04,
          1.0570e-03, -8.9034e-04,  5.5508e-04, -2.9680e-05, -5.9584e-05,
          3.8838e-04, -5.6581e-04, -1.8177e-03, -2.3163e-03,  1.3518e-03,
         -6.7474e-04, -1.6400e-04,  1.0774e-04, -7.6632e-04,  1.0106e-04,
         -1.5651e-03, -1.8071e-03, -3.8757e-04, -1.0131e-03,  5.7464e-04,
         -5.5827e-04, -8.3986e-04,  9.6754e-05, -5.2493e-04,  4.8445e-04,
          1.3322e-03, -5.2410e-04, -2.1117e-04, -3.1033e-04, -1.3432e-03,
          4.7223e-04, -6.6246e-04, -1.8383e-03, -4.7296e-05, -1.7459e-03,
          4.6520e-04, -1.0988e-03, -1.5352e-03,  8.9414e-04,  1.2451e-04,
         -4.8032e-04,  8.0437e-04, -1.5671e-03, -1.1996e-03, -9.1947e-05,
         -1.0766e-03,  4.4188e-04, -9.5890e-04,  4.4562e-05,  9.0118e-04,
         -1.9292e-03, -5.6491e-04,  7.7083e-04, -6.3042e-04,  5.7951e-04,
          1.1723e-03,  9.9365e-04,  2.0592e-03, -7.7712e-04,  7.8659e-04,
          1.2663e-03, -1.1845e-03, -9.9188e-04, -1.4049e-03,  2.5581e-04,
         -2.5645e-03,  1.0052e-03, -5.8671e-05, -8.5793e-04,  5.7103e-04,
         -1.2594e-04,  1.1621e-03, -2.7788e-04,  5.6784e-04, -1.6247e-03,
         -4.5611e-04,  2.9093e-04,  1.5754e-03, -3.8876e-04,  1.5144e-04,
          1.9029e-03, -1.6745e-03,  3.2580e-03,  1.4314e-03,  3.5272e-05,
         -1.3011e-03, -2.4149e-04,  5.4848e-05, -9.6282e-04,  9.1085e-04,
         -1.8206e-03,  4.7166e-05,  1.2767e-03,  1.0639e-03, -9.4801e-04,
          3.5875e-04,  5.0840e-04,  8.7961e-05, -9.0119e-01,  9.5343e-04,
         -2.4864e-03,  1.2720e-03,  2.7197e-04,  1.6823e-03, -7.1865e-05,
         -5.8960e-04, -4.1159e-03,  1.6276e-03,  1.4182e-03,  8.9055e-04,
          1.6924e-03, -1.1219e-03, -1.9796e-03, -8.4041e-04,  7.1592e-04,
         -5.5841e-05, -8.0369e-04, -3.0772e-04, -8.3800e-04,  2.7404e-03,
         -1.5556e-04,  1.3953e-03,  1.0061e-03,  2.5814e-04,  1.2978e-03,
         -8.5238e-04, -9.6762e-04,  2.9216e-04,  3.9721e-04,  1.9942e-03,
         -2.2864e-04, -1.1990e-03, -7.3743e-04, -9.1955e-04,  2.3285e-04,
         -1.2915e-03,  9.1448e-04,  9.7007e-04,  1.3081e-03,  1.0391e-03,
          9.6507e-04,  1.1274e-03, -6.7184e-04,  1.8629e-03,  2.0860e-04,
          4.2271e-05, -3.4181e-03,  1.1048e-03,  1.3786e-03, -6.2913e-04,
         -6.1307e-04, -1.7273e-03, -2.3997e-03, -1.5373e-03,  1.4359e-03,
          1.2842e-03,  1.4343e-03, -3.6954e-04, -1.3489e-03,  4.4889e-04,
          2.8298e-04, -2.0708e-03,  2.2451e-03, -5.2369e-04,  1.0839e-03,
         -2.3973e-03, -2.1370e-04, -2.0343e-04, -1.4884e-03,  1.3683e-03,
          4.0006e-03,  1.1345e-03,  2.3043e-04, -8.2215e-04, -1.0739e-03,
          6.8102e-04,  3.0029e-04, -2.8091e-05, -5.3058e-04,  6.4206e-05,
          5.0587e-04,  6.5465e-04,  1.4675e-03,  8.0800e-04,  7.6371e-04,
          1.7738e-04, -2.6206e-04,  9.8984e-04, -8.3053e-04,  1.5408e-03,
          3.5290e-03,  8.5619e-04, -1.2760e-03,  7.9005e-04, -2.0002e-03,
         -9.9444e-04, -2.2006e-04,  9.0816e-04,  1.3305e-03, -4.3171e-04,
          1.3008e-03,  2.0514e-03, -1.2629e-03,  1.0113e-03, -1.0823e-03,
          2.4633e-03]], device='cuda:0'))])
end of epoch 5: val_loss 0.016972689585341455, val_acc 0.99
trigger times: 1
end of epoch 6: val_loss 0.01916348619642406, val_acc 0.99
trigger times: 2
end of epoch 7: val_loss 0.016142917964079864, val_acc 0.99
trigger times: 3
end of epoch 8: val_loss 0.008683689800206586, val_acc 0.995
trigger times: 4
end of epoch 9: val_loss 0.011736694390815004, val_acc 0.995
trigger times: 5
end of epoch 10: val_loss 0.010246648806254335, val_acc 1.0
trigger times: 6
end of epoch 11: val_loss 0.01021826440251381, val_acc 0.995
trigger times: 7
end of epoch 12: val_loss 0.01796747503798276, val_acc 0.995
trigger times: 8
end of epoch 13: val_loss 0.007833102697536915, val_acc 1.0
trigger times: 9
end of epoch 14: val_loss 0.012641446051947227, val_acc 0.995
trigger times: 10
Early stopping.
0 -53.39249727129936 -191.10004520678868
1 -53.064591497182846 -189.05007017278314
2 -53.90183062851429 -187.50220085194994
3 -49.71699231863022 -180.24009179391223
4 -47.17997036874294 -171.9613792356186
5 -45.77267240732908 -169.3817016847894
6 -45.677340760827065 -167.87631268052303
7 -51.205534130334854 -164.27567046290412
8 -49.687528908252716 -163.76742236654098
9 -40.66261701285839 -156.0786895876365
10 -44.10490562021732 -155.22804551507866
11 -43.43128742277622 -145.29002069283715
12 -43.82478907704353 -142.86657280197298
13 -35.6774765253067 -142.75441848091938
14 -36.79484824091196 -136.98962801176134
15 -41.716568291187286 -132.4813576990395
16 -33.915762327611446 -130.98347157271724
17 -39.398948177695274 -118.2436222554584
18 -29.605473306030035 -117.38411415155902
19 -38.88691997528076 -116.97382686219106
20 -31.58435571193695 -115.06704102317899
21 -26.21951489150524 -112.47832645551227
22 -34.52073676884174 -103.24187681049156
23 -24.529331300407648 -99.7422752992134
24 -19.781888348981738 -98.18526661663928
25 -23.28669997677207 -88.94674758091466
26 -19.379511382430792 -85.88346861832474
27 -15.933809714391828 -79.38307722218848
28 -17.65280576609075 -79.25112655387144
29 -26.84300563042052 -73.50697855948762
30 -23.683717789128423 -72.69803191552006
31 -19.873556359205395 -71.37326168319514
32 -21.051274517551064 -68.27187815304366
33 -19.620941611006856 -65.42298162776466
34 -17.50362287275493 -65.35816021006309
35 -15.537331074476242 -49.3186741604369
36 -30.619743911083788 -17.325441617065966
37 -18.011963136843406 -4.374511275254108
38 -19.325960972812027 -0.4258658969524013
39 -22.445124680176377 9.108146753357724
40 -22.317395728314295 17.732630180500013
41 -12.928822747664526 40.64550156746333
42 -13.479289539158344 41.11774838972275
43 -19.49416211526841 48.64917674484657
44 -14.680207279510796 52.50260039838799
45 -15.54049444803968 52.54502852695255
46 -14.799911096459255 59.52827491841281
47 -13.976217324147001 63.45606316769021
48 -12.467436890001409 66.31570758515764
49 -21.84726377669722 67.13050507695384
50 -10.067502787103876 72.16624272108386
51 -22.973700136877596 79.16074531670823
52 -19.929048769758083 84.19837606184075
53 -19.98284060100559 89.30707154325768
54 -20.024270671769045 90.2698850730257
55 -18.964337560348213 90.28646231697512
56 -13.28607264580205 90.32667007477052
57 -10.620610282057896 91.18021498086692
58 -12.26384902826976 92.38187517969644
59 -19.686335555510595 92.67153902025292
60 -19.400007859803736 93.69474938898811
61 -12.103486028150655 93.86112859581364
62 -18.472491684136912 95.24073532592021
63 -18.52490256045712 95.3630101766082
64 -17.955301828566007 96.09581961281374
65 -16.40899873129092 97.90553231413178
66 -17.597947534290142 98.07644230926206
67 -17.132761082961224 98.35872828331676
68 -18.453253455809318 98.57334710000995
69 -17.50472281104885 98.77895390936838
70 -17.854780440451577 99.10163703819775
71 -17.317062810529023 99.47183807834362
72 -17.191237670951523 101.36707045382526
73 -16.681013172725216 102.70820969163083
74 -17.073898186557926 103.61971441966246
75 -15.924924550927244 104.00039883786899
76 -15.841047257767059 104.94014608739957
77 -16.797250817762688 105.28448326377394
78 -15.287890204810537 105.60678192821229
79 -14.079894845024683 106.95774051225432
80 -15.666151754790917 107.03525723063939
81 -14.87896314682439 107.05410485829283
82 -13.493535165442154 107.36477417456501
83 -13.74577385687735 107.72369032284489
84 -16.013990363455378 107.78006757763964
85 -15.503139139153063 107.99397435655325
86 -14.509771027136594 108.08910889221833
87 -15.43743535852991 108.09776529440465
88 -13.860495129716583 108.24033506535473
89 -13.990044990321621 109.15712102315346
90 -14.411110496148467 109.71287331230647
91 -14.176612602546811 110.25063890779474
92 -14.021665207925253 110.45880856467717
93 -13.173270125407726 110.48639228144049
94 -13.670828862814233 111.92877271779909
95 -13.851393993594684 112.29467419620224
96 -13.432870746823028 112.73910566375015
97 -13.263756931643002 112.98274531176438
98 -12.876014911569655 113.84616479719523
99 -10.9489178895019 114.84612239587612
100 -13.558382485294715 115.08707834021696
101 -11.251389376120642 115.41025719446112
102 -11.77358017268125 115.5646624637931
103 -11.493197006755508 115.87882502857741
104 -12.807959595229477 116.51927592390606
105 -13.156005317578092 116.69939038222442
106 -11.746031376067549 117.18809854794453
107 -11.914351665996946 117.29357601720739
108 -11.037713953410275 117.43241923864416
109 -11.98678662267048 119.84073495876005
110 -10.1339022051543 122.74776106687673
111 -10.403441083966754 124.10172315382671
112 -9.271667888504453 124.42382576156477
113 -10.115352699765936 124.48179570258212
114 -10.095889019081369 125.2590893824027
115 -9.819158773636445 125.30457667780085
116 -9.844674901803955 125.43458549438884
117 -7.7215400820132345 129.13346806288703
118 -7.827801316045225 129.67718524437547
119 -6.785402750363573 131.40806576766226
train accuracy: 0.9977777777777778
validation accuracy: 0.995
