demo lengths 200
demos: (120, 200, 13)
demo_rewards: (120,)
[-191.10004521 -189.05007017 -187.50220085 -180.24009179 -171.96137924
 -169.38170168 -167.87631268 -164.27567046 -163.76742237 -156.07868959
 -155.22804552 -145.29002069 -142.8665728  -142.75441848 -136.98962801
 -132.4813577  -130.98347157 -118.24362226 -117.38411415 -116.97382686
 -115.06704102 -112.47832646 -103.24187681  -99.7422753   -98.18526662
  -88.94674758  -85.88346862  -79.38307722  -79.25112655  -73.50697856
  -72.69803192  -71.37326168  -68.27187815  -65.42298163  -65.35816021
  -49.31867416  -17.32544162   -4.37451128   -0.4258659     9.10814675
   17.73263018   40.64550157   41.11774839   48.64917674   52.5026004
   52.54502853   59.52827492   63.45606317   66.31570759   67.13050508
   72.16624272   79.16074532   84.19837606   89.30707154   90.26988507
   90.28646232   90.32667007   91.18021498   92.38187518   92.67153902
   93.69474939   93.8611286    95.24073533   95.36301018   96.09581961
   97.90553231   98.07644231   98.35872828   98.5733471    98.77895391
   99.10163704   99.47183808  101.36707045  102.70820969  103.61971442
  104.00039884  104.94014609  105.28448326  105.60678193  106.95774051
  107.03525723  107.05410486  107.36477417  107.72369032  107.78006758
  107.99397436  108.08910889  108.09776529  108.24033507  109.15712102
  109.71287331  110.25063891  110.45880856  110.48639228  111.92877272
  112.2946742   112.73910566  112.98274531  113.8461648   114.8461224
  115.08707834  115.41025719  115.56466246  115.87882503  116.51927592
  116.69939038  117.18809855  117.29357602  117.43241924  119.84073496
  122.74776107  124.10172315  124.42382576  124.4817957   125.25908938
  125.30457668  125.43458549  129.13346806  129.67718524  131.40806577]
maximum traj length 200
num training_obs 1800
num training_labels 1800
num val_obs 200
num val_labels 200
ModuleList(
  (0): Linear(in_features=13, out_features=64, bias=True)
  (1): Linear(in_features=64, out_features=64, bias=True)
  (2): Linear(in_features=64, out_features=1, bias=False)
)
device: cuda:0
end of epoch 0: val_loss 0.015745510772157623, val_acc 0.995
trigger times: 0
saving model weights...
Weights: OrderedDict([('fcs.0.weight', tensor([[-6.5081e-04,  3.1593e-04,  1.4911e-03,  6.1592e-05,  2.1546e-04,
         -4.2066e-04, -3.9778e-05, -1.6296e-04,  2.3190e-04,  1.1100e-03,
          1.1753e-04,  3.5399e-05,  2.5147e-03],
        [ 1.2083e-03,  2.1243e-04,  3.7085e-04,  6.4083e-05, -2.8004e-04,
          6.8635e-04, -2.5462e-03, -1.3046e-03,  1.5028e-03,  1.2968e-03,
         -7.6895e-05,  9.0830e-04, -2.9311e-05],
        [ 6.6547e-05, -5.7563e-05, -1.9072e-04, -5.3700e-05,  1.0871e-04,
         -1.7881e-04,  5.6149e-05, -3.1782e-04,  7.4787e-04, -6.1013e-04,
          3.3512e-04, -2.0778e-04, -4.5387e-04],
        [-6.2064e-05,  6.4249e-04,  3.8239e-04,  9.9355e-06, -1.4509e-04,
          8.3677e-04,  3.5302e-04, -1.7139e-04,  7.7621e-04, -1.3635e-03,
         -1.6176e-03, -1.4716e-03, -1.5338e-03],
        [ 3.5778e-04, -7.5520e-05,  2.5629e-04, -1.1236e-04, -1.6207e-04,
         -1.2606e-04, -2.1866e-04,  1.8565e-04, -3.2209e-04,  3.8440e-04,
          1.6239e-04,  9.1477e-05, -5.2287e-05],
        [-3.6159e-04,  1.1536e-04, -9.9009e-04,  5.0931e-04,  1.1439e-03,
          4.6983e-05,  3.9873e-04,  2.6016e-03,  4.6463e-04,  9.2208e-04,
          1.2647e-04, -2.9422e-03, -1.4383e-03],
        [ 1.2394e-03,  5.6258e-05,  5.1383e-04, -3.6574e-04,  1.0489e-04,
         -6.5599e-04,  1.2937e-04,  5.9016e-04,  5.5535e-04, -1.4701e-03,
         -5.8773e-04, -1.6418e-04,  1.1099e-04],
        [ 1.2459e-04, -3.5064e-04, -1.4737e-05,  1.7010e-04, -3.5947e-04,
         -3.0703e-04, -1.3759e-05,  2.4327e-04, -3.0673e-03, -1.9510e-03,
         -1.0493e-03,  1.0781e-03,  5.8439e-04],
        [-1.2327e-03,  6.2240e-04, -3.9861e-04,  1.6296e-03, -9.0702e-04,
         -7.2686e-04, -3.0980e-04,  2.5696e-04,  1.3166e-03,  8.1781e-04,
          1.0204e-03, -1.1653e-04,  1.0349e-03],
        [-1.6293e-04, -1.7750e-04, -1.8650e-03,  1.0002e-03,  5.4310e-04,
         -2.5348e-04, -6.2811e-04,  8.4545e-04,  5.2125e-04,  1.0374e-03,
         -1.0232e-04,  7.7506e-05, -6.3182e-04],
        [-1.0996e-04, -1.0672e-03,  8.3371e-04,  3.9694e-04, -9.9549e-04,
         -7.7262e-04, -6.9552e-05,  6.3611e-04, -4.3618e-04, -1.1164e-03,
          2.4410e-04,  3.4578e-04, -1.0767e-03],
        [-2.1688e-04, -4.9095e-05,  1.4269e-04, -1.3265e-05,  4.2321e-04,
          6.2909e-05, -1.3939e-04, -3.4679e-05,  7.6240e-04,  2.8286e-04,
          4.6054e-04, -1.0363e-03, -1.0745e-03],
        [-6.2440e-05, -4.8659e-06, -9.9495e-04, -3.5688e-04, -1.2282e-04,
          1.6477e-04, -3.4187e-04, -6.3347e-04, -2.8958e-04, -6.3892e-04,
         -3.1879e-04, -3.1580e-04, -1.7508e-03],
        [-3.7723e-04,  4.3169e-05, -1.1066e-04,  3.1658e-04, -2.2197e-04,
         -5.0266e-05,  2.1497e-04, -2.2436e-04,  4.0477e-04,  4.3509e-04,
         -3.0843e-04, -5.2719e-04,  6.6508e-04],
        [-1.0933e-05, -3.6730e-04,  1.3500e-03, -1.9804e-04, -6.9308e-04,
         -3.3190e-03,  6.9546e-05, -1.4206e-03, -1.3420e-04, -6.1433e-04,
          2.4221e-04,  9.0186e-04, -6.1877e-04],
        [-1.7055e-01,  3.1446e-03, -3.3747e-02,  5.7647e-02,  1.9298e-02,
         -1.2922e-01,  1.1485e-02, -2.0557e-04, -1.3909e-01, -3.9685e-02,
          8.7073e-01, -5.2766e-02,  5.6320e-01],
        [-1.8641e-04,  3.0320e-05, -2.2917e-04,  1.0283e-05,  5.1886e-05,
         -8.4434e-05, -6.2555e-05,  9.7117e-05, -2.1468e-04,  3.6058e-04,
          1.3111e-04,  3.9493e-04,  4.8431e-04],
        [-7.5839e-05, -5.2067e-06,  3.4727e-04,  3.0480e-04, -2.3391e-04,
         -9.8305e-05, -1.4799e-04, -9.1201e-04,  2.1737e-04, -4.0200e-04,
         -1.2028e-05,  1.5367e-03,  6.7670e-04],
        [ 2.9747e-04, -4.9716e-05, -3.2746e-05,  2.9130e-04, -2.5675e-04,
         -7.8327e-05,  1.6886e-04, -7.4473e-04,  4.2471e-04,  1.4069e-03,
         -6.7326e-04,  7.7767e-04, -3.4340e-04],
        [-4.7200e-05, -9.8343e-04,  2.0308e-04,  1.3702e-04,  1.3054e-04,
         -2.3557e-04,  7.0901e-05,  7.1575e-04, -3.5961e-04, -3.4854e-04,
         -1.2473e-03,  2.2632e-04, -1.8431e-03],
        [-4.5356e-04, -2.3029e-05, -1.6800e-04,  1.7416e-04,  1.7860e-04,
         -5.8209e-04,  1.5331e-04,  3.8649e-04,  1.6385e-05, -7.5292e-04,
         -2.5090e-04,  8.0487e-05, -6.9118e-04],
        [-4.4126e-04,  3.7966e-05, -3.5545e-04,  2.1943e-04,  2.0160e-04,
         -3.8134e-05, -4.3315e-05, -5.1911e-05, -1.0716e-03,  2.0927e-04,
         -4.1331e-04,  7.3205e-04, -8.4900e-04],
        [-6.3085e-05,  1.3588e-04, -4.4038e-04, -8.6621e-05,  8.1615e-05,
         -6.2459e-05,  9.3964e-05, -4.0358e-04,  1.6716e-04, -1.1804e-03,
         -1.6571e-04,  2.3777e-04, -1.7876e-03],
        [ 6.3872e-04,  1.1629e-03,  1.0460e-03, -8.5237e-04,  1.6334e-03,
         -1.1029e-03, -6.6868e-04,  1.1972e-03, -6.3007e-04,  6.9619e-04,
          2.9432e-03,  9.7697e-04,  8.6442e-04],
        [ 8.2087e-05, -7.7909e-05,  3.5096e-05,  3.7320e-06, -2.9089e-04,
          5.3898e-04,  1.2228e-04, -3.6655e-04, -4.6901e-04,  2.1845e-04,
          5.3700e-04, -9.3396e-04, -1.1884e-03],
        [-7.2421e-04,  2.9879e-04,  1.1388e-03,  2.0606e-03,  7.7337e-04,
         -1.0128e-03,  9.0225e-04,  2.2504e-03,  1.9447e-03,  2.4485e-04,
         -8.3812e-04, -1.2986e-03, -1.9301e-03],
        [ 2.6238e-04, -1.7860e-04, -1.0957e-03, -1.9981e-04,  6.4958e-04,
         -2.9970e-04, -6.4772e-04,  9.0370e-04,  1.4731e-03, -8.6470e-04,
          6.4346e-04, -5.5326e-04, -3.9971e-04],
        [-3.8581e-04,  1.0131e-04, -6.3783e-04, -3.2542e-05,  1.4808e-04,
         -3.0955e-05,  1.9791e-04,  2.8054e-04,  1.1847e-03,  3.4190e-04,
          7.4622e-04, -9.5027e-04,  7.5427e-04],
        [ 3.9472e-04, -4.5790e-04, -1.0348e-03, -7.6307e-04, -1.7607e-04,
          1.0075e-03, -7.0138e-04, -1.4995e-03, -3.3121e-04, -1.2688e-03,
          2.8301e-04, -5.2249e-04,  6.9281e-04],
        [-2.2912e-04,  7.1813e-05, -7.0926e-04,  2.0552e-04, -4.1708e-04,
         -1.2001e-04, -2.9004e-04,  6.5819e-04,  6.2937e-04, -1.0947e-03,
         -2.0618e-04,  7.2264e-04, -3.2767e-05],
        [ 2.7000e-05,  1.6172e-04, -2.1912e-04,  6.2213e-05, -6.8053e-05,
         -1.6364e-04,  2.4588e-04, -1.8211e-04, -9.3020e-05, -3.7489e-04,
         -2.6229e-04,  2.0519e-04, -4.8948e-04],
        [-8.5394e-04,  1.7952e-05, -6.4077e-04, -4.8285e-04,  5.2336e-05,
          8.9584e-05, -3.2579e-05,  4.0281e-04, -2.9956e-05, -5.7189e-04,
          2.6860e-05, -6.5467e-04, -4.3083e-04],
        [-1.6839e-04, -8.6312e-05,  4.8504e-05,  3.0270e-04, -1.4268e-04,
          9.2969e-05,  4.5798e-04,  7.7026e-04, -2.2680e-04,  9.4766e-04,
          6.9037e-06,  3.9663e-04,  5.5961e-04],
        [ 3.9872e-04, -2.0949e-04,  6.2815e-04, -1.1792e-05,  4.1151e-04,
         -6.0036e-04,  1.1963e-05, -6.3836e-04,  1.0058e-04, -1.2534e-03,
         -6.4857e-04,  1.3856e-04, -8.0113e-04],
        [-3.9602e-04, -9.8848e-04, -2.1789e-03,  2.9271e-04,  5.5974e-04,
          1.8273e-03,  2.2830e-04,  3.5382e-04, -1.2556e-05, -1.2641e-03,
          5.4751e-04, -2.7214e-03, -1.3342e-03],
        [-3.3235e-04, -7.0514e-05, -2.7787e-04,  6.8623e-04,  2.9378e-04,
          1.0971e-04, -6.5432e-04, -3.3566e-04,  1.3491e-04,  3.5141e-04,
          1.3712e-04, -4.1080e-04, -4.0278e-04],
        [-2.4621e-04,  1.5499e-03,  1.2084e-04,  2.0890e-04,  1.0568e-03,
         -2.8762e-04, -3.8644e-04, -6.5868e-04, -1.0254e-05, -1.4074e-04,
         -7.5320e-05, -6.8578e-05,  7.5571e-04],
        [ 3.9699e-04,  1.4792e-04, -5.8784e-04, -3.7505e-04, -2.3988e-04,
          4.4221e-04, -7.7283e-04,  6.3358e-04,  6.5256e-04,  2.9339e-04,
         -5.8975e-04,  4.0006e-04,  6.9930e-04],
        [-3.9535e-04,  5.3780e-06, -2.3751e-04, -1.5205e-04,  9.5901e-05,
         -1.1036e-04,  2.7290e-04, -1.1313e-03, -5.3018e-04, -8.4357e-04,
         -3.1946e-05, -2.8986e-04,  9.4696e-04],
        [-3.4036e-04,  4.6616e-04,  6.6786e-04, -8.5278e-04, -2.8759e-04,
         -7.5721e-04, -9.3523e-05, -4.1769e-04,  1.9837e-04, -8.1850e-04,
          5.7068e-04, -8.5641e-04, -7.0069e-04],
        [-1.8616e-03,  2.5441e-04, -5.4699e-04,  1.0955e-04, -1.2025e-04,
         -2.7548e-03,  1.2859e-04, -1.9546e-03, -8.7853e-04,  8.7394e-04,
          8.9275e-04,  6.9183e-04,  5.4109e-04],
        [-5.0887e-04,  7.3960e-04, -1.0640e-03,  2.4294e-03,  1.0537e-03,
         -2.0697e-03,  1.2792e-03,  1.6456e-05,  1.1445e-03,  2.6333e-03,
         -5.9358e-04, -1.3595e-03, -1.3332e-03],
        [-1.0085e-03, -5.3876e-04, -1.4767e-03,  9.3082e-04, -6.8512e-04,
         -7.8493e-04, -6.8695e-04, -1.9395e-03, -2.0261e-04, -1.2977e-03,
          2.4497e-04, -4.7783e-04, -2.1749e-03],
        [-4.4340e-08,  7.1673e-05, -3.4900e-06, -4.0842e-04, -6.6187e-07,
          2.1889e-05, -6.5137e-04,  4.9763e-04,  9.1385e-05,  1.0129e-04,
          2.3148e-04, -5.0607e-04,  9.4755e-04],
        [-1.6595e-04, -4.1260e-05, -6.7528e-05, -6.4993e-04,  7.5208e-04,
          1.8695e-04, -1.1194e-04, -3.6766e-04,  1.7576e-03, -2.0919e-04,
          1.0956e-03, -1.7805e-03,  6.3842e-04],
        [ 7.8049e-05,  5.3074e-04,  8.2311e-04, -3.1421e-04, -1.1327e-03,
          8.9647e-04, -1.1967e-04, -6.3145e-04, -3.2705e-04,  2.4246e-04,
          1.2823e-05,  1.4830e-03, -1.5597e-03],
        [-2.0750e-04,  2.1016e-04,  4.6972e-04, -2.1468e-04,  2.1047e-04,
         -3.0948e-04, -1.9876e-04,  5.2844e-04, -1.3415e-03, -1.1653e-04,
          9.7032e-04,  8.4266e-04, -8.3278e-04],
        [ 2.1143e-04,  1.4659e-04,  4.1319e-06,  1.0180e-04,  2.9275e-04,
          5.0457e-04, -2.7881e-04,  2.1019e-03,  5.3282e-04, -3.1899e-03,
         -4.5742e-04, -2.0236e-04,  9.7996e-04],
        [ 5.7998e-04,  1.0329e-04,  5.3816e-04,  4.9199e-04,  1.9830e-04,
          2.2107e-04,  1.4505e-04,  7.5027e-04,  6.9003e-04,  1.5956e-03,
         -1.3928e-03,  8.4084e-04, -2.3822e-03],
        [-3.5575e-04, -4.2759e-04, -3.4567e-04,  1.4121e-03,  1.5237e-03,
         -1.4229e-04,  1.2226e-03,  1.4396e-04, -1.0423e-03, -1.0597e-03,
          8.9719e-04,  8.1123e-04, -6.1489e-04],
        [ 7.8906e-04, -7.4029e-04,  1.7545e-04,  2.5086e-04,  4.0377e-04,
          2.1039e-03,  1.5226e-03, -7.2167e-04,  8.9411e-04, -1.9495e-03,
          2.3907e-04,  5.2006e-04, -1.7252e-03],
        [ 3.8810e-04,  1.2066e-06, -2.9207e-04, -3.0691e-05, -1.0185e-04,
          4.9842e-05, -3.5537e-04, -2.9025e-04,  5.7541e-05,  3.7121e-04,
         -2.4205e-05,  3.8415e-04, -1.1829e-03],
        [-1.0144e-03,  6.7833e-05,  7.2350e-04,  6.7415e-04, -3.6521e-04,
          2.4382e-04, -4.8529e-04,  4.0781e-04, -1.3499e-04, -2.1823e-04,
         -4.9188e-04,  6.9912e-05,  2.0847e-03],
        [ 2.5359e-05,  4.6892e-06,  3.9232e-04, -5.7343e-05,  1.1291e-04,
         -5.5745e-07,  6.7082e-05,  1.1690e-04,  5.5990e-04,  2.8493e-04,
         -9.0334e-05,  4.2183e-04,  2.0701e-03],
        [-3.8606e-04, -1.3319e-04,  1.4021e-03, -1.8546e-04, -1.1105e-03,
         -6.6868e-04, -3.6284e-04,  1.4242e-03, -2.5258e-04, -8.0649e-04,
         -3.0891e-04,  3.1382e-04, -1.4146e-03],
        [ 1.0773e-03, -6.0644e-05,  4.1227e-04, -9.4137e-04, -4.5733e-05,
          1.7409e-05,  6.2831e-04,  9.0364e-04,  1.4761e-03, -1.2517e-03,
         -8.5821e-04,  2.4391e-03,  4.7496e-04],
        [-1.3755e-04, -1.3066e-05, -6.4994e-04,  1.3938e-04,  2.3888e-04,
         -4.7154e-05, -4.3127e-04, -4.9666e-04, -8.8937e-05, -9.9160e-04,
         -3.6563e-04,  5.5182e-04,  2.2666e-03],
        [-2.0251e-04, -7.1255e-06, -3.5833e-04,  8.3272e-05, -4.4656e-05,
          1.0980e-05,  3.1740e-04,  1.9579e-04, -5.7999e-05, -8.2842e-04,
         -1.4761e-04,  4.7206e-04,  6.3966e-04],
        [-8.3349e-05,  5.2564e-06, -3.4505e-04,  2.1040e-04,  8.2517e-05,
          3.2396e-05,  4.1734e-04, -6.3294e-04, -8.3342e-04,  7.3056e-05,
          1.2226e-04,  2.0610e-04,  4.7620e-04],
        [ 3.1374e-05,  3.5127e-05,  6.7667e-04,  4.5774e-04,  7.7421e-05,
         -2.2615e-04, -1.2556e-04,  8.5079e-04, -2.8464e-04,  2.3422e-03,
          8.3864e-05, -9.2146e-04, -2.0658e-03],
        [-5.2304e-04,  1.4041e-04,  1.3330e-03,  5.6055e-04,  3.0850e-04,
         -4.9434e-04,  5.0738e-04,  1.3069e-03, -4.5842e-04, -5.5864e-04,
         -5.5293e-04, -6.8986e-04, -1.2407e-03],
        [-9.0210e-04, -4.1124e-04,  6.0889e-04, -2.4138e-04, -6.7760e-04,
         -2.4320e-05, -1.8678e-05, -8.5949e-04,  1.4129e-04,  6.3754e-04,
         -3.4459e-04, -1.2468e-03,  8.6401e-04],
        [-8.9034e-04,  3.6824e-04, -6.6899e-04,  3.4122e-04,  1.6305e-03,
          2.5459e-04, -2.5590e-04, -5.4651e-04, -5.8161e-04, -9.5871e-04,
          1.0925e-03, -7.9968e-04,  9.7338e-04],
        [-2.3344e-04,  4.9914e-05,  2.6018e-04,  8.2436e-05,  4.3785e-05,
         -1.7270e-04, -4.1547e-06,  2.1944e-04, -3.6931e-05, -2.3431e-04,
          2.9866e-04, -1.4128e-03, -2.3402e-04]], device='cuda:0')), ('fcs.0.bias', tensor([ 2.7273e-05,  1.4116e-03,  4.6766e-04, -3.3256e-04,  1.2041e-03,
         2.4077e-04, -4.6439e-04,  6.1855e-05,  1.8067e-03,  1.4380e-04,
         8.6191e-05,  3.2870e-06,  6.0260e-04,  4.7008e-04, -3.0301e-05,
         1.9638e-01,  1.7857e-04, -4.2101e-04,  1.7392e-04, -2.4000e-04,
        -1.7751e-04, -3.3236e-04,  1.3631e-04, -3.6121e-06,  4.4357e-05,
        -1.3966e-03, -2.4893e-04, -2.3500e-04, -2.9223e-04,  1.6085e-04,
         3.0619e-04, -2.9452e-05, -2.2261e-04,  7.3207e-05, -6.7940e-05,
         2.1396e-04, -1.7143e-04,  4.6492e-04,  3.4170e-04,  3.5926e-04,
        -2.9165e-04,  2.0084e-04, -9.3502e-04,  1.8451e-05, -2.9171e-05,
        -3.0387e-04, -1.7127e-04,  1.9644e-04,  3.7983e-04,  4.9907e-04,
        -9.8328e-05,  3.4798e-04,  8.5312e-04, -4.2341e-05,  7.7854e-04,
        -6.7006e-04, -3.4244e-04,  7.3294e-05, -2.4025e-04,  8.1888e-05,
        -9.3340e-04, -2.3149e-03, -3.2785e-04, -2.3746e-04], device='cuda:0')), ('fcs.1.weight', tensor([[-6.5303e-04, -1.4098e-03,  4.9713e-04,  ..., -3.9152e-04,
         -7.2300e-04, -3.7604e-04],
        [-1.9856e-03,  1.2895e-03, -3.9303e-04,  ..., -5.8864e-04,
         -3.3402e-04, -2.3074e-05],
        [-8.9197e-04,  6.7190e-04, -1.0402e-03,  ...,  1.9612e-03,
         -2.9911e-03,  7.9194e-05],
        ...,
        [-1.6328e-03,  9.1322e-04, -1.9598e-03,  ..., -2.2981e-04,
          7.6565e-04, -2.4388e-03],
        [ 2.8187e-04,  2.1913e-03,  2.1771e-03,  ..., -1.8002e-03,
         -8.4847e-04,  1.8649e-04],
        [-2.4410e-03,  1.0379e-03, -2.1830e-03,  ...,  6.7339e-04,
         -9.7671e-05, -1.0280e-03]], device='cuda:0')), ('fcs.1.bias', tensor([ 7.2978e-04,  4.1675e-04, -1.1642e-04, -2.4799e-04, -2.1181e-03,
        -6.3230e-05,  1.5695e-04, -1.3657e-04, -1.1312e-04,  7.0962e-06,
        -1.0916e-04, -5.5818e-05, -7.4767e-04, -9.9360e-04, -5.1657e-04,
        -1.4357e-04, -8.8107e-04,  1.0026e-03, -5.8147e-05, -6.7154e-04,
         3.5696e-04,  9.1571e-04,  4.9545e-04,  5.4870e-05,  5.6242e-05,
        -6.1163e-04, -6.9362e-04, -3.6872e-04,  3.9796e-04, -1.3089e-04,
        -1.6437e-04,  3.7844e-05,  2.2550e-04,  4.9795e-02, -1.7804e-04,
        -2.8227e-03, -5.7813e-04, -5.5511e-05, -5.8015e-05,  9.4990e-04,
         9.3014e-04, -4.6679e-04, -9.0742e-04,  6.4524e-04,  1.4914e-04,
         6.7543e-05, -2.2955e-04, -1.1873e-03, -4.3662e-05,  1.7818e-04,
         1.0767e-03,  1.4669e-04,  1.2083e-03, -5.0768e-04, -2.3713e-05,
        -1.2379e-04, -6.9358e-04,  1.0289e-03, -5.0259e-05, -1.6242e-03,
         4.7104e-04,  1.1102e-03, -9.5358e-04, -3.2200e-05], device='cuda:0')), ('fcs.2.weight', tensor([[-8.6039e-06,  1.4988e-04,  2.8860e-04,  5.8896e-05,  3.2157e-04,
          7.7256e-04,  7.8280e-05,  3.1420e-05, -9.6314e-06, -2.6154e-06,
          5.9152e-05, -5.0268e-05,  1.0833e-03,  5.2392e-04,  6.2999e-04,
         -6.8597e-04, -1.6574e-07,  1.7233e-04,  6.7686e-05, -9.0220e-05,
          1.5605e-06,  2.4362e-05,  8.7529e-05,  9.2695e-05,  5.8582e-05,
          3.4579e-04,  8.4287e-05, -1.2316e-03,  7.0939e-05,  5.3770e-05,
         -7.4925e-06, -1.1906e-06,  2.5393e-06, -4.2178e-01, -4.4568e-05,
          3.1169e-04,  2.1547e-05, -1.4564e-04, -3.5920e-06, -2.3883e-04,
         -2.9979e-04, -3.6782e-05,  1.7421e-03,  1.1153e-04, -7.1499e-05,
          6.4661e-04,  6.0371e-05,  8.6599e-04, -5.8397e-05, -4.6619e-05,
         -2.7638e-05, -5.9282e-05,  1.6385e-03,  1.7047e-03,  1.8457e-04,
         -7.9290e-05, -1.7194e-03,  1.3985e-03,  1.3337e-05, -2.6618e-05,
         -1.2227e-04, -1.2038e-03, -2.9816e-05, -1.3422e-05]], device='cuda:0'))])
end of epoch 1: val_loss 0.03197218739807852, val_acc 0.99
trigger times: 1
end of epoch 2: val_loss 0.009396462699786844, val_acc 0.995
trigger times: 0
saving model weights...
Weights: OrderedDict([('fcs.0.weight', tensor([[ 1.1374e-03, -8.6189e-04, -9.6552e-04,  3.1782e-04, -4.7565e-04,
          1.3833e-03,  1.9375e-04,  1.6904e-03,  1.7312e-03,  2.6548e-04,
          1.2294e-03, -1.3108e-03, -1.5269e-03],
        [-1.1565e-04,  1.6679e-05, -1.0534e-04, -9.1212e-05, -1.0116e-04,
          1.0837e-04,  1.7923e-04, -1.4599e-04, -2.5348e-05, -1.1555e-03,
          8.1551e-04,  1.1556e-04,  7.5227e-04],
        [ 1.1339e-03, -1.0744e-03,  6.7038e-04,  8.0159e-04,  4.4380e-05,
          2.1398e-04, -1.0494e-04, -1.8987e-03, -4.0389e-04,  1.3264e-03,
         -5.8026e-05, -6.8943e-04, -5.5483e-04],
        [ 1.3886e-04,  2.7256e-05, -2.8120e-04,  1.0840e-04, -9.8622e-05,
          2.1938e-05,  2.4336e-04,  7.0508e-04, -3.1302e-04,  6.6052e-04,
          6.4720e-04, -6.9619e-04, -7.8433e-04],
        [-1.2507e-03, -4.8413e-04, -1.5131e-03, -4.5500e-04,  5.4873e-04,
          1.3176e-03, -4.2371e-04,  4.0496e-04,  4.1318e-04,  7.3379e-04,
          2.2945e-03,  1.2518e-03, -7.1653e-04],
        [ 4.0215e-04,  3.7777e-04, -5.2035e-04,  1.7481e-04,  5.5085e-04,
          3.6572e-04,  1.5678e-04,  2.3349e-03, -1.1614e-03,  8.9813e-04,
          2.0691e-03, -1.5809e-03,  8.1775e-04],
        [-6.9521e-04, -2.5453e-04, -1.7086e-03, -1.1169e-03,  1.5538e-05,
         -1.2446e-03,  9.6914e-08,  1.1270e-03,  3.9866e-04,  5.6874e-05,
         -7.4057e-04,  4.6673e-05,  3.3117e-04],
        [ 9.3876e-04, -1.3063e-04, -1.0100e-03, -3.1489e-04, -5.7473e-04,
          1.1662e-03, -2.6527e-05, -9.0354e-04, -1.0441e-04,  6.0873e-04,
         -6.2575e-04, -1.1057e-03,  8.1183e-04],
        [-1.0968e-03,  7.3550e-04,  1.9182e-03, -1.5211e-03, -1.6411e-03,
          5.0790e-04, -1.3070e-03,  7.8673e-05, -9.0713e-04, -2.6868e-03,
         -1.6914e-03, -1.2906e-03,  1.2904e-03],
        [-6.5351e-05,  9.8654e-06, -6.8370e-05,  1.6699e-04, -1.3025e-04,
         -7.1036e-05,  1.9100e-04, -6.2262e-04,  1.8345e-04, -9.9307e-04,
          6.7753e-04,  2.0543e-03, -1.0355e-03],
        [-1.0246e-04, -2.4346e-05, -9.4063e-05, -3.6786e-05,  4.1030e-05,
         -9.6308e-05, -4.1837e-06,  1.0818e-04,  2.5825e-04,  3.1091e-04,
          1.4884e-04,  3.6962e-04, -9.5772e-05],
        [ 1.3233e-03, -1.2961e-04,  6.0481e-04,  1.1227e-03, -5.6909e-05,
         -1.7957e-04, -3.6111e-04,  1.3471e-03,  6.5623e-04,  8.5538e-04,
          6.3150e-04,  2.1818e-03, -7.9964e-04],
        [-3.5411e-03,  5.5593e-04, -1.7222e-03, -8.3336e-04,  2.1726e-05,
         -7.0061e-04,  9.9599e-04, -9.0113e-04,  1.2953e-03, -1.2894e-03,
          2.2176e-03, -1.1620e-03, -6.4880e-04],
        [-1.4956e-03,  4.8880e-04, -1.0926e-03, -2.6114e-04,  2.2067e-03,
         -3.2306e-04,  1.0224e-03, -1.5118e-03,  2.3408e-03, -5.9947e-04,
         -5.6181e-04,  8.9779e-04, -1.2217e-03],
        [-7.8255e-05, -8.3054e-07,  9.5498e-04, -9.6439e-04, -1.5633e-04,
          7.1097e-05,  5.5685e-04, -8.8246e-06,  6.7620e-04,  1.8688e-03,
          5.3648e-04,  5.9178e-04,  1.5044e-03],
        [-3.5716e-02, -4.7656e-02, -2.8542e-01,  1.7201e-02,  6.5423e-02,
         -1.4152e-01,  6.2306e-02, -2.6516e-02, -3.0128e-01,  3.5115e-02,
          1.1155e+00, -6.2769e-02,  7.2244e-01],
        [ 6.4973e-04, -2.6641e-04, -1.0368e-03,  1.3219e-03, -1.6850e-04,
         -3.8829e-04, -6.9120e-05, -1.0765e-04,  1.1921e-03,  1.0012e-03,
         -1.5822e-03, -3.2003e-04, -6.4852e-04],
        [-5.9090e-04, -6.9092e-04,  1.0621e-03,  1.8377e-03, -1.8117e-03,
          1.7057e-03,  2.7034e-03, -1.0294e-04,  1.1229e-03,  2.0795e-03,
         -4.3013e-04,  8.8112e-05,  8.7027e-04],
        [-4.9952e-04,  4.8316e-04, -1.3811e-03, -5.4112e-04,  4.3811e-04,
          2.2115e-03, -3.4269e-04,  3.7796e-04,  6.0160e-04,  4.2258e-04,
          2.5533e-04,  2.5604e-03, -2.1953e-03],
        [-4.2072e-04,  3.5265e-05,  3.2563e-04,  5.7049e-04, -1.0117e-05,
          2.2118e-05, -2.4904e-05,  5.9162e-04,  5.7168e-04, -4.4919e-04,
          4.0867e-04, -1.2887e-03,  5.4578e-04],
        [ 3.5174e-04, -1.0821e-03, -3.6114e-03, -1.3628e-03, -3.1376e-03,
          2.1769e-03, -3.1073e-04,  2.0671e-03, -1.6180e-03, -1.7009e-03,
         -1.8452e-04, -7.7942e-04, -2.0041e-03],
        [-1.5549e-03, -1.3352e-04,  5.4530e-04,  1.9917e-04,  3.9874e-04,
          9.9426e-04, -1.8704e-03,  8.8314e-04,  7.1298e-04, -1.0215e-03,
         -3.0261e-04,  1.4452e-03,  1.7184e-03],
        [ 2.4358e-04, -8.5770e-05, -9.2991e-05,  8.6415e-04,  2.5784e-04,
         -2.4893e-04, -2.1582e-03,  8.7721e-04,  3.7236e-05, -4.1922e-04,
         -7.9601e-05, -1.1206e-04,  1.1745e-03],
        [ 1.9369e-05, -8.7963e-05, -1.3281e-03,  1.0229e-03,  1.2797e-04,
          1.1364e-04,  1.1248e-05,  8.4289e-04,  1.1420e-03, -1.8430e-03,
         -4.1575e-04, -1.3502e-03, -4.6288e-04],
        [ 9.8519e-05,  6.9600e-04, -2.9253e-03,  2.6785e-04,  1.1353e-04,
          2.3170e-03,  1.9963e-04, -2.8504e-03,  1.4801e-03,  6.7459e-04,
         -1.9109e-03, -7.8141e-04, -4.2076e-04],
        [-2.4806e-05,  1.7468e-04,  5.8846e-04,  1.6996e-04, -2.6130e-04,
         -1.1206e-04, -8.3832e-04,  4.0322e-04, -1.2651e-03,  8.0655e-04,
          1.2523e-04, -1.0433e-03,  1.3920e-03],
        [-1.8656e-04, -1.2562e-03,  1.1694e-03,  3.4859e-04, -9.8903e-06,
         -4.3551e-04, -4.6221e-04, -7.7939e-04, -2.7410e-03, -2.8572e-04,
          2.1548e-03, -2.1637e-03, -5.9044e-04],
        [ 1.3210e-03, -7.6667e-04,  2.3454e-03,  2.2729e-03,  1.1339e-03,
         -4.4795e-04, -1.2683e-03,  8.3855e-04,  8.3755e-04, -1.1054e-04,
          1.4176e-03,  1.6165e-03,  1.5435e-03],
        [-2.1477e-03, -1.8120e-04, -1.2318e-03,  6.6801e-04,  8.1367e-04,
         -1.0838e-03, -1.0279e-03, -2.8609e-03, -1.3955e-03,  7.4756e-04,
         -9.7279e-04, -1.4061e-03,  4.6483e-04],
        [ 3.7925e-03,  3.2806e-04, -1.3015e-03, -7.5362e-05, -3.6961e-04,
         -8.5782e-05, -1.4883e-03,  1.1351e-03, -1.8448e-03,  1.9968e-03,
          1.3813e-03, -1.2803e-03,  1.6742e-03],
        [-4.5644e-05, -1.7954e-05, -1.7611e-04,  2.2282e-04, -1.0234e-04,
          2.6705e-05, -1.7917e-04, -4.1665e-04,  1.3633e-04, -6.4291e-06,
         -2.7908e-05, -1.0925e-03,  4.4993e-04],
        [ 2.2507e-04,  1.1058e-03, -7.6831e-04, -3.2181e-04,  3.6243e-04,
         -5.9526e-04, -4.8897e-04,  1.2707e-03, -1.1786e-03, -1.9076e-04,
         -3.5200e-04, -2.5125e-03,  3.5583e-04],
        [-6.8610e-04,  3.4604e-04, -1.1355e-03, -1.1102e-03,  1.5692e-03,
         -1.4295e-03, -1.9983e-03,  3.6974e-04, -4.9734e-04, -6.2367e-04,
         -2.2203e-03,  4.0888e-04,  4.7399e-04],
        [-1.1945e-04, -4.9726e-05, -1.7893e-04,  1.5724e-04,  1.1419e-04,
         -9.6802e-06,  4.8704e-04, -2.3362e-04, -8.5957e-05,  6.7561e-04,
         -1.0276e-03, -4.3774e-04, -6.5847e-04],
        [-4.7526e-04,  3.8261e-04, -1.8544e-04,  8.7007e-05,  1.0718e-03,
          2.4797e-04,  1.5488e-04,  1.5047e-03,  9.1611e-05, -1.3164e-03,
          1.1534e-03,  6.6651e-04, -4.7455e-04],
        [-5.5980e-04,  3.7090e-08,  1.6595e-04, -5.8934e-04,  1.7289e-03,
          6.2339e-06, -5.0660e-04,  2.1164e-03,  1.2917e-03,  1.0926e-03,
         -9.7570e-04, -1.0937e-03, -7.8096e-04],
        [ 7.5740e-04,  1.5905e-05, -6.5485e-04, -4.5050e-04, -1.0997e-04,
          4.7983e-05,  4.8756e-04,  2.0930e-03, -3.3184e-04,  3.0690e-04,
          7.0373e-04,  1.1836e-03,  8.7742e-04],
        [ 1.7126e-03, -7.5053e-04, -1.2667e-03,  9.1165e-04,  1.0210e-03,
          2.4532e-03,  1.4956e-04,  2.0030e-03,  4.0560e-04,  7.3457e-04,
          4.3017e-04,  7.8212e-04,  1.5980e-04],
        [ 9.4668e-04, -8.7078e-04,  2.5165e-03, -6.8552e-04,  2.5566e-03,
         -6.8542e-04, -7.3519e-04, -6.0454e-04,  6.3875e-04, -5.9000e-04,
         -7.6285e-04,  6.2118e-04, -6.7601e-04],
        [-1.0520e-03,  6.5645e-03,  5.0983e-04, -4.0695e-03, -5.7104e-04,
          5.3647e-04, -1.9778e-03,  1.6334e-03,  1.8338e-03,  1.3229e-03,
          3.8998e-05, -4.5094e-04, -1.4510e-03],
        [ 1.0650e-03,  1.5979e-04, -3.8041e-03,  8.1898e-04, -8.9177e-04,
         -1.6560e-03, -4.3906e-04,  1.3648e-04,  2.4667e-03,  1.0633e-03,
         -4.6074e-04,  9.3004e-04, -2.1631e-03],
        [-1.2700e-04,  4.6392e-04, -3.1064e-04,  5.3206e-04, -3.8704e-04,
          9.4343e-04, -7.4734e-04, -7.9790e-04,  4.4633e-04, -1.0242e-03,
          5.3264e-04, -8.9828e-04,  1.9249e-03],
        [-1.1792e-03, -2.2235e-03,  1.4385e-03, -6.3845e-04, -1.2542e-03,
         -7.7363e-04, -1.4233e-03,  1.7615e-03,  7.1269e-04,  1.5171e-03,
         -1.1775e-03,  3.5323e-06,  8.1340e-04],
        [-3.1608e-04, -1.9995e-04,  1.7377e-03, -5.1832e-04, -9.4609e-04,
          1.0126e-03, -3.6480e-04,  5.6141e-04,  7.5545e-04,  2.1416e-03,
         -2.6713e-04,  9.9924e-04,  4.2881e-04],
        [-2.8252e-05, -2.8725e-05, -7.8653e-04,  3.5916e-04,  8.2446e-05,
          1.3598e-04,  6.6326e-04, -7.2723e-04, -1.9932e-04,  4.2470e-04,
          9.6867e-06,  6.4362e-04,  4.5085e-04],
        [ 4.4240e-04,  4.0810e-04,  4.4534e-04, -4.3424e-04, -1.3410e-03,
          5.0731e-04, -6.4374e-04,  1.9873e-03,  1.6746e-04, -5.7127e-04,
          3.1615e-04, -1.3513e-03,  1.2876e-03],
        [-7.8057e-04, -4.6551e-04, -1.3470e-03, -3.6784e-04,  5.6678e-05,
          7.5787e-04, -3.8829e-04, -9.1243e-05,  7.4719e-04,  1.8799e-03,
         -1.7164e-04,  1.0836e-03,  6.0918e-04],
        [ 6.8490e-05,  2.5669e-04, -1.0940e-03,  1.1683e-03,  4.6821e-04,
         -1.2414e-03,  1.2129e-03, -1.5660e-03, -1.3064e-03, -5.7849e-04,
         -8.1932e-05,  2.5117e-03, -3.0761e-04],
        [ 8.3758e-04,  4.0598e-05,  1.2597e-03, -2.4380e-04, -5.8075e-04,
         -1.1890e-04,  2.9490e-06, -7.8428e-04, -2.8489e-04,  1.0401e-03,
          6.0395e-04,  6.9271e-04,  5.1796e-04],
        [ 6.7453e-05,  1.7614e-05,  2.7742e-04, -3.4327e-04,  1.3927e-04,
          2.0838e-05,  4.0255e-05, -3.0712e-04, -2.1083e-04, -4.1808e-04,
          1.5993e-04, -1.8204e-04,  2.6403e-04],
        [ 2.2858e-04, -2.6589e-04,  3.0455e-04,  3.6489e-04,  5.1477e-04,
          1.6695e-04,  4.0433e-05, -5.3466e-04, -7.7793e-04,  2.6355e-04,
          1.7034e-04, -3.4567e-03,  3.8124e-04],
        [-1.4048e-03,  2.7018e-04, -2.0776e-04,  6.2574e-04,  8.4948e-04,
         -3.4976e-04, -1.3337e-03, -2.2806e-03,  4.4522e-04,  1.1101e-03,
          4.1089e-04, -9.2212e-04, -1.1557e-03],
        [ 4.8293e-05,  4.3715e-04, -8.3296e-04, -8.5372e-05, -3.1544e-04,
         -2.5633e-03,  2.9150e-04, -5.9702e-04,  4.1802e-04,  1.1498e-03,
          3.9498e-04, -7.0711e-04,  2.2786e-03],
        [ 6.6091e-04,  2.5151e-04, -1.4149e-04,  3.5813e-04,  4.5256e-04,
         -2.3148e-04, -4.6999e-04,  6.9573e-04,  1.1351e-03, -1.0516e-03,
         -1.6469e-03, -6.6448e-04,  2.0210e-03],
        [-7.1616e-04,  6.7970e-04, -1.1206e-03, -9.5364e-04, -5.9675e-04,
         -1.7934e-04,  7.5668e-06, -1.1182e-03, -1.1529e-03,  8.1560e-04,
         -2.5329e-04, -8.9406e-04,  1.5012e-03],
        [-5.3384e-04,  5.2922e-04,  1.9378e-03,  1.0961e-03,  1.0844e-03,
          1.2228e-03, -1.1040e-03, -3.0208e-04,  1.6142e-03, -1.2674e-03,
         -3.3409e-04,  9.4436e-04,  3.2152e-04],
        [-1.2052e-03,  9.5187e-05,  7.8414e-04,  8.2274e-04, -1.0538e-03,
          4.9567e-04, -1.6484e-04,  6.7298e-04,  6.6503e-04,  5.4976e-04,
          1.1139e-03,  1.6469e-03, -6.1433e-04],
        [ 1.6639e-04, -7.0616e-05,  2.2011e-04,  4.6176e-04,  9.2505e-04,
         -1.3745e-03, -2.2213e-03,  2.2249e-04, -1.5738e-04, -1.2768e-03,
          4.0233e-04,  7.2679e-04,  1.4803e-03],
        [-9.9004e-05,  8.3802e-05, -9.1047e-04,  8.7151e-04,  6.5277e-04,
          1.8889e-04, -4.2615e-04,  2.3971e-04,  9.3777e-04, -2.3833e-04,
          6.8763e-04,  1.9197e-03,  8.5482e-04],
        [ 1.0641e-03, -2.7981e-05,  7.3948e-04,  2.6899e-03,  2.5903e-04,
         -1.2872e-03,  1.3910e-03, -7.1867e-04,  1.7756e-03, -5.6176e-04,
          5.8110e-04, -1.2592e-03, -1.0717e-03],
        [ 5.0683e-04,  2.5105e-03, -1.3839e-03, -1.0347e-04,  1.3985e-03,
         -7.1049e-05, -9.3602e-04,  6.3905e-04, -1.1616e-03,  1.6769e-04,
          1.7759e-03,  1.5382e-03, -5.1161e-04],
        [-9.8659e-04,  7.7846e-04, -1.1980e-03, -1.3123e-03, -2.1669e-03,
         -3.1107e-03,  1.8233e-03,  1.0719e-03,  1.2418e-03,  2.7282e-03,
          9.1946e-04, -1.2007e-04,  1.4963e-03],
        [ 5.6884e-05,  1.9264e-04, -1.4415e-06,  3.4013e-05, -1.2906e-04,
         -3.2314e-04, -4.8964e-05,  9.6508e-05,  9.9317e-05, -7.9648e-04,
          1.2071e-04,  3.3034e-04, -3.9853e-04],
        [-1.7524e-03, -4.7332e-05, -2.6967e-03, -9.1810e-04, -6.5456e-04,
          1.2696e-04, -3.6923e-04, -1.8775e-03,  1.9928e-05,  1.8349e-03,
          6.6962e-04,  1.3863e-03,  1.4204e-03]], device='cuda:0')), ('fcs.0.bias', tensor([ 5.4847e-04,  7.8529e-04, -6.8587e-04, -1.4460e-04,  1.3392e-03,
         1.5351e-04,  4.3705e-04,  1.2346e-03, -3.8947e-04,  3.8436e-05,
         4.1635e-04, -2.2700e-03,  1.4687e-03, -3.4761e-04, -1.5632e-04,
         1.0835e-01,  6.0005e-04, -8.0240e-04,  5.7507e-04,  1.7025e-04,
         1.3953e-03,  1.4769e-03, -1.8487e-03,  3.9883e-04,  3.2557e-04,
        -3.8318e-04, -3.8141e-04,  1.1408e-03, -7.9830e-04,  2.5723e-04,
        -3.1620e-05,  1.1695e-03, -8.8167e-04, -8.7336e-05,  2.3065e-04,
         3.6919e-04,  6.0501e-04, -1.2180e-04,  3.9318e-04, -3.4708e-03,
        -4.7099e-04,  2.0625e-04,  1.0925e-03,  6.1206e-04,  2.5228e-04,
        -1.8490e-04,  2.6130e-04, -2.3193e-03, -1.5577e-04, -3.0671e-04,
         2.2444e-04,  2.6896e-03,  1.4046e-03,  5.9439e-04,  1.1044e-03,
        -2.2362e-03, -1.8258e-03,  1.6355e-03, -4.8613e-04, -5.9182e-04,
         7.1833e-04,  3.0620e-03, -1.9819e-05,  2.7743e-03], device='cuda:0')), ('fcs.1.weight', tensor([[-6.6986e-04, -1.9570e-03,  6.7177e-04,  ..., -7.4318e-04,
         -4.9397e-04, -1.3812e-03],
        [ 5.7415e-04, -1.3300e-03,  3.9087e-05,  ...,  1.7249e-03,
          5.8070e-04, -6.5626e-05],
        [-8.9027e-04, -2.8955e-04,  1.3051e-03,  ...,  1.1409e-03,
          1.3019e-04,  1.0217e-03],
        ...,
        [ 6.2232e-04,  5.5354e-04, -1.9153e-03,  ...,  4.6535e-04,
         -3.0074e-04,  1.3785e-04],
        [-7.4446e-04, -2.3865e-04,  2.2200e-03,  ...,  2.5013e-03,
          1.3501e-03, -4.5898e-04],
        [ 2.1186e-03,  2.5716e-03, -2.4814e-03,  ...,  6.7168e-04,
         -6.7473e-04, -1.2936e-03]], device='cuda:0')), ('fcs.1.bias', tensor([ 3.2106e-03, -4.7003e-04,  6.6344e-05, -1.0695e-04, -1.5368e-03,
        -1.2397e-03,  1.2146e-03, -2.0604e-04, -1.8530e-04, -3.9700e-04,
         1.3212e-03, -1.2548e-03,  4.9007e-06, -1.0209e-03,  2.2594e-04,
         1.0750e-03, -1.0008e-03,  3.4907e-04, -2.5361e-04,  1.5305e-03,
         6.8677e-04, -1.0005e-03,  1.8603e-03, -3.3160e-04,  5.1565e-04,
         2.8021e-05,  1.8101e-03, -7.8706e-04,  1.8641e-03,  3.0654e-04,
        -8.8513e-04,  5.0177e-04,  1.3104e-03,  2.4006e-03,  1.3030e-03,
         6.8893e-04, -7.3916e-04, -2.8440e-04, -4.3045e-04,  5.8698e-04,
        -1.4033e-03, -1.8930e-04, -3.1126e-04,  1.1571e-03, -1.5014e-03,
        -1.2355e-04,  2.1008e-03,  5.9561e-04, -5.2179e-04, -9.9662e-04,
         4.1365e-03,  6.1765e-04, -1.1807e-04, -1.1292e-03, -1.9148e-04,
         9.3941e-04,  6.9281e-05, -1.3000e-03,  3.2154e-04, -1.4693e-03,
         1.2552e-03,  3.2725e-04,  2.3098e-04,  1.3957e-04], device='cuda:0')), ('fcs.2.weight', tensor([[-3.3320e-05,  1.4569e-03,  4.0876e-04, -5.0489e-05, -8.9799e-05,
          5.5675e-05, -1.2560e-03, -2.9116e-04, -3.3700e-04,  8.0893e-04,
          3.4260e-04, -2.3858e-05, -2.2050e-05,  6.1679e-06, -2.0502e-05,
         -1.0352e-04,  2.7449e-04,  6.4441e-04,  6.7086e-04, -4.5861e-04,
          2.3320e-04, -9.2342e-04,  1.5494e-03, -1.1699e-04,  3.8668e-04,
          2.4185e-04, -7.1091e-04, -9.5636e-06, -1.2642e-04, -1.6024e-05,
          3.2138e-04,  2.1449e-04, -1.5621e-04, -3.8413e-01,  4.4428e-04,
         -2.0603e-03,  1.2656e-05, -3.0214e-03,  3.9293e-06,  1.4210e-04,
          1.4664e-03, -4.0535e-04,  3.5051e-05,  9.8530e-05,  1.2161e-04,
          6.3399e-07, -4.6520e-04, -1.0376e-04,  9.5337e-04, -3.6944e-05,
          1.6252e-04, -5.2353e-04, -9.3742e-05, -1.8011e-03,  7.9048e-05,
          1.5169e-04,  4.0412e-04,  4.3182e-05,  1.3111e-03, -5.9397e-05,
         -2.4857e-04, -1.0271e-04,  3.5475e-05, -1.3515e-04]], device='cuda:0'))])
end of epoch 3: val_loss 1.7680453566345387, val_acc 0.975
trigger times: 1
end of epoch 4: val_loss 4.99040522275962e-05, val_acc 1.0
trigger times: 0
saving model weights...
Weights: OrderedDict([('fcs.0.weight', tensor([[ 1.7836e-01, -1.2990e-01, -3.6825e-03,  2.6395e-02, -7.8392e-02,
         -1.3324e-01, -2.6769e-02,  5.6512e-03, -3.6383e-01,  8.2493e-07,
          5.4420e-01, -1.9837e-04,  3.4102e-01],
        [ 3.6674e-04,  5.5465e-06,  5.5748e-05, -1.0204e-04, -5.6804e-04,
          1.7497e-04, -2.2939e-03,  3.8523e-04,  4.4288e-05,  9.7655e-04,
          1.9433e-03, -3.0899e-04,  2.1573e-03],
        [ 5.1810e-05,  2.7651e-05,  1.9586e-03, -8.6574e-04,  9.7712e-04,
         -8.7813e-04, -4.3877e-03,  1.6549e-03,  4.0109e-04, -8.9762e-05,
          3.6486e-03,  5.6509e-04,  1.4190e-03],
        [-7.9234e-08,  8.1998e-02, -2.2784e-05, -3.5649e-01,  8.4899e-06,
         -3.4376e-05, -1.2428e-01, -6.1080e-05,  4.7699e-05,  7.8074e-06,
          2.6010e-05,  2.2896e-04,  2.4736e-04],
        [ 1.2812e-01, -8.8398e-02,  3.1868e-03,  2.4090e-03,  5.5165e-02,
          3.6207e-02, -1.4133e-02, -1.5923e-03, -3.2400e-04, -2.8357e-04,
          6.0462e-05, -3.3406e-03,  1.3932e-03],
        [ 1.6667e-01,  5.4539e-02, -3.8920e-04,  1.4694e-01, -5.3806e-03,
         -1.5591e-01, -4.7355e-04,  2.8004e-05, -3.8139e-05, -9.1843e-05,
          9.2667e-06, -1.4085e-04,  9.1075e-05],
        [-2.8377e-01,  5.6053e-02, -1.2909e-01, -2.8237e-01,  1.1167e-03,
          7.9878e-04, -2.7430e-01, -1.7541e-04,  1.8286e-01, -6.8566e-04,
         -1.9527e-01,  4.2342e-04, -2.3403e-03],
        [-5.8742e-01,  8.1029e-06,  2.1505e-05, -3.0801e-01,  2.4131e-05,
          5.2403e-05, -1.9436e-01, -1.6318e-05, -1.5155e-05,  2.3161e-05,
          4.4987e-03, -1.7406e-04, -1.7037e-04],
        [ 2.4639e-01,  1.0836e-01, -4.1336e-01, -7.1207e-06,  2.4493e-06,
          1.3655e-05, -1.1104e-01,  3.5542e-05, -3.9575e-06, -1.0492e-04,
         -2.4176e-05,  1.0328e-04, -2.6544e-05],
        [ 1.6410e-01, -1.2327e-02, -1.9830e-04,  1.6024e-01, -1.6794e-02,
         -1.3168e-02,  6.8176e-03, -1.5388e-04, -1.1738e-04, -3.3855e-05,
          4.2890e-02, -3.2139e-04,  4.3631e-04],
        [ 3.4418e-03, -7.7221e-05,  6.7068e-04, -1.5909e-03,  9.4005e-04,
         -5.3913e-04,  1.2046e-03,  4.2251e-04, -1.5993e-03,  7.7732e-04,
         -6.0094e-04,  2.5783e-05, -2.5248e-03],
        [ 5.2766e-02, -1.6538e-01, -2.5725e-04,  1.2550e-01,  1.1427e-01,
          2.5194e-02, -5.6133e-02,  1.4071e-04, -9.4352e-02, -4.7178e-05,
          3.4824e-01, -2.0672e-03,  1.7895e-02],
        [-2.2583e-01, -9.2805e-06, -4.2346e-02,  5.4328e-05,  1.4741e-05,
          3.6067e-05, -2.0644e-01,  8.6692e-06,  2.5295e-05,  9.8236e-05,
         -2.3770e-05,  2.1850e-05, -1.2606e-04],
        [-1.8249e-04, -6.1642e-03,  1.0500e-01,  8.0598e-03, -4.6006e-05,
          1.5246e-01,  4.0486e-02, -1.2999e-04, -2.7694e-01,  5.1512e-02,
          3.0645e-01,  2.8385e-02,  5.9272e-05],
        [ 8.1045e-02, -2.8213e-03,  5.5257e-01,  1.0269e-02,  2.8422e-03,
          9.7259e-02,  1.0733e-02,  1.2804e-04,  7.8937e-06, -4.2957e-05,
         -1.6765e-02,  4.4177e-02, -1.2274e-04],
        [ 9.2268e-02, -1.4395e-01, -3.7448e-01,  4.4887e-01,  8.1790e-02,
          2.1386e-01,  1.0537e-01,  1.9659e-02, -1.3439e+00, -3.9209e-01,
          2.3539e+00, -6.8421e-01,  2.4241e+00],
        [-2.1892e-01,  9.5846e-02,  6.8962e-05, -2.1638e-01,  8.1025e-05,
          1.5133e-05, -2.1152e-01, -1.6765e-05, -6.1336e-06,  1.3074e-04,
          2.5193e-05,  8.3034e-04, -1.3386e-04],
        [ 4.6153e-02, -4.1034e-02,  1.5792e-01,  1.1865e-02, -1.3379e-04,
          1.4049e-01,  8.5534e-02, -3.5922e-05, -3.7752e-01,  5.0312e-02,
          4.0259e-01,  8.4862e-03,  1.1054e-02],
        [ 1.0316e-04, -1.4236e-04, -1.3792e-04, -1.5685e-04, -3.7820e-04,
         -3.3420e-05,  4.1048e-04, -1.1016e-03,  2.5528e-04, -1.0270e-04,
         -4.9868e-04,  2.0061e-04,  1.5170e-03],
        [ 9.9615e-03,  8.1093e-03, -6.7008e-02,  2.1431e-01,  1.3364e-02,
         -4.1100e-02, -7.0450e-02, -2.3996e-06, -5.1661e-05, -7.8542e-05,
          2.1544e-05,  1.4346e-04,  2.5897e-05],
        [ 5.8943e-04, -7.8194e-04, -1.0723e-03,  1.2466e-03, -6.1820e-04,
          5.1378e-04,  1.1514e-03, -1.8316e-03,  3.3422e-04,  1.7959e-03,
          2.1116e-04,  6.8992e-04,  2.6312e-03],
        [ 1.5879e-01, -1.3975e-02,  2.4306e-01,  4.7745e-02, -4.1050e-05,
          5.0763e-02,  1.4495e-01, -5.0544e-05, -1.3534e-01,  9.0475e-03,
          1.6679e-01,  1.8489e-02,  4.4970e-05],
        [-3.0056e-05, -2.0370e-04,  5.7701e-05,  9.9922e-05, -4.0655e-04,
          4.2366e-04, -4.1635e-05, -4.6939e-04,  2.9783e-04,  8.0390e-04,
         -2.8530e-04,  9.0509e-04, -9.1625e-04],
        [ 1.4779e-01, -1.8117e-02,  4.6713e-01,  1.2749e-03,  5.3579e-04,
          7.2312e-02,  4.2070e-01, -9.2024e-05,  6.1888e-06,  1.3336e-04,
          1.3900e-05, -6.3691e-04,  2.1360e-04],
        [ 2.8530e-01, -8.2127e-03,  1.3403e-01,  2.2835e-01,  1.3204e-02,
         -2.9851e-03,  1.4531e-01, -1.2566e-02, -5.5771e-01, -4.4284e-07,
          7.4608e-01,  1.9174e-04,  1.2544e-01],
        [ 4.2707e-04,  4.0930e-04,  2.9793e-04, -1.7616e-04,  1.8349e-04,
         -2.7359e-03, -5.1433e-04,  2.7108e-03,  3.1588e-04,  4.4436e-04,
         -1.8342e-03,  1.1615e-03,  2.1586e-03],
        [-3.0068e-05, -4.8085e-04,  3.4386e-04,  1.1731e-04,  4.9864e-04,
          1.3935e-04, -1.0428e-04, -3.0196e-04, -6.3791e-04, -6.2094e-04,
          1.5113e-03,  3.2582e-05, -1.4298e-04],
        [-2.4710e-01, -2.1813e-05, -2.0081e-02,  7.3199e-06,  4.5700e-05,
          7.7758e-05, -1.8430e-01, -7.3783e-05, -6.9371e-05,  7.0286e-06,
         -1.0656e-05, -3.3459e-04,  9.9113e-05],
        [-2.5080e-01, -8.1624e-08,  3.0731e-07, -4.7233e-02, -6.9785e-05,
         -1.8500e-05, -1.8139e-01, -2.8152e-05,  1.2613e-04,  5.7940e-04,
          6.4667e-05, -1.1155e-03, -2.2739e-04],
        [ 4.4187e-01,  2.0348e-02,  5.8242e-01,  9.4789e-02, -9.4951e-03,
          1.4099e-01,  4.3532e-01, -3.6113e-02, -7.0019e-03,  2.3461e-01,
         -7.5140e-02,  5.8821e-01, -3.4428e-01],
        [ 4.3449e-04, -2.9481e-04, -7.6883e-04,  1.8092e-03,  3.5095e-04,
         -2.0605e-04, -5.6564e-04,  5.0499e-04, -8.1749e-04,  1.1141e-03,
          2.5883e-04,  1.3119e-03,  1.8223e-03],
        [ 2.7035e-05,  1.3559e-04,  1.1253e-04, -1.6444e-05,  1.4473e-03,
          2.6900e-04, -3.3166e-05,  6.4410e-04, -2.4423e-04,  1.8463e-03,
         -2.0727e-04, -1.8051e-04,  1.4896e-03],
        [ 3.9039e-04, -1.0424e-02,  2.7826e-02,  7.5544e-03, -9.9855e-03,
          1.8784e-01,  1.5854e-02,  6.9617e-05, -4.1677e-01,  6.7766e-02,
          4.4558e-01,  2.4401e-02,  5.1608e-02],
        [ 1.5688e-04,  6.3805e-05, -3.2440e-02,  3.9190e-01, -6.2476e-03,
         -4.7453e-03,  1.7492e-01,  1.6607e-04, -2.5509e-01,  4.4242e-05,
          3.3441e-01, -1.3744e-04,  1.1611e-01],
        [ 1.1477e+00, -6.9996e-03,  6.8187e-01,  7.2019e-01, -3.3577e-01,
         -4.9767e-03,  7.0270e-01, -3.7909e-01,  1.0167e+00,  2.2053e-02,
         -1.1825e+00,  1.8590e+00, -1.8068e+00],
        [-1.6482e-05,  2.6251e-05, -1.0278e-04,  3.3541e-05,  1.4446e-06,
          1.9558e-04, -4.9357e-06, -1.1715e-04,  1.2549e-05, -1.9470e-04,
         -4.2400e-05, -3.9678e-04, -1.0246e-03],
        [-3.2856e-01, -5.3013e-06,  4.5989e-05, -8.3197e-02,  1.2628e-05,
          5.0906e-05, -2.8751e-01, -4.7420e-05, -2.2540e-05,  2.9571e-04,
         -6.0048e-05, -1.0363e-03, -1.0672e-04],
        [ 4.3025e-05, -4.2378e-06, -9.3982e-05, -7.3779e-05, -1.2861e-04,
         -1.2103e-04, -2.3279e-04,  1.2167e-03, -4.8195e-04,  1.9718e-04,
          1.2570e-04,  2.7601e-04, -9.3432e-04],
        [-2.4124e-04, -1.1397e-03, -1.2558e-03, -3.0685e-04, -9.2891e-04,
         -7.2318e-04, -8.6640e-04,  7.3831e-05,  2.5381e-03, -1.0543e-03,
          1.8970e-03,  1.3711e-03, -1.2995e-03],
        [ 1.1710e-04,  6.7581e-06, -8.8545e-05,  1.3851e-04, -2.4639e-04,
          5.4256e-04,  1.7016e-04, -9.0623e-04,  2.3318e-03,  7.7763e-04,
          2.0435e-03,  5.4268e-05, -1.4190e-03],
        [ 4.8102e-03, -1.0051e-01, -6.3076e-04,  5.7684e-01,  3.1388e-02,
          1.9681e-02, -5.5860e-03, -1.6645e-04, -6.8781e-02,  1.4286e-06,
          7.8311e-02,  4.6052e-03, -2.8224e-05],
        [ 6.9980e-04,  6.4111e-02, -1.2571e-04, -3.0240e-04,  5.1646e-05,
          1.2017e-04, -2.0203e-04, -3.7573e-05,  1.6564e-02, -9.5019e-06,
         -5.4148e-02,  7.3266e-06, -6.6300e-05],
        [-4.9996e-06, -3.6193e-04, -4.2344e-04,  2.9167e-05, -3.0209e-04,
          2.3290e-05, -4.4127e-05, -5.6330e-05,  6.9696e-04,  1.1812e-03,
          1.5765e-04,  1.3529e-03, -1.8273e-04],
        [-1.2921e-02, -2.2918e-06,  5.0469e-06, -1.6501e-04, -3.8179e-05,
          4.0039e-05, -1.3546e-07,  2.9154e-05, -4.0719e-05, -5.3549e-04,
          3.1653e-05, -2.6382e-04, -2.7997e-04],
        [-2.6761e-01, -1.4742e-01, -7.5755e-02, -2.7390e-01,  1.1244e-01,
          2.7642e-04, -1.1566e-01,  1.9128e-02,  3.1792e-02,  1.0634e-04,
         -3.6744e-02,  7.2286e-05, -1.8483e-05],
        [ 1.8672e-01, -1.0355e-02,  6.0386e-01, -3.2477e-02,  4.3020e-02,
          9.2040e-02,  2.4520e-01,  4.1509e-04,  5.9580e-02, -1.1718e-04,
         -2.7584e-01,  2.8274e-01, -3.2561e-05],
        [ 5.6202e-05, -6.8125e-05, -2.9441e-04,  1.1483e-04,  7.2253e-05,
          8.5193e-05, -2.8748e-04, -1.0629e-04, -2.1202e-04, -4.9364e-04,
          1.5534e-04,  2.3274e-04,  1.5615e-04],
        [ 1.1005e-03,  6.3302e-04, -4.0485e-04, -2.4864e-03,  8.4753e-04,
         -1.9059e-03,  3.1529e-04,  1.5683e-05, -4.0985e-04, -1.6568e-03,
         -1.5997e-03,  3.4262e-03, -1.0709e-03],
        [ 4.6828e-04, -5.8115e-02,  2.9345e-01,  5.8775e-05,  1.5974e-02,
          2.2617e-02, -4.0344e-03, -2.5568e-04, -3.7618e-05,  1.3497e-04,
         -3.3133e-05,  1.6329e-04, -1.2255e-04],
        [-2.3550e-01,  4.3175e-02, -2.1190e-05, -3.5016e-01, -1.0804e-04,
         -2.2678e-05, -7.0307e-02,  2.1774e-05,  1.1842e-05,  3.1611e-04,
          9.8567e-06,  2.0490e-04,  9.4409e-04],
        [ 5.2217e-02,  1.1099e-01, -9.9289e-06,  2.5570e-02, -1.0594e-01,
         -1.1448e-01,  9.5781e-02,  2.7587e-05, -6.5593e-06, -5.5225e-05,
          1.3875e-06, -3.3170e-05, -3.3731e-05],
        [ 9.4780e-02,  2.2128e-02, -1.9318e-01, -6.3319e-06, -1.9092e-05,
         -8.0158e-06, -6.6932e-02, -9.6804e-05,  3.7975e-02, -5.5269e-06,
         -2.3659e-02,  6.7026e-05,  2.2010e-04],
        [ 4.1705e-01,  1.4123e-02,  4.8880e-01,  1.3214e-04,  1.0886e-02,
          1.3179e-01,  3.8016e-01, -1.8262e-04, -1.3185e-04,  1.6151e-01,
          4.6545e-04,  2.1484e-01, -2.8187e-02],
        [ 3.9936e-02, -7.7294e-03, -2.1482e-01,  5.5850e-01,  1.1038e-01,
         -8.1700e-03,  4.2079e-02,  3.4619e-04, -4.2128e-02, -1.0691e-05,
          1.4718e-01,  7.7643e-05,  7.8491e-05],
        [-7.9121e-05,  3.5890e-04,  9.2887e-04,  4.3713e-04,  2.0904e-03,
         -1.6684e-03,  5.7009e-04, -1.9784e-03,  3.7013e-04, -1.1535e-03,
         -2.2730e-03, -1.1018e-03, -5.2810e-04],
        [ 1.2182e-01, -1.7073e-04,  2.8226e-01, -1.7620e-06,  2.8178e-03,
          3.0361e-03,  6.8702e-02,  4.1504e-05, -4.2536e-05,  1.2142e-04,
         -1.6701e-05,  5.2554e-04,  5.7707e-05],
        [-9.7772e-06,  3.5355e-05,  1.4008e-04, -2.3751e-05,  3.8236e-04,
         -2.3819e-04, -1.5278e-05,  4.0942e-04, -1.4488e-04, -2.4283e-03,
          1.4507e-04,  1.0813e-03, -1.3574e-04],
        [-5.0331e-01, -1.9637e-02, -7.4527e-01,  2.9053e-01, -1.6823e-01,
         -1.7404e-02, -2.1988e-01, -1.9364e-01, -1.0006e+00, -1.6046e-01,
          1.2374e+00, -1.1059e-03,  1.7253e+00],
        [-1.4846e-05,  5.7642e-05,  2.2051e-04, -5.6105e-05, -2.9362e-04,
          5.9220e-05,  3.9528e-05, -8.0719e-04, -9.6354e-05,  1.4598e-03,
          2.5320e-04, -1.2087e-03,  1.8023e-03],
        [ 9.7953e-05, -5.0757e-05,  4.2987e-02,  7.3041e-03, -1.5932e-02,
          2.0423e-01,  6.9257e-02,  5.4972e-05, -4.0610e-01,  6.8107e-02,
          4.4313e-01,  3.0275e-02,  3.6131e-04],
        [-2.4479e-04, -1.8675e-02,  4.2130e-05,  1.2041e-04,  5.9361e-05,
          1.0346e-05, -1.4094e-05, -1.4366e-04, -4.2177e-04,  1.2510e-03,
          6.2829e-04,  7.4077e-04,  3.8339e-04],
        [-1.4387e-04, -1.3816e-04, -3.2605e-04, -4.6368e-05, -1.0162e-03,
          1.1229e-04,  1.3164e-04,  1.8074e-04,  1.3622e-04,  1.1510e-04,
         -3.9610e-04, -4.7719e-04,  2.7427e-04],
        [-2.9462e-01, -1.1043e-05, -6.2439e-05, -2.0266e-01, -1.1221e-04,
          7.0716e-05, -1.8902e-01,  6.2777e-07,  2.7826e-05, -4.1710e-04,
          5.1483e-07, -6.8136e-05,  3.5403e-04],
        [-1.6369e-02,  2.7195e-01,  4.8586e-02,  4.7714e-02, -1.4346e-01,
          3.0933e-01,  2.7659e-01, -6.6747e-01, -1.0465e-02,  1.5252e-02,
          1.0935e-05,  6.0581e-01, -4.3088e-01]], device='cuda:0')), ('fcs.0.bias', tensor([-8.4798e-02, -2.5862e-04,  1.8871e-03, -1.7734e-01,  3.5794e-02,
         6.5392e-05, -2.9075e-01, -7.6977e-02, -2.9368e-01,  1.3456e-04,
         2.4619e-03,  2.3661e-04, -2.2223e-01,  2.9671e-01,  3.6045e-04,
         4.4877e-01, -2.5599e-01,  2.3209e-01,  3.4268e-05,  7.1460e-04,
        -3.3364e-04,  2.7554e-01, -1.8862e-05,  1.2105e-01,  3.3129e-02,
        -5.4781e-04, -6.4820e-05, -2.4947e-01, -2.4716e-01,  6.1087e-01,
         3.1161e-04, -4.2733e-05, -1.3718e-04,  3.0093e-04,  6.0089e-01,
         5.8945e-05, -3.0214e-01, -5.6753e-06,  5.1928e-04, -3.8033e-05,
         9.4077e-02, -4.0715e-04, -3.0925e-05, -3.0261e-03, -1.2426e-01,
         5.3766e-03, -8.1831e-05,  5.4256e-04,  1.9126e-05, -3.0279e-01,
        -8.5171e-05, -2.6953e-01,  6.2687e-01,  2.6741e-01, -3.4763e-04,
         1.4098e-01, -5.1262e-05, -1.3057e-01, -2.6300e-05,  8.0118e-02,
        -6.2435e-05, -3.6627e-05, -2.3413e-01,  9.6833e-02], device='cuda:0')), ('fcs.1.weight', tensor([[-2.2569e-04,  6.7357e-04, -2.4980e-03,  ..., -2.0198e-03,
          2.1727e-03,  4.7803e-04],
        [ 1.2934e-01, -2.1026e-03, -1.4763e-04,  ..., -5.8194e-04,
          7.2517e-04, -2.3826e-02],
        [ 3.8238e-04, -7.3290e-04, -1.1464e-03,  ..., -1.2890e-03,
         -2.7075e-04, -5.9579e-04],
        ...,
        [-3.6261e-02,  6.0219e-04, -1.1954e-03,  ..., -6.4012e-04,
         -3.9591e-04,  1.8726e-01],
        [ 1.2163e-04,  9.8013e-04, -7.6482e-04,  ...,  1.7168e-03,
          7.7489e-04,  4.1710e-05],
        [ 8.2345e-04,  1.8992e-03, -7.2931e-04,  ...,  8.9058e-04,
          9.7250e-05, -3.7287e-04]], device='cuda:0')), ('fcs.1.bias', tensor([-2.1478e-04, -2.4685e-01, -1.1678e-01,  9.3273e-04, -4.8951e-04,
        -4.4409e-04, -1.3744e-02,  8.6575e-04,  1.6508e-04,  4.1777e-02,
         1.6096e-01, -9.5512e-06,  4.2874e-04, -9.1501e-05,  9.5798e-04,
         2.5160e-04, -1.0905e-03, -1.3630e-04, -6.8231e-04,  2.3480e-04,
        -1.9960e-01,  7.0482e-05,  4.6638e-05,  5.1729e-04, -3.2912e-03,
        -3.9838e-03, -2.6240e-02,  4.1930e-05,  5.3633e-04, -1.7081e-03,
        -2.4708e-05, -1.2476e-04, -3.8535e-04,  1.6473e-02,  3.9568e-05,
         1.0703e-04,  2.1384e-03, -9.2375e-04,  8.4773e-04,  6.4472e-02,
         2.2909e-01,  7.1421e-05,  1.0215e-03,  3.0071e-05, -1.1651e-01,
        -9.3733e-05, -3.0583e-04, -3.0281e-03, -7.4996e-05, -1.4468e-04,
         2.8569e-04, -2.2881e-01, -2.8574e-04,  5.5017e-04,  5.4838e-04,
        -1.4135e-04,  5.9992e-05, -1.7851e-03, -2.7526e-05, -8.5685e-05,
        -1.7528e-05,  1.1067e-02,  3.1527e-04, -3.6047e-04], device='cuda:0')), ('fcs.2.weight', tensor([[-2.5315e-05, -2.1877e-01, -1.2881e-01, -2.9559e-05, -1.0569e-02,
          3.1476e-04,  9.1285e-03,  1.5502e-05, -7.5534e-03, -6.4914e-02,
         -4.7727e-02, -1.0687e-01, -1.4205e-02, -3.8400e-04, -1.0641e-01,
         -4.3884e-04,  1.5363e-06,  1.4673e-05, -7.7912e-03, -6.9681e-04,
         -2.4994e-01,  3.6413e-02,  3.8003e-05,  9.4365e-04,  5.5958e-02,
          6.5363e-02,  3.6957e-04,  1.1893e-05, -4.9714e-05, -1.7785e-02,
         -2.9353e-05,  4.6078e-02, -8.4945e-06, -1.3743e-01, -2.9382e-02,
          5.5679e-02,  6.3436e-02,  6.0067e-06, -4.0019e-05, -5.5306e-03,
          2.3784e-01, -8.2836e-06,  2.9317e-04, -3.4286e-02, -1.3959e-01,
          1.4131e-04, -3.6127e-07, -1.9240e-03,  2.6301e-05, -1.7608e-02,
         -1.6343e-06, -2.2128e-01, -1.7902e-02,  4.1590e-05, -1.2594e-04,
          1.0786e-06, -3.4619e-05, -1.3519e-06, -2.0250e-01, -5.9678e-06,
         -9.0464e-06, -6.1998e-03, -2.7123e-06,  3.1816e-04]], device='cuda:0'))])
end of epoch 5: val_loss 0.009337453829039504, val_acc 1.0
trigger times: 1
end of epoch 6: val_loss 0.01714470646263571, val_acc 0.995
trigger times: 2
end of epoch 7: val_loss 1.4498743320924392, val_acc 0.95
trigger times: 3
end of epoch 8: val_loss 0.005650717993737402, val_acc 1.0
trigger times: 4
end of epoch 9: val_loss 0.009355398733816536, val_acc 1.0
trigger times: 5
end of epoch 10: val_loss 0.0038049548858725755, val_acc 0.995
trigger times: 6
end of epoch 11: val_loss 0.005771275404952156, val_acc 1.0
trigger times: 7
end of epoch 12: val_loss 0.012552410043780781, val_acc 1.0
trigger times: 8
end of epoch 13: val_loss 0.013679614454961034, val_acc 1.0
trigger times: 9
end of epoch 14: val_loss 0.04905788898468018, val_acc 0.995
trigger times: 10
Early stopping.
0 -1852.1243753433228 -191.10004520678868
1 -1601.038076877594 -189.05007017278314
2 -1626.2585730552673 -187.50220085194994
3 -1666.4854292869568 -180.24009179391223
4 -1612.6526951789856 -171.9613792356186
5 -1391.2590136528015 -169.3817016847894
6 -1638.8010349273682 -167.87631268052303
7 -1740.406056880951 -164.27567046290412
8 -1617.3356742858887 -163.76742236654098
9 -1504.5594873428345 -156.0786895876365
10 -1533.616488456726 -155.22804551507866
11 -1558.2745532989502 -145.29002069283715
12 -1550.4816780090332 -142.86657280197298
13 -1231.9061498641968 -142.75441848091938
14 -1390.2490181922913 -136.98962801176134
15 -1422.2320909500122 -132.4813576990395
16 -1175.810037612915 -130.98347157271724
17 -1355.578950881958 -118.2436222554584
18 -1190.2385876178741 -117.38411415155902
19 -1440.2306203842163 -116.97382686219106
20 -1246.531084537506 -115.06704102317899
21 -1117.4878873825073 -112.47832645551227
22 -1325.8600778579712 -103.24187681049156
23 -1113.0756525993347 -99.7422752992134
24 -969.7810003757477 -98.18526661663928
25 -1119.2801566123962 -88.94674758091466
26 -1016.2874975204468 -85.88346861832474
27 -925.320408821106 -79.38307722218848
28 -935.5969116687775 -79.25112655387144
29 -1186.217721939087 -73.50697855948762
30 -1141.5022270679474 -72.69803191552006
31 -1013.342423915863 -71.37326168319514
32 -1059.8510789871216 -68.27187815304366
33 -1002.8841314315796 -65.42298162776466
34 -956.475433588028 -65.35816021006309
35 -962.2410836219788 -49.3186741604369
36 -1256.83567404747 -17.325441617065966
37 -970.8155465126038 -4.374511275254108
38 -969.8028972148895 -0.4258658969524013
39 -1075.7491807937622 9.108146753357724
40 -1055.9657595157623 17.732630180500013
41 -908.834041595459 40.64550156746333
42 -907.8549537658691 41.11774838972275
43 -1003.8322832584381 48.64917674484657
44 -930.376387834549 52.50260039838799
45 -942.8611032962799 52.54502852695255
46 -940.5545265674591 59.52827491841281
47 -923.0832448005676 63.45606316769021
48 -866.7429015636444 66.31570758515764
49 -1102.2675881385803 67.13050507695384
50 -838.2416546344757 72.16624272108386
51 -1113.5738122463226 79.16074531670823
52 -1018.3924050331116 84.19837606184075
53 -1041.0164260864258 89.30707154325768
54 -1035.7716500759125 90.2698850730257
55 -1003.4838600158691 90.28646231697512
56 -924.7601161003113 90.32667007477052
57 -826.6727006435394 91.18021498086692
58 -889.2318432331085 92.38187517969644
59 -1040.5224769115448 92.67153902025292
60 -1037.2950983047485 93.69474938898811
61 -896.0303690433502 93.86112859581364
62 -1011.5589106082916 95.24073532592021
63 -1022.7592663764954 95.3630101766082
64 -1010.9438655376434 96.09581961281374
65 -956.4575960636139 97.90553231413178
66 -1009.2286517620087 98.07644230926206
67 -981.2620551586151 98.35872828331676
68 -1017.8880407810211 98.57334710000995
69 -989.520204782486 98.77895390936838
70 -983.1006433963776 99.10163703819775
71 -988.3531956672668 99.47183807834362
72 -985.5597124099731 101.36707045382526
73 -987.4989974498749 102.70820969163083
74 -975.5307755470276 103.61971441966246
75 -956.1863224506378 104.00039883786899
76 -952.5210070610046 104.94014608739957
77 -970.3613750934601 105.28448326377394
78 -935.400449514389 105.60678192821229
79 -907.1627740859985 106.95774051225432
80 -917.5207254886627 107.03525723063939
81 -901.8312094211578 107.05410485829283
82 -874.0119180679321 107.36477417456501
83 -874.4039661884308 107.72369032284489
84 -962.0546283721924 107.78006757763964
85 -953.1244230270386 107.99397435655325
86 -935.1641893386841 108.08910889221833
87 -969.1298515796661 108.09776529440465
88 -893.9502408504486 108.24033506535473
89 -897.8942632675171 109.15712102315346
90 -907.9577708244324 109.71287331230647
91 -941.6938667297363 110.25063890779474
92 -918.9672186374664 110.45880856467717
93 -878.0167973041534 110.48639228144049
94 -919.0414488315582 111.92877271779909
95 -881.1829471588135 112.29467419620224
96 -936.676771402359 112.73910566375015
97 -895.7289760112762 112.98274531176438
98 -854.2713048458099 113.84616479719523
99 -840.0847308635712 114.84612239587612
100 -867.4724676609039 115.08707834021696
101 -835.6669371128082 115.41025719446112
102 -868.4451406002045 115.5646624637931
103 -870.5651025772095 115.87882502857741
104 -916.1915912628174 116.51927592390606
105 -871.7563390731812 116.69939038222442
106 -850.6579315662384 117.18809854794453
107 -877.3050546646118 117.29357601720739
108 -850.9243705272675 117.43241923864416
109 -877.7870745658875 119.84073495876005
110 -802.8439035415649 122.74776106687673
111 -831.7962591648102 124.10172315382671
112 -832.4210207462311 124.42382576156477
113 -806.0475912094116 124.48179570258212
114 -833.3059189319611 125.2590893824027
115 -848.0532085895538 125.30457667780085
116 -807.9898793697357 125.43458549438884
117 -759.2535552978516 129.13346806288703
118 -755.9143612384796 129.67718524437547
119 -738.3479421138763 131.40806576766226
train accuracy: 0.9944444444444445
validation accuracy: 0.995
