demo lengths 200
demos: (120, 200, 13)
demo_rewards: (120,)
[-191.10004521 -189.05007017 -187.50220085 -180.24009179 -171.96137924
 -169.38170168 -167.87631268 -164.27567046 -163.76742237 -156.07868959
 -155.22804552 -145.29002069 -142.8665728  -142.75441848 -136.98962801
 -132.4813577  -130.98347157 -118.24362226 -117.38411415 -116.97382686
 -115.06704102 -112.47832646 -103.24187681  -99.7422753   -98.18526662
  -88.94674758  -85.88346862  -79.38307722  -79.25112655  -73.50697856
  -72.69803192  -71.37326168  -68.27187815  -65.42298163  -65.35816021
  -49.31867416  -17.32544162   -4.37451128   -0.4258659     9.10814675
   17.73263018   40.64550157   41.11774839   48.64917674   52.5026004
   52.54502853   59.52827492   63.45606317   66.31570759   67.13050508
   72.16624272   79.16074532   84.19837606   89.30707154   90.26988507
   90.28646232   90.32667007   91.18021498   92.38187518   92.67153902
   93.69474939   93.8611286    95.24073533   95.36301018   96.09581961
   97.90553231   98.07644231   98.35872828   98.5733471    98.77895391
   99.10163704   99.47183808  101.36707045  102.70820969  103.61971442
  104.00039884  104.94014609  105.28448326  105.60678193  106.95774051
  107.03525723  107.05410486  107.36477417  107.72369032  107.78006758
  107.99397436  108.08910889  108.09776529  108.24033507  109.15712102
  109.71287331  110.25063891  110.45880856  110.48639228  111.92877272
  112.2946742   112.73910566  112.98274531  113.8461648   114.8461224
  115.08707834  115.41025719  115.56466246  115.87882503  116.51927592
  116.69939038  117.18809855  117.29357602  117.43241924  119.84073496
  122.74776107  124.10172315  124.42382576  124.4817957   125.25908938
  125.30457668  125.43458549  129.13346806  129.67718524  131.40806577]
maximum traj length 200
num training_obs 1800
num training_labels 1800
num val_obs 200
num val_labels 200
ModuleList(
  (0): Linear(in_features=13, out_features=64, bias=True)
  (1): Linear(in_features=64, out_features=64, bias=True)
  (2): Linear(in_features=64, out_features=1, bias=False)
)
device: cuda:0
end of epoch 0: val_loss 0.010015853537871528, val_acc 0.995
trigger times: 0
saving model weights...
Weights: OrderedDict([('fcs.0.weight', tensor([[-3.6497e-04, -3.1916e-05,  3.1451e-04, -6.8478e-04,  1.8282e-04,
         -2.0447e-04,  3.1982e-04, -5.9275e-04, -8.8904e-04,  4.2904e-04,
          1.7774e-05, -2.8892e-04,  1.1156e-04],
        [ 8.6428e-05,  2.2897e-04,  5.1591e-04, -5.0478e-04,  4.4708e-04,
          1.0898e-04, -1.6424e-03,  2.0048e-04, -5.7870e-04,  2.7751e-04,
          4.8073e-04, -1.7518e-03, -6.1409e-04],
        [ 1.7427e-02, -5.3707e-06, -1.1417e-04, -1.6842e-06,  1.0296e-04,
          5.2355e-05,  9.6327e-05,  9.0590e-05,  4.1823e-05,  2.3838e-04,
         -4.6528e-05,  1.3348e-04, -4.1715e-05],
        [ 4.0469e-04, -3.7483e-05, -4.7741e-04, -6.1159e-04, -6.9678e-04,
         -2.1342e-05, -1.3408e-04,  1.3565e-03,  5.9233e-04,  6.2518e-04,
          8.4503e-04, -8.8533e-04,  1.1285e-03],
        [-1.0154e-04, -4.8177e-05, -2.7255e-04, -1.4170e-04,  3.6435e-04,
         -6.7907e-05, -1.2174e-04,  2.0984e-04,  8.2793e-04,  5.6508e-04,
          8.3456e-04,  1.1343e-03, -7.4515e-04],
        [-9.4536e-02,  2.2852e-03, -3.4830e-05, -5.1496e-05, -9.6052e-05,
          1.6049e-05, -4.3037e-05,  1.7345e-06,  4.0675e-05, -5.1627e-02,
          1.5242e-01, -1.2202e-03,  3.4349e-04],
        [-2.2544e-05, -2.3533e-06,  3.6522e-04,  9.7515e-05,  2.0934e-05,
         -1.7323e-04,  8.4862e-04,  1.1411e-04, -2.1989e-04,  1.7286e-04,
          1.4633e-05,  8.9066e-04,  1.2268e-05],
        [ 2.5254e-01,  1.0637e-04,  3.3490e-02,  1.6773e-05,  2.0488e-04,
          1.9299e-05, -1.4705e-04, -1.4437e-05,  5.6399e-05, -5.3920e-05,
         -2.0100e-01,  8.9112e-04, -5.7024e-04],
        [-2.9426e-05,  2.2009e-05, -8.7512e-05,  8.9773e-06,  5.2985e-05,
          6.4514e-05, -1.5232e-04, -1.0778e-04,  1.9379e-04, -1.8634e-04,
         -2.4673e-04, -7.2491e-04, -6.4345e-04],
        [-9.6816e-06, -2.1201e-05, -3.6657e-04,  5.1344e-05,  1.1024e-03,
          1.1824e-04, -5.1891e-05, -4.9619e-04,  9.3300e-04,  6.5111e-04,
          3.0213e-05,  1.7524e-03, -6.1349e-04],
        [ 1.4307e-03,  2.4664e-04,  1.9993e-04, -4.7928e-05,  3.1114e-04,
         -4.1228e-04, -4.5895e-04, -6.4506e-04, -1.2674e-03, -4.3214e-04,
         -5.7065e-04,  3.1057e-04,  3.9770e-04],
        [-2.8554e-05, -1.7519e-05,  1.5149e-04, -4.7356e-04, -1.8625e-04,
          8.1918e-08, -1.7395e-04, -1.3402e-04, -2.2564e-04, -1.0294e-03,
          1.2095e-04, -7.6598e-05, -1.5388e-04],
        [-4.9137e-04,  6.9553e-02,  1.1136e-04,  1.6239e-04, -1.9502e-05,
          2.0990e-02, -2.5266e-04, -7.7980e-05, -1.8366e-05, -2.6603e-06,
          5.6803e-06,  4.9787e-04, -3.3233e-05],
        [ 8.0294e-04,  9.6858e-05,  9.7577e-04, -2.2436e-04, -4.1323e-04,
         -7.9564e-04,  3.0229e-03, -1.1804e-03,  1.8067e-03, -4.5225e-04,
          9.7823e-04, -1.2366e-03,  1.7230e-03],
        [-3.6581e-04, -1.0142e-05, -3.3108e-05, -2.2504e-04, -6.8756e-04,
         -3.1433e-04,  1.1267e-04,  1.3696e-04,  2.7627e-05, -3.3262e-04,
         -1.9381e-04, -7.6246e-04,  4.0970e-04],
        [ 1.9198e-03, -2.7964e-05, -4.8888e-04,  1.2621e-03,  1.7281e-03,
         -8.5077e-04,  1.3512e-05, -1.0974e-04, -9.0217e-05, -2.1864e-03,
          5.6609e-04,  1.6297e-03, -1.8363e-03],
        [ 1.0645e-04,  5.7143e-06,  3.8614e-04, -2.6127e-04, -5.5449e-04,
         -7.3114e-04,  3.6795e-04, -9.3238e-04,  9.0570e-05, -5.9530e-04,
         -2.4961e-04,  1.3881e-03, -1.7093e-03],
        [ 2.7117e-01,  3.2760e-02,  1.7534e-01,  1.0891e-01, -1.1206e-01,
          9.6021e-02,  6.3183e-02, -1.8371e-01,  5.1080e-01,  3.4749e-02,
         -7.9194e-01,  6.9555e-01, -1.4329e-01],
        [ 5.0529e-02,  2.6568e-05, -1.8694e-04, -7.5361e-05,  1.1567e-04,
         -1.5646e-04, -9.5612e-05,  8.9337e-05, -1.7912e-04, -1.7298e-04,
         -4.3610e-05, -9.8731e-04,  2.7963e-04],
        [ 1.1482e-04,  4.4873e-05,  2.6670e-04, -1.6964e-06,  9.0926e-06,
          9.4685e-05,  7.3804e-04, -4.9944e-04, -4.1682e-04, -4.1802e-04,
          5.0376e-04, -6.2787e-04, -7.5774e-04],
        [-3.7191e-05,  2.1013e-04,  3.0836e-04,  1.8976e-04, -2.1397e-04,
         -3.5088e-04,  6.9402e-05, -2.2365e-04,  2.3224e-04, -8.7775e-04,
          5.4588e-04,  1.1865e-03, -6.7693e-04],
        [ 1.0350e-03, -1.1653e-03,  6.0431e-04,  2.3401e-03, -1.0838e-03,
          1.7966e-03, -2.0703e-06, -6.1978e-04,  6.5669e-04, -1.5555e-05,
         -9.4789e-04, -2.0250e-03, -1.7459e-04],
        [-1.3383e-03,  3.1063e-04, -4.1448e-04, -1.1430e-03,  4.1342e-04,
          4.5030e-04,  1.1181e-05, -2.2053e-03, -1.2377e-03,  1.6277e-03,
          9.4361e-04,  4.0644e-04,  2.4921e-04],
        [ 5.7131e-04,  5.5069e-05,  1.1243e-03,  1.1598e-03,  6.9469e-06,
          2.7952e-04,  1.0217e-03,  3.9002e-04,  7.1063e-04,  3.1831e-04,
         -9.6941e-05, -9.4019e-04,  8.5538e-04],
        [ 3.7085e-04, -1.4035e-03, -1.5170e-03, -2.3068e-03, -7.1488e-04,
          2.9921e-04,  2.3522e-03,  2.4341e-04, -7.3034e-04, -7.5471e-04,
         -1.1727e-03,  5.6858e-04, -8.2758e-04],
        [ 8.5318e-06,  7.4390e-04,  3.4447e-04,  1.1424e-03, -8.6820e-05,
          1.3451e-03, -1.2196e-05, -1.6878e-03,  2.7423e-03,  1.3507e-03,
          1.2674e-03, -8.4687e-05,  1.6051e-03],
        [ 1.7587e-03,  2.4872e-04,  1.1368e-04, -1.6878e-03,  8.3946e-04,
          8.4862e-04, -1.1581e-03,  2.7626e-03, -1.3099e-03, -1.8917e-05,
         -7.1567e-04,  2.2491e-03,  7.9134e-04],
        [-1.6161e-05,  7.8379e-05, -1.2505e-04,  1.5396e-04,  3.6524e-05,
         -5.4635e-05,  1.3004e-04, -1.1504e-04, -1.0451e-05, -5.3742e-04,
          5.7763e-05,  5.8860e-05, -3.4104e-04],
        [ 3.2269e-04, -4.7724e-05,  3.7375e-04, -8.5637e-04,  5.3675e-04,
         -7.9269e-05,  8.1742e-04,  7.3687e-04,  8.4031e-04, -4.2379e-04,
          1.0070e-03,  1.6622e-04,  1.3398e-03],
        [ 1.0405e-04,  2.9401e-04,  5.9488e-04,  7.8214e-04,  1.0863e-04,
         -1.6540e-04,  1.6261e-04,  7.9062e-04, -8.6872e-04,  1.1077e-03,
          7.4545e-04, -8.8513e-04,  8.1967e-05],
        [-9.4294e-04, -2.4547e-05, -1.5578e-04,  6.4419e-04, -1.4274e-04,
          2.8969e-04, -1.3738e-04,  7.5267e-04, -9.9442e-04, -9.6757e-04,
         -1.9877e-04, -5.2066e-04,  2.1577e-03],
        [-9.2196e-04,  2.8482e-04, -2.0314e-03, -2.1978e-03, -8.5728e-04,
          8.2723e-04,  1.2237e-03,  8.6775e-04,  1.3238e-03, -7.0610e-04,
          3.7444e-05, -8.4093e-04, -2.3137e-04],
        [ 1.7977e-04,  7.2344e-06,  2.0452e-03, -2.6795e-04, -4.2698e-04,
          1.2855e-04, -1.1484e-04,  8.5529e-04, -8.4314e-04, -1.1842e-03,
         -1.7964e-04,  1.4066e-07,  2.7622e-03],
        [-1.7808e-04, -1.3387e-04,  9.3828e-04, -9.9432e-05,  7.1127e-04,
         -3.5391e-04, -1.2197e-04, -1.6519e-03,  5.6410e-04, -4.9298e-04,
         -3.7074e-04, -4.0731e-04, -3.0933e-04],
        [ 6.4412e-04,  7.7873e-04, -7.2371e-04,  7.3033e-04,  1.7666e-03,
         -1.9956e-03, -3.0572e-03,  1.6935e-03, -2.6533e-04, -9.4476e-04,
         -1.0778e-03,  8.3484e-04, -5.2726e-04],
        [-4.2402e-04,  9.4361e-05,  9.7878e-04,  1.9315e-04, -1.5784e-04,
          6.8802e-04,  8.4956e-05, -2.1963e-04,  2.6967e-05,  1.1390e-04,
          5.8168e-05, -2.6552e-03,  2.7829e-03],
        [ 5.8998e-05,  1.3331e-04,  7.6789e-04,  4.5361e-04, -7.2825e-06,
         -2.9061e-04,  6.4368e-04,  4.9041e-04, -1.0709e-03,  6.5985e-04,
         -1.1304e-04, -1.9705e-03, -1.1549e-03],
        [-1.1375e-05, -9.2491e-06,  7.6272e-05, -1.1520e-04, -9.3443e-05,
         -1.8170e-05, -1.1150e-05, -6.3640e-05, -1.5119e-04, -3.8634e-04,
          2.3915e-04,  1.7923e-04, -2.9389e-04],
        [ 1.1162e-04, -5.3362e-06, -3.3284e-04,  1.8728e-05,  9.2652e-05,
          5.3495e-05, -1.3343e-05,  2.9086e-04, -1.2064e-04, -3.4777e-04,
          1.2444e-04, -2.2348e-05, -2.0921e-04],
        [-6.4547e-05,  2.6964e-04, -3.7792e-04, -6.2549e-05,  6.8368e-04,
         -2.4911e-04, -6.6531e-05, -1.6103e-04,  6.5495e-05,  2.1291e-04,
         -1.9254e-04,  5.9289e-04,  2.0320e-04],
        [ 2.5166e-05, -9.9642e-04,  8.6700e-04,  5.3564e-05, -1.1521e-03,
         -1.8410e-03,  1.0075e-03, -1.1696e-03,  1.4187e-04, -3.4748e-04,
         -1.4680e-03,  1.3759e-03,  2.8527e-04],
        [-1.4929e-03,  6.5670e-05,  1.8679e-04, -6.4183e-04,  1.6830e-04,
          1.1585e-04,  3.5986e-04,  3.8985e-04, -3.7041e-04, -1.9625e-04,
          8.3214e-05,  1.1602e-03,  5.6495e-04],
        [ 6.0308e-05,  4.0371e-05,  1.3323e-04,  7.2260e-05, -1.4690e-04,
          1.7518e-04, -3.6085e-04, -2.2603e-04,  7.7737e-05,  5.7155e-04,
          2.1362e-04, -2.5790e-04, -1.5828e-03],
        [-1.9435e-03, -1.1213e-03, -1.0284e-03, -2.2089e-03, -9.5431e-04,
         -1.5686e-03, -1.7198e-03,  9.9295e-04,  1.3062e-03,  5.4382e-04,
         -5.2193e-04,  1.6120e-03, -3.8072e-04],
        [ 5.4325e-04, -2.1259e-04, -2.4149e-03,  6.8791e-04, -1.9257e-04,
          4.8557e-04,  2.7618e-03, -1.7582e-03, -8.0806e-04,  2.4670e-03,
          8.5518e-04, -3.7789e-04,  1.4849e-03],
        [-5.9063e-05, -7.4297e-04,  1.2488e-03, -9.7267e-05, -3.0721e-04,
         -9.8295e-04, -2.1151e-04, -3.4595e-04,  1.8353e-03, -1.1549e-03,
          4.8612e-04, -4.0726e-04, -7.6232e-04],
        [-6.1162e-04,  1.2003e-03,  4.3611e-04, -7.4736e-04, -7.4651e-05,
          7.5225e-04, -5.2831e-05, -3.1215e-04, -7.9302e-04,  1.3420e-03,
          9.3109e-05,  1.2729e-03, -4.6328e-04],
        [ 9.9632e-05,  2.3560e-04,  1.4313e-04,  4.9854e-04, -2.1799e-04,
         -7.7613e-04, -1.7518e-03,  2.8375e-03,  2.0439e-03, -5.9991e-04,
         -4.9878e-04,  1.9227e-03, -1.1632e-03],
        [ 3.9155e-05,  1.6110e-05,  1.9711e-05, -1.5485e-04, -2.2317e-05,
         -2.5321e-05, -4.9338e-02, -6.8480e-05,  7.9036e-05, -1.3207e-05,
          1.2627e-04, -3.7030e-04,  6.0272e-04],
        [-6.7004e-06,  1.7342e-01, -1.5794e-05, -1.7052e-01,  4.8436e-05,
          3.6755e-02, -7.0820e-02,  3.6026e-04,  5.9310e-02,  1.2880e-04,
         -4.9833e-02,  4.6705e-04,  3.7001e-04],
        [-1.0588e-03, -1.6630e-03,  6.3164e-04, -1.9846e-03, -1.1287e-03,
          8.8755e-04, -1.9204e-03, -1.7814e-03, -2.9069e-03, -2.4859e-03,
         -1.2002e-03, -1.8227e-03, -2.3534e-03],
        [ 1.3580e-04, -1.4653e-03, -8.6678e-04, -3.5738e-05,  1.5090e-03,
          5.8490e-04,  5.6886e-04, -5.6801e-06,  4.4797e-05,  1.8998e-05,
         -1.2320e-04, -1.5117e-03, -2.3474e-04],
        [ 2.5744e-04,  3.0921e-04,  6.7900e-04, -5.8060e-04, -2.2924e-04,
          3.1765e-04, -3.5183e-04,  3.3868e-04,  5.7969e-04,  7.9516e-04,
         -8.0384e-04,  6.7609e-04,  5.3445e-04],
        [ 6.4158e-05, -2.5667e-04, -9.0999e-04,  5.0182e-04, -4.0088e-04,
          2.9790e-04,  1.3411e-04, -4.8183e-04,  1.8029e-03, -3.0473e-04,
          1.1748e-03, -1.5295e-03,  1.2604e-03],
        [ 3.0105e-04,  1.9317e-04, -4.2013e-03,  8.7165e-05,  9.4868e-05,
         -6.1426e-04,  4.1783e-04,  2.2803e-03,  9.5978e-04,  3.9787e-04,
         -3.2253e-04, -1.2143e-03,  8.1329e-04],
        [ 6.5162e-04, -6.5251e-03, -6.6317e-06,  1.2752e-04,  4.9674e-07,
         -4.2458e-05, -7.3805e-04,  3.7851e-06,  2.4688e-04, -4.4577e-05,
          1.8870e-04, -1.0573e-03,  1.0989e-03],
        [ 1.0625e-04, -1.2026e-04, -2.5392e-04,  1.6337e-03,  4.0365e-04,
         -7.9529e-05, -4.7862e-04, -8.5631e-04,  3.2053e-04,  1.6981e-04,
          5.2775e-04, -2.0617e-05, -1.8519e-03],
        [ 1.1683e-03, -1.5261e-03,  7.0168e-04,  4.7642e-04, -9.4652e-04,
         -2.0476e-03, -8.9184e-04,  2.7248e-04,  4.3451e-04,  3.0548e-03,
          1.1925e-03, -1.1602e-03,  2.1073e-03],
        [ 6.8096e-05, -6.2095e-04,  4.9107e-04, -1.7922e-04, -5.9362e-04,
         -1.1614e-04,  4.3728e-04,  1.3166e-03, -1.4160e-03,  3.7142e-04,
          9.0685e-04, -1.2669e-03,  1.4553e-03],
        [-1.9375e-04,  1.0043e-04, -5.0019e-04, -3.2566e-04, -3.4137e-04,
          1.1975e-03,  1.8998e-04, -5.0523e-04, -4.8745e-04,  8.7520e-04,
          1.0264e-03, -8.3599e-04,  8.1501e-04],
        [-6.4713e-05, -2.7172e-05,  9.0671e-04, -7.6611e-04,  8.3984e-04,
         -9.3596e-04,  8.1924e-04,  1.2429e-03,  1.4301e-03,  1.2427e-03,
          7.5392e-04,  3.4247e-04, -3.3787e-04],
        [-3.6485e-04, -8.9513e-05, -1.0821e-04, -7.0142e-04,  1.1461e-04,
         -1.7716e-04, -1.2325e-04,  1.1901e-03,  6.0458e-05, -8.6121e-04,
          9.2691e-04,  4.1039e-04, -7.4309e-04],
        [ 7.6793e-04, -6.6527e-04, -7.2351e-04,  2.8244e-04, -7.8934e-04,
         -7.5853e-05,  1.0078e-03,  3.6777e-04, -7.6601e-04, -1.3610e-03,
         -1.2106e-03,  6.0044e-04, -1.4913e-03],
        [-1.0739e-04,  1.0135e-03, -4.5522e-04,  7.6830e-05,  4.0825e-04,
         -8.9170e-04, -1.0965e-03, -1.0563e-03, -1.1931e-03,  1.4409e-03,
         -4.1061e-04, -7.1010e-04,  1.3887e-03]], device='cuda:0')), ('fcs.0.bias', tensor([ 1.5487e-04,  3.9655e-04,  2.6264e-05, -2.3670e-04,  3.7851e-04,
        -1.0961e-04, -6.6342e-05, -1.7976e-05,  3.1477e-04, -4.6219e-04,
        -9.8318e-04, -3.7356e-05, -1.1991e-03,  1.0473e-03,  4.7267e-06,
        -4.7179e-04, -1.3945e-04,  4.3185e-01,  1.3607e-04,  3.7032e-04,
         3.4285e-04,  7.8852e-04,  1.9948e-04, -1.6655e-04,  9.1811e-04,
        -1.9652e-03, -4.0065e-04, -6.1710e-05,  5.2069e-04,  1.0618e-04,
         2.1071e-04,  1.6081e-03,  9.1065e-04,  4.6946e-04,  1.2206e-03,
         3.1503e-06, -1.2128e-03,  1.7701e-04, -2.4841e-05, -1.2875e-04,
         1.1192e-04,  3.5804e-04,  1.0791e-05, -4.3267e-04,  2.7895e-03,
        -5.4684e-05, -6.2559e-04, -5.8584e-04, -1.1972e-01,  1.1635e-05,
         2.6671e-03, -9.5527e-05,  7.9060e-04,  3.4319e-04,  3.6666e-04,
         1.8947e-03,  4.4614e-04, -2.2561e-03,  4.5180e-04, -1.5066e-04,
        -1.2589e-03,  7.3105e-05,  5.5899e-05, -1.5937e-04], device='cuda:0')), ('fcs.1.weight', tensor([[ 1.1212e-03,  1.1796e-03,  1.6689e-05,  ...,  5.6678e-05,
          1.5776e-04,  1.5605e-03],
        [ 1.9573e-05, -9.8359e-04, -5.8783e-04,  ..., -4.6816e-04,
         -6.7722e-04, -2.5006e-03],
        [-2.0777e-04,  5.9007e-04,  2.0093e-04,  ...,  2.4888e-04,
          1.3051e-03, -1.9561e-03],
        ...,
        [ 5.9351e-05,  6.7248e-04,  1.5452e-05,  ..., -2.1907e-04,
         -1.4741e-03,  6.6919e-04],
        [ 2.5284e-04, -1.3113e-03, -6.3477e-04,  ...,  1.2211e-04,
          7.6492e-04,  8.9464e-04],
        [ 3.2904e-04, -7.6103e-04,  7.5195e-05,  ...,  2.8992e-04,
          1.1273e-03, -6.5232e-04]], device='cuda:0')), ('fcs.1.bias', tensor([-9.1131e-05, -2.4757e-04, -3.6459e-04,  2.5027e-04,  6.8047e-04,
         7.5210e-04,  2.0475e-06,  2.1038e-04,  1.3974e-04,  1.7538e-06,
         1.4803e-04, -5.0327e-04, -2.9138e-05,  8.8830e-05,  8.0151e-05,
         1.1307e-04, -6.8857e-05,  9.1124e-05,  7.7195e-04,  6.5981e-05,
        -3.8064e-04, -6.6576e-04, -5.8859e-04,  1.1371e-03, -2.0012e-03,
         1.7840e-04, -2.9466e-04, -4.1915e-04,  1.4527e-04, -7.6497e-02,
        -7.3531e-04, -6.5840e-06, -5.4178e-04,  1.3763e-03,  3.4538e-04,
         1.2784e-03,  5.2784e-04, -1.0159e-04, -7.5255e-05,  3.4132e-04,
        -3.6527e-04, -1.8830e-03,  2.0137e-04,  1.4214e-04,  2.5505e-05,
        -5.2261e-04, -1.3287e-04,  2.9887e-04, -5.7901e-04, -3.1914e-04,
         1.8139e-03,  1.3651e-05,  3.7947e-05,  1.8020e-04,  8.7379e-05,
         1.0375e-03,  4.2234e-04, -7.3110e-04, -4.1133e-04, -3.9326e-04,
         5.0090e-04,  2.1844e-04,  4.8431e-05,  3.3622e-05], device='cuda:0')), ('fcs.2.weight', tensor([[ 1.7969e-05,  5.0730e-04, -1.4027e-04,  1.1658e-04,  1.7038e-04,
          4.7031e-04,  8.1627e-05, -1.2981e-05, -8.3024e-06, -1.5412e-04,
         -2.4917e-04,  5.1092e-04,  2.6377e-04,  4.1871e-06,  7.5794e-06,
          3.3784e-06,  2.5702e-04,  6.6471e-04, -9.2370e-05, -5.6033e-04,
         -1.3671e-02, -2.8723e-04,  1.2604e-04,  7.6296e-05,  2.8711e-01,
         -8.0418e-06,  9.7485e-05, -6.9754e-04, -1.5602e-04, -1.7709e-05,
          3.5989e-04,  5.6449e-05, -3.3946e-05, -2.0115e-04,  9.0670e-02,
         -7.2333e-05,  6.7703e-05,  7.9861e-05, -3.6665e-05, -1.6488e-04,
          1.8267e-04,  5.0315e-04, -1.4787e-05, -5.9956e-02, -1.2736e-04,
         -1.4312e-04, -1.1132e-04, -4.1265e-04,  3.5787e-01,  2.8269e-05,
         -8.3346e-04,  2.6120e-01, -2.8132e-05,  5.1183e-04,  1.6455e-04,
          8.0119e-06, -1.1194e-04,  1.9693e-05, -2.2107e-05, -2.2759e-04,
          5.2910e-05,  4.2929e-06,  1.4986e-04,  1.1761e-04]], device='cuda:0'))])
end of epoch 1: val_loss 0.08786657614503611, val_acc 0.97
trigger times: 1
end of epoch 2: val_loss 0.01228215883159006, val_acc 0.995
trigger times: 2
end of epoch 3: val_loss 5.0033689476549625e-05, val_acc 1.0
trigger times: 0
saving model weights...
Weights: OrderedDict([('fcs.0.weight', tensor([[ 2.2141e-01,  1.1249e-03, -6.0098e-05,  9.6328e-02, -3.0926e-04,
         -2.5028e-04,  1.4911e-01, -6.7303e-04,  3.7804e-04, -1.9719e-03,
         -2.1542e-04,  1.3374e-04,  9.3837e-05],
        [ 2.0774e-01,  1.8300e-01, -2.5473e-06,  4.2878e-06,  4.1700e-01,
          4.7267e-01,  7.2991e-06,  2.0772e-01, -7.0541e-05, -3.3343e-05,
         -2.2810e-04,  1.9287e-05,  1.8453e-04],
        [-2.9156e-04, -5.0213e-04,  5.7313e-04,  3.6780e-04, -8.5064e-05,
          6.3138e-04,  8.2406e-04, -1.3759e-03, -7.6911e-04, -1.1152e-03,
          3.8842e-04,  4.5904e-04, -3.8565e-04],
        [-4.2256e-04, -3.0226e-05,  4.1688e-04, -2.6778e-04, -1.7728e-03,
          2.0470e-03,  5.3938e-04, -5.3168e-04,  4.0938e-04,  3.8194e-04,
         -6.9893e-04, -7.3856e-04,  1.9264e-03],
        [ 4.8083e-01, -1.2410e-01,  3.9656e-01,  5.9980e-02,  2.2721e-05,
          4.3063e-03,  4.9178e-01,  3.9660e-05,  5.2961e-03,  1.4433e-02,
          8.4284e-07,  2.6894e-01, -4.1429e-02],
        [-1.4259e-04,  1.6083e-04, -3.4208e-04, -1.0393e-03, -1.7955e-03,
         -5.9195e-04,  2.0137e-04,  5.3131e-04,  4.1601e-04,  6.6853e-04,
         -6.8762e-04,  1.3022e-03,  5.5178e-04],
        [-7.9873e-04,  2.0173e-04,  1.6762e-03, -7.4938e-04, -5.0878e-04,
         -6.0403e-04,  1.2258e-03,  8.0365e-04, -4.8261e-04,  6.2895e-04,
         -1.4903e-03, -5.2640e-04, -1.3259e-03],
        [-1.1625e-01,  1.3475e-01, -1.1204e-04, -2.6058e-01, -1.3283e-04,
         -4.8058e-05, -3.2173e-01,  6.2323e-04, -3.0889e-04,  1.1986e-04,
          1.7024e-04,  6.6862e-04, -9.2359e-04],
        [-1.0781e-04,  2.7155e-04, -4.3124e-05,  8.5553e-05,  8.8784e-04,
          2.6496e-04,  1.0995e-05, -1.1067e-03,  5.5360e-04,  1.3732e-04,
         -1.7764e-04, -7.5754e-04,  1.2442e-03],
        [ 4.1415e-01, -5.8092e-02,  3.9263e-01,  1.2931e-01, -1.2347e-01,
         -1.4529e-02,  3.6254e-01, -1.0307e-04,  1.2721e-02,  2.3141e-05,
         -7.8962e-04,  2.7349e-01, -3.6499e-02],
        [-4.7705e-05, -1.2663e-03,  3.7501e-04, -3.5591e-04,  7.2900e-04,
         -1.2080e-05,  6.8388e-04, -6.5888e-04, -5.7670e-04,  1.6580e-03,
          6.5386e-05, -1.3071e-03,  4.9402e-04],
        [-1.2628e-02,  9.7661e-02,  3.9864e-05, -1.3617e-01,  1.4991e-04,
          2.2623e-04, -2.0946e-01,  3.2813e-04, -5.8374e-04,  4.7283e-04,
          3.7292e-05,  3.9399e-04, -8.0885e-04],
        [-2.6218e-01, -1.0273e-04, -1.6976e-04, -2.3223e-01, -9.9899e-02,
         -6.9452e-02, -2.4141e-01,  2.5235e-04, -2.9779e-04, -8.1154e-04,
          1.6868e-04, -4.1330e-04,  1.8428e-03],
        [-1.1665e-04, -8.2215e-06, -4.6921e-04, -1.5321e-04,  3.1683e-04,
         -1.4917e-03,  1.7584e-04,  1.9368e-03,  1.1084e-03,  1.4194e-03,
         -5.6776e-04, -6.4752e-04,  6.9240e-04],
        [-3.5607e-05, -2.0852e-02,  3.0892e-04, -2.8792e-05,  6.3467e-04,
          7.6956e-05,  1.1399e-04,  3.4587e-04, -1.3566e-01, -6.9520e-04,
          1.2391e-01,  1.4590e-04,  9.9826e-04],
        [ 3.2648e-01,  1.2780e-01,  4.6816e-01, -2.3606e-01,  1.4177e-01,
         -3.5455e-01,  4.3613e-01,  1.1845e-01, -2.0885e-01,  3.5566e-01,
          2.7557e-01, -1.0232e-01,  1.8012e-01],
        [ 8.9050e-06, -1.4566e-01,  2.6562e-01,  5.9654e-01,  1.3843e-05,
          1.4789e-01, -1.4378e-01, -2.4446e-01, -2.1091e-01,  3.0340e-05,
          1.6587e-01,  2.3914e-01, -4.2185e-06],
        [ 9.3775e-01, -3.1262e-02,  5.4609e-01,  7.4415e-01, -8.6835e-02,
          3.0297e-01,  3.4577e-01,  5.6809e-03,  1.1057e+00, -7.0244e-02,
         -1.8432e+00,  2.0158e+00, -1.1362e+00],
        [ 5.1375e-01, -1.1872e-01,  2.2114e-02, -8.8753e-02, -1.2194e-01,
         -6.6916e-02,  4.0924e-01, -3.5523e-05,  2.5695e-01,  3.2210e-02,
         -9.0315e-02, -4.4089e-05,  5.5137e-05],
        [ 8.3501e-05, -3.3200e-04, -1.5445e-03,  6.2512e-04, -1.3855e-03,
          3.0918e-04,  7.7921e-04, -8.8368e-04,  6.4285e-04,  5.2079e-04,
          6.7326e-04, -1.2849e-03, -7.6410e-04],
        [-2.9613e-02,  7.3515e-02,  5.9201e-01,  7.2681e-02, -3.0198e-02,
         -1.2041e-01,  2.5338e-01,  3.2798e-05, -7.3069e-01,  8.4473e-04,
          8.1025e-01, -1.7970e-01,  3.8343e-01],
        [ 2.4170e-04,  3.6835e-05, -1.2846e-03,  2.3291e-04,  3.2571e-04,
          4.7517e-06,  2.9218e-04, -8.9853e-04,  1.5628e-03, -1.4126e-03,
         -3.8562e-04,  5.4525e-04, -1.0341e-03],
        [-1.7861e-04, -5.6156e-05,  1.6675e-03, -1.3715e-04,  9.9759e-05,
          4.2881e-04,  1.5854e-04, -1.8965e-03, -1.5833e-03,  4.9723e-04,
          5.8553e-04,  3.0203e-03, -2.8346e-03],
        [-5.0826e-04,  1.6757e-05,  2.4919e-03,  1.8397e-03,  1.0402e-03,
         -2.0294e-04, -3.5926e-04,  2.2682e-03,  8.0652e-04, -1.1824e-03,
         -8.3881e-04,  1.0182e-03, -5.4846e-04],
        [ 7.5475e-01, -4.7503e-02,  3.8888e-02,  4.3905e-01,  3.1534e-01,
          4.2284e-01,  8.7871e-02,  3.1727e-05,  4.0331e-01, -2.1855e-05,
         -5.7526e-01,  7.8860e-01, -7.0645e-02],
        [-2.8566e-01,  3.4299e-01, -2.7052e-01, -2.7766e-01,  8.6314e-02,
          1.2781e-01, -2.6681e-01,  4.2609e-04,  3.1266e-01,  1.3823e-05,
         -3.9803e-01,  1.4905e-04, -7.9744e-04],
        [-3.1718e-05,  8.3950e-06,  2.0582e-04,  6.1843e-05, -5.8124e-05,
         -2.3787e-04, -3.2489e-04, -2.5697e-03, -1.9268e-03, -4.5343e-04,
         -1.2144e-03,  4.9635e-04, -1.1350e-03],
        [ 8.5474e-04, -3.1700e-04, -6.1572e-04,  4.7173e-04, -4.9671e-04,
         -7.8618e-05, -1.8266e-03,  7.5234e-04,  1.6826e-03, -1.2855e-03,
         -1.2940e-03,  5.9261e-04, -2.2551e-04],
        [ 6.4721e-01,  1.4263e-01,  2.5433e-01, -2.6288e-01, -8.0031e-02,
         -1.3103e-01,  6.6013e-01,  2.7759e-02,  4.4838e-02,  3.3950e-01,
         -2.6145e-02,  3.3652e-05, -4.4206e-05],
        [ 1.0125e-03, -1.7826e-04,  7.0734e-04,  2.3038e-04,  1.1291e-04,
         -6.8490e-05,  1.5419e-03,  2.4282e-03,  5.0366e-05,  2.0602e-03,
          9.2001e-04,  9.4262e-04,  2.1540e-05],
        [-4.1786e-01,  9.4485e-02,  4.1738e-04,  4.5615e-01,  2.0559e-03,
         -1.3201e-01,  3.3595e-05, -3.5344e-01, -6.0049e-01, -1.0203e-01,
          6.3319e-01, -3.7152e-04,  1.6506e-01],
        [-1.4627e-04,  3.5197e-04, -1.7325e-04,  1.3192e-04,  1.3807e-03,
          8.4084e-04,  1.8301e-05,  5.7568e-04, -8.4360e-05, -3.4063e-04,
          7.9024e-05, -1.2501e-03,  1.2965e-03],
        [-3.1547e-04,  2.2109e-05, -4.2591e-05, -3.1661e-04, -3.1887e-04,
         -1.4718e-04, -1.6191e-04, -6.6217e-04,  5.9837e-05, -6.0707e-05,
         -7.2090e-05, -6.8810e-04,  5.4961e-04],
        [ 1.7475e-01, -3.0449e-05,  1.6606e-05,  1.3074e-01,  4.2164e-04,
         -1.2317e-04,  1.3334e-01,  1.0107e-03,  2.6860e-04,  7.7340e-05,
          3.3651e-04,  9.8240e-04,  7.8886e-04],
        [ 9.7908e-04,  4.5390e-04,  1.2273e-04,  7.0174e-04, -6.2318e-04,
          7.2755e-04,  2.2535e-03, -3.1558e-04, -7.5298e-04,  1.4995e-03,
          1.6610e-03,  1.0260e-03, -5.3524e-04],
        [-1.9791e-04,  3.7273e-04,  3.6416e-04,  2.2644e-03, -2.7633e-05,
          7.3654e-04, -4.2439e-04,  1.9177e-03, -1.4086e-03,  9.7639e-05,
         -1.2773e-05, -5.3125e-04,  3.0586e-03],
        [-2.8135e-01,  1.5272e-06,  1.1447e-04,  7.2723e-06,  1.4784e-04,
         -4.9952e-05, -1.4089e-01, -1.6495e-04,  1.1272e-04, -1.3988e-03,
          6.2120e-04,  3.1139e-04,  1.3451e-04],
        [ 2.9971e-04, -3.6564e-05, -2.1123e-04, -9.8466e-05,  2.5413e-04,
          3.1419e-04,  4.3942e-04, -9.6806e-04, -4.0066e-04, -2.9782e-03,
         -4.7909e-04,  5.5439e-04, -2.2420e-04],
        [ 5.5990e-05,  9.9103e-05, -5.0125e-05, -1.2960e-04,  1.5601e-03,
         -7.7911e-05,  9.1030e-05, -1.4695e-03, -1.4111e-04, -1.2841e-03,
          1.2038e-04, -5.4120e-04,  1.2886e-03],
        [-2.4146e-05, -2.0032e-04, -2.9382e-04,  1.1173e-06,  1.3951e-05,
          9.4010e-05,  1.7784e-04,  4.0736e-04, -1.2887e-03,  1.0196e-03,
          7.9843e-05, -1.8131e-04, -1.3823e-03],
        [ 1.1720e+00, -1.2650e-02,  6.4711e-01,  8.5489e-01, -4.7562e-02,
          3.1999e-01,  2.0799e-01,  9.3860e-02,  1.1549e+00,  7.1477e-02,
         -1.4287e+00,  1.5251e+00, -1.0530e+00],
        [-1.3776e-01, -1.7761e-01,  2.0317e-01,  4.9743e-01,  2.9736e-01,
         -9.6706e-03, -1.4116e-04, -3.5552e-01, -6.0554e-01, -1.7334e-01,
          5.6563e-01,  5.0514e-06,  4.4289e-05],
        [-5.4878e-04, -1.0197e-03,  9.5429e-04,  4.7914e-04, -1.2249e-03,
          6.5518e-04, -1.9546e-03, -2.8518e-03, -4.8827e-04,  1.5838e-04,
         -1.2524e-04, -2.4804e-03, -1.3312e-03],
        [-1.4781e-04,  4.8722e-05,  4.3895e-05,  3.0534e-05, -1.1581e-04,
         -1.0156e-04, -2.9469e-05, -1.7502e-04,  3.4972e-04,  6.0668e-04,
          3.1920e-04,  6.6841e-04,  4.1905e-04],
        [ 5.4830e-01, -1.9998e-01,  6.6281e-02,  1.3856e-06,  1.7815e-05,
          6.0591e-02,  6.9204e-02,  3.1922e-05,  2.7776e-02, -2.4735e-05,
         -1.9872e-02,  1.4421e-01, -2.4913e-01],
        [ 3.0309e-04,  3.0074e-05,  7.4760e-04,  1.8682e-04, -1.6804e-04,
          4.6112e-05, -3.4459e-04, -2.2019e-03, -3.6589e-04, -4.4515e-05,
         -1.2030e-04, -1.0952e-03, -1.0268e-03],
        [ 7.1360e-04, -3.8924e-05,  1.0396e-04,  3.2975e-04, -2.8908e-04,
         -1.1570e-03,  2.0167e-04,  1.6726e-04, -9.9921e-04,  1.2968e-03,
         -6.8581e-04,  1.2735e-03,  4.8632e-04],
        [ 5.2781e-04,  1.7765e-03, -7.2100e-04,  1.7705e-04,  1.1869e-04,
          2.6972e-05,  1.1278e-04,  4.6206e-04, -4.8051e-04,  1.4489e-04,
          1.3430e-04,  9.7333e-04,  1.2228e-03],
        [-2.0467e-01, -1.9859e-01,  3.5379e-05,  8.3505e-01,  2.9308e-01,
          2.9440e-01, -1.5631e-01, -1.5581e-01, -1.3085e-01, -3.5242e-01,
          1.4991e-01,  6.7360e-06, -2.6444e-05],
        [-2.5492e-04, -3.1472e-04, -6.8823e-04, -5.4655e-04, -5.5960e-04,
         -7.2660e-04, -1.1568e-04,  1.1016e-03,  4.4197e-06, -5.2878e-04,
         -2.9444e-04,  1.4336e-03,  1.3551e-03],
        [-1.9406e-05,  2.3041e-04,  1.1997e-04, -8.7567e-05, -2.3487e-04,
         -9.5725e-06, -1.0277e-04, -7.6797e-04, -5.4357e-04, -6.9698e-05,
         -1.1140e-03,  2.9697e-04, -4.7229e-04],
        [ 1.1238e-01, -2.6726e-02, -5.8892e-05,  4.3675e-01,  1.6691e-01,
          3.0383e-01,  2.6504e-05,  4.4837e-05,  2.3918e-04, -3.2365e-01,
         -7.2962e-02, -1.4623e-03, -1.0230e-04],
        [-1.7590e-04, -2.0168e-04,  1.0283e-03,  3.3145e-04, -3.5604e-04,
         -1.5707e-05, -6.7850e-04, -1.7708e-03, -3.1091e-04, -5.2721e-04,
         -2.0084e-04, -9.7520e-04, -9.4226e-04],
        [-4.7695e-04,  8.4543e-04, -3.7268e-03,  1.1418e-03,  2.7709e-03,
         -1.0279e-03,  2.7869e-04, -6.3919e-04,  4.7945e-04, -2.4368e-03,
          6.7058e-04,  6.8016e-04,  1.7580e-03],
        [-2.7230e-01,  1.8910e-01,  1.7345e-04, -3.0563e-01,  9.1866e-02,
         -1.3720e-05, -1.5287e-01,  2.4605e-02, -3.6846e-03,  2.0283e-01,
         -4.2696e-02, -1.7459e-04,  1.9297e-03],
        [ 1.2196e-05, -5.9551e-02, -2.3703e-04,  2.7461e-04, -5.1544e-04,
         -4.5495e-04, -2.4863e-04, -8.2208e-04,  2.0680e-04, -1.4008e-03,
         -8.3256e-04, -8.4068e-04, -1.5056e-03],
        [-2.6491e-04, -1.4639e-04, -1.1162e-03, -3.1613e-04,  7.7540e-05,
         -1.8769e-05,  9.9003e-04,  1.4158e-03,  6.7292e-04, -1.2490e-03,
          1.1313e-04,  1.0490e-03,  1.6378e-03],
        [-2.9661e-01,  3.2504e-01, -4.4398e-01, -1.0019e-01,  3.4729e-01,
          5.6718e-01, -4.9088e-01, -1.1458e-04, -1.0149e-02, -3.0246e-01,
          3.7252e-02, -1.4847e-04, -1.2415e-04],
        [ 7.2325e-05, -3.6492e-04,  3.8766e-04, -7.9239e-05, -1.1189e-05,
          4.8675e-04,  7.5993e-05,  1.9412e-04,  1.8649e-04, -1.7807e-03,
          3.3274e-04, -9.0416e-04, -2.1109e-03],
        [ 8.7025e-05, -4.5720e-05,  4.6631e-04, -2.1226e-05,  3.6038e-05,
         -7.0368e-04,  5.5043e-04,  1.0740e-03, -1.1920e-04, -2.1592e-03,
         -2.9393e-04,  5.3811e-04, -8.9257e-04],
        [-4.6908e-01, -2.1604e-02, -3.4819e-01, -6.5462e-02, -2.1032e-01,
          1.6974e-05, -4.5111e-01, -3.9235e-04,  2.5748e-01,  5.6540e-04,
         -2.8377e-01, -1.2644e-04,  4.6408e-06],
        [-3.2094e-01, -1.1605e-01,  1.9187e-01,  2.8313e-01, -3.9824e-02,
         -1.4051e-01, -1.4726e-01, -2.6974e-01, -6.4628e-01,  1.0927e-06,
          8.2786e-01, -6.0530e-04,  2.5168e-01],
        [ 4.1855e-03,  5.8877e-02, -4.9117e-05,  6.9702e-02,  6.8554e-02,
         -1.2982e-02,  1.6781e-07,  5.5447e-05, -5.3081e-01, -1.9061e-05,
          5.5360e-01,  3.8700e-05,  2.8154e-01],
        [-1.5730e-01, -1.5342e-01,  1.6935e-01,  5.1000e-01,  2.6233e-01,
         -4.5066e-02, -3.6845e-02, -3.5762e-01, -6.0536e-01, -1.3578e-01,
          5.5264e-01,  5.0933e-05,  8.4198e-05]], device='cuda:0')), ('fcs.0.bias', tensor([ 1.8511e-01,  2.7259e-01,  1.3744e-03, -1.6537e-05,  3.2966e-01,
         8.4412e-04,  9.9074e-04, -2.5105e-01,  3.9013e-04,  2.8957e-01,
         3.3006e-04, -1.6273e-01, -2.6069e-01, -1.9008e-04,  1.2508e-04,
         6.4826e-02,  1.9691e-01,  6.2022e-01,  2.6938e-01,  2.4170e-04,
         4.4252e-01,  4.3894e-05, -3.3306e-04,  2.2988e-04,  6.7973e-06,
         1.1620e-06,  3.3417e-05, -3.9455e-04,  3.2935e-01,  7.7965e-04,
         3.4414e-06,  5.2464e-05,  4.0506e-04,  1.9027e-01,  3.8302e-04,
         1.0610e-03, -5.9423e-03,  8.9853e-05,  7.0187e-04,  2.2186e-06,
         7.9636e-01,  8.2507e-02, -3.7075e-04, -8.2551e-02,  2.5586e-01,
         2.6617e-04, -2.9097e-04, -3.9583e-04,  6.9474e-02,  2.3578e-04,
         4.2822e-05,  2.9996e-01,  1.8576e-04, -5.1660e-04, -3.2564e-01,
        -3.9748e-05, -6.8917e-04, -1.9851e-01, -1.3153e-04, -1.5279e-05,
        -1.3157e-01, -3.0196e-01, -1.2685e-01,  7.0020e-02], device='cuda:0')), ('fcs.1.weight', tensor([[-1.1691e-03,  3.7473e-04,  4.1488e-04,  ..., -2.3608e-04,
         -1.4335e-03, -2.4766e-04],
        [ 1.8185e-03, -2.5980e-04,  2.6320e-04,  ...,  5.3573e-05,
          2.9804e-03, -1.7006e-04],
        [-5.4769e-04, -6.7210e-04,  1.1481e-03,  ...,  4.8705e-03,
         -8.9273e-04, -8.0124e-04],
        ...,
        [-8.3236e-04, -1.1956e-01, -5.9110e-04,  ...,  1.9674e-01,
          1.4209e-04,  2.8536e-01],
        [-1.3128e-03, -2.6618e-04, -9.8222e-04,  ...,  2.1890e-04,
         -1.7202e-05, -7.3484e-05],
        [ 5.7313e-04,  3.4793e-02, -1.9845e-03,  ..., -2.6613e-06,
         -1.6998e-04,  2.2736e-01]], device='cuda:0')), ('fcs.1.bias', tensor([ 8.0048e-04,  2.1348e-03, -1.3541e-03,  1.9443e-03,  6.7275e-04,
         1.8096e-01,  4.1064e-05, -9.1105e-04, -5.3503e-04,  3.9705e-04,
         6.6002e-02, -2.4865e-01, -6.2874e-04, -5.0829e-04, -1.3091e-03,
        -1.1787e-04, -5.5027e-04, -7.6348e-05,  2.9598e-05, -3.0366e-05,
         1.4011e-03,  3.9863e-03,  6.0501e-04, -1.8893e-05,  3.4444e-04,
         2.2304e-04, -1.2927e-03, -1.5534e-05,  3.6187e-04, -1.2902e-04,
         1.6976e-03, -2.0872e-01,  7.3619e-05, -3.1577e-05, -1.2895e-03,
        -2.2202e-05,  5.1757e-06, -4.5579e-01,  1.5217e-01,  7.3859e-04,
        -2.3788e-03, -2.9655e-05,  5.7278e-05,  3.2787e-06, -3.1536e-02,
        -1.0041e-03, -6.9949e-05, -1.8122e-01,  2.9016e-04, -3.7586e-01,
        -6.1251e-04, -2.8547e-04, -7.8310e-05,  2.1619e-03, -1.0104e-03,
        -1.5842e-02,  1.6967e-04, -2.1107e-03, -4.8101e-04, -2.5968e-01,
         1.4837e-03, -3.6821e-04,  4.6597e-04,  2.3845e-01], device='cuda:0')), ('fcs.2.weight', tensor([[ 5.0402e-04, -2.8275e-01, -5.7708e-08,  6.4787e-04, -7.2316e-04,
         -5.2889e-02, -1.3938e-01,  1.8891e-04, -5.3728e-04, -8.5062e-05,
          6.8140e-02, -9.2367e-06, -2.5501e-04, -5.1716e-04,  1.2208e-02,
          2.5155e-02, -6.4787e-04, -5.5904e-05, -2.3171e-01,  2.2536e-05,
          1.8088e-01,  9.8113e-02,  6.4068e-02,  9.6573e-02, -7.1475e-05,
          3.3437e-05, -5.5857e-02,  1.2469e-01,  5.2405e-02,  6.1741e-02,
         -7.0277e-04, -5.9045e-02,  1.7890e-03,  8.0424e-04, -2.4286e-07,
          2.7773e-02, -9.9194e-02, -2.1883e-01, -1.0746e-01,  1.4240e-04,
         -2.0535e-06, -9.7372e-02,  5.8308e-03,  3.6846e-02,  5.7147e-02,
          9.4221e-02,  1.9309e-01,  3.9445e-02,  8.3019e-01,  2.7007e-01,
          6.9064e-05, -3.5028e-05,  6.3034e-05, -5.1108e-04,  2.2352e-04,
         -1.6295e-05,  1.7926e-05,  8.0295e-04, -3.4688e-01,  2.0918e-05,
         -1.6078e-04,  1.7034e-01,  6.8447e-05, -2.5315e-02]], device='cuda:0'))])
end of epoch 4: val_loss 0.007496463134884266, val_acc 0.995
trigger times: 1
end of epoch 5: val_loss 0.008012067037640876, val_acc 0.995
trigger times: 2
end of epoch 6: val_loss 0.02386974784639449, val_acc 0.985
trigger times: 3
end of epoch 7: val_loss 0.009392287627255698, val_acc 0.995
trigger times: 4
end of epoch 8: val_loss 0.012338191959104705, val_acc 1.0
trigger times: 5
end of epoch 9: val_loss 0.012553728074734956, val_acc 1.0
trigger times: 6
end of epoch 10: val_loss 0.00686336354191198, val_acc 1.0
trigger times: 7
end of epoch 11: val_loss 7.883598096640298e-05, val_acc 1.0
trigger times: 8
end of epoch 12: val_loss 0.0018283187863081807, val_acc 1.0
trigger times: 9
end of epoch 13: val_loss 0.008095922262421418, val_acc 1.0
trigger times: 10
Early stopping.
0 3.586504996288568 -191.10004520678868
1 14.377783635631204 -189.05007017278314
2 13.386350624263287 -187.50220085194994
3 10.658502561738715 -180.24009179391223
4 14.74669874412939 -171.9613792356186
5 21.916994620114565 -169.3817016847894
6 13.259219624102116 -167.87631268052303
7 8.486824191579217 -164.27567046290412
8 14.519577747545554 -163.76742236654098
9 17.475239403545856 -156.0786895876365
10 16.279914887622 -155.22804551507866
11 15.387781541794538 -145.29002069283715
12 14.350123720243573 -142.86657280197298
13 27.49677011370659 -142.75441848091938
14 20.711829192005098 -136.98962801176134
15 21.11103817075491 -132.4813576990395
16 28.501720659434795 -130.98347157271724
17 21.500210866332054 -118.2436222554584
18 26.63635578751564 -117.38411415155902
19 17.41051316843368 -116.97382686219106
20 23.38316734880209 -115.06704102317899
21 33.5008689314127 -112.47832645551227
22 24.169197380542755 -103.24187681049156
23 28.69135283306241 -99.7422752992134
24 36.76279440522194 -98.18526661663928
25 28.40103829652071 -88.94674758091466
26 33.13322811573744 -85.88346861832474
27 38.04361966997385 -79.38307722218848
28 35.73843950033188 -79.25112655387144
29 29.906653106212616 -73.50697855948762
30 28.71785805374384 -72.69803191552006
31 35.94684065133333 -71.37326168319514
32 32.64380404353142 -68.27187815304366
33 36.24797026067972 -65.42298162776466
34 36.07927595824003 -65.35816021006309
35 36.74300252646208 -49.3186741604369
36 26.812145844101906 -17.325441617065966
37 34.873070918023586 -4.374511275254108
38 38.38333512842655 -0.4258658969524013
39 31.795634292066097 9.108146753357724
40 36.41168079525232 17.732630180500013
41 38.61983607709408 40.64550156746333
42 38.14571204781532 41.11774838972275
43 37.55562323331833 48.64917674484657
44 39.148379772901535 52.50260039838799
45 38.72794135659933 52.54502852695255
46 39.476112358272076 59.52827491841281
47 39.20020718127489 63.45606316769021
48 38.684074595570564 66.31570758515764
49 31.121102958917618 67.13050507695384
50 42.71690443903208 72.16624272108386
51 32.218606017529964 79.16074531670823
52 37.61837676167488 84.19837606184075
53 35.592949360609055 89.30707154325768
54 35.84583755582571 90.2698850730257
55 35.7819716706872 90.28646231697512
56 39.1636845394969 90.32667007477052
57 41.867822624742985 91.18021498086692
58 40.53833808749914 92.38187517969644
59 36.33494187891483 92.67153902025292
60 35.19462291151285 93.69474938898811
61 40.387158781290054 93.86112859581364
62 35.486726589500904 95.24073532592021
63 36.181649930775166 95.3630101766082
64 36.33861467987299 96.09581961281374
65 36.927767761051655 97.90553231413178
66 36.56939164549112 98.07644230926206
67 37.44218493998051 98.35872828331676
68 36.65675397217274 98.57334710000995
69 37.51802735775709 98.77895390936838
70 36.057882241904736 99.10163703819775
71 37.16467036306858 99.47183807834362
72 37.134950175881386 101.36707045382526
73 37.87251906096935 102.70820969163083
74 38.765415862202644 103.61971441966246
75 38.23588001728058 104.00039883786899
76 40.24995172768831 104.94014608739957
77 39.68676805496216 105.28448326377394
78 41.01853346824646 105.60678192821229
79 39.42125254869461 106.95774051225432
80 37.78900258243084 107.03525723063939
81 41.01124948263168 107.05410485829283
82 39.11518020927906 107.36477417456501
83 39.098097778856754 107.72369032284489
84 37.94073432683945 107.78006757763964
85 39.07579888403416 107.99397435655325
86 38.35658225417137 108.08910889221833
87 37.333584636449814 108.09776529440465
88 41.218792863190174 108.24033506535473
89 39.96785693615675 109.15712102315346
90 41.29719193279743 109.71287331230647
91 37.25079147517681 110.25063890779474
92 41.067511796951294 110.45880856467717
93 39.91081664711237 110.48639228144049
94 40.2082085609436 111.92877271779909
95 39.52656562626362 112.29467419620224
96 37.40730307996273 112.73910566375015
97 40.811262741684914 112.98274531176438
98 41.63945872336626 113.84616479719523
99 40.92151761054993 114.84612239587612
100 41.70973862707615 115.08707834021696
101 42.039721451699734 115.41025719446112
102 43.36699455976486 115.5646624637931
103 42.343809597194195 115.87882502857741
104 39.467487670481205 116.51927592390606
105 43.477436639368534 116.69939038222442
106 41.65786297619343 117.18809854794453
107 42.74501284211874 117.29357601720739
108 41.819823987782 117.43241923864416
109 42.12661603838205 119.84073495876005
110 43.13428604602814 122.74776106687673
111 44.362331829965115 124.10172315382671
112 43.69314407557249 124.42382576156477
113 45.75536201894283 124.48179570258212
114 43.13938441872597 125.2590893824027
115 43.293981194496155 125.30457667780085
116 43.68856981396675 125.43458549438884
117 45.481752552092075 129.13346806288703
118 44.45514116436243 129.67718524437547
119 46.49237723648548 131.40806576766226
train accuracy: 0.9994444444444445
validation accuracy: 1.0
