demo lengths 200
demos: (120, 200, 3)
demo_rewards: (120,)
[-191.10004521 -189.05007017 -187.50220085 -180.24009179 -171.96137924
 -169.38170168 -167.87631268 -164.27567046 -163.76742237 -156.07868959
 -155.22804552 -145.29002069 -142.8665728  -142.75441848 -136.98962801
 -132.4813577  -130.98347157 -118.24362226 -117.38411415 -116.97382686
 -115.06704102 -112.47832646 -103.24187681  -99.7422753   -98.18526662
  -88.94674758  -85.88346862  -79.38307722  -79.25112655  -73.50697856
  -72.69803192  -71.37326168  -68.27187815  -65.42298163  -65.35816021
  -49.31867416  -17.32544162   -4.37451128   -0.4258659     9.10814675
   17.73263018   40.64550157   41.11774839   48.64917674   52.5026004
   52.54502853   59.52827492   63.45606317   66.31570759   67.13050508
   72.16624272   79.16074532   84.19837606   89.30707154   90.26988507
   90.28646232   90.32667007   91.18021498   92.38187518   92.67153902
   93.69474939   93.8611286    95.24073533   95.36301018   96.09581961
   97.90553231   98.07644231   98.35872828   98.5733471    98.77895391
   99.10163704   99.47183808  101.36707045  102.70820969  103.61971442
  104.00039884  104.94014609  105.28448326  105.60678193  106.95774051
  107.03525723  107.05410486  107.36477417  107.72369032  107.78006758
  107.99397436  108.08910889  108.09776529  108.24033507  109.15712102
  109.71287331  110.25063891  110.45880856  110.48639228  111.92877272
  112.2946742   112.73910566  112.98274531  113.8461648   114.8461224
  115.08707834  115.41025719  115.56466246  115.87882503  116.51927592
  116.69939038  117.18809855  117.29357602  117.43241924  119.84073496
  122.74776107  124.10172315  124.42382576  124.4817957   125.25908938
  125.30457668  125.43458549  129.13346806  129.67718524  131.40806577]
maximum traj length 200
num training_obs 1800
num training_labels 1800
num val_obs 200
num val_labels 200
ModuleList(
  (0): Linear(in_features=3, out_features=256, bias=True)
  (1): Linear(in_features=256, out_features=256, bias=True)
  (2): Linear(in_features=256, out_features=1, bias=False)
)
Total number of parameters: 67072
Number of trainable paramters: 67072
device: cuda:0
end of epoch 0: val_loss 0.007447292775206371, val_acc 1.0
trigger times: 0
saving model weights...
Weights: OrderedDict([('fcs.0.weight', tensor([[ 9.5869e-04, -6.9619e-04,  1.0590e-03],
        [-9.2617e-05, -1.6727e-04, -1.9685e-03],
        [-1.1600e-03, -2.4425e-03, -1.0921e-03],
        [ 6.6320e-04, -4.3817e-04,  8.5568e-04],
        [ 1.9901e-03,  1.4402e-03,  4.4576e-04],
        [ 1.5872e-04,  9.0080e-04, -6.1385e-04],
        [ 1.7645e-03, -2.2377e-03, -7.3154e-04],
        [ 1.2083e-03, -1.1758e-03,  1.4952e-03],
        [-2.0591e-04,  1.0901e-03, -1.6094e-03],
        [-8.6403e-04,  4.7422e-04,  3.1953e-04],
        [ 6.4288e-04,  1.0837e-03,  4.4270e-04],
        [-1.5273e-03, -1.0941e-03, -8.2694e-04],
        [ 5.8676e-04,  1.1068e-04, -2.1198e-03],
        [-1.8137e-03,  1.3104e-04,  4.2393e-04],
        [-2.7903e-03, -8.2027e-04, -8.2325e-04],
        [-7.8637e-04, -7.7266e-04, -3.0650e-03],
        [-4.4659e-04,  6.5785e-04,  4.4644e-03],
        [-4.1506e-04,  2.5366e-03, -6.9192e-05],
        [ 1.0109e-03,  1.0479e-03,  1.2450e-03],
        [-9.1339e-04, -4.2232e-04,  1.5687e-03],
        [-3.4798e-05, -2.1073e-03, -6.8343e-04],
        [-1.0772e-03, -1.3661e-03, -2.6676e-03],
        [-4.5478e-04,  1.1867e-03, -4.5627e-04],
        [ 9.6218e-04,  1.2476e-03,  1.9873e-04],
        [ 2.3032e-04, -2.2000e-03, -5.6447e-04],
        [-9.5007e-04,  6.8906e-04, -2.1305e-03],
        [ 6.7537e-04,  3.7039e-04,  6.0583e-04],
        [-4.8935e-06, -1.1555e-03, -6.3057e-04],
        [-1.2157e-04, -8.9158e-04, -1.3080e-03],
        [-1.5709e-04, -4.3328e-03,  3.5442e-04],
        [-6.6717e-04, -1.9684e-04, -2.9846e-03],
        [-1.4553e-03, -1.7869e-04,  2.0750e-03],
        [-1.8907e-04, -1.2312e-03,  8.0067e-04],
        [ 3.7030e-04, -5.4974e-04,  1.6274e-03],
        [-7.0084e-04,  1.0340e-03, -6.0279e-04],
        [ 4.9006e-04,  9.9693e-04,  2.1031e-03],
        [-3.0347e-07, -7.2168e-04,  1.0733e-03],
        [-1.7230e-03, -2.2112e-03,  5.5594e-04],
        [ 3.8668e-04,  1.2099e-03,  2.2201e-03],
        [-8.1955e-05, -1.7863e-03,  8.3084e-04],
        [-1.3366e-03,  3.7503e-04, -1.7160e-03],
        [ 3.0932e-04, -4.0421e-04,  5.0514e-04],
        [ 6.0592e-04, -1.4534e-03, -5.8031e-04],
        [-1.0511e-03,  2.2930e-03,  1.1241e-03],
        [ 8.1480e-04, -6.3896e-04,  4.4392e-04],
        [ 1.7302e-03,  9.6558e-04, -2.5316e-04],
        [-9.9191e-04,  1.2075e-04, -1.9268e-03],
        [ 6.3642e-04,  3.5518e-03, -1.3387e-03],
        [-3.9179e-04, -7.0884e-04,  7.8223e-04],
        [ 2.9818e-04, -1.5657e-03, -1.0873e-03],
        [-6.8444e-04,  7.9340e-04,  2.2565e-03],
        [-5.3618e-04,  1.7129e-03, -1.2349e-03],
        [ 1.0377e-03, -4.0779e-04,  9.6725e-04],
        [ 6.4076e-04,  1.8494e-03, -7.9177e-04],
        [-1.0925e-05,  1.4309e-03, -6.9924e-04],
        [ 6.5308e-04,  2.1852e-04, -4.5150e-04],
        [-9.1804e-04,  1.1448e-03, -5.8253e-04],
        [-2.5004e-03, -5.6348e-04, -4.1120e-03],
        [-2.8850e-04, -9.0260e-04,  5.0266e-04],
        [-9.8808e-04, -3.3754e-04, -8.7596e-04],
        [-1.6262e-03, -1.1185e-03,  1.3916e-03],
        [-2.0600e-03, -9.5098e-05,  7.7899e-04],
        [ 4.4957e-04, -1.0127e-04, -6.9612e-04],
        [-8.8117e-04,  2.2700e-03, -3.6760e-04],
        [-8.6853e-04, -1.1801e-03, -3.2563e-03],
        [-1.3524e-03, -1.8566e-03,  4.8592e-04],
        [-7.8758e-04,  5.4243e-04,  1.3540e-03],
        [-7.4504e-04, -9.0572e-04,  1.4273e-03],
        [ 3.1863e-04,  4.7408e-04, -2.4262e-03],
        [-6.3863e-04, -1.8508e-03, -1.3856e-03],
        [ 1.0190e-03, -1.0645e-03, -1.2317e-03],
        [ 1.6818e-03, -6.7909e-04,  2.1422e-03],
        [ 7.6858e-04,  2.7860e-04,  1.3473e-03],
        [ 3.3221e-05, -5.7385e-04,  8.2750e-04],
        [-1.0654e-03, -9.3235e-04,  7.7330e-04],
        [-7.1590e-04, -1.8889e-03,  1.1666e-03],
        [-8.3428e-04, -1.1309e-03, -1.2321e-03],
        [-1.0513e-03, -6.4763e-04,  1.5782e-03],
        [-4.7013e-04, -2.2290e-03,  1.1009e-03],
        [ 9.7438e-05,  1.7925e-04, -1.2457e-03],
        [-1.0516e-03,  1.8320e-03,  2.1668e-03],
        [-3.7511e-04, -8.9523e-04,  1.0548e-03],
        [-9.1351e-04, -1.2349e-03,  1.2854e-03],
        [ 1.1151e-03, -8.3877e-04, -2.5529e-04],
        [-2.0509e-04, -2.6474e-03,  3.8218e-04],
        [ 1.9213e-03,  1.6184e-03, -6.9281e-04],
        [-5.1040e-04,  5.3676e-04, -7.2729e-04],
        [ 3.9047e-04,  6.6419e-04, -4.6511e-04],
        [ 3.2967e-04, -5.1770e-04, -1.7178e-03],
        [ 2.5471e-03,  3.4772e-04,  2.9190e-04],
        [ 6.9653e-04,  9.6794e-04,  2.5657e-04],
        [-2.8962e-03, -7.3954e-05, -9.0759e-04],
        [ 4.2886e-04,  2.2523e-03, -2.2319e-04],
        [ 1.2859e-03, -4.4426e-04, -4.3192e-03],
        [ 6.0036e-04, -7.5171e-04, -1.3260e-03],
        [ 2.6182e-04, -4.8932e-05,  2.0963e-03],
        [ 1.8580e-03,  1.9271e-03,  1.6202e-03],
        [-8.7882e-04,  6.0020e-04,  1.1697e-03],
        [ 3.2630e-04, -7.9642e-04, -6.5421e-04],
        [ 1.2381e-03, -1.8756e-04,  1.5764e-03],
        [ 2.7022e-04, -3.0762e-04,  1.3308e-03],
        [ 3.5972e-04, -3.6500e-04, -1.2054e-04],
        [-5.0753e-04,  9.1025e-04,  4.0478e-04],
        [-6.6579e-04, -2.3041e-04,  1.6976e-03],
        [-2.6620e-03, -1.2818e-03, -7.5487e-04],
        [ 4.6541e-04,  5.4711e-05, -3.2821e-05],
        [-1.8345e-03, -1.2785e-03, -2.3247e-03],
        [-2.3793e-03,  9.6712e-04,  6.0458e-05],
        [ 6.6116e-04, -1.3404e-03,  1.5936e-03],
        [ 1.1437e-03,  1.5504e-03, -6.5366e-04],
        [ 1.6124e-03,  1.8696e-03, -3.7988e-05],
        [-3.6327e-05, -7.7797e-04,  1.0840e-03],
        [ 2.5283e-03, -7.7391e-04,  9.2833e-05],
        [ 6.4674e-04,  1.4190e-03, -7.6739e-04],
        [ 1.8679e-03, -1.4180e-03, -1.6941e-03],
        [-9.9588e-05,  2.3016e-03,  1.8080e-03],
        [-7.6923e-04, -1.8212e-04,  1.3832e-03],
        [ 6.4953e-04, -1.5988e-03,  7.2836e-04],
        [-9.0459e-04,  1.1661e-03,  3.3709e-03],
        [-6.4051e-04, -1.2965e-03,  1.8472e-03],
        [-8.8493e-04, -2.5800e-03, -1.1740e-03],
        [ 3.8199e-04,  3.7689e-04,  1.3561e-03],
        [-1.3493e-03, -1.1173e-04, -1.6777e-03],
        [ 7.0522e-04, -8.9071e-04,  7.3165e-04],
        [ 1.1513e-04, -6.7704e-04,  1.2376e-04],
        [ 5.0758e-04,  2.1005e-03,  1.2214e-04],
        [ 4.9201e-04,  9.6513e-04,  1.0234e-03],
        [ 5.9335e-04, -7.5764e-04,  8.8016e-04],
        [-2.4347e-03, -1.4158e-03,  5.0068e-05],
        [ 9.1885e-04,  1.4797e-03, -1.9467e-03],
        [ 1.7550e-04,  6.5019e-04,  3.8884e-04],
        [-6.0970e-04,  4.2269e-05,  6.1307e-04],
        [ 4.1627e-04,  9.0361e-04,  1.1235e-03],
        [ 6.0792e-04, -1.0438e-03, -5.8179e-04],
        [ 2.9575e-04, -1.3841e-03,  6.5512e-04],
        [-1.4738e-03, -5.3529e-04,  1.6931e-03],
        [ 1.0342e-03, -1.5156e-03,  1.7724e-03],
        [ 9.9351e-04,  1.1530e-03,  6.9266e-04],
        [ 1.5642e-03,  1.0944e-04, -2.4209e-03],
        [-6.8554e-04,  1.1426e-03,  1.2185e-03],
        [ 9.8438e-04,  2.0447e-03,  1.8713e-03],
        [-3.1590e-04, -2.2566e-04, -1.6319e-04],
        [ 3.0244e-04, -7.9988e-04,  1.1287e-03],
        [ 4.5167e-05, -5.8643e-04, -1.3035e-03],
        [ 1.3286e-03, -4.9074e-04,  1.1944e-03],
        [-5.5316e-04,  1.2867e-03,  2.4462e-03],
        [ 6.4631e-04,  1.7002e-03, -7.7367e-04],
        [ 5.9394e-04,  6.9482e-05, -7.8482e-04],
        [-6.2813e-06, -4.7583e-04, -1.9666e-03],
        [ 8.4919e-04,  1.7249e-03, -1.2698e-03],
        [-4.0927e-04,  1.4766e-04, -1.2240e-03],
        [-1.1406e-03,  2.0560e-04,  5.3766e-04],
        [-1.0630e-03,  6.4793e-04, -9.0863e-04],
        [ 9.8689e-05,  2.4824e-03,  1.5931e-03],
        [ 9.9249e-04,  3.3066e-04,  3.0267e-03],
        [-4.1022e-04, -1.1383e-03,  2.5975e-03],
        [-1.4112e-03, -3.4320e-04,  1.6317e-03],
        [-3.4943e-04,  3.9359e-03,  1.7174e-04],
        [ 5.6219e-04,  9.5222e-04, -3.1544e-04],
        [-1.2473e-03, -1.9072e-03,  5.3555e-04],
        [-3.3380e-04,  1.9780e-03,  1.7985e-03],
        [-2.5318e-04, -1.2286e-03,  6.5286e-04],
        [-5.2239e-04,  1.3153e-03, -3.4089e-04],
        [-2.2633e-03, -1.1061e-03, -1.2771e-03],
        [-8.5744e-04,  3.2552e-03,  8.3837e-04],
        [-2.4398e-04, -9.4808e-04, -9.5308e-04],
        [-2.3500e-03, -2.2074e-03, -6.1404e-04],
        [ 1.2137e-03, -2.0941e-03, -1.2556e-03],
        [ 1.2082e-03,  1.2156e-03,  5.3461e-04],
        [ 1.2615e-03,  2.3680e-03, -1.0365e-03],
        [-8.9103e-04, -1.2694e-03,  1.5086e-03],
        [ 1.3302e-03, -2.0177e-03,  6.5673e-04],
        [-8.2905e-04,  9.2848e-04,  3.2399e-04],
        [-5.2131e-04,  6.0293e-04,  1.6614e-03],
        [-1.6495e-03,  9.4837e-04,  2.2911e-03],
        [-2.3331e-03,  1.2340e-03,  8.4316e-04],
        [ 9.2596e-04, -5.6545e-04,  1.0424e-03],
        [ 7.9191e-04,  1.5451e-03, -8.7173e-04],
        [ 1.1891e-06,  1.6636e-04, -1.1992e-03],
        [ 1.0019e-03,  1.5180e-04,  3.9205e-05],
        [ 4.2738e-04, -2.5667e-03, -7.9532e-04],
        [ 1.8128e-03,  4.8568e-04, -1.3061e-03],
        [-6.6908e-06, -1.6640e-03,  1.4273e-03],
        [ 6.2122e-04,  1.2106e-03,  6.0677e-04],
        [-4.9186e-04,  7.6155e-04, -2.2180e-03],
        [ 5.0735e-04,  7.1561e-04,  1.3798e-03],
        [ 7.8638e-04, -7.3956e-04, -6.5807e-04],
        [-1.2555e-03, -1.4289e-03,  9.9447e-04],
        [-5.0501e-04,  6.3744e-04, -9.0142e-04],
        [ 1.9387e-04,  1.8659e-03,  2.2972e-03],
        [-2.4855e-03,  1.8785e-03,  4.2642e-04],
        [-1.0107e-03, -8.8778e-04,  3.6323e-03],
        [ 8.3828e-04,  3.4356e-04, -3.4843e-04],
        [ 1.6771e-04,  3.1649e-04, -6.2434e-04],
        [ 8.0091e-04, -5.3690e-04, -1.8806e-04],
        [-2.2406e-04,  1.5467e-03,  6.8897e-04],
        [ 7.8529e-04,  2.8023e-04, -5.0421e-05],
        [ 1.5085e-03,  1.0871e-03, -2.3335e-03],
        [ 1.6725e-03, -2.1824e-03, -3.9627e-04],
        [ 1.5998e-03,  1.0504e-04, -1.8007e-03],
        [ 1.7756e-03,  4.0597e-04, -1.3075e-03],
        [ 1.1052e-03,  1.7155e-03, -9.6347e-04],
        [ 7.8045e-05,  1.1191e-03,  1.2517e-03],
        [ 1.6895e-05,  1.0224e-03, -9.1885e-04],
        [-7.5406e-04, -9.5854e-04,  1.3008e-03],
        [ 7.9156e-05,  7.2802e-04, -2.4541e-03],
        [ 1.0503e-03, -1.0986e-03, -4.5786e-04],
        [ 6.7399e-04,  9.6616e-04, -9.7733e-05],
        [-4.7959e-04,  1.5826e-03, -1.3893e-03],
        [ 4.1158e-04, -5.5827e-04, -6.9755e-04],
        [ 5.9092e-01, -5.8350e-02,  3.9471e-01],
        [ 1.9809e-03, -1.0263e-03,  4.0921e-04],
        [ 7.9776e-04, -1.4244e-03, -3.3050e-04],
        [ 8.1178e-04, -4.6216e-04, -1.2643e-03],
        [ 8.2167e-04,  1.0167e-03, -1.2264e-03],
        [-3.7451e-04,  6.9997e-04,  1.1158e-03],
        [-3.2588e-04,  5.0722e-04,  4.6892e-04],
        [ 2.5324e-04, -6.8913e-04, -9.2742e-04],
        [ 8.1173e-04, -2.3402e-04,  3.2590e-03],
        [ 5.1551e-04,  1.2900e-03, -6.9885e-04],
        [ 1.2613e-03, -1.4062e-03,  7.3561e-04],
        [-1.7370e-03,  2.6303e-03,  3.5817e-04],
        [-6.7755e-04, -1.1547e-03,  1.1922e-03],
        [-4.2995e-04,  2.5552e-04, -2.2350e-03],
        [-1.9650e-03, -4.2940e-04, -1.3763e-04],
        [ 1.7585e-04,  3.8973e-04,  1.1451e-03],
        [-8.1859e-04,  1.4734e-03, -2.1075e-04],
        [ 4.2706e-04,  6.3993e-04,  6.5427e-04],
        [ 7.1043e-06,  1.3269e-03,  1.5278e-04],
        [ 2.8683e-04,  1.2204e-03,  7.0276e-04],
        [ 7.0743e-04,  3.4231e-04, -6.8812e-04],
        [ 1.4450e-03,  1.0348e-03,  1.9187e-04],
        [ 2.1057e-04, -1.7680e-03, -5.1634e-04],
        [-1.1292e-03, -1.9938e-03, -4.7824e-04],
        [-6.2543e-04, -2.4250e-04, -6.3926e-04],
        [-2.0198e-03, -1.6783e-03,  5.2677e-04],
        [-1.0627e-03, -3.5939e-04,  9.1290e-04],
        [-1.9888e-03,  1.0016e-03,  8.2033e-04],
        [-9.3784e-04,  2.0446e-03, -1.0719e-04],
        [-9.7192e-04,  1.2627e-03,  3.8916e-04],
        [ 9.1852e-04,  1.3442e-03, -1.8234e-03],
        [ 3.0630e-04, -2.5510e-03,  1.1915e-03],
        [ 1.0231e-04,  1.5079e-03,  1.6862e-03],
        [ 1.4386e-03,  4.1839e-04, -1.9085e-03],
        [ 8.1729e-04,  1.0236e-03,  3.3328e-03],
        [-6.1405e-04,  5.6754e-04, -1.9125e-03],
        [-2.3450e-03,  1.8422e-03, -1.0074e-03],
        [ 9.2502e-04,  7.6018e-04,  2.7915e-04],
        [ 1.2026e-03,  1.0463e-03, -1.2429e-03],
        [-1.6891e-04, -5.6542e-04, -2.7691e-03],
        [-1.7780e-04, -6.3827e-04, -9.7758e-05],
        [-4.5901e-03,  1.4872e-03, -4.3742e-04],
        [ 4.6050e-04, -9.9267e-04,  9.8532e-04],
        [ 9.3805e-04, -4.1572e-04, -3.1620e-04],
        [ 6.9103e-04, -7.9149e-04, -2.3530e-03],
        [ 1.1454e-03, -1.4642e-03, -1.1861e-03]], device='cuda:0')), ('fcs.0.bias', tensor([-1.2918e-04,  7.6779e-04,  4.5263e-04, -2.1655e-04, -1.3805e-03,
         1.3789e-03, -1.3640e-03,  1.9561e-03, -1.9794e-04, -2.2737e-03,
        -5.7167e-04,  1.4384e-03, -4.1584e-04, -4.6488e-04, -6.8238e-04,
         1.8401e-04,  3.9281e-04,  1.7817e-03, -9.3228e-04, -1.5148e-04,
        -3.2389e-04,  4.2373e-05, -2.1578e-03, -7.7378e-04, -2.6433e-04,
         8.3598e-04, -1.1880e-03,  6.4472e-04, -1.2479e-03,  5.9466e-04,
         1.0385e-03,  1.7239e-04,  3.6750e-04, -1.4490e-03,  3.7479e-04,
        -1.8836e-03, -3.6244e-04, -7.6177e-05,  3.5447e-03, -1.1497e-03,
         2.7164e-03, -4.0840e-04,  9.8710e-04, -2.2656e-04,  1.2019e-03,
        -8.6686e-04, -1.4475e-04, -8.1315e-05,  8.5733e-04,  1.2656e-03,
        -1.7789e-03,  1.7534e-03,  7.7971e-04,  7.7269e-04,  8.5958e-04,
         6.3260e-05, -1.4098e-04,  2.1774e-03, -8.8031e-04, -1.6271e-04,
         2.1180e-03,  1.1695e-03,  1.7764e-04, -9.5501e-04, -1.7416e-03,
         7.3434e-04,  9.5435e-05,  1.0481e-03, -7.1847e-04, -1.8849e-04,
        -2.1510e-03, -1.0832e-03,  4.4464e-04, -9.1387e-04,  5.4412e-04,
        -1.2059e-03, -4.2399e-04, -5.7447e-04,  4.5167e-04,  1.6476e-03,
        -5.6029e-05,  1.0124e-03,  1.3467e-03, -2.4973e-03, -2.4010e-03,
        -6.4920e-04,  3.0084e-03,  1.9174e-05,  4.8739e-05, -2.2256e-03,
        -3.7329e-03, -1.3018e-03, -2.6100e-04,  1.7108e-03,  3.9239e-06,
         1.2715e-03, -9.2730e-04,  7.7922e-04, -2.9248e-04,  1.1002e-03,
        -1.0222e-04, -7.7885e-04, -1.0046e-03,  1.1714e-03,  1.4608e-04,
        -2.3166e-03, -1.4008e-03,  2.0983e-05,  2.3045e-04, -1.4060e-03,
         2.1404e-03, -3.0362e-03, -7.7476e-04,  5.7972e-06, -6.4106e-04,
        -7.2880e-05, -1.3126e-03, -2.5279e-03,  6.1823e-04,  1.7271e-03,
         1.3065e-03, -2.4599e-04,  3.9889e-04, -6.0235e-04,  1.1590e-03,
        -3.5276e-04,  7.7563e-04,  2.9826e-04, -7.7040e-04,  7.5090e-04,
         1.1972e-05, -1.2167e-03,  1.6725e-03,  1.6813e-04, -1.2941e-04,
         1.0959e-03, -8.5954e-04,  1.2362e-04,  8.6538e-04, -3.6487e-04,
         8.7583e-04, -1.8360e-03,  1.9525e-03,  4.0724e-04,  6.5545e-04,
        -1.0202e-03, -7.3525e-04,  2.2131e-05, -3.3613e-04,  1.3101e-03,
         4.2868e-04, -3.1123e-03,  1.0392e-04, -5.9117e-05, -1.1338e-03,
         1.7070e-03, -1.4630e-03, -5.5243e-03,  4.6556e-04, -6.2489e-04,
        -8.9348e-04,  1.5576e-03,  6.7680e-04,  2.4647e-03, -4.1117e-04,
         8.2073e-04,  1.4489e-03, -1.2630e-03,  6.1555e-04, -1.8142e-03,
        -1.4483e-03, -1.0785e-03, -3.0990e-04,  1.3254e-03, -6.9306e-04,
         2.1969e-03, -1.0537e-03,  1.0118e-04,  2.3184e-03,  4.6167e-04,
        -2.4492e-04,  9.3570e-04, -1.1447e-03,  1.2102e-03, -2.0610e-04,
        -5.5260e-04, -2.3971e-03, -1.4851e-03,  5.1228e-04,  1.2359e-03,
         6.5383e-04,  8.1486e-04, -2.1050e-04, -6.1704e-04,  8.7112e-04,
        -9.2612e-04,  7.3411e-04,  2.2805e-03,  2.8524e-04, -5.0776e-05,
         6.7498e-04, -5.5884e-04, -8.2987e-04,  3.8906e-04, -7.6244e-04,
         5.9836e-04,  8.2039e-04,  3.8392e-03,  1.2098e-03, -6.1862e-04,
         8.0948e-02,  1.4292e-03, -8.0877e-04, -2.7269e-04, -9.0868e-04,
        -8.4078e-04, -4.7792e-04, -6.0065e-05,  1.0760e-03,  2.1225e-03,
        -7.6706e-05, -2.5925e-03,  1.3742e-03,  1.1432e-03, -2.6151e-03,
         1.2243e-03,  8.6714e-04, -1.2377e-03, -1.7034e-06,  5.3781e-04,
        -1.9981e-04,  1.0036e-03,  2.0151e-04,  1.8888e-03, -3.2278e-05,
        -8.6265e-04, -8.3428e-04, -1.5624e-03, -1.1415e-03, -1.2512e-04,
        -3.0867e-04,  9.4505e-04,  2.5572e-04,  7.8633e-04, -8.5294e-05,
         7.4501e-04, -1.8043e-04, -1.1049e-03, -4.5860e-04,  6.9347e-05,
        -8.6077e-04, -1.6763e-04, -3.6093e-04, -2.2893e-03, -1.0221e-03,
         9.9210e-04], device='cuda:0')), ('fcs.1.weight', tensor([[ 6.7152e-04, -2.9550e-04, -3.0495e-04,  ...,  2.1810e-03,
         -2.0189e-03,  2.5897e-03],
        [ 1.3057e-03,  8.9328e-04, -6.7097e-04,  ...,  2.4992e-03,
          1.8290e-03, -7.9749e-05],
        [-5.4878e-04, -1.7072e-03,  4.6070e-04,  ...,  1.9621e-03,
          1.3281e-04,  7.6502e-04],
        ...,
        [-1.3047e-03, -1.3040e-03, -4.6028e-04,  ..., -2.3076e-04,
          2.4354e-03, -3.7145e-04],
        [-1.4280e-03, -2.6117e-04,  1.8259e-03,  ...,  1.9620e-03,
          6.4522e-04,  1.3110e-03],
        [-3.1358e-03,  3.1612e-04,  7.4570e-04,  ..., -1.3045e-03,
         -2.4285e-03, -2.0249e-03]], device='cuda:0')), ('fcs.1.bias', tensor([-1.9092e-04,  1.9902e-03,  2.3606e-03, -4.5906e-05, -8.0202e-04,
        -2.1754e-03, -3.6052e-04,  1.3026e-03,  6.3712e-04,  2.5726e-03,
         7.9508e-04,  5.3608e-04,  6.4368e-04,  1.2146e-03,  2.4791e-03,
         6.6298e-04, -2.7825e-05, -7.6149e-04,  2.8817e-03,  1.9830e-03,
         1.0353e-03, -1.9669e-03, -1.1356e-03,  1.2811e-03,  1.0325e-03,
        -8.0417e-06,  2.1810e-03,  1.7735e-04, -3.6548e-04,  7.6560e-05,
        -2.5034e-03, -1.9578e-03,  2.7233e-04,  1.3164e-03,  4.7214e-04,
         1.6977e-04, -1.3963e-03, -1.0808e-03, -4.7986e-03,  1.2193e-03,
         7.4386e-04,  8.7671e-04, -3.9375e-04,  4.7160e-04, -1.0383e-03,
        -1.0267e-03,  7.2468e-04,  7.0358e-04, -4.5099e-04, -6.7364e-04,
        -5.0447e-04,  4.9107e-04,  4.9473e-04, -7.9352e-04, -2.6849e-03,
        -1.9551e-03, -1.9897e-03, -3.1418e-03, -1.0283e-03,  2.8300e-04,
         6.7189e-04,  2.5175e-03, -4.9514e-04, -1.0649e-03,  2.5295e-03,
         2.1702e-03, -7.1066e-04, -7.6509e-04,  7.0426e-04, -1.5678e-03,
         1.3090e-03,  8.8489e-04,  7.2513e-04, -7.6133e-04,  2.1801e-03,
         9.2874e-04, -1.3724e-03, -1.7708e-04, -2.1425e-03, -7.0249e-04,
         1.1758e-03, -1.4259e-04, -8.5089e-04,  8.2108e-04,  7.4672e-04,
         1.9581e-04,  1.3701e-04, -3.9203e-04,  4.7657e-03,  2.1570e-03,
        -1.7148e-03,  4.0352e-04, -1.6342e-03, -1.3114e-03, -2.4967e-03,
         1.6388e-03,  7.8673e-04, -1.5835e-03, -4.3519e-04,  7.8364e-04,
         1.4859e-03,  1.9629e-03, -1.2779e-03,  1.0452e-03,  1.6574e-03,
        -1.6644e-03,  4.6441e-04, -6.8079e-04,  1.2954e-03,  2.2021e-03,
        -7.8305e-04, -1.2393e-03,  6.5405e-04,  6.6203e-04,  4.7983e-03,
         6.8350e-04,  1.2267e-04,  1.8458e-04,  4.0417e-03, -6.9603e-03,
        -8.7527e-04, -1.5383e-03, -1.1990e-03, -1.3030e-03,  1.2617e-03,
         1.3044e-03,  8.7446e-05,  1.7995e-04, -1.0975e-04,  7.5316e-04,
         1.2930e-03, -1.9425e-03, -6.2649e-04, -2.6214e-04, -2.5554e-04,
         5.6475e-04, -2.1803e-03,  4.3116e-04, -6.8274e-04, -2.1887e-03,
         4.9747e-04, -1.0160e-04,  7.3808e-04,  2.4948e-03, -4.8266e-04,
        -4.8201e-04, -1.5582e-04, -6.6810e-04, -8.5048e-04,  1.0795e-03,
        -5.9173e-04,  1.2186e-03, -1.2895e-03,  1.6408e-04,  6.2484e-04,
         8.8178e-06,  5.3549e-04,  6.0852e-04, -1.2895e-03,  1.5883e-03,
        -1.3824e-03, -2.1548e-03,  6.7397e-04, -9.0287e-04, -2.1799e-03,
        -3.4727e-03,  9.6354e-05, -1.9623e-03, -6.7365e-04, -4.9974e-04,
         1.1055e-03,  2.4540e-03, -7.4445e-04,  2.2808e-04,  6.1184e-04,
        -7.2853e-04,  5.8602e-04,  1.0777e-03,  1.3030e-03,  1.0773e-03,
        -1.3309e-03, -6.6910e-04, -1.1032e-04, -2.1048e-05, -1.9620e-03,
         5.9706e-04,  4.5851e-05,  2.2115e-02,  2.5055e-03,  6.8885e-05,
        -1.1716e-03,  1.3036e-03,  3.6645e-04, -1.9554e-03, -5.6229e-04,
         1.1561e-03,  8.4177e-04, -6.7367e-04,  1.3176e-03,  4.8691e-04,
         1.9362e-03,  4.9712e-04,  3.3974e-04, -4.5759e-04, -8.7389e-04,
         4.5152e-04, -1.8740e-04,  1.0843e-03, -1.0730e-04,  1.2672e-03,
        -9.3061e-04,  9.3179e-04, -7.4489e-04,  1.2716e-03,  1.1184e-03,
        -1.8674e-03,  1.3114e-03,  1.9282e-03, -1.3115e-03, -5.8514e-04,
        -1.3150e-03,  1.3683e-03,  1.6365e-04, -3.1454e-03, -1.3257e-03,
         4.5961e-04, -1.2580e-03,  6.7909e-04,  7.6929e-04,  3.9254e-04,
        -1.3115e-03, -6.1548e-04,  1.2988e-03,  6.5826e-04, -5.6811e-04,
         7.4429e-04, -9.0124e-04, -4.2900e-04, -8.9588e-04, -1.9621e-03,
         8.0922e-04,  2.3891e-03,  2.4476e-04, -1.2604e-03, -2.2887e-04,
        -7.2333e-04,  8.7491e-04,  2.4654e-03,  6.7292e-04, -3.0468e-04,
        -9.1843e-04,  1.2868e-03,  3.2771e-04, -7.9816e-04, -2.7196e-04,
        -3.9436e-05], device='cuda:0')), ('fcs.2.weight', tensor([[-1.0618e-03,  6.9115e-04,  1.3013e-04,  2.0582e-04, -4.3876e-04,
         -3.1725e-04,  6.4049e-05,  3.3875e-04,  1.3410e-04,  2.0961e-03,
          3.9054e-04, -1.0544e-03, -3.7167e-05, -1.0772e-04,  4.6443e-05,
         -4.4800e-04,  7.9480e-04,  1.8937e-04, -7.7712e-05, -7.9292e-05,
          1.6979e-05, -1.5963e-03,  9.1002e-04,  2.2363e-04, -5.5481e-05,
         -1.7391e-03,  1.5235e-04,  7.2651e-04, -1.2930e-03,  2.0191e-04,
         -3.1738e-03, -2.3696e-03,  3.1156e-05, -3.9003e-04,  1.9300e-04,
          2.3512e-04, -3.9239e-05, -2.0871e-04, -8.9875e-04,  1.4221e-03,
          1.2427e-03,  1.4723e-04,  7.7498e-05, -1.2603e-03, -1.3539e-04,
          2.7302e-04, -1.4798e-03,  1.3443e-04,  1.4495e-04,  2.1935e-04,
          7.5706e-05, -1.2252e-04, -6.6205e-04,  2.6595e-03,  1.7286e-05,
         -8.7319e-04,  4.5667e-04,  2.1307e-04, -7.2585e-04, -9.2643e-04,
         -1.3968e-04,  1.3832e-03, -3.9713e-04, -1.0065e-04, -3.4560e-05,
          2.7937e-04,  1.7048e-05,  9.9730e-04,  1.5398e-03,  7.1897e-04,
          8.5303e-04, -1.4479e-05, -6.5989e-04, -2.4754e-05, -1.5982e-03,
         -1.7636e-03,  8.9088e-05,  1.6676e-04,  9.8764e-06,  6.8997e-04,
         -1.6268e-07,  7.2496e-04,  1.4364e-04,  3.2134e-05,  1.4130e-05,
          1.0607e-05,  1.6526e-03,  1.2292e-05,  2.5817e-04, -1.4685e-04,
          2.5837e-03,  8.0509e-05, -5.2140e-04, -4.5224e-04,  2.7637e-04,
          4.1956e-05,  8.6636e-04, -6.1764e-06, -6.3113e-06, -2.5166e-05,
          6.5733e-04,  3.8874e-04, -2.7911e-04,  3.4962e-03,  3.0744e-04,
         -8.2704e-06, -4.9405e-04, -9.5308e-05,  5.9362e-05, -1.3038e-03,
          8.2232e-05,  8.3964e-04, -4.2315e-05,  5.8572e-04,  1.1609e-03,
          8.4813e-05, -6.3600e-06,  2.3105e-03, -2.9276e-04,  9.1427e-04,
         -4.3276e-04,  4.2720e-04, -9.6965e-04, -3.0300e-04,  3.1745e-05,
         -5.7263e-04, -2.2019e-04, -6.3164e-05, -5.4025e-06, -1.2316e-03,
         -2.3818e-03, -2.0479e-03,  7.6825e-04,  2.6940e-04,  1.0676e-04,
          1.7252e-04,  4.4281e-04,  1.3894e-05, -1.1112e-04, -1.5640e-04,
         -2.4077e-05, -2.3377e-05,  9.3832e-05,  2.9354e-04, -1.5099e-03,
         -7.1654e-05, -2.2112e-04, -1.0518e-04, -1.8005e-04,  1.8194e-04,
         -1.4163e-04,  3.6575e-03, -7.0969e-04,  9.4379e-05,  1.4214e-05,
         -4.5802e-05,  6.1086e-04,  4.7896e-05,  1.6413e-03,  1.1846e-03,
          5.6790e-05,  1.5918e-04, -3.9000e-04,  4.4021e-05, -1.1451e-03,
         -3.0876e-03,  1.2671e-05, -5.1726e-04, -6.5220e-04,  8.7533e-04,
          1.6115e-03, -8.4091e-04,  7.0633e-04, -1.6711e-04,  5.1817e-05,
         -4.9460e-04,  1.2208e-04, -6.4451e-05,  2.9773e-04, -7.3020e-05,
          5.8748e-04,  1.5982e-04, -8.3338e-04, -8.6575e-05, -1.9292e-04,
         -1.1579e-04,  5.5772e-05, -8.3282e-01, -4.4134e-04, -2.0399e-04,
         -6.3808e-05, -1.6681e-04, -4.6291e-05, -1.4223e-03, -6.5219e-05,
         -1.7095e-03, -2.7850e-04,  3.1493e-05, -7.6905e-04,  2.3967e-04,
          1.8157e-04, -3.5826e-05, -1.5529e-04,  8.0861e-04, -1.9679e-04,
         -7.0399e-05,  1.5317e-04,  2.6397e-04,  7.2943e-05,  2.2261e-05,
         -6.9922e-04, -4.3963e-04,  1.0445e-04, -1.1963e-03,  1.8174e-03,
          2.7453e-04, -1.6785e-04, -4.5425e-04, -8.7551e-05,  5.2044e-06,
         -1.5136e-03, -5.0410e-04,  1.2738e-04, -1.0098e-03, -1.0215e-03,
          4.6859e-04, -1.7604e-05, -4.6882e-05, -1.2577e-04, -1.1328e-04,
          3.9631e-03,  3.0592e-04,  3.6186e-05,  9.3554e-04,  4.7284e-05,
         -1.4693e-04,  4.2087e-06,  1.2826e-04,  2.0148e-04, -4.0547e-04,
          6.8034e-04,  7.2548e-04, -9.6717e-05, -2.6694e-04, -1.0712e-04,
         -2.6404e-04, -2.0941e-04, -1.6991e-04,  1.5254e-04,  1.1574e-05,
         -1.9280e-03, -1.0834e-03, -4.9388e-05,  2.3654e-03,  1.2253e-04,
         -2.9104e-04]], device='cuda:0'))])
end of epoch 1: val_loss 0.004465419003866593, val_acc 1.0
trigger times: 0
saving model weights...
Weights: OrderedDict([('fcs.0.weight', tensor([[ 1.0716e-03, -1.7680e-03,  1.0497e-03],
        [-7.0941e-04, -1.7921e-03, -6.8415e-04],
        [-2.0270e-03,  1.0442e-04,  4.4255e-04],
        [ 6.1480e-04,  6.4320e-04,  4.6293e-04],
        [-3.2311e-05, -1.2520e-03,  6.3030e-04],
        [ 1.0990e-04, -1.1210e-03, -7.6120e-04],
        [ 1.1861e-03, -2.1070e-03, -5.2173e-04],
        [ 1.7407e-03,  2.3760e-03,  3.6801e-05],
        [ 1.2560e-03, -1.3324e-03,  1.5638e-03],
        [-4.4469e-04, -2.7679e-04,  3.8342e-03],
        [-2.0440e-04,  9.0925e-04, -2.0960e-04],
        [ 4.9650e-04,  6.1991e-04,  6.1592e-04],
        [ 6.7668e-04,  1.3069e-03,  1.2727e-03],
        [ 2.8430e-03,  1.2962e-03, -2.0737e-03],
        [-1.4413e-04, -8.5605e-04,  2.8094e-04],
        [-1.0656e-03, -2.0862e-03,  5.7974e-04],
        [-1.3462e-03, -8.5684e-04,  4.8157e-04],
        [-1.2285e-03, -1.7313e-04, -1.7080e-03],
        [ 1.1013e-04, -1.1119e-03, -3.8897e-04],
        [ 7.4299e-04, -3.3461e-04,  1.5990e-03],
        [-9.0397e-04, -1.6503e-03,  1.5535e-03],
        [-1.3081e-03,  4.1150e-05, -1.9835e-03],
        [ 5.8537e-04, -7.8548e-04, -1.5031e-03],
        [-1.5606e-03, -1.9942e-03,  1.4436e-04],
        [ 4.8047e-04,  1.7050e-04,  4.9579e-04],
        [-7.3206e-04,  1.1146e-03, -1.1267e-03],
        [-6.4204e-04,  2.8852e-04, -7.5064e-04],
        [ 1.7291e-04, -1.3404e-03, -4.6604e-04],
        [ 2.7343e-04, -5.0686e-04, -1.3903e-03],
        [-8.6641e-04,  1.3050e-03,  6.0606e-04],
        [ 1.9440e-03,  8.5049e-04, -1.2684e-03],
        [-1.1621e-03, -2.3324e-03,  2.2092e-03],
        [ 1.4033e-04,  4.2889e-04, -8.5290e-04],
        [-5.8433e-04, -1.4580e-05,  1.8189e-03],
        [ 3.8920e-05,  1.0896e-03, -8.6236e-04],
        [ 7.3387e-04,  2.0887e-03, -1.0768e-03],
        [ 1.4454e-04,  1.2080e-03, -1.7725e-03],
        [ 1.5549e-03,  8.2662e-04,  7.1548e-04],
        [-4.5078e-04,  2.7701e-03, -2.7921e-03],
        [ 7.7393e-04,  1.0385e-03,  7.3145e-04],
        [ 1.2056e-03,  5.4502e-04,  1.2462e-03],
        [ 1.1414e-03,  3.2149e-04, -2.8266e-04],
        [-8.3350e-04,  5.9297e-04, -1.4893e-03],
        [ 4.7376e-04,  4.4174e-04,  4.5348e-04],
        [ 1.0249e-03, -4.4529e-04, -7.4285e-04],
        [ 7.8204e-04,  9.5528e-04,  2.0635e-03],
        [-2.3670e-03,  1.4121e-04,  4.3236e-04],
        [-3.5848e-03, -1.5999e-04, -2.6389e-04],
        [-7.0540e-04,  2.4554e-03,  6.3113e-04],
        [ 6.8939e-04, -2.8297e-04,  1.2477e-03],
        [-1.1519e-03, -1.2720e-03, -8.8009e-06],
        [-1.3477e-03, -5.4119e-05,  1.3340e-03],
        [-2.7680e-03,  2.8996e-04, -2.2526e-03],
        [ 2.4400e-03, -1.8776e-03, -9.2348e-04],
        [-2.3088e-03, -1.5664e-04, -2.9895e-03],
        [ 7.9638e-04, -4.8844e-04, -1.0356e-03],
        [-3.7880e-05,  1.6223e-03, -8.4073e-04],
        [ 6.4280e-04, -2.7200e-03, -7.3155e-04],
        [-1.3719e-04, -7.0928e-04, -5.0940e-04],
        [-2.3596e-04, -2.3904e-03, -3.8043e-05],
        [ 5.4237e-04,  1.5157e-03, -1.0051e-03],
        [ 1.4621e-03, -1.6846e-03, -6.9372e-04],
        [ 9.8905e-04, -1.3124e-03,  6.3784e-05],
        [-1.2582e-03, -8.5243e-04, -1.2273e-03],
        [-1.7882e-03,  1.9784e-03,  1.1665e-04],
        [-1.3032e-03, -1.9282e-04, -1.4006e-03],
        [ 1.0400e-03,  6.7687e-04,  7.6697e-04],
        [-3.1671e-05, -2.1326e-04,  1.0451e-03],
        [-1.3213e-03,  8.1013e-04, -2.5800e-03],
        [ 3.0257e-04, -9.8493e-04,  1.2166e-03],
        [ 1.9053e-03,  2.3414e-04, -6.9317e-04],
        [ 1.9630e-03, -4.2181e-04,  1.8848e-03],
        [ 5.1974e-04,  8.1117e-04, -1.1931e-03],
        [ 2.4413e-04, -1.0460e-04, -8.9330e-04],
        [-8.8717e-04,  1.0712e-04, -6.0951e-05],
        [ 2.3627e-03,  1.8197e-03, -1.5595e-03],
        [ 1.2450e-03,  2.4617e-04,  2.1418e-03],
        [ 3.5249e-04,  4.0050e-04, -2.1343e-04],
        [ 1.4747e-05, -1.4685e-03,  8.5731e-04],
        [-1.1569e-03,  6.9388e-04,  9.4633e-04],
        [-1.1665e-03,  2.2567e-04, -2.9260e-03],
        [ 7.4288e-04, -6.1609e-04,  1.4010e-03],
        [-2.4340e-03,  1.8364e-03, -1.7197e-03],
        [ 1.5987e-05, -1.5039e-03,  1.4705e-03],
        [ 6.4519e-05, -1.8420e-03,  3.2820e-05],
        [-1.7351e-03,  8.4465e-04, -2.4971e-03],
        [-8.2594e-04, -6.8880e-04, -1.3465e-03],
        [ 8.6437e-04, -1.3363e-03,  1.0803e-03],
        [-1.5919e-03,  1.6764e-03,  8.3535e-04],
        [-9.0259e-04,  2.9509e-04,  5.0049e-04],
        [-1.2380e-03,  4.6149e-04,  1.7119e-04],
        [-8.0094e-04,  1.1183e-03, -1.2399e-03],
        [ 9.3552e-04,  3.0696e-04,  4.2075e-04],
        [ 1.3363e-03, -1.5054e-03, -1.4688e-03],
        [-9.7867e-05,  5.2302e-04,  1.1959e-04],
        [-2.8633e-04, -3.0373e-04, -2.4622e-03],
        [ 4.7972e-04, -9.6591e-04,  4.3366e-04],
        [-1.2546e-03, -8.1395e-04,  6.2961e-04],
        [ 4.4913e-04,  1.3466e-03,  2.5893e-03],
        [-1.2031e-04, -1.1348e-03, -1.0724e-04],
        [ 1.8912e-03,  5.5013e-04,  7.2585e-04],
        [ 1.2236e-03, -5.8888e-04,  1.4616e-04],
        [ 7.7240e-04,  4.1880e-03, -5.3782e-04],
        [-8.0980e-04, -2.0592e-03, -8.3217e-04],
        [-7.2894e-04,  2.3316e-03,  2.6250e-03],
        [ 6.7435e-04, -3.7637e-05,  2.3078e-04],
        [-1.2927e-03,  4.5196e-04,  7.0481e-04],
        [ 9.6610e-04, -1.2936e-03,  1.9798e-03],
        [-2.2306e-04,  2.3107e-04,  1.6012e-05],
        [-4.3435e-04, -1.4594e-03,  4.2132e-04],
        [-8.8530e-04, -5.7658e-04,  3.6810e-05],
        [ 1.0043e-03,  1.6138e-03,  5.8251e-04],
        [ 9.7003e-04, -1.7345e-03,  2.8550e-03],
        [-1.3753e-03,  4.9908e-04, -1.1579e-03],
        [-3.1708e-04, -3.6536e-04, -2.1948e-04],
        [ 2.3894e-03, -1.9903e-03, -4.6488e-04],
        [ 2.3424e-03, -1.1057e-03,  2.9927e-05],
        [ 1.8201e-03,  7.1096e-04, -2.8888e-04],
        [-1.1477e-03,  4.8933e-04,  3.3237e-03],
        [ 6.5675e-04, -1.2561e-03, -2.1723e-03],
        [ 1.1523e-03, -7.2114e-04,  1.5171e-04],
        [ 6.8068e-05,  5.3636e-04,  1.1275e-03],
        [ 7.9680e-04, -1.6738e-05, -7.2617e-04],
        [ 1.1246e-04, -2.1853e-03, -7.9675e-04],
        [-2.4945e-04,  1.4110e-03, -6.8060e-04],
        [ 2.2260e-03, -4.4097e-04, -1.0586e-03],
        [-1.2261e-03,  7.1909e-04,  3.7446e-03],
        [ 1.1679e-03, -1.3000e-03, -9.3745e-04],
        [-2.3526e-03,  4.4655e-04, -3.8514e-04],
        [-1.8992e-03, -8.4660e-04, -2.1211e-03],
        [ 5.1576e-04,  4.3472e-04, -1.7119e-03],
        [ 1.0823e-03,  5.7097e-04,  2.9988e-04],
        [ 1.1049e-03,  6.7070e-04,  1.2397e-03],
        [ 7.6882e-04,  1.1856e-03,  1.7079e-03],
        [ 1.5366e-03,  1.5148e-05, -1.8121e-04],
        [-1.4593e-03, -2.2530e-04,  1.8536e-03],
        [ 1.5997e-03, -9.3247e-05,  5.2737e-04],
        [ 8.9875e-04,  2.5164e-04, -8.2832e-04],
        [ 1.3561e-03,  4.0331e-04,  2.0085e-04],
        [ 2.5664e-03, -1.3490e-03,  6.5273e-04],
        [-7.0584e-04,  2.6089e-03,  4.3119e-04],
        [-4.7274e-04,  1.1330e-03, -1.1301e-03],
        [ 1.1876e-03, -5.1916e-05,  4.5271e-04],
        [ 3.6197e-03,  7.9381e-04,  1.9350e-03],
        [-6.2342e-04, -1.2664e-04,  3.6262e-04],
        [ 1.1875e-03, -1.1870e-04,  1.4249e-03],
        [-1.3857e-03,  1.3878e-03,  3.8497e-04],
        [-7.7628e-04,  7.2580e-04,  4.5940e-04],
        [-4.9757e-04,  1.1093e-03, -5.2126e-04],
        [ 4.9864e-04, -1.6834e-03, -8.4271e-04],
        [ 1.1569e-03,  1.1548e-03,  1.0140e-03],
        [ 1.0678e-03,  7.2275e-04,  1.5962e-03],
        [ 4.3183e-04, -6.2372e-05,  1.6623e-03],
        [-2.0883e-03, -1.3768e-04, -1.2794e-06],
        [ 2.4924e-04, -1.3615e-03, -1.8065e-03],
        [-3.5632e-05, -1.5705e-04, -2.2722e-03],
        [-3.6581e-04, -1.8788e-03,  1.0912e-03],
        [-1.7954e-03,  1.4964e-03,  6.0710e-04],
        [ 9.7792e-04,  1.2471e-03,  9.2414e-04],
        [-1.4381e-03,  2.7974e-04,  3.5245e-04],
        [ 8.0292e-04, -5.0143e-04, -1.1754e-03],
        [-6.0821e-04,  5.6562e-04, -1.3661e-04],
        [ 3.0250e-04, -7.7205e-04,  9.1660e-04],
        [-3.1964e-05,  6.8037e-04, -1.5846e-03],
        [-1.0525e-03,  9.8509e-04,  6.8839e-04],
        [ 2.6452e-04,  6.0721e-04,  4.0906e-04],
        [-2.3551e-03,  1.8881e-03,  8.4182e-05],
        [-6.2145e-05, -2.2655e-04,  1.8699e-05],
        [-2.2828e-03, -3.1162e-04,  1.8672e-03],
        [ 3.9009e-04, -1.5188e-03, -2.7349e-04],
        [-2.1439e-03,  5.9331e-04, -6.5518e-04],
        [ 3.6687e-03,  3.0139e-04, -1.4967e-03],
        [-4.9826e-04,  1.9454e-03, -8.8406e-04],
        [ 1.3298e-03, -1.7438e-03,  1.8731e-03],
        [ 1.5219e-03,  4.5980e-04,  7.9912e-04],
        [-1.3618e-03, -1.5734e-03,  5.5819e-04],
        [-4.4429e-04,  1.2290e-04, -2.2074e-04],
        [ 4.0324e-04,  9.9121e-04, -1.2369e-03],
        [-2.1544e-03,  7.2062e-04, -7.5988e-04],
        [ 1.0642e-04, -1.1925e-04,  2.7227e-03],
        [-2.5947e-03,  1.6407e-03, -1.3991e-03],
        [ 3.8777e-04,  1.2534e-03,  5.1285e-04],
        [ 4.4480e-04,  1.4666e-03, -2.8262e-03],
        [-5.3055e-05,  1.5543e-03, -1.2423e-03],
        [ 5.4415e-04,  2.4742e-03, -1.0578e-03],
        [-1.4348e-03, -9.0152e-04,  2.5988e-03],
        [-2.4585e-03, -3.5997e-04, -7.2368e-04],
        [ 1.2888e-04,  2.3891e-03,  9.9408e-05],
        [-1.7598e-04,  1.6124e-03, -1.0120e-03],
        [-1.6495e-04,  2.3996e-07, -1.2645e-03],
        [-1.9936e-03, -1.3938e-04,  2.9252e-04],
        [ 1.4210e-03, -1.4780e-04,  1.2520e-04],
        [ 1.8015e-03,  4.2471e-05, -1.6497e-03],
        [-3.8877e-04,  1.5630e-04, -2.5077e-03],
        [-2.1890e-03, -1.6637e-03,  9.7738e-04],
        [-8.3727e-04,  5.2460e-04, -7.2279e-04],
        [-5.5818e-04,  6.5227e-04, -9.4894e-04],
        [ 1.5058e-03,  9.7857e-04, -1.1265e-04],
        [-1.3116e-04,  3.5744e-03, -1.0833e-03],
        [-8.4438e-04, -4.8021e-04, -1.7346e-03],
        [-6.7557e-04,  9.8478e-04, -1.2591e-03],
        [ 1.1907e-03,  1.0494e-05,  5.4456e-04],
        [-4.1433e-04,  6.6182e-04,  5.2309e-04],
        [-6.4977e-04, -2.5886e-03, -2.7106e-03],
        [ 2.6642e-03,  1.0326e-03, -8.0391e-04],
        [-7.5871e-04, -2.9066e-04, -7.9565e-04],
        [ 7.5854e-04,  1.7980e-03,  4.0006e-04],
        [ 5.1495e-04, -6.7634e-04, -5.5882e-04],
        [ 1.2523e-03,  2.0524e-03,  9.1054e-05],
        [-1.5833e-03,  2.6086e-03, -1.1698e-03],
        [ 4.7892e-01, -4.1314e-02,  6.1102e-01],
        [-2.5997e-03, -7.0147e-04, -8.5397e-04],
        [-4.7813e-05, -5.7602e-04,  2.9747e-04],
        [-2.2949e-03,  1.5375e-04, -9.6477e-04],
        [-1.3057e-03,  4.7074e-06, -1.4753e-03],
        [ 2.3144e-04,  7.7288e-04,  1.0075e-03],
        [-2.9079e-04, -2.7534e-03, -1.1529e-03],
        [-9.5386e-04, -9.5029e-04,  1.7472e-03],
        [ 1.4906e-03,  1.0273e-03,  9.0936e-04],
        [ 5.1984e-04,  1.3393e-03, -6.7813e-04],
        [ 7.6030e-04,  1.4721e-03,  1.1736e-03],
        [ 6.6028e-04, -5.9393e-04, -9.3206e-05],
        [-1.5782e-03, -2.1538e-03,  2.9655e-04],
        [ 1.5341e-03,  4.8708e-04,  7.9324e-05],
        [-1.8107e-03, -8.7299e-04,  9.6706e-04],
        [ 1.0711e-04,  7.5159e-04,  7.5813e-04],
        [ 5.6700e-04, -3.9697e-03,  1.2413e-03],
        [ 6.4776e-04,  7.1655e-04,  6.1476e-04],
        [ 4.9885e-04, -2.0030e-03, -6.9221e-04],
        [-1.0444e-03,  1.1951e-03,  4.8665e-04],
        [ 2.0103e-03, -1.3128e-03,  1.8107e-03],
        [ 6.0139e-04, -8.3733e-04,  2.3586e-03],
        [-1.2766e-03, -4.8957e-04, -5.5294e-04],
        [ 3.7956e-03, -2.8587e-03, -3.5793e-04],
        [ 1.2464e-03,  9.9963e-04, -1.0665e-03],
        [ 3.0260e-04,  5.1754e-04,  7.1848e-04],
        [ 3.5480e-04,  3.1766e-04,  9.2974e-04],
        [-9.4059e-04,  5.7238e-04,  6.4248e-04],
        [-1.8054e-03,  9.1867e-04, -6.5885e-04],
        [-1.0412e-06, -4.8584e-04,  1.3825e-03],
        [ 3.9569e-04, -3.4199e-05,  1.6484e-03],
        [ 4.8697e-04, -9.6818e-04, -9.7448e-04],
        [-1.7159e-03, -3.2200e-05,  1.9190e-03],
        [-5.7973e-04, -4.8345e-04, -2.4832e-03],
        [ 1.3323e-03, -2.6960e-03,  3.5227e-03],
        [-8.7699e-04, -3.4688e-04,  1.5660e-03],
        [-1.1148e-03,  4.1401e-05, -1.3087e-03],
        [ 6.2897e-04,  4.5890e-04,  4.5475e-04],
        [-1.6298e-04, -7.2480e-04,  2.1692e-04],
        [ 5.4999e-05, -1.2425e-03,  1.5992e-03],
        [-6.7472e-04, -3.6768e-03, -3.2291e-03],
        [ 4.1963e-05, -8.3556e-04,  5.0210e-04],
        [ 5.7653e-04,  3.4071e-04,  1.2085e-03],
        [ 1.2306e-03,  3.9137e-04, -8.4897e-04],
        [ 6.0896e-04,  2.9676e-04,  9.0107e-04],
        [ 6.3030e-04, -1.4119e-03,  8.4252e-04]], device='cuda:0')), ('fcs.0.bias', tensor([-3.4321e-04, -2.4604e-04, -7.5131e-04, -6.8846e-04, -7.8603e-04,
         1.2648e-03,  1.0801e-03,  4.7029e-04, -9.2590e-04,  8.8450e-04,
        -3.7871e-04, -1.3095e-04,  2.8015e-04, -1.1961e-03, -4.2017e-03,
         3.3128e-04,  5.1221e-04,  1.1247e-03, -1.7559e-04, -8.0229e-04,
         7.4188e-04, -2.0605e-03, -2.2692e-03,  8.2140e-05,  3.4417e-04,
         3.9610e-04,  8.9107e-05,  1.2007e-03, -9.6255e-04,  5.5104e-04,
        -1.5604e-03, -2.0738e-04,  9.4217e-04, -1.7225e-03, -4.9970e-04,
        -1.1297e-03, -3.3820e-04, -6.4185e-04,  6.4941e-04,  4.6677e-04,
        -8.7321e-04,  1.9059e-03,  4.1124e-04,  1.5139e-03,  1.2471e-03,
         7.4458e-04,  1.7036e-03, -8.3701e-05,  1.1235e-03,  1.4827e-03,
        -1.0680e-03, -3.2642e-03, -1.5615e-03, -1.1297e-04, -3.6444e-04,
         2.7176e-03,  1.0250e-03, -3.8444e-04, -1.0196e-03,  1.7281e-03,
        -9.0653e-04, -7.7511e-04,  1.2172e-03,  1.3993e-03,  3.6866e-04,
        -4.7061e-04,  2.3935e-03,  2.0549e-03,  7.4474e-04, -1.3923e-03,
        -7.2134e-04,  2.5411e-04,  7.1818e-04,  1.8593e-04, -2.0490e-04,
         6.5943e-04, -3.3558e-04,  2.0234e-04, -9.3791e-04,  6.0307e-04,
         2.7130e-04,  2.1491e-04, -1.1140e-04, -6.4107e-04, -5.1361e-04,
         1.1284e-03,  7.7859e-04, -9.1128e-04,  1.3717e-03, -1.6000e-03,
         1.0216e-03, -1.7497e-04, -5.0750e-04,  1.3457e-03, -9.8012e-04,
        -1.8075e-03, -2.0159e-03,  8.1583e-04, -7.7360e-04,  9.1880e-04,
         1.1950e-03,  1.4560e-03,  1.4039e-03,  1.7170e-03,  8.1855e-04,
        -9.1422e-05, -3.3807e-03,  6.8317e-04, -2.0812e-05,  3.2469e-03,
         4.9450e-04,  2.5097e-04, -2.0982e-03, -5.3041e-04, -1.9386e-03,
        -9.7082e-04, -2.5794e-03,  6.4737e-05,  5.6362e-04,  1.7024e-03,
        -1.5742e-03,  6.2908e-05,  2.0126e-03,  1.1729e-03, -6.3634e-05,
        -6.2081e-04, -1.9352e-04, -2.1865e-03, -1.3631e-03, -1.7729e-03,
        -3.5921e-04, -3.4845e-04, -8.3506e-04, -1.9073e-03, -3.1461e-05,
         9.6747e-05, -6.5702e-04, -2.4047e-03,  8.8030e-04, -2.2049e-03,
         9.0121e-04, -2.7981e-03,  5.0657e-04, -1.1965e-03, -1.7096e-03,
        -3.7910e-04, -5.0761e-04,  2.0439e-04,  4.5102e-04, -1.3815e-03,
        -2.1179e-04, -2.0491e-03,  8.7789e-05,  2.4069e-03,  4.1518e-04,
         1.8624e-03, -8.3495e-04, -1.1715e-03, -1.0382e-03, -9.8665e-04,
         9.4126e-04,  2.6885e-03, -1.0028e-04, -5.9563e-04, -2.0628e-03,
         5.5414e-04, -2.2942e-04, -3.9194e-04, -1.3460e-03, -1.1347e-03,
         9.4811e-04, -1.8097e-03,  2.5568e-03,  1.4370e-03,  1.7163e-03,
         2.5706e-04, -5.1852e-04, -1.8703e-03, -1.5233e-03,  1.2414e-03,
        -1.0026e-04, -1.3679e-03, -1.7349e-03, -1.0800e-03, -1.6722e-04,
        -5.3988e-04,  4.6467e-04,  1.8019e-03, -1.4235e-03,  8.6920e-05,
        -5.7063e-06,  8.2616e-04,  9.5661e-06, -9.6244e-04, -1.8217e-03,
        -3.6680e-04, -9.2474e-04,  2.6300e-03, -1.1606e-04, -7.3136e-05,
         6.7358e-04,  1.7910e-03,  2.6400e-03,  1.0159e-03,  4.9555e-04,
         2.2342e-04,  1.2834e-03, -7.5247e-04, -1.0020e-03, -4.1627e-03,
         5.2297e-02, -8.8909e-04,  6.1478e-05, -1.2751e-03, -9.0126e-04,
        -4.1203e-04,  4.8663e-04, -1.6118e-03, -7.0930e-05,  2.1144e-03,
        -2.0346e-03, -2.4048e-03, -6.0326e-04,  4.6295e-04,  9.2897e-04,
         4.2731e-04, -9.0119e-04, -1.9159e-03,  1.4130e-03, -6.4256e-04,
        -2.3068e-03,  1.0196e-03,  4.7723e-04, -2.8726e-04, -1.4618e-03,
         1.6859e-03, -7.0644e-04, -6.0690e-04, -1.3494e-03, -4.7462e-04,
         3.2058e-04,  1.6283e-03, -1.0152e-03, -7.0515e-04, -7.6508e-04,
        -6.7005e-04,  9.7531e-05, -1.6231e-04,  2.5154e-04, -1.3649e-04,
         6.8920e-04,  5.9000e-04, -3.9053e-04, -1.4634e-03, -9.4197e-04,
        -1.7203e-04], device='cuda:0')), ('fcs.1.weight', tensor([[ 6.7347e-04, -3.0407e-04, -3.0596e-04,  ...,  2.1794e-03,
         -2.0252e-03,  2.5907e-03],
        [ 1.3069e-03,  8.9338e-04, -6.7327e-04,  ...,  2.4959e-03,
          1.8260e-03, -7.9068e-05],
        [-5.5200e-04, -6.7483e-04,  4.6081e-04,  ...,  1.9622e-03,
         -1.0695e-03,  7.6513e-04],
        ...,
        [-1.3021e-03, -1.3050e-03, -4.5890e-04,  ..., -2.2664e-04,
          2.4389e-03, -3.6985e-04],
        [-1.4619e-03, -4.2565e-04,  1.8283e-03,  ...,  1.9617e-03,
          6.5113e-04,  1.3115e-03],
        [-3.1454e-03,  5.9249e-04,  7.4508e-04,  ..., -1.3042e-03,
         -2.4409e-03, -2.0280e-03]], device='cuda:0')), ('fcs.1.bias', tensor([-8.5794e-04, -1.6282e-03, -5.0104e-04, -1.2315e-04,  1.2942e-03,
        -2.1767e-03,  5.2593e-04,  1.3031e-03,  6.1844e-04,  4.5746e-04,
        -1.9742e-03,  6.3862e-04,  6.6935e-04,  1.2781e-03,  2.5028e-03,
         7.1572e-04, -1.1046e-03, -8.0605e-04,  2.8960e-03,  1.8607e-03,
         1.6269e-03,  9.2070e-04,  1.2490e-03, -7.8991e-04,  1.2959e-03,
        -6.3930e-04,  2.1260e-03,  1.4294e-03,  3.8153e-04,  2.2091e-04,
        -8.1253e-04, -2.2525e-03, -5.0101e-04, -1.3132e-03, -4.7356e-04,
        -1.3583e-03, -9.1918e-04, -5.0220e-04, -4.9492e-03,  1.3354e-03,
        -1.7897e-03,  8.9132e-04,  8.7445e-04, -2.7349e-03, -6.4139e-04,
         1.0813e-03,  8.2450e-04,  9.8000e-04, -4.7931e-04, -7.0695e-04,
        -7.9013e-04,  6.6885e-04, -7.3078e-04, -8.6928e-05, -3.0656e-03,
        -1.7872e-03, -2.3246e-03, -3.1017e-03, -1.2804e-03, -1.7866e-03,
         6.7583e-04,  5.8163e-04,  1.6552e-03, -1.2599e-03,  3.1760e-03,
         2.1774e-03, -7.3805e-04, -5.6672e-04,  5.2574e-05, -2.2105e-03,
         1.3196e-03,  7.8056e-04,  8.7747e-04, -2.2368e-03,  5.8782e-04,
         1.3695e-03, -1.2992e-03,  4.4331e-04,  4.9429e-05,  4.8396e-04,
         1.5105e-03, -6.4230e-04, -1.0020e-03,  1.6184e-03,  7.6585e-04,
         1.8518e-04,  6.3215e-04,  1.8928e-03,  4.8182e-03,  2.2632e-03,
         3.4940e-05,  5.4482e-04, -1.7971e-03, -1.3131e-03, -2.4372e-03,
         1.6376e-03, -4.5820e-04, -1.2914e-03, -5.8651e-04,  7.5432e-04,
        -2.1894e-03,  1.6829e-03, -1.4864e-03,  8.5134e-04, -2.2722e-03,
         2.7146e-04,  4.7771e-04, -5.5047e-04,  1.3031e-03,  2.1662e-03,
        -1.5755e-03,  6.8406e-04,  8.4751e-04, -1.6072e-03,  4.7438e-03,
        -1.3343e-03,  2.0319e-04,  2.5808e-03, -6.7120e-04, -1.6123e-03,
        -1.5462e-03,  2.0870e-04,  1.3578e-03, -1.2849e-03,  1.3111e-03,
        -1.9962e-03,  5.4423e-04, -8.1814e-04, -1.5182e-03,  6.4558e-04,
         1.3787e-03, -1.9314e-03, -8.9053e-04,  6.8201e-04, -3.4325e-04,
        -1.1822e-03, -2.0833e-03,  8.7417e-04, -7.5117e-04, -1.8041e-03,
         9.6492e-04,  7.1636e-04,  7.0266e-04, -1.3862e-03,  1.7650e-03,
        -7.1358e-04, -1.2111e-03, -7.8655e-04, -9.0719e-04,  2.1712e-03,
        -5.9436e-04,  1.2622e-03,  5.0197e-04,  7.0515e-04,  7.2164e-04,
        -3.4903e-04,  6.6032e-04,  1.9525e-03, -3.1862e-05, -9.1064e-04,
        -5.6130e-04,  5.5258e-04,  7.8356e-04,  3.1623e-03, -2.2168e-03,
        -9.5445e-04,  3.1102e-04, -1.8112e-03, -4.4449e-04, -1.9343e-04,
        -2.6759e-04, -6.4992e-04, -1.0217e-03,  9.5851e-04,  6.5997e-04,
        -4.0345e-03,  6.4710e-04,  3.5192e-04,  1.5153e-03,  7.3579e-04,
         9.6575e-04, -7.1355e-04,  7.2102e-04,  8.8807e-04, -1.9297e-03,
         6.8400e-04, -1.0020e-03,  7.9294e-04, -7.6502e-04,  7.5747e-04,
        -1.3269e-03, -1.2007e-03, -1.3060e-03, -1.8889e-03, -1.5811e-03,
        -3.2539e-03,  8.8595e-04, -6.3950e-04,  1.5181e-03,  2.2029e-03,
         1.8986e-03,  5.4841e-04,  7.3662e-04,  1.2459e-04, -9.5682e-04,
         5.5306e-04,  4.3486e-04, -2.7070e-05, -1.1842e-03,  1.9416e-03,
        -2.1346e-03,  2.1721e-03, -7.6331e-04, -1.3030e-03,  2.1591e-03,
        -2.1084e-03,  1.2913e-03,  1.9236e-03, -1.3114e-03,  2.8673e-04,
        -1.8854e-03,  7.6552e-04, -4.5228e-04, -3.1376e-03,  5.0386e-04,
         7.6497e-04, -1.3035e-03,  2.5874e-03, -9.7114e-04,  6.2464e-04,
        -1.1809e-03,  1.2041e-03,  6.7345e-04, -1.4187e-03, -2.6648e-06,
         8.7108e-04, -2.1749e-03, -1.0168e-03, -1.3047e-03, -1.6531e-03,
         2.4369e-04,  4.7038e-04,  1.2756e-03, -1.8546e-03,  1.4524e-04,
        -3.0152e-04,  1.2122e-03,  2.4594e-03,  6.7368e-04, -3.0506e-04,
        -6.3099e-04, -1.4320e-03,  5.6709e-05,  4.7514e-04,  6.5487e-04,
        -3.8785e-05], device='cuda:0')), ('fcs.2.weight', tensor([[-1.0578e-03,  1.4555e-03,  1.4678e-04,  3.4172e-04, -1.5141e-03,
         -2.5343e-03, -4.5868e-04, -8.1853e-04, -7.2864e-04, -7.0002e-04,
         -5.7613e-04,  8.8209e-04, -3.0897e-04,  4.5526e-04,  3.5303e-04,
          2.0526e-04, -7.6073e-04,  3.0447e-04, -2.9618e-04, -1.9203e-03,
         -4.1775e-04, -1.3897e-03,  3.0314e-05, -7.8964e-05,  1.0034e-03,
          8.7520e-05, -3.7436e-04, -1.1382e-03, -7.8554e-04,  5.1968e-04,
          9.9675e-04, -6.8467e-04, -4.9143e-05,  1.6997e-03,  9.6478e-04,
         -5.2187e-04,  1.3259e-03, -3.8947e-04,  1.1248e-03, -5.5321e-05,
          5.5077e-04, -1.2225e-04,  5.0997e-05,  1.1988e-03,  7.9988e-04,
         -8.7432e-04,  1.7574e-03, -2.1363e-04,  2.9133e-04, -8.1893e-04,
         -1.2495e-04,  3.1846e-04,  1.2347e-03, -3.2134e-04,  6.8370e-05,
         -1.3656e-03, -1.5410e-03, -4.4526e-04,  2.3294e-05, -1.8459e-03,
         -9.5747e-06, -1.6467e-03, -5.3617e-04, -1.1021e-04,  6.6608e-05,
         -3.6260e-05, -6.1222e-05,  1.1604e-03,  5.3776e-04,  1.8750e-03,
          8.9403e-04, -8.7192e-04, -1.3562e-03, -1.4923e-03, -5.4437e-04,
         -1.5649e-03, -1.7024e-04, -4.9319e-04, -4.1324e-04,  4.0333e-04,
          1.1633e-04, -1.2950e-03,  2.4200e-04, -2.7002e-04, -5.7677e-05,
         -4.4259e-04,  4.0953e-03, -1.7620e-04,  2.4568e-04, -5.6863e-05,
         -4.1699e-04,  7.4528e-05, -4.5987e-04, -7.8580e-04,  8.0903e-04,
         -1.6428e-04, -8.1760e-04,  6.1099e-05,  8.2386e-04,  6.7430e-05,
          2.6680e-03, -1.6375e-03,  1.4222e-03,  3.4351e-04,  6.7766e-04,
         -9.8077e-04, -5.0706e-04,  3.9094e-05,  1.7050e-04, -5.6002e-04,
          3.7230e-04, -1.5769e-03,  1.1364e-04, -4.2608e-03, -1.0914e-03,
         -1.6060e-04,  6.2894e-05,  5.0026e-04,  3.6166e-05, -8.6911e-04,
         -4.7654e-04,  4.1642e-04,  1.1960e-04,  1.8295e-04, -4.7571e-05,
         -6.4481e-04, -4.1692e-04, -2.6133e-05,  1.0863e-03, -5.4468e-04,
          1.9868e-03, -1.4117e-03,  3.7630e-04, -6.0029e-04, -9.8512e-05,
          5.5374e-04, -7.2074e-04,  1.3181e-04, -1.7416e-04, -1.0424e-05,
         -1.5971e-04, -2.2661e-04, -1.3745e-04, -1.6776e-03, -1.0549e-03,
         -1.8550e-03, -8.8319e-04, -2.6130e-04, -2.6117e-05,  1.3859e-03,
          1.0925e-03, -1.5781e-03,  2.3293e-04, -5.4237e-05, -9.0924e-05,
          4.1975e-04,  7.6682e-04,  3.8049e-05,  1.1623e-05,  2.4599e-04,
         -2.6758e-06,  1.0741e-03,  1.9210e-04,  1.8359e-04,  8.0298e-04,
         -6.7292e-04,  2.1144e-04,  4.2978e-04, -4.7208e-04,  1.2589e-03,
         -1.2825e-03, -5.6225e-04,  6.8671e-04, -1.1508e-03,  5.8806e-05,
          2.1627e-03, -3.2004e-04, -1.7174e-04,  2.0596e-04, -2.1314e-04,
          5.8919e-04,  4.3437e-04,  5.8034e-04, -3.1013e-04,  6.7386e-04,
          2.3060e-05, -3.2499e-04, -8.9404e-01, -6.8309e-04, -1.5608e-04,
         -2.5461e-04,  3.7681e-05,  9.8789e-05,  1.8481e-03, -7.0381e-04,
          2.0572e-03, -1.8234e-04, -2.0541e-04, -2.0732e-03,  1.9245e-03,
         -6.5670e-04,  9.0203e-05,  4.8559e-04,  1.5539e-03, -7.4250e-05,
         -3.3905e-03,  1.6811e-04,  6.3408e-04,  2.8460e-04, -2.8053e-04,
         -1.8080e-03, -1.0489e-03, -7.7728e-05, -1.5817e-03,  3.5226e-04,
         -8.1016e-05, -7.2745e-04, -5.7531e-04,  2.1631e-04,  1.1652e-04,
          2.7880e-04,  1.0152e-03,  5.1688e-05, -5.2593e-04, -3.1184e-04,
          3.0081e-05,  6.2814e-06, -3.9917e-04, -5.3688e-04,  3.7216e-04,
          1.6514e-03, -1.9344e-03, -4.0833e-04,  2.4189e-04, -1.0026e-03,
          5.1617e-05, -1.4867e-05,  3.8612e-04,  5.6159e-04,  1.1059e-03,
          7.1267e-04, -2.3281e-05,  1.4032e-04,  6.3556e-04, -2.3284e-04,
         -1.9405e-04, -1.2049e-03, -5.8912e-05, -9.3576e-04, -1.3469e-04,
          4.1859e-04, -1.7133e-03,  9.5315e-04, -9.0630e-04, -3.0107e-04,
         -3.2461e-04]], device='cuda:0'))])
end of epoch 2: val_loss 0.006068832037691508, val_acc 1.0
trigger times: 1
end of epoch 3: val_loss 0.006589389227237987, val_acc 1.0
trigger times: 2
end of epoch 4: val_loss 0.005509588106278009, val_acc 1.0
trigger times: 3
end of epoch 5: val_loss 0.0066973378695402985, val_acc 1.0
trigger times: 4
end of epoch 6: val_loss 0.0050161643288199895, val_acc 1.0
trigger times: 5
end of epoch 7: val_loss 0.011208442924612746, val_acc 1.0
trigger times: 6
end of epoch 8: val_loss 0.005836700074653116, val_acc 1.0
trigger times: 7
end of epoch 9: val_loss 0.0050441587292470655, val_acc 1.0
trigger times: 8
end of epoch 10: val_loss 0.004966800138669001, val_acc 1.0
trigger times: 9
end of epoch 11: val_loss 0.0072324832920523, val_acc 1.0
trigger times: 10
Early stopping.
0 -51.480076640844345 -191.10004520678868
1 -51.152546629309654 -189.05007017278314
2 -52.0256621837616 -187.50220085194994
3 -47.80900630354881 -180.24009179391223
4 -45.275140300393105 -171.9613792356186
5 -43.8696810901165 -169.3817016847894
6 -43.774577274918556 -167.87631268052303
7 -49.48093259334564 -164.27567046290412
8 -47.92763401567936 -163.76742236654098
9 -38.76595278829336 -156.0786895876365
10 -42.278102323412895 -155.22804551507866
11 -41.67950804531574 -145.29002069283715
12 -42.10943737626076 -142.86657280197298
13 -33.78683676570654 -142.75441848091938
14 -34.976888321340084 -136.98962801176134
15 -40.040948420763016 -132.4813576990395
16 -32.06427077949047 -130.98347157271724
17 -37.800227984786034 -118.2436222554584
18 -27.75914515554905 -117.38411415155902
19 -37.28865331411362 -116.97382686219106
20 -29.809757359325886 -115.06704102317899
21 -24.340153006836772 -112.47832645551227
22 -32.92791446298361 -103.24187681049156
23 -22.72608245536685 -99.7422752992134
24 -17.910265927203 -98.18526661663928
25 -21.559059973806143 -88.94674758091466
26 -17.582434009760618 -85.88346861832474
27 -14.177925761789083 -79.38307722218848
28 -15.931912142783403 -79.25112655387144
29 -25.153667398639072 -73.50697855948762
30 -22.103830620646477 -72.69803191552006
31 -18.0443132655962 -71.37326168319514
32 -19.437467334792018 -68.27187815304366
33 -18.008843591436744 -65.42298162776466
34 -15.894047433510423 -65.35816021006309
35 -13.967136243358254 -49.3186741604369
36 -29.00599694194534 -17.325441617065966
37 -16.302158853293577 -4.374511275254108
38 -17.614521718132437 -0.4258658969524013
39 -20.87825111500797 9.108146753357724
40 -20.68199798872979 17.732630180500013
41 -11.284530241915263 40.64550156746333
42 -11.827988300197603 41.11774838972275
43 -17.862533493880846 48.64917674484657
44 -13.12797327276644 52.50260039838799
45 -13.908249242358124 52.54502852695255
46 -13.16327323335554 59.52827491841281
47 -12.362033816691792 63.45606316769021
48 -10.844057789630824 66.31570758515764
49 -20.25527412471729 67.13050507695384
50 -8.455510123216072 72.16624272108386
51 -21.407178036902224 79.16074531670823
52 -18.376689735314358 84.19837606184075
53 -18.419923479873432 89.30707154325768
54 -18.46128226709061 90.2698850730257
55 -17.418405797598325 90.28646231697512
56 -11.719984134051856 90.32667007477052
57 -9.047194881977703 91.18021498086692
58 -10.68326819167396 92.38187517969644
59 -18.123759523731678 92.67153902025292
60 -17.83780312241106 93.69474938898811
61 -10.52309854653231 93.86112859581364
62 -16.911347051006487 95.24073532592021
63 -16.96370289733136 95.3630101766082
64 -16.410468450544613 96.09581961281374
65 -14.860857028289956 97.90553231413178
66 -16.04306303371277 98.07644230926206
67 -15.573249780902643 98.35872828331676
68 -16.89214746093785 98.57334710000995
69 -15.944747501090205 98.77895390936838
70 -16.310147782028935 99.10163703819775
71 -15.773513663005133 99.47183807834362
72 -15.63166696715598 101.36707045382526
73 -15.121997348781406 102.70820969163083
74 -15.519682031060256 103.61971441966246
75 -14.366887757098993 104.00039883786899
76 -14.288247000932643 104.94014608739957
77 -15.248625198827767 105.28448326377394
78 -13.730565537343864 105.60678192821229
79 -12.52926157663228 106.95774051225432
80 -14.124086936054027 107.03525723063939
81 -13.337896953401469 107.05410485829283
82 -11.959301853368288 107.36477417456501
83 -12.200877469263105 107.72369032284489
84 -14.455761853065269 107.78006757763964
85 -13.956015961120556 107.99397435655325
86 -12.96382294646287 108.08910889221833
87 -13.890392292265005 108.09776529440465
88 -12.315333521202092 108.24033506535473
89 -12.455237541345468 109.15712102315346
90 -12.88101035486602 109.71287331230647
91 -12.646661827228854 110.25063890779474
92 -12.47633574672659 110.45880856467717
93 -11.634224364094962 110.48639228144049
94 -12.136356642893588 111.92877271779909
95 -12.306330675230129 112.29467419620224
96 -11.903938615073457 112.73910566375015
97 -11.708869175310156 112.98274531176438
98 -11.342470913481748 113.84616479719523
99 -9.417857886239062 114.84612239587612
100 -12.024107726773536 115.08707834021696
101 -9.71975930013241 115.41025719446112
102 -10.236195015365865 115.5646624637931
103 -9.940349515493835 115.87882502857741
104 -11.27970940008214 116.51927592390606
105 -11.611767094264223 116.69939038222442
106 -10.192948266269923 117.18809854794453
107 -10.376756465323979 117.29357601720739
108 -9.49073743573831 117.43241923864416
109 -10.449166419657331 119.84073495876005
110 -8.614098871579017 122.74776106687673
111 -8.857231722456163 124.10172315382671
112 -7.737174785954494 124.42382576156477
113 -8.595608238224258 124.48179570258212
114 -8.55520119871153 125.2590893824027
115 -8.29970674161109 125.30457667780085
116 -8.314765943818657 125.43458549438884
117 -6.178513575955549 129.13346806288703
118 -6.29515311941509 129.67718524437547
119 -5.2591828186548355 131.40806576766226
train accuracy: 0.9966666666666667
validation accuracy: 1.0
