demo lengths 200
demos: (120, 200, 13)
demo_rewards: (120,)
[-191.10004521 -189.05007017 -187.50220085 -180.24009179 -171.96137924
 -169.38170168 -167.87631268 -164.27567046 -163.76742237 -156.07868959
 -155.22804552 -145.29002069 -142.8665728  -142.75441848 -136.98962801
 -132.4813577  -130.98347157 -118.24362226 -117.38411415 -116.97382686
 -115.06704102 -112.47832646 -103.24187681  -99.7422753   -98.18526662
  -88.94674758  -85.88346862  -79.38307722  -79.25112655  -73.50697856
  -72.69803192  -71.37326168  -68.27187815  -65.42298163  -65.35816021
  -49.31867416  -17.32544162   -4.37451128   -0.4258659     9.10814675
   17.73263018   40.64550157   41.11774839   48.64917674   52.5026004
   52.54502853   59.52827492   63.45606317   66.31570759   67.13050508
   72.16624272   79.16074532   84.19837606   89.30707154   90.26988507
   90.28646232   90.32667007   91.18021498   92.38187518   92.67153902
   93.69474939   93.8611286    95.24073533   95.36301018   96.09581961
   97.90553231   98.07644231   98.35872828   98.5733471    98.77895391
   99.10163704   99.47183808  101.36707045  102.70820969  103.61971442
  104.00039884  104.94014609  105.28448326  105.60678193  106.95774051
  107.03525723  107.05410486  107.36477417  107.72369032  107.78006758
  107.99397436  108.08910889  108.09776529  108.24033507  109.15712102
  109.71287331  110.25063891  110.45880856  110.48639228  111.92877272
  112.2946742   112.73910566  112.98274531  113.8461648   114.8461224
  115.08707834  115.41025719  115.56466246  115.87882503  116.51927592
  116.69939038  117.18809855  117.29357602  117.43241924  119.84073496
  122.74776107  124.10172315  124.42382576  124.4817957   125.25908938
  125.30457668  125.43458549  129.13346806  129.67718524  131.40806577]
maximum traj length 200
num training_obs 1800
num training_labels 1800
num val_obs 200
num val_labels 200
ModuleList(
  (0): Linear(in_features=13, out_features=128, bias=True)
  (1): Linear(in_features=128, out_features=128, bias=True)
  (2): Linear(in_features=128, out_features=1, bias=False)
)
device: cuda:0
end of epoch 0: val_loss 0.03612804676437559, val_acc 0.985
trigger times: 0
saving model weights...
Weights: OrderedDict([('fcs.0.weight', tensor([[ 3.4374e-05, -1.1650e-04,  1.7242e-04,  ..., -6.8492e-05,
          4.4617e-04,  1.6371e-03],
        [-2.1534e-04, -5.5234e-06, -6.8121e-04,  ...,  2.9105e-05,
          1.1454e-03,  9.3744e-04],
        [-2.6344e-04, -8.8525e-04,  1.6363e-03,  ...,  1.8669e-03,
          2.3235e-03,  3.5396e-04],
        ...,
        [ 2.8412e-04, -1.4577e-05,  8.3190e-05,  ..., -1.9341e-04,
         -1.5598e-04, -4.2614e-04],
        [ 2.6261e-04,  7.8962e-05, -1.6233e-04,  ...,  9.4325e-05,
         -8.7900e-04,  4.3602e-04],
        [ 2.1715e-04,  2.0952e-05, -4.6520e-04,  ..., -7.0918e-05,
         -1.1288e-03, -6.4798e-04]], device='cuda:0')), ('fcs.0.bias', tensor([ 3.0361e-04, -3.1284e-04, -3.3958e-05, -3.1802e-04,  7.7442e-04,
        -8.5429e-05, -1.0482e-04, -8.0725e-04,  5.8758e-04, -2.3161e-04,
         3.0078e-04,  7.7422e-06, -5.8642e-05,  4.4323e-04,  1.6628e-03,
        -2.5864e-03, -7.8953e-05, -1.2676e-03, -5.2547e-05,  4.1859e-04,
         4.4359e-05,  3.9023e-05,  5.6478e-04,  1.7889e-03, -1.2327e-03,
        -8.0867e-04, -5.3370e-03,  2.4379e-05, -9.8118e-04,  7.3461e-05,
        -3.6606e-04,  9.3392e-06,  3.3402e-04,  2.7052e-04,  1.2828e-03,
         7.9667e-05, -7.6180e-05, -5.5846e-02,  3.0416e-05,  4.8293e-04,
         1.2565e-05, -1.8661e-05, -9.2820e-05,  1.0094e-04, -7.2314e-06,
        -1.4619e-04,  1.0259e-04,  1.5965e-05,  1.5904e-04,  5.0438e-05,
         1.5101e-04, -1.3324e-04, -1.7857e-04,  8.0462e-05,  1.6857e-04,
         9.4689e-03,  9.7796e-05, -3.7303e-05,  3.1660e-05,  4.4790e-04,
        -6.3546e-04,  6.7501e-05,  2.6461e-04,  1.4284e-04, -4.6419e-05,
         2.2423e-03, -1.7587e-04, -1.0933e-04,  1.4669e-04,  5.3155e-04,
         4.8374e-05, -5.9252e-04, -1.0051e-03,  1.1233e-05, -1.8865e-05,
         3.6044e-04,  3.4094e-05, -5.2997e-05,  1.5028e-03,  2.7958e-04,
         3.5795e-04, -1.4168e-04,  1.8512e-01,  5.0239e-04,  9.6748e-04,
         1.1426e-03, -1.1293e-04,  1.3694e-04,  9.2706e-05,  4.1322e-04,
        -2.3028e-03, -5.3517e-04,  1.5174e-05, -1.2185e-04,  1.3047e-03,
         9.9496e-07,  2.0680e-04,  1.9863e-04,  1.2898e-03,  3.1304e-04,
         3.7423e-05, -8.1672e-02, -1.6825e-05,  2.9809e-04,  2.2962e-04,
         8.8861e-04,  1.6385e-04,  1.2379e-04,  5.6765e-05,  6.2146e-04,
        -3.5913e-04,  5.7263e-05,  1.3295e-03, -2.9403e-04,  1.0865e-03,
         2.1329e-04,  7.6564e-05, -2.2003e-03, -3.5787e-04,  5.4183e-04,
        -3.9198e-04,  1.7457e-05, -7.9851e-05, -1.0820e-03, -7.6600e-04,
        -6.5670e-05, -2.1405e-04,  3.2274e-04], device='cuda:0')), ('fcs.1.weight', tensor([[ 1.3036e-03,  2.7271e-04, -4.1079e-03,  ..., -1.3624e-04,
         -8.2346e-04, -1.7642e-03],
        [-1.5794e-03,  4.7449e-04,  1.5071e-04,  ...,  4.8549e-04,
          9.4264e-04,  1.9672e-04],
        [ 7.6209e-04,  3.0530e-04, -1.7083e-03,  ...,  1.7456e-04,
         -5.7483e-04,  6.1247e-04],
        ...,
        [ 5.5096e-04,  2.0114e-03,  7.0641e-04,  ...,  1.0409e-05,
         -1.8736e-03,  8.6336e-04],
        [-6.5495e-04, -7.7899e-04, -1.1745e-04,  ...,  3.0668e-05,
          5.3308e-04,  7.4236e-04],
        [-1.9535e-03, -2.7266e-04, -1.2781e-03,  ..., -2.4839e-04,
          3.0837e-04,  3.6770e-04]], device='cuda:0')), ('fcs.1.bias', tensor([ 7.9059e-04, -9.6257e-04, -2.6520e-04, -5.6479e-05, -1.2311e-04,
         5.9964e-04, -3.5795e-04, -7.8064e-04,  2.9403e-04, -4.0489e-04,
        -5.1202e-04, -1.6356e-03,  1.0805e-03,  2.5714e-04, -4.7235e-05,
         1.3768e-04, -1.3352e-03,  2.4788e-04,  3.6009e-05,  6.5299e-04,
         1.3036e-05, -6.6398e-04,  4.8723e-04,  9.9623e-04,  6.6309e-05,
         3.4438e-04, -2.0289e-04, -2.1806e-03, -2.9360e-03, -1.0394e-03,
         2.9600e-04, -2.9138e-04,  6.8941e-04, -1.4520e-03, -2.1789e-04,
        -1.0677e-03,  8.1378e-04,  1.3316e-02, -6.0275e-04, -1.0810e-04,
        -9.4039e-06, -1.1174e-03,  2.4156e-04, -1.7192e-04, -1.0696e-03,
         1.7713e-03, -3.2794e-04,  2.6697e-04,  5.2022e-04,  7.5168e-04,
         8.2615e-04, -1.2020e-04,  1.3819e-03, -2.0039e-03,  9.8104e-05,
        -4.0428e-04,  2.0573e-04,  1.1739e-04, -1.1458e-04, -1.8435e-05,
         5.4573e-04,  7.8030e-04,  7.7617e-04, -9.4796e-04,  2.3479e-03,
        -7.8815e-05,  6.7956e-04,  5.0731e-04,  2.1644e-04,  9.3006e-04,
         9.8797e-04, -1.4010e-03,  3.2490e-04,  4.1150e-04, -3.0841e-04,
         7.2753e-04, -4.2149e-04,  7.4946e-04,  1.2191e-05, -2.0540e-03,
         1.7667e-03, -2.3793e-04, -3.0068e-04,  2.1270e-04,  1.8095e-04,
         6.3263e-04,  3.6378e-05,  2.0969e-04,  2.2035e-04,  4.3409e-04,
         2.4764e-03, -1.0914e-03,  1.7296e-03,  2.0016e-06, -1.0983e-04,
         4.3366e-04,  1.5167e-03, -2.3488e-04,  6.3101e-05,  1.5534e-04,
        -1.1171e-04,  2.1574e-04, -5.9480e-04, -1.5523e-03,  1.4620e-04,
        -1.7384e-05, -1.9094e-04, -3.2744e-05, -4.8806e-04,  1.3508e-04,
        -5.6499e-04,  4.3538e-04, -2.6833e-04, -1.5185e-04,  1.6718e-03,
         1.3169e-04,  1.1021e-01,  1.2698e-03,  4.1699e-04,  2.5935e-04,
         5.0266e-04, -3.8684e-04, -7.8892e-03,  5.8154e-04,  5.5612e-02,
         4.1444e-04,  3.5356e-04, -6.2931e-05], device='cuda:0')), ('fcs.2.weight', tensor([[ 4.3513e-05, -2.4828e-05,  2.9894e-05,  1.3039e-05,  2.3641e-05,
         -2.4486e-04, -7.3215e-04, -6.4441e-06, -1.6470e-05,  4.6405e-05,
         -4.3504e-02, -2.4402e-04,  2.9531e-05,  4.2097e-04, -3.5946e-05,
          2.5530e-07,  6.1623e-05, -6.1401e-05, -6.6282e-05, -3.9632e-03,
         -1.1607e-03, -2.5361e-04,  1.8845e-04, -2.2287e-05,  8.3484e-05,
         -2.2251e-05,  4.9343e-05,  2.9749e-05,  5.6195e-04,  7.1881e-05,
          3.4503e-05, -3.5039e-05,  5.2623e-06, -4.3597e-05,  5.0845e-04,
          9.6946e-06, -3.8916e-05,  8.7363e-02,  3.2254e-05,  1.8152e-04,
          1.8017e-04, -1.4219e-05,  1.8644e-05, -2.0581e-04,  4.3737e-05,
          5.4407e-04,  8.9498e-06, -5.1746e-04,  4.7503e-06, -3.1659e-05,
          4.9408e-05, -3.8369e-05, -1.6885e-05,  5.0251e-05,  2.8782e-05,
          1.0269e-03,  4.8470e-05,  1.1877e-04,  3.6950e-03,  1.1765e-05,
          8.5494e-04,  1.8189e-05, -3.8492e-05, -1.6221e-05,  1.0602e-03,
         -1.1675e-04,  2.3339e-05, -4.6629e-04, -2.5833e-05,  4.8768e-04,
          8.8904e-06,  4.2145e-07,  7.2853e-05,  3.8504e-04, -1.0971e-05,
         -3.4010e-04,  3.3839e-04,  1.7028e-05,  2.6836e-05,  3.0465e-04,
         -5.1224e-06,  1.0856e-04,  2.6114e-05, -1.0422e-05,  6.2644e-05,
         -4.0309e-04, -9.8422e-07, -4.5778e-04,  9.5237e-05, -6.3105e-05,
          2.1469e-03, -6.4027e-05,  1.5540e-05,  5.2958e-05, -3.9965e-05,
          2.9998e-04, -2.9416e-04,  2.9211e-06,  2.7785e-05,  1.8322e-06,
         -1.2785e-05,  2.0961e-05, -2.7183e-05,  2.4531e-03, -2.6401e-04,
         -7.8432e-06,  2.7730e-05,  5.9857e-05, -5.8609e-05, -1.1305e-04,
          3.0787e-04,  5.6993e-04,  2.5852e-05, -9.5100e-05,  3.5220e-05,
         -7.0182e-04,  4.5854e-02, -1.0358e-03, -9.8648e-04, -1.7612e-04,
          2.7793e-03,  2.8957e-04,  1.1024e-01, -4.4543e-04,  3.6350e-01,
          6.7947e-05,  3.2949e-05, -2.3147e-06]], device='cuda:0'))])
end of epoch 1: val_loss 11.09241455078125, val_acc 0.98
trigger times: 1
end of epoch 2: val_loss 0.01115967869758606, val_acc 0.995
trigger times: 0
saving model weights...
Weights: OrderedDict([('fcs.0.weight', tensor([[ 6.6436e-01,  9.8818e-02,  1.2615e-01,  ..., -1.0034e+00,
          1.5267e+00, -9.3892e-01],
        [ 2.1278e-05, -2.7534e-05, -3.9545e-06,  ...,  8.4725e-05,
         -2.5817e-04,  2.4917e-03],
        [-5.0588e-06,  3.6749e-06, -7.4158e-05,  ...,  5.8132e-06,
         -3.4265e-05,  3.0926e-04],
        ...,
        [ 3.0268e-04, -1.4295e-04, -1.3541e-04,  ...,  9.4253e-04,
         -1.5713e-04, -1.5614e-03],
        [-2.3058e-01,  1.0520e-05,  3.4526e-05,  ..., -1.7037e-01,
          8.4663e-04, -3.2028e-04],
        [-1.7402e-04,  6.4220e-06,  7.9806e-06,  ...,  2.3817e-04,
         -1.3070e-03, -2.0258e-03]], device='cuda:0')), ('fcs.0.bias', tensor([ 4.7863e-01,  7.7525e-06, -8.6031e-06, -1.2074e-05,  1.9446e-04,
        -1.4317e-04, -2.4966e-01,  1.7696e-03,  1.9692e-01,  4.0454e-04,
        -1.9383e-01,  1.1595e-04, -2.3963e-01,  1.3351e-04,  3.3866e-01,
        -4.2247e-05, -2.5173e-01,  6.0508e-02, -1.0910e-01, -2.4169e-01,
         1.2527e-05, -2.6850e-01,  3.2775e-01,  5.5630e-02, -2.4936e-01,
        -3.3403e-02,  4.2267e-04, -1.4706e-04,  9.3724e-05, -1.3715e-05,
        -1.2061e-04, -6.9097e-05,  6.1908e-06,  7.5455e-04,  3.6949e-05,
        -7.3469e-02, -5.0202e-05,  1.5546e-04, -2.9336e-04,  2.6434e-01,
         2.4342e-01,  1.5282e-04, -4.3001e-05, -5.0664e-06,  7.6093e-05,
        -9.1543e-02, -2.1835e-04,  2.2578e-01,  4.0491e-01,  6.1197e-03,
        -1.5778e-01, -7.3828e-05, -2.8618e-04,  2.0539e-05,  6.4399e-04,
         6.1460e-02,  6.4350e-04, -2.0193e-02, -9.5378e-05, -6.3225e-01,
        -9.2026e-02, -1.5526e-04, -6.1552e-04,  9.6767e-05, -3.8889e-04,
         7.1466e-05, -2.2659e-01, -1.6444e-01, -1.7721e-04, -1.9435e-01,
         2.0809e-05, -2.1938e-03, -2.6486e-01,  1.7920e-05,  1.8906e-01,
        -9.7404e-02,  2.8232e-05,  2.4871e-01, -4.4363e-05, -1.9527e-04,
        -4.5651e-03, -1.3222e-04,  8.3063e-01,  3.9212e-05, -3.4226e-01,
        -6.3455e-05, -5.3230e-04, -8.0472e-02, -1.5738e-01,  8.2197e-04,
        -1.8507e-01, -4.5857e-04,  1.4401e-06, -5.3970e-04,  7.0945e-05,
        -1.5753e-04, -2.2176e-01, -2.4711e-01, -3.4173e-06, -1.6726e-04,
         7.5014e-04,  1.0597e-02,  4.9233e-05, -5.7892e-05,  7.2877e-04,
        -2.2028e-01, -1.5433e-01,  7.2315e-04, -1.4161e-04, -3.3426e-04,
         1.4353e-01, -6.1239e-04, -2.2095e-01, -2.4917e-04, -8.5747e-02,
        -1.5777e-03,  6.3636e-06,  4.4225e-05,  3.0329e-05,  2.0376e-05,
        -5.5223e-06, -2.5625e-05,  2.6166e-04, -4.2265e-05,  6.4460e-04,
         3.6578e-04, -9.2276e-02, -4.5638e-05], device='cuda:0')), ('fcs.1.weight', tensor([[ 3.8311e-07, -6.3595e-04, -5.0925e-04,  ...,  5.8204e-04,
          1.1905e-03, -1.1439e-03],
        [-4.8070e-05, -6.4175e-04, -2.2263e-04,  ...,  6.4156e-04,
         -1.7521e-04,  6.3910e-04],
        [ 3.0181e-05, -3.5702e-05, -5.6660e-05,  ...,  9.2915e-04,
          8.3759e-05,  8.0513e-04],
        ...,
        [-3.5335e-04, -1.3039e-03, -4.9172e-04,  ..., -1.1519e-03,
          1.9127e-03,  1.8748e-03],
        [-2.1821e-03, -1.2848e-03, -7.4140e-04,  ...,  2.7970e-04,
          1.2342e-03,  1.2676e-03],
        [-1.3069e-04,  5.5151e-06, -7.4890e-04,  ...,  1.8503e-04,
         -5.1710e-04, -2.0346e-03]], device='cuda:0')), ('fcs.1.bias', tensor([ 8.9540e-05, -1.8417e-05,  7.1143e-04, -4.4136e-05,  5.1578e-05,
         5.4568e-04, -2.4067e-04, -3.2810e-05, -1.8382e-03,  2.0121e-01,
         1.0445e-03, -9.2825e-05,  3.7855e-05, -8.8157e-04, -1.5808e-04,
        -7.8337e-05, -2.8709e-04, -1.7690e-03, -9.9381e-04, -2.9307e-04,
         8.5289e-04, -1.7933e-04, -2.5643e-06, -1.8222e-04,  5.9665e-04,
         6.0233e-04,  2.7780e-05, -1.1677e-03, -1.7472e-04,  9.0774e-05,
        -9.3847e-04,  1.6020e-03, -1.3316e-03, -9.9375e-04, -1.5204e-05,
         2.1112e-05,  1.0876e-03, -7.7106e-04, -1.0210e-03,  6.2430e-04,
        -7.6573e-02,  1.1460e-03, -5.1281e-04, -1.6848e-05,  2.3107e-04,
        -1.3625e-05,  6.8929e-04,  1.0926e-03,  2.4430e-04, -8.7701e-04,
         3.1489e-03, -5.5897e-05,  2.3491e-04, -4.1070e-04,  2.0835e-05,
        -5.6909e-04, -2.0695e-04, -5.3288e-04,  3.0090e-05,  1.6811e-01,
         2.8075e-05, -1.0563e-01, -2.5058e-01,  1.3012e-04, -1.2527e-04,
         2.4330e-03, -4.3268e-04,  3.2412e-03,  3.9406e-04, -1.4280e-03,
        -8.6627e-04,  7.7017e-04, -1.1768e-04,  3.4278e-04, -1.1273e-04,
         8.0025e-04, -2.6342e-04,  3.5112e-04,  7.6590e-05, -5.5295e-05,
        -3.1068e-04,  5.4815e-05,  1.4054e-04, -2.9434e-04,  4.6701e-04,
        -3.3951e-04, -8.9150e-04,  2.4595e-04, -8.8864e-05,  3.3837e-05,
         2.4664e-04,  1.3664e-04, -4.3572e-04,  1.7022e-04, -1.8730e-04,
         3.1635e-04,  2.5997e-05,  1.0815e-03, -1.3736e-03,  2.1106e-05,
        -5.6462e-04, -1.2304e-04, -1.2056e-03,  8.6270e-05,  2.1649e-03,
         9.1632e-05, -3.8985e-04, -9.8223e-05, -6.9295e-04, -1.2775e-03,
        -1.0992e-04, -8.6435e-04,  8.8503e-05, -2.4024e-04, -4.8707e-06,
        -1.5732e-04, -2.1272e-04,  6.3633e-02,  3.2218e-05,  1.1244e-03,
        -1.0653e-04,  5.3590e-04,  4.9411e-05, -3.5516e-05, -2.1273e-05,
        -9.6248e-04, -1.4702e-03, -6.6578e-04], device='cuda:0')), ('fcs.2.weight', tensor([[-6.3150e-03,  1.9439e-02, -1.2264e-02,  1.0802e-01, -1.2685e-02,
         -1.7148e-02,  1.0145e-02,  6.4637e-02, -4.5288e-06,  3.9882e-02,
         -9.4425e-05, -5.4311e-04, -6.1682e-02, -2.6994e-06, -1.5892e-05,
         -2.2301e-06,  1.1903e-04,  7.8545e-05, -4.0721e-02,  7.5787e-06,
         -9.7553e-02,  1.9229e-02,  2.3912e-03,  1.9984e-01,  4.5693e-04,
         -3.8241e-06, -1.2662e-01,  1.7373e-04, -2.5750e-05, -1.9253e-04,
          3.6886e-05, -2.0958e-04,  2.5958e-01,  8.0648e-04,  1.1236e+00,
         -7.4601e-02,  2.5859e-04, -7.4306e-05, -1.2189e-04,  4.6848e-05,
          6.7187e-03,  1.2603e-04, -7.7506e-05, -2.8228e-02,  1.0726e-06,
          5.9056e-04,  1.4116e-04,  4.1682e-05,  1.9709e-04, -1.8659e-04,
         -2.6838e-04,  7.6313e-02, -2.3362e-04,  1.1877e-01,  5.8032e-01,
          7.4026e-02, -3.3946e-02,  4.2749e-04, -1.0194e-01, -2.3238e-01,
         -7.8963e-05,  1.4840e-05,  2.2967e-01, -1.2548e-01, -5.5519e-02,
          2.1151e-05,  1.9654e-06, -2.2041e-03,  6.0915e-05, -1.6627e-02,
         -4.8079e-05,  1.9556e-01,  4.9322e-05,  2.4019e-06,  3.3065e-04,
          5.0650e-04,  1.2450e-02, -6.3525e-05, -3.8449e-02, -2.3578e-03,
         -1.7587e-03,  7.6969e-06,  7.0671e-05, -3.3401e-02,  5.4072e-04,
          6.8059e-05, -1.6597e-04,  1.4371e-02, -8.2788e-02, -8.5195e-05,
         -1.4824e-03, -2.0393e-01, -1.8739e-04,  2.3144e-01,  1.7820e-01,
          2.6273e-04,  9.7689e-02,  2.8297e-05,  2.0323e-04,  1.2599e-02,
          2.1086e-02, -2.7281e-04,  1.2144e-04, -2.9224e-03,  7.3909e-04,
         -4.4679e-02,  1.2069e-01,  1.1109e-01,  4.6466e-04,  5.8729e-04,
         -2.1259e-03, -1.4363e-06,  1.5297e-02, -1.1783e-05, -7.9804e-02,
          3.9809e-06, -2.0054e-03, -1.1092e-01, -4.4778e-02,  1.2443e-01,
         -4.6702e-06,  3.1741e-04, -3.2713e-05, -1.3515e-01,  2.2118e-01,
         -4.2256e-04, -2.0179e-04,  2.9920e-04]], device='cuda:0'))])
end of epoch 3: val_loss 0.25048828125, val_acc 0.99
trigger times: 1
end of epoch 4: val_loss 0.036885903738439085, val_acc 0.995
trigger times: 2
end of epoch 5: val_loss 0.004744030121583265, val_acc 1.0
trigger times: 0
saving model weights...
Weights: OrderedDict([('fcs.0.weight', tensor([[-1.8148e-06,  1.0777e-05, -1.5296e-04,  ...,  8.2095e-05,
         -8.8516e-05, -1.2477e-04],
        [ 9.0927e-05, -4.7004e-04, -1.1694e-03,  ...,  1.8091e-03,
         -2.1809e-03,  9.5888e-04],
        [-1.7444e-04,  4.2021e-06,  1.3795e-03,  ...,  7.5674e-05,
          3.7112e-04,  1.5515e-03],
        ...,
        [ 1.4773e-03,  1.0406e-04, -1.5618e-03,  ...,  1.1863e-03,
         -2.7083e-03,  3.1523e-03],
        [-3.7864e-04,  2.7821e-06,  1.5008e-04,  ...,  2.1137e-04,
          6.5015e-04,  6.0305e-04],
        [ 1.3915e-03, -7.6088e-04,  1.7679e-03,  ...,  9.3565e-04,
          8.7263e-04, -3.9158e-04]], device='cuda:0')), ('fcs.0.bias', tensor([-2.9329e-02,  4.7171e-04, -1.5676e-04,  4.2447e-05,  6.1484e-04,
         1.2743e-03, -7.5388e-05,  2.5876e-03,  1.0825e-04,  9.6232e-04,
         1.5183e-05, -2.7110e-03,  4.9831e-05,  1.6803e-03, -2.3377e-04,
         9.3853e-05,  1.5051e-04, -6.0181e-04,  1.7808e-04, -1.6137e-05,
         8.9024e-04,  4.3799e-05, -7.2588e-04, -6.4770e-05,  3.9190e-04,
         7.6007e-05, -2.0087e-04,  5.8912e-04, -4.7055e-04,  4.1031e-04,
         1.6417e-03,  3.6286e-04,  1.9178e-03,  2.6535e-03, -2.0111e-04,
         4.4725e-04,  3.6439e-04, -1.5085e-03, -1.6941e-03,  4.7005e-04,
        -3.2951e-05,  2.3739e-03,  1.3416e-03,  9.7884e-04, -7.1173e-04,
        -2.0919e-04,  1.5707e-03, -3.5619e-05, -8.9697e-05,  8.0852e-05,
        -5.3160e-05,  1.1908e-04, -2.3268e-04,  1.2874e-04,  1.8174e-03,
         6.4742e-05,  1.1735e-03,  4.6233e-05, -1.6115e-03,  1.2177e-04,
         4.4100e-04,  6.7439e-04, -7.8605e-05, -3.2510e-04, -1.1589e-03,
         1.5706e-03, -3.3457e-05, -3.0495e-05, -2.0480e-03,  1.7399e-04,
         4.6140e-04,  1.4418e-03, -3.4263e-05,  6.7551e-04, -3.7113e-06,
        -5.3961e-04,  5.7145e-04, -1.1370e-04, -5.3134e-04, -8.8926e-04,
         4.4421e-04, -2.7522e-04,  2.2243e-03, -5.1260e-04, -4.5288e-05,
        -2.3160e-03, -1.6988e-03,  9.4988e-05,  2.6151e-04, -1.5523e-03,
        -1.1931e-04, -7.3209e-04, -7.0251e-04,  5.6018e-04,  2.1472e-03,
        -5.2410e-04,  1.9909e-04,  2.7755e-04, -5.5119e-04,  8.4160e-05,
         1.8997e-03, -3.0686e-04, -1.8488e-03,  1.3312e-04,  1.5239e-03,
         7.5819e-05, -9.5832e-05, -2.3514e-03,  9.1584e-04,  2.0443e-04,
        -3.3890e-04,  4.5688e-04, -1.8649e-04, -3.2508e-04, -4.1054e-04,
        -7.4577e-04,  8.0190e-04, -1.6012e-03,  4.3216e-04,  7.3077e-05,
         2.6346e-03,  6.7936e-04,  1.0063e-03, -3.1394e-04,  3.3632e-04,
        -1.0139e-03, -2.3085e-04,  1.2020e-03], device='cuda:0')), ('fcs.1.weight', tensor([[ 0.0001, -0.0007, -0.0006,  ...,  0.0007,  0.0013, -0.0020],
        [-0.0004, -0.0007, -0.0005,  ...,  0.0009,  0.0007,  0.0007],
        [ 0.0002,  0.0013, -0.0006,  ...,  0.0015,  0.0008,  0.0009],
        ...,
        [-0.0008, -0.0014, -0.0019,  ...,  0.0012,  0.0020,  0.0019],
        [-0.0033, -0.0013, -0.0008,  ...,  0.0005,  0.0013,  0.0013],
        [ 0.0005,  0.0016, -0.0040,  ..., -0.0005, -0.0011, -0.0022]],
       device='cuda:0')), ('fcs.1.bias', tensor([-6.7889e-04, -4.0045e-04,  1.4121e-03,  1.5216e-03,  2.2130e-04,
         6.6831e-04,  1.0356e-03, -1.0097e-03, -2.2394e-04,  9.1095e-04,
        -7.2607e-04, -5.3324e-04, -3.6116e-05, -1.6207e-03, -1.2625e-03,
         2.0847e-04, -5.1059e-05, -2.4643e-03,  1.5733e-03, -1.3143e-03,
        -6.7691e-04, -1.8235e-03,  7.7587e-04,  6.0139e-04,  2.0140e-04,
         8.3277e-04, -7.1262e-04,  1.7469e-03, -8.2878e-04,  1.3622e-03,
         1.0912e-03,  2.5150e-04, -1.1995e-03, -8.2501e-04, -1.7736e-02,
         9.7026e-06, -3.0148e-04,  2.7672e-03,  1.3930e-03,  8.9097e-04,
         2.4293e-04, -4.9231e-04,  2.4241e-03,  1.8464e-04,  8.5151e-05,
        -2.5339e-04, -1.6045e-03,  1.7349e-03,  8.1079e-05, -7.0104e-04,
         3.2524e-03, -3.7324e-04, -1.7765e-03,  4.9911e-04,  2.9909e-04,
        -4.7403e-04, -1.6247e-03,  1.7554e-03,  5.6008e-04,  6.0533e-04,
        -9.4659e-04,  3.6417e-05,  6.7928e-04, -1.1421e-03,  4.7005e-05,
         8.8221e-04, -9.9082e-04,  1.2610e-03,  5.5716e-04, -2.1749e-03,
         3.2764e-03, -1.1140e-03,  3.7812e-05,  1.5697e-03, -1.8130e-03,
        -1.1313e-03, -6.0755e-04, -7.6544e-05,  5.0501e-04, -6.4787e-04,
        -1.2802e-03, -1.3179e-03,  1.2427e-03, -4.6462e-04, -1.2257e-03,
         2.0910e-03,  3.5139e-04,  8.6968e-04,  3.0605e-04, -1.4024e-03,
        -1.3596e-03,  4.5153e-04, -3.2716e-03, -1.0683e-03,  1.6308e-03,
        -3.4931e-05,  1.6244e-03, -4.1686e-04,  9.3363e-04,  5.9976e-04,
        -1.2987e-03,  1.7424e-03, -4.6253e-04,  6.3984e-04, -1.2129e-03,
         1.4160e-03,  7.9572e-05,  6.5655e-04, -1.7806e-03, -1.1581e-03,
        -6.6519e-04,  1.8801e-03, -8.7025e-04, -7.0930e-04,  1.7182e-05,
         2.0362e-03, -7.0240e-04,  3.9178e-04, -5.3871e-04,  1.7935e-03,
        -1.3880e-03,  1.8506e-03, -4.6168e-04, -1.9512e-04,  4.1665e-04,
         7.0586e-04, -2.2407e-03, -1.4490e-03], device='cuda:0')), ('fcs.2.weight', tensor([[-2.9797e-04,  2.3541e-05, -5.1312e-05, -2.4505e-06, -5.9798e-05,
          6.2721e-05, -4.4843e-06, -1.4092e-04,  3.6904e-04,  7.6175e-05,
          6.7955e-04,  2.0217e-03,  6.0677e-05, -1.3746e-04, -6.5259e-04,
         -3.7897e-04, -3.0091e-04,  5.4699e-04, -6.7458e-05, -1.3878e-04,
         -2.0381e-04,  2.0350e-04,  3.5477e-05,  5.2266e-05,  1.7604e-03,
         -3.8783e-05,  4.3774e-05, -1.1508e-03,  8.5844e-04,  1.8380e-03,
         -7.8933e-04, -3.1075e-03,  1.7454e-05, -5.3986e-04,  4.4170e-01,
          6.8512e-05, -4.1371e-04,  9.3926e-04, -1.1001e-03, -1.7110e-03,
         -6.2110e-05, -5.9559e-04, -1.8250e-03,  6.1485e-06, -7.6148e-06,
         -8.4026e-04,  1.2631e-03,  1.1888e-04,  6.7741e-04, -7.0666e-04,
         -5.7225e-04, -2.2013e-05, -2.3692e-04, -4.3793e-05,  2.4638e-05,
         -3.6871e-04, -2.4410e-05, -1.0859e-03, -1.2483e-04,  1.4081e-05,
          9.9707e-04, -1.2371e-04,  5.5910e-06, -3.1040e-05,  8.8780e-05,
         -6.1441e-04,  4.1548e-03, -6.2820e-04, -1.5697e-03, -3.8715e-05,
         -1.3552e-03, -4.7301e-05, -2.9703e-04,  7.3439e-05, -5.3139e-04,
          3.2105e-03,  5.1219e-05, -1.6287e-03,  1.0302e-05, -1.8806e-05,
          3.0135e-05,  9.1192e-05, -3.6083e-04, -8.5083e-05,  4.9854e-05,
         -7.5500e-04,  1.5885e-03, -2.2502e-05,  1.5451e-04,  2.6687e-03,
          8.1665e-04,  1.3553e-05, -3.6395e-04, -5.2561e-05,  4.1161e-05,
          1.8215e-03, -6.4445e-04,  7.8187e-04,  8.4209e-04,  1.4102e-04,
         -1.0640e-04, -3.0131e-04,  1.2894e-03,  1.8287e-04, -7.2144e-04,
         -1.5004e-05,  1.2048e-04,  3.9299e-05,  1.2279e-03, -2.6244e-03,
         -4.9324e-05,  3.4495e-04,  9.1116e-05,  3.8395e-05, -1.3142e-04,
         -4.8310e-05,  2.7907e-05, -5.1169e-05, -8.8128e-05,  4.3987e-05,
         -2.8361e-05, -1.1637e-03, -2.1982e-04,  3.9172e-05,  2.1080e-05,
         -1.9631e-04,  9.6185e-04,  8.5972e-04]], device='cuda:0'))])
end of epoch 6: val_loss 4.949453125, val_acc 0.985
trigger times: 1
end of epoch 7: val_loss 0.7250927734375, val_acc 0.995
trigger times: 2
end of epoch 8: val_loss 2.978875732421875, val_acc 0.985
trigger times: 3
end of epoch 9: val_loss 0.2176287841796875, val_acc 0.995
trigger times: 4
end of epoch 10: val_loss 0.036456781947849314, val_acc 0.995
trigger times: 5
end of epoch 11: val_loss 0.01657572349284518, val_acc 0.985
trigger times: 6
end of epoch 12: val_loss 10.839256591796875, val_acc 0.98
trigger times: 7
end of epoch 13: val_loss 0.37763671875, val_acc 0.995
trigger times: 8
end of epoch 14: val_loss 0.0007255854584073163, val_acc 1.0
trigger times: 0
saving model weights...
Weights: OrderedDict([('fcs.0.weight', tensor([[-1.6060e-05,  2.3336e-05,  2.4836e-05,  ...,  4.5500e-05,
          2.6200e-04, -1.9064e-04],
        [-1.9993e-04, -2.9451e-04,  3.5525e-04,  ...,  2.2092e-04,
          4.7835e-04, -2.5483e-04],
        [ 3.8534e-04, -1.3922e-04, -1.2595e-03,  ...,  4.4402e-04,
         -5.1827e-04, -2.9651e-04],
        ...,
        [ 3.9268e-04,  1.7956e-03,  1.2696e-03,  ...,  2.2427e-03,
          1.3166e-03, -1.3529e-03],
        [ 4.6410e-07,  1.8456e-04,  7.7630e-05,  ...,  1.7464e-04,
         -1.0725e-03, -8.9663e-04],
        [ 1.2457e-03, -1.7343e-03, -2.0713e-03,  ..., -1.1447e-03,
         -6.0485e-04,  1.2607e-03]], device='cuda:0')), ('fcs.0.bias', tensor([ 1.0911e-01, -3.4243e-06,  2.1539e-04, -3.2030e-05,  5.5246e-01,
        -1.4236e-04, -1.3953e-01,  1.4748e-05, -1.8325e-01,  1.3434e-04,
        -8.0356e-05,  1.3406e-01, -4.1037e-04,  9.1544e-05, -2.1342e-04,
         4.0475e-04, -1.9000e-01,  2.5892e-04, -5.8747e-06,  2.5890e-05,
         1.3872e-03,  1.9234e-04,  4.7928e-05,  1.1196e-04, -7.3150e-05,
         9.5048e-04,  3.7108e-04, -1.2198e-01,  9.7449e-05, -1.8501e-05,
        -1.3596e-01, -5.2064e-05,  1.0107e-04,  2.0378e-03,  3.6515e-05,
         9.1540e-07, -1.6046e-01,  2.1127e-04,  6.4179e-05,  2.6098e-04,
         8.8689e-04, -4.0305e-02,  1.2595e-03,  2.3149e-04,  2.4829e-03,
        -5.2712e-04,  1.2573e-04,  3.7410e-04,  1.1187e-04, -1.0016e-04,
        -5.2764e-03, -1.7444e-04,  1.0199e-05,  1.1460e-03, -1.4253e-02,
         3.2931e-05, -1.9075e-05, -3.8750e-04, -1.1924e-04,  1.3804e-04,
         3.8096e-05, -2.8847e-04, -1.0733e-04,  7.5168e-05,  3.3749e-04,
        -1.5410e-04,  3.9939e-01,  1.3794e-03,  7.2632e-04,  2.8255e-05,
        -2.0790e-03,  7.8510e-04, -1.1042e-03,  8.7281e-04, -2.1129e-04,
        -1.0385e-04,  1.1102e-04,  1.1828e-04, -7.7674e-05, -1.7171e-05,
        -2.8141e-05,  6.1849e-05, -9.2990e-02,  1.2709e-04, -6.0984e-05,
         2.1006e-05, -3.1181e-05,  1.6482e-04, -5.1908e-02, -3.1704e-04,
        -1.5377e-04, -1.6800e-03,  1.9148e-05, -6.7408e-05, -1.2486e-03,
        -2.3762e-05,  1.0428e-03, -1.6738e-04,  1.7881e-04, -2.8456e-06,
         1.1847e-04,  7.9091e-05,  2.8196e-01,  7.2084e-06, -9.0166e-05,
        -2.0986e-04, -7.7533e-05, -3.0407e-05,  6.7872e-02,  5.7444e-05,
         1.1222e-03,  1.0428e-03, -5.3702e-05,  4.1261e-01, -4.1059e-05,
        -1.6407e-01, -1.2585e-01,  1.3951e-04,  8.6680e-04, -1.8377e-01,
         1.0833e-04, -2.3759e-04, -1.6331e-01,  4.7682e-04,  6.6374e-04,
         1.5303e-03,  7.5629e-06,  8.0169e-04], device='cuda:0')), ('fcs.1.weight', tensor([[ 7.6119e-05,  4.5585e-04,  8.7837e-04,  ...,  2.1716e-03,
         -1.9154e-03, -1.6695e-03],
        [ 8.2866e-05,  1.9365e-03, -6.7360e-04,  ...,  2.2416e-04,
         -3.6710e-04, -4.1928e-03],
        [ 3.1104e-04, -6.6261e-04, -8.9371e-04,  ...,  7.6011e-04,
          1.3016e-03,  7.4527e-04],
        ...,
        [-5.6421e-04,  6.3956e-04, -2.4673e-03,  ...,  1.3270e-03,
          2.2778e-04,  1.3115e-03],
        [-2.4132e-05, -1.9614e-03,  6.7368e-04,  ...,  1.3039e-03,
         -1.3042e-03, -1.3113e-03],
        [-1.4119e-03,  2.0811e-03,  1.8248e-03,  ...,  1.7282e-03,
          2.1787e-03, -3.1463e-03]], device='cuda:0')), ('fcs.1.bias', tensor([ 3.9954e-04, -3.7567e-04, -1.3391e-04, -1.4941e-05, -2.0048e-03,
        -8.4588e-04,  2.4419e-03, -5.7366e-04, -3.5641e-04, -1.8597e-04,
         1.3016e-03,  8.2150e-05, -3.6450e-04,  5.7411e-04, -1.9789e-03,
         1.9345e-03,  4.5604e-04,  1.8818e-03,  9.0162e-05, -1.1319e-01,
         1.2614e-03, -1.2157e-03,  2.1847e-03,  2.4409e-03,  1.0763e-05,
        -1.6967e-03,  6.6476e-04, -1.1808e-04, -3.7774e-04,  1.9590e-03,
        -4.6077e-04,  7.0730e-05,  3.8066e-04,  2.4061e-03, -1.8292e-01,
        -1.4118e-04,  1.4469e-05,  2.0015e-05, -8.9667e-04, -3.1949e-04,
        -1.3355e-03,  4.2103e-03, -4.6953e-04,  2.7451e-06, -8.5301e-04,
        -2.0055e-04, -1.4117e-04,  1.0356e-04,  1.0405e-04, -1.2208e-03,
         2.1808e-03, -1.0740e-04, -8.9681e-05, -1.3505e-03, -4.2772e-04,
        -2.4343e-03, -2.1787e-03,  1.5650e-03, -6.8880e-05, -1.2925e-03,
        -7.4060e-04, -1.2264e-04,  1.5142e-03,  3.9443e-04,  1.3846e-04,
         9.0021e-04,  5.2222e-04, -1.3620e-03, -3.1240e-04, -1.2330e-03,
         1.9268e-03,  1.4098e-03,  5.9399e-04,  8.8864e-04,  2.4237e-05,
         1.3317e-03,  5.9874e-04,  7.6547e-04, -3.4130e-04, -1.6874e-03,
        -5.5713e-04, -1.5174e-04, -5.3367e-04,  2.3684e-04, -4.4613e-04,
         2.2192e-03,  1.4753e-03,  6.7105e-04, -4.6309e-03,  6.5459e-05,
         7.3850e-04, -6.4336e-04, -1.6312e-03,  1.8140e-04, -2.0901e-04,
        -2.6749e-04, -2.1670e-03,  1.2225e-03,  1.5121e-04, -1.0871e-03,
         1.2727e-05,  2.2874e-04,  1.6728e-03, -8.5634e-04,  2.5807e-03,
         1.3213e-03,  5.4117e-04,  9.5288e-04, -3.1095e-04,  7.8836e-04,
        -3.1110e-04, -5.2069e-04, -6.6743e-04, -1.9619e-03,  7.0289e-04,
         1.0217e-03, -9.9778e-04, -6.0044e-04, -1.3573e-05,  6.1319e-04,
         1.8262e-04,  4.4063e-04, -2.4877e-04, -2.0146e-03,  1.7178e-04,
        -2.2960e-03,  1.7088e-03, -1.9237e-04], device='cuda:0')), ('fcs.2.weight', tensor([[-2.5473e-06,  3.2378e-06, -5.1822e-05, -9.9350e-05,  9.1585e-04,
         -2.1965e-04,  1.5765e-03,  5.2901e-02, -1.8008e-07,  2.5405e-04,
         -1.8433e-07, -4.6593e-05, -9.9660e-06,  3.3866e-05,  5.2951e-04,
          1.0690e-03, -8.2355e-06,  1.2093e-03,  8.7958e-04, -9.0510e-02,
         -1.4919e-03, -2.8254e-04,  4.5735e-04,  1.4641e-05, -1.6312e-01,
         -7.7370e-06,  5.1696e-06, -5.0025e-04, -3.7766e-05, -1.0123e-04,
          1.6533e-04, -1.2552e-04, -1.2115e-02, -6.4838e-06,  9.0008e-01,
         -2.3290e-05,  7.7479e-04, -4.3937e-05, -2.1413e-04, -2.6575e-01,
          4.4614e-04, -4.6659e-04,  1.3413e-05, -1.3728e-06,  2.9080e-03,
         -4.3041e-06, -1.7205e-04,  2.9688e-06, -3.7133e-06, -1.3385e-03,
          5.0013e-04,  1.8607e-03,  4.6121e-05, -2.4198e-04,  7.3047e-02,
          8.4144e-05, -1.0185e-03,  4.7790e-04,  6.0146e-04, -6.3504e-04,
          2.0811e-05, -6.1305e-02, -1.0592e-05,  2.8039e-05,  3.0050e-02,
          4.1890e-05,  2.1150e-04,  1.3743e-03,  2.0254e-01, -1.6409e-04,
         -1.1034e-03, -2.9826e-03,  3.7742e-04, -5.0138e-04,  1.3571e-05,
          6.4374e-04, -1.2641e-05, -1.8643e-02,  2.2684e-05,  3.6569e-05,
          1.1786e-03,  4.7881e-01,  1.2459e-05,  4.1960e-05,  5.3414e-05,
         -1.8612e-03,  5.1906e-06,  2.4859e-06,  1.8143e-05,  1.8144e-05,
         -5.5109e-05,  9.5329e-06, -5.5432e-04,  2.8327e-01, -3.4223e-06,
         -4.0241e-04, -9.4049e-04, -7.8344e-04, -4.0498e-05, -2.6192e-06,
          1.3485e-05,  9.3952e-06, -1.0236e-04,  5.5209e-04,  1.7983e-06,
          1.5485e-04,  1.0396e-04, -5.6577e-02, -2.0127e-04,  5.9764e-04,
         -2.1423e-05, -1.8144e-05,  6.5083e-04,  4.2671e-05, -7.1654e-04,
         -2.5323e-05,  1.1817e-05, -5.9959e-06, -1.7823e-01, -1.7644e-05,
          2.9278e-03, -3.6576e-05,  7.2213e-04, -6.0498e-04,  1.1048e-05,
         -1.1256e-05, -2.2761e-05,  6.2544e-04]], device='cuda:0'))])
end of epoch 15: val_loss 0.029110159117768254, val_acc 0.99
trigger times: 1
end of epoch 16: val_loss 0.049957820048432675, val_acc 0.985
trigger times: 2
end of epoch 17: val_loss 0.0, val_acc 1.0
trigger times: 0
saving model weights...
Weights: OrderedDict([('fcs.0.weight', tensor([[-2.1719e-04, -1.5342e-04,  2.5402e-03,  ...,  3.7203e-04,
          5.8900e-04, -4.2618e-04],
        [-1.8589e-02, -1.7436e-01, -3.3111e-02,  ..., -6.2908e-02,
         -1.1123e-04,  3.2340e-04],
        [ 8.0857e-04,  8.0820e-04,  2.2425e-04,  ...,  1.0854e-03,
         -7.6429e-04, -6.0465e-04],
        ...,
        [ 6.8881e-05,  5.1454e-04,  3.7025e-04,  ..., -1.0175e-04,
          5.1404e-04, -8.9577e-04],
        [-4.1252e-01, -4.6559e-02, -2.2801e-01,  ...,  1.3275e+00,
         -2.4840e-04,  5.6373e-01],
        [-3.5840e-01,  1.4713e-04,  1.7686e-05,  ..., -3.2781e-02,
         -8.8201e-05,  2.1581e-05]], device='cuda:0')), ('fcs.0.bias', tensor([ 3.0624e-04, -7.9899e-02, -5.9122e-04,  7.3235e-04,  1.7837e-04,
         3.9977e-01, -1.6095e-05,  4.1678e-05, -8.9544e-02, -5.9132e-01,
        -1.1086e-03,  1.6742e-04, -3.1039e-01,  3.4969e-01, -1.0271e-04,
        -1.0760e-04, -1.1168e-04, -1.0428e-03, -1.5118e-01,  7.5794e-05,
        -3.6682e-01,  2.6826e-01,  4.2219e-01, -2.2501e-05,  6.5471e-05,
         5.4693e-06,  7.3318e-04, -2.3138e-04, -8.0935e-04, -2.4189e-01,
         5.7212e-01, -2.3468e-01, -5.1447e-04,  1.2872e-04, -8.8163e-04,
         2.5065e-04, -4.8259e-04,  5.6971e-02,  9.1924e-04, -5.1956e-04,
        -1.4498e-01,  1.5624e-01, -1.0485e-01, -2.2721e-05,  2.8022e-04,
        -2.4066e-01, -7.2858e-02,  5.7216e-05,  1.4746e-01, -2.0482e-01,
         2.2185e-04, -2.4843e-01, -2.7188e-01,  4.2309e-04, -2.8471e-04,
        -2.7437e-01, -2.1877e-04,  3.7407e-05,  1.3950e-04, -1.8850e-03,
        -1.4413e-01,  3.3730e-01, -8.9273e-04,  9.1751e-05, -4.3916e-03,
        -1.0532e-01, -2.2707e-04, -3.6339e-04, -6.8315e-06,  2.5321e-04,
        -1.8303e-04,  3.4645e-02, -7.6822e-02,  3.3198e-01, -6.2104e-04,
        -3.0684e-01,  4.0320e-01,  2.1598e-04, -9.3969e-05, -7.9470e-02,
        -2.4769e-01, -3.1275e-04, -6.4449e-05,  3.4649e-04, -2.8231e-01,
         2.4584e-04, -2.8941e-01, -2.9660e-01,  2.4930e-06, -5.1113e-05,
        -2.8637e-04,  7.5030e-05,  1.5082e-05,  3.5993e-04, -2.8721e-01,
        -2.9819e-01, -2.9949e-01,  4.9461e-04,  1.1940e-04,  9.8065e-05,
         1.4789e-04,  3.0704e-01, -1.2008e-03, -1.2675e-04, -4.3012e-04,
         1.2784e-03, -2.9338e-01, -7.1332e-02,  5.7692e-01, -1.3278e-04,
        -4.8279e-02,  3.7482e-02, -2.5606e-04,  4.3438e-05,  1.5420e-04,
        -2.9185e-01, -1.9740e-01,  2.2122e-04,  7.1954e-05,  4.9822e-04,
        -2.5423e-01,  2.3269e-01, -1.1424e-04,  4.2242e-01, -6.2608e-02,
         2.1364e-05,  8.2750e-02,  2.7249e-05], device='cuda:0')), ('fcs.1.weight', tensor([[ 9.6311e-04,  8.4057e-04,  5.5946e-04,  ...,  2.1806e-03,
          9.6846e-04, -2.4394e-03],
        [ 7.3744e-04, -4.8140e-04,  2.2690e-04,  ...,  7.6142e-04,
          1.1078e-03, -2.4700e-03],
        [ 1.2022e-03, -6.4017e-04,  8.9447e-04,  ..., -2.1767e-03,
         -4.9206e-04, -1.9601e-03],
        ...,
        [-3.1080e-03, -9.9062e-04, -7.4541e-04,  ..., -1.3036e-03,
         -6.5487e-04, -7.0182e-04],
        [-1.3271e-03, -8.8200e-04,  7.1872e-04,  ...,  1.3058e-03,
         -1.5195e-03,  4.9759e-04],
        [-1.1998e-03,  4.4338e-05, -1.9296e-03,  ..., -1.0655e-03,
         -3.4307e-01, -1.1942e-04]], device='cuda:0')), ('fcs.1.bias', tensor([ 1.2090e-03,  1.3153e-04,  1.9802e-03,  4.0505e-05,  3.6591e-05,
        -3.7696e-02, -8.9236e-04, -2.1571e-03,  4.5662e-04, -1.6497e-04,
         1.3062e-03, -3.2143e-02,  2.2386e-03, -4.7032e-04, -2.2834e-04,
         1.6464e-01, -3.4278e-04,  1.9267e-03,  8.5146e-04, -2.4664e-04,
         1.7406e-04, -3.9485e-01, -3.9903e-06,  6.3366e-04,  4.6212e-04,
        -5.7662e-04,  6.2630e-04, -4.5218e-04, -1.4760e-01,  2.1794e-04,
         6.0556e-04, -1.5973e-03,  1.2385e-03, -1.1016e-04,  3.6384e-05,
        -2.4153e-03, -4.4100e-04, -2.9256e-04, -1.7621e-06, -5.2349e-04,
         6.1235e-05,  4.0677e-02, -5.1662e-05, -6.6348e-05,  2.0637e-04,
        -7.0982e-02, -5.6377e-04,  3.7436e-04, -1.2656e-03,  1.1576e-04,
         2.2454e-04,  1.4976e-04, -1.9057e-04,  7.5878e-05,  3.0179e-03,
         9.7768e-04, -7.4422e-05, -1.4427e-04, -7.2097e-02, -1.7506e-01,
        -2.4846e-03,  4.5800e-04, -1.2749e-05,  6.2339e-05,  2.0862e-04,
         5.7512e-02, -4.5716e-05,  6.0232e-04, -1.1197e-04,  2.3833e-04,
         2.5548e-05,  9.2541e-04,  4.9435e-01, -1.0055e-04, -4.7718e-02,
        -1.2469e-01, -1.3885e-01, -4.8408e-02,  4.9621e-04, -7.2729e-05,
         9.5085e-02, -3.9866e-05, -8.1021e-06,  4.7564e-04,  6.3282e-05,
         3.2663e-01, -1.2190e-04,  1.2529e-04, -5.3426e-04,  6.3488e-04,
         3.9115e-04, -1.3558e-01,  2.2000e-01,  3.8653e-04, -3.7331e-05,
        -1.2326e-04,  1.7098e-01, -1.2715e-01,  2.7485e-04, -7.5328e-04,
        -1.9234e-03,  1.0097e-03, -6.4929e-04,  2.6131e-03, -2.5669e-01,
        -5.4988e-05, -1.9871e-04, -2.7998e-04, -2.2686e-04, -7.2194e-02,
        -7.3384e-04,  3.8053e-04,  4.3539e-04, -9.7039e-06, -1.5713e-03,
         1.2996e-03, -1.7653e-03,  1.2225e-04, -5.8302e-04, -4.9364e-05,
         4.7562e-05, -1.2327e-01, -2.4659e-04,  2.1084e-04, -1.6043e-04,
         3.5960e-04, -9.5617e-04, -6.1488e-05], device='cuda:0')), ('fcs.2.weight', tensor([[ 1.7524e-04, -7.6611e-05,  3.3728e-04,  8.6230e-05,  1.8001e-01,
         -2.6460e-01,  3.4834e-04, -1.7390e-04,  7.4275e-02,  9.2477e-02,
          9.9721e-05,  8.1311e-02,  9.1242e-05,  3.5812e-04,  2.3141e-01,
          3.0538e-01,  1.4315e-04,  1.9105e-04,  6.6807e-05, -8.0919e-05,
         -4.5833e-05,  5.2603e-01, -4.7493e-06,  1.6797e-04, -3.3073e-05,
          2.9515e-04,  2.0024e-04, -5.1893e-05,  5.3211e-02, -7.9066e-02,
          1.6478e-03, -6.1544e-04,  2.1184e-04,  2.3110e-04,  8.3896e-01,
         -1.0848e-04,  5.7759e-05, -7.8425e-04, -1.8331e-01,  1.2361e-04,
         -8.8755e-02,  2.8352e-01, -5.2978e-02,  8.0642e-02, -7.9613e-04,
         -5.5223e-02,  9.1361e-04, -1.2051e-04, -5.2905e-05,  7.7634e-02,
         -1.1553e-03, -1.5206e-05, -1.1150e-04, -1.6754e-01,  7.9871e-05,
          9.4034e-04, -3.6541e-02,  1.1733e-05, -3.3941e-02,  8.3489e-06,
         -1.6335e-04,  6.7165e-02,  2.5951e-02, -3.9536e-06,  4.5984e-05,
          1.3571e-02, -7.6081e-04,  3.1072e-04,  8.6405e-02, -1.2952e-01,
          6.1491e-02,  2.4263e-04,  5.6033e-01,  3.8283e-03, -8.4249e-02,
          4.4276e-01, -8.8372e-02, -1.4556e-04, -6.0506e-05,  3.1390e-04,
         -3.4265e-02,  1.2604e-04, -9.5821e-04,  1.3274e-03, -2.0639e-01,
          2.6142e-02, -1.8324e-04, -8.4369e-02,  8.2183e-04, -4.7769e-06,
          5.9877e-04, -2.2886e-06, -3.6063e-02, -8.9423e-05, -8.0372e-02,
          2.6260e-01,  6.8916e-05,  5.2070e-01,  2.1549e-04, -1.6943e-05,
         -5.9640e-05,  2.6272e-05, -4.0347e-04,  5.0166e-04,  1.7143e-05,
         -9.6168e-04,  1.4345e-05, -5.7862e-06,  1.1865e-04,  1.9032e-02,
         -1.0833e-05, -1.0302e-05,  4.2129e-04,  3.1084e-04,  1.6725e-04,
         -1.0973e-04,  3.6509e-04,  9.5231e-05,  6.1788e-05,  3.0516e-02,
          4.1736e-05, -6.3528e-02, -2.1612e-01,  8.3365e-02, -1.5847e-04,
          1.2119e-04, -9.9395e-04, -4.9117e-05]], device='cuda:0'))])
end of epoch 18: val_loss 0.0, val_acc 1.0
trigger times: 0
saving model weights...
Weights: OrderedDict([('fcs.0.weight', tensor([[ 7.2533e-04,  3.7153e-06, -1.8472e-03,  ...,  6.0909e-04,
          2.5236e-04,  2.6723e-03],
        [ 1.1403e-01, -4.1315e-02, -1.7735e-05,  ...,  7.8727e-06,
         -2.7480e-04, -1.1238e-04],
        [ 1.1115e-03,  7.9974e-04,  1.0525e-03,  ..., -2.5215e-04,
         -1.8646e-04, -1.3092e-03],
        ...,
        [ 6.3903e-05,  3.3134e-04,  6.9716e-04,  ...,  4.5886e-04,
         -5.6398e-04,  2.1458e-03],
        [-3.5660e-01,  4.1385e-02, -4.8895e-05,  ...,  9.6190e-01,
         -2.7049e-05, -1.7096e-06],
        [ 3.6889e-05,  1.7210e-05, -3.7556e-05,  ...,  9.5362e-05,
          1.9724e-04,  1.2354e-04]], device='cuda:0')), ('fcs.0.bias', tensor([ 8.5688e-04,  1.5614e-01,  1.3037e-03, -8.6157e-05,  3.0665e-04,
        -6.6514e-06, -6.9001e-04,  2.9486e-04,  7.5035e-05, -2.2416e-01,
        -9.6202e-04, -2.1818e-04, -2.5818e-01,  1.2803e-05,  3.2203e-04,
         7.2222e-04, -9.0053e-04,  2.3467e-03, -3.3069e-05,  5.2919e-04,
        -9.8593e-02,  6.0564e-04, -1.7778e-04,  1.2811e-04, -5.3200e-06,
         1.2761e-04, -1.1828e-04,  5.3206e-04, -2.0454e-03, -2.2313e-05,
         3.2854e-01,  1.7718e-05,  2.2549e-04,  2.5127e-04, -5.0766e-04,
        -6.9656e-04, -1.5807e-03, -5.1715e-05,  5.0575e-04, -1.4511e-03,
        -5.2866e-02, -1.2180e-04,  1.2587e-04, -1.2187e-03, -3.3334e-04,
         2.6969e-01, -1.3952e-04,  1.6754e-03, -4.6540e-02, -2.5651e-04,
        -4.9688e-04, -6.0644e-03, -1.0830e-01,  1.0336e-05,  8.8758e-05,
        -8.3811e-02, -6.0898e-04,  3.2671e-06,  6.4728e-04,  2.3532e-03,
        -2.7755e-05,  3.0970e-02,  1.9209e-03,  4.1018e-04, -2.2638e-04,
        -8.0480e-05, -4.1791e-04,  1.6890e-04,  8.5375e-06, -4.5054e-04,
        -2.8780e-04, -3.0033e-04, -1.0504e-05,  5.7482e-05,  3.6684e-04,
        -1.8537e-01,  8.1607e-02, -4.9900e-05, -5.5343e-04, -6.5781e-04,
        -2.5989e-03, -6.0349e-05, -7.6162e-05, -1.5471e-03, -1.8347e-01,
         7.2323e-04, -1.9479e-01, -1.3944e-01, -9.6070e-04, -2.4137e-04,
        -6.7830e-04,  5.0757e-04,  1.7883e-04,  7.2680e-04, -6.7850e-02,
        -1.9052e-06, -1.6358e-01, -2.3576e-03,  1.6762e-06, -4.9280e-04,
        -5.7912e-04,  1.6866e-01, -8.1426e-04,  3.7291e-04,  7.1312e-04,
         4.2537e-04, -1.9831e-01,  2.1487e-04,  1.1436e-01, -4.6660e-05,
        -2.1713e-04, -8.4948e-05,  4.0136e-04,  1.0686e-04,  1.0815e-03,
        -1.9609e-01,  3.9337e-05, -7.9606e-04,  1.7727e-04,  8.3608e-04,
         4.8142e-06,  2.0102e-03, -7.4671e-04,  1.6206e-04, -1.4700e-02,
        -2.7884e-04, -6.9592e-03, -8.1456e-05], device='cuda:0')), ('fcs.1.weight', tensor([[ 1.2260e-03,  7.7085e-04,  5.5242e-04,  ...,  2.1805e-03,
          2.9474e-04, -2.4399e-03],
        [ 8.7437e-04,  5.0552e-04,  2.2815e-04,  ...,  7.6399e-04,
          1.2663e-03, -2.4674e-03],
        [ 1.2918e-03,  6.7035e-04,  8.9340e-04,  ..., -2.1813e-03,
         -6.4336e-04, -1.9619e-03],
        ...,
        [-3.2916e-03,  1.9301e-03, -7.4523e-04,  ..., -1.3042e-03,
         -1.2664e-03, -7.5350e-04],
        [-1.4488e-03,  3.4767e-04,  6.7549e-04,  ...,  1.3050e-03,
         -1.9185e-03,  4.9715e-04],
        [ 5.7980e-06, -1.0592e-04, -1.9555e-03,  ..., -1.2577e-03,
         -4.1407e-04, -3.0506e-04]], device='cuda:0')), ('fcs.1.bias', tensor([ 6.7304e-04, -4.5931e-04,  5.4958e-04,  2.7281e-04, -2.4176e-06,
         4.0302e-06,  3.5922e-04, -2.1681e-03,  7.1937e-04,  1.0423e-04,
         9.8736e-04,  4.3803e-04,  2.5289e-03, -1.1751e-03, -1.0945e-03,
        -4.7444e-05, -8.7044e-04,  1.9442e-03,  1.5185e-03,  4.8076e-04,
        -1.1196e-04, -2.9062e-01,  4.1392e-04,  1.0792e-03,  1.5418e-04,
        -6.6479e-04,  6.7203e-04, -5.4891e-04,  1.6516e-04, -5.1302e-05,
        -2.1663e-03,  3.0283e-03,  1.2229e-03,  8.3214e-04, -4.6207e-03,
        -7.1281e-04, -9.9064e-04, -6.9915e-05,  5.0907e-06, -1.0078e-03,
        -6.1581e-05, -1.3019e-05,  7.7965e-06, -7.1970e-04, -2.8475e-03,
        -6.2582e-05, -6.5355e-04,  2.1418e-03, -1.2917e-03,  2.2149e-04,
         1.7205e-03, -8.2860e-04, -4.8329e-04, -3.9194e-05,  3.1242e-03,
         6.1551e-04, -1.8520e-04, -2.6187e-04,  4.2369e-06,  2.6770e-05,
         2.6675e-03,  8.4941e-05, -1.5232e-04,  5.4789e-05, -1.1056e-03,
         1.4829e-05, -1.8764e-04, -4.5971e-05, -9.9879e-04, -7.8715e-05,
         1.0176e-04,  4.8637e-04, -1.5188e-06, -2.1400e-04, -2.4758e-05,
         6.3938e-05, -1.1332e-02,  2.1727e-04,  1.5153e-03, -7.6041e-04,
        -2.3736e-05,  5.4061e-04, -5.4188e-04, -6.8692e-04,  4.6530e-04,
        -4.0302e-05, -1.3338e-03, -4.2197e-04,  1.3954e-03,  1.8828e-03,
        -1.2227e-03,  3.3846e-04, -1.1077e-04, -1.0404e-03, -8.3565e-05,
        -1.0261e-05, -6.5932e-05,  3.5894e-05,  2.1699e-04, -7.5940e-04,
        -1.9443e-03, -1.1025e-03, -8.9035e-04,  5.2052e-05, -1.2720e-02,
         5.5599e-04, -5.8048e-04,  4.2755e-04, -1.0509e-03,  1.2060e-05,
        -1.2596e-03,  4.2237e-04, -1.1946e-03,  6.5506e-04, -1.7960e-04,
         1.2971e-03,  2.8709e-04, -2.0686e-03, -8.9971e-04, -8.8767e-06,
        -1.7315e-03,  9.4356e-05, -6.0702e-04, -2.5346e-04, -1.1776e-03,
        -1.2443e-03, -5.6069e-04,  3.9678e-04], device='cuda:0')), ('fcs.2.weight', tensor([[ 8.9260e-04, -4.5495e-04,  3.3867e-04, -1.5367e-04,  8.2255e-02,
         -6.1734e-05, -4.0432e-04,  9.2060e-05, -8.2104e-05,  4.5211e-02,
          4.6086e-04,  3.2900e-02, -1.3895e-04, -4.8516e-04,  2.7583e-05,
          1.1807e-01, -7.2576e-04,  7.5600e-05,  5.1799e-05,  5.2882e-05,
          2.8900e-05,  4.5237e-01,  3.2480e-06,  2.6882e-04, -3.1812e-04,
          4.7712e-04,  8.0222e-06, -3.8156e-04, -1.6231e-06,  2.8439e-05,
          1.0608e-03,  7.3716e-04,  4.8969e-04, -1.7238e-04,  6.6597e-01,
          1.4146e-03,  1.7667e-04,  4.7134e-04, -9.9129e-04,  2.0031e-06,
         -3.0737e-06,  1.9423e-01, -2.7428e-05,  5.0262e-02,  1.1360e-03,
         -2.4894e-05, -7.5893e-04,  2.3745e-04, -5.7485e-05, -2.7464e-06,
         -2.3483e-04,  4.3890e-05,  4.6776e-04, -6.0453e-03, -3.1159e-04,
          2.1837e-03, -2.6132e-06, -2.9365e-05, -2.2439e-05, -4.9009e-05,
          4.1059e-05, -3.0897e-06,  1.8485e-06,  2.6321e-06, -1.5392e-04,
         -3.7803e-02,  1.7225e-03, -2.9740e-04,  6.0189e-02, -3.5653e-02,
          9.8212e-06,  1.1761e-03,  4.2469e-01,  5.2509e-05, -1.1379e-01,
         -7.5777e-05, -3.6317e-02,  3.1311e-04,  1.0907e-04,  1.0225e-03,
          2.4477e-05,  1.5399e-04,  5.4575e-05,  3.3791e-04,  4.8213e-05,
          1.6366e-02, -6.1411e-04,  1.7204e-05,  2.8731e-04, -7.8450e-04,
         -4.0062e-04, -1.7944e-02, -1.7163e-05, -1.1115e-04,  2.5662e-05,
          1.6069e-01,  1.0898e-05,  3.5435e-01,  3.7864e-04,  3.0037e-04,
          1.2769e-04,  9.3140e-04, -2.7830e-04,  4.3093e-04, -2.2581e-06,
         -4.5687e-04, -1.8852e-04, -1.6828e-04, -4.8640e-04,  3.0305e-05,
          9.4761e-05, -6.0775e-05,  5.3199e-04, -1.6332e-03,  1.1185e-04,
          9.9989e-04, -4.5903e-04,  1.5698e-04, -5.3050e-05,  2.7150e-06,
         -4.0268e-04, -1.4833e-06,  2.4170e-06,  3.5179e-02,  7.3378e-04,
         -5.4560e-04, -5.7610e-04, -1.2541e-05]], device='cuda:0'))])
end of epoch 19: val_loss 1.0251004209749226e-06, val_acc 1.0
trigger times: 1
end of epoch 20: val_loss 0.009179260384660352, val_acc 0.995
trigger times: 2
end of epoch 21: val_loss 0.11728977313512906, val_acc 0.98
trigger times: 3
end of epoch 22: val_loss 4.31249267578125, val_acc 0.98
trigger times: 4
end of epoch 23: val_loss 0.0, val_acc 1.0
trigger times: 0
saving model weights...
Weights: OrderedDict([('fcs.0.weight', tensor([[-2.7835e-01,  2.9995e-06, -7.7437e-06,  ..., -2.5970e-06,
         -1.9257e-03,  2.6240e-04],
        [-1.7456e-03, -3.1425e-04, -1.1810e-03,  ...,  1.9662e-04,
          1.2983e-03, -1.2990e-03],
        [-4.6723e-01, -7.0296e-06, -2.7398e-01,  ...,  7.4452e-01,
          4.1471e-05,  3.6718e-05],
        ...,
        [ 3.1473e-03,  1.7450e-06,  2.3839e-01,  ..., -5.2806e-01,
          3.9297e-02,  1.5669e-04],
        [-6.2824e-06,  7.5349e-02,  3.8213e-05,  ...,  1.0636e-05,
         -8.2740e-05,  4.5324e-04],
        [-4.3563e-04,  1.1243e-03, -1.7796e-03,  ...,  5.2974e-04,
         -1.9536e-03, -8.9214e-04]], device='cuda:0')), ('fcs.0.bias', tensor([-6.4295e-02,  1.0606e-03,  1.3383e-02,  6.2090e-05, -2.2520e-04,
         3.1319e-03,  6.0662e-05,  5.4166e-05, -1.8472e-01,  2.1385e-01,
         1.0358e-04,  1.8908e-01, -1.9439e-01,  1.6558e-04,  5.1295e-04,
        -5.3843e-05,  1.8491e-04, -6.1004e-05,  1.5037e-04, -1.3327e-01,
        -9.3094e-06, -1.5260e-06,  5.0062e-06,  4.4529e-05,  7.2396e-04,
         1.1488e-01, -3.4753e-02, -7.2483e-04,  1.0653e-04, -1.5764e-07,
         6.0362e-01, -1.3881e-04,  1.3080e-06,  3.2390e-04, -2.7450e-01,
         7.0681e-04,  9.1963e-05,  8.2679e-02,  3.4875e-02, -2.1188e-01,
         1.4353e-02, -2.8684e-01,  1.8413e-04,  2.3349e-05,  5.5973e-06,
        -5.3399e-05, -1.3551e-01,  1.6331e-05,  3.4756e-06,  8.2580e-04,
        -5.0404e-05,  2.2584e-04, -2.7113e-05,  2.4406e-04, -7.6938e-02,
         6.1159e-05, -1.3251e-04,  3.5207e-01,  2.6050e-04,  4.2414e-06,
        -4.0581e-05,  1.7324e-05, -9.3187e-02,  2.6220e-06,  2.8125e-04,
         1.0581e-04,  1.2717e-03,  5.6846e-04,  1.1746e-01, -9.2817e-06,
        -1.4568e-01,  1.7060e-01, -7.5058e-02,  7.9730e-05,  2.0601e-05,
         1.4288e-01, -1.8016e-01,  3.9870e-02,  4.4678e-05,  4.2809e-04,
        -1.4695e-05, -7.1761e-04,  1.3995e-04, -1.1400e-01, -3.0192e-06,
         2.8583e-05, -6.6379e-05, -1.1481e-04, -2.9922e-05, -2.5752e-04,
         3.7880e-04,  6.7363e-04, -6.2580e-04, -1.0402e-05,  4.0695e-05,
        -9.5265e-02, -7.0286e-02, -6.0821e-04, -6.5080e-05, -3.7590e-05,
        -3.1800e-04,  1.7600e-03, -8.0294e-04,  8.3075e-05, -9.4483e-02,
         2.0450e-05, -5.8610e-04,  4.7584e-06,  1.2124e-03,  9.1864e-05,
         1.0565e-04,  3.3726e-01,  1.6094e-03,  3.6922e-01, -8.3493e-02,
         3.2102e-02,  4.4671e-05,  2.8074e-05,  1.4122e-04,  5.3444e-05,
         3.5617e-01,  2.4576e-04,  5.2970e-04, -1.2692e-03, -4.5539e-05,
        -7.1127e-05,  1.0805e-05, -1.0638e-03], device='cuda:0')), ('fcs.1.weight', tensor([[-1.3112e-03, -3.3316e-03, -3.5282e-05,  ...,  3.3999e-04,
         -8.8789e-04, -1.9541e-03],
        [ 5.4678e-04,  2.0271e-03, -4.2681e-04,  ...,  6.6742e-04,
         -6.5030e-04,  6.0883e-04],
        [-2.1617e-04,  1.3040e-03,  1.8350e-04,  ..., -1.5161e-06,
          5.4822e-05,  4.7985e-03],
        ...,
        [ 5.5144e-04,  6.7365e-04, -4.4750e-04,  ..., -5.9419e-05,
          2.4681e-03, -1.3110e-03],
        [-1.8237e-03,  7.6510e-04, -1.0788e-04,  ..., -1.2320e-04,
          4.9105e-04,  8.8749e-04],
        [-2.5858e-03,  8.8731e-04,  2.1787e-03,  ...,  1.2582e-03,
         -2.1650e-03,  5.2286e-05]], device='cuda:0')), ('fcs.1.bias', tensor([ 4.4547e-04,  2.0772e-04, -4.0668e-05, -9.2978e-05,  6.2592e-04,
        -3.2295e-05, -2.7721e-03,  3.9694e-04,  5.5517e-05, -1.7088e-04,
        -1.0694e-03, -1.1229e-04,  7.1523e-05, -2.0274e-04, -8.7487e-06,
        -8.0942e-04,  1.0960e-04, -8.2670e-04, -1.0240e-04, -5.2321e-04,
        -8.8850e-05, -3.4743e-04, -1.0284e-04,  1.7908e-04,  2.3936e-04,
        -4.6980e-04,  3.2913e-04,  5.9110e-05,  1.3560e-04,  2.1729e-04,
         2.8919e-04, -5.4231e-05,  4.8207e-07, -1.0013e-03,  1.7073e-07,
        -1.0408e-03, -9.9766e-04, -9.3973e-04, -1.3810e-03, -1.8126e-03,
        -2.7427e-05,  2.3547e-05,  2.4945e-03, -4.1534e-04, -2.6953e-04,
        -3.1452e-07,  2.3595e-04, -5.3570e-05,  2.1582e-04,  4.2895e-05,
         8.3187e-06,  4.0876e-04, -1.0557e-03, -3.5414e-05,  1.2977e-05,
        -5.3578e-04,  1.0174e-03, -2.2192e-02, -1.5120e-03,  3.9924e-04,
        -5.7717e-05,  1.2448e-04, -1.8414e-06, -4.7195e-06, -5.9682e-05,
         1.2794e-03,  2.3068e-04, -4.2586e-05, -1.3681e-04, -4.0513e-05,
        -9.1086e-04,  4.1221e-05,  1.0013e-03,  4.3435e-04,  4.2975e-04,
        -4.6129e-05, -1.1858e-04, -1.0852e-03,  8.6192e-04, -1.5742e-04,
        -8.5101e-05, -3.2799e-05, -1.5024e-04,  1.2109e-03, -2.2213e-04,
        -7.6567e-04,  1.1895e-04,  6.4894e-04,  5.0573e-05, -8.7272e-04,
        -9.6580e-04, -1.7774e-03, -2.6915e-04,  2.3160e-04, -1.4479e-04,
         5.9476e-04, -1.2148e-04,  2.8979e-04, -2.7058e-04, -2.6689e-04,
        -7.1837e-05, -5.7785e-04,  2.7456e-05, -2.0899e-03,  8.3970e-05,
         1.0162e-05,  7.5630e-04, -3.1249e-03, -4.9666e-04, -4.2128e-04,
        -1.4811e-03, -9.4990e-04,  1.1114e-05, -5.0685e-04, -5.8883e-05,
         4.6765e-04,  1.9099e-06, -1.7644e-03,  1.1050e-04, -1.3170e-04,
         1.0630e-03,  1.2045e-03, -6.6498e-04,  7.1583e-05,  4.7391e-04,
        -4.6101e-04, -4.6844e-05, -1.2604e-03], device='cuda:0')), ('fcs.2.weight', tensor([[ 7.7151e-06, -1.3053e-04, -2.6217e-02, -5.4247e-02,  7.5297e-04,
         -1.2312e-02, -3.2419e-02,  5.1790e-04,  1.4182e-06,  3.8359e-06,
         -6.1179e-04, -4.2182e-02,  3.7106e-06, -3.0804e-05, -4.3809e-02,
         -5.7860e-06, -1.3409e-02, -1.2360e-02, -2.8007e-06,  5.7224e-02,
          2.4403e-04, -5.4111e-02, -7.3825e-06,  4.2640e-04, -3.2522e-04,
         -3.6517e-04,  1.5779e-04, -6.0337e-02, -3.1110e-06,  3.2364e-05,
         -3.5368e-06,  5.3845e-04,  8.7555e-01,  1.6493e-04,  2.2944e-01,
          1.2070e-03, -4.7226e-04, -7.9454e-05, -9.9389e-02,  8.1807e-05,
          8.5562e-05,  5.0757e-03,  2.3029e-04,  6.6795e-06, -5.7955e-02,
         -1.0839e-05,  2.1001e-04,  1.5018e-05, -4.5745e-03, -6.2260e-05,
          1.3639e-01, -4.5098e-03, -3.8780e-04, -5.8964e-07, -2.6920e-02,
          3.9286e-04,  3.8894e-02, -1.6408e-02,  5.5322e-06,  2.9023e-02,
          3.5461e-04,  1.3711e-01, -1.3022e-02, -4.0272e-05, -2.3005e-01,
         -4.0781e-04, -7.3898e-02,  3.9604e-04, -1.1427e-04, -9.3753e-02,
         -7.6718e-05,  3.7335e-03,  1.1802e-04, -4.9998e-02,  1.9593e-07,
          3.0886e-06,  8.9435e-06, -1.5548e-05,  3.3740e-06,  3.8561e-05,
         -2.6056e-05,  4.5778e-02, -1.1618e-01, -1.3028e-06,  1.7995e-06,
         -3.9479e-04,  2.0063e-06,  6.6574e-02, -1.1538e-01, -1.0665e-01,
         -3.9634e-06,  5.1700e-04, -7.9373e-03,  2.3173e-04, -8.2570e-06,
          1.9905e-02,  4.5129e-01, -5.2319e-06, -3.0103e-02,  5.3727e-02,
         -1.0350e-04, -1.5909e-02,  5.2149e-01,  6.0240e-04, -8.3979e-05,
         -2.9998e-04, -1.1874e-02,  2.3451e-06,  7.2457e-04,  5.2116e-06,
          2.5259e-05,  9.7947e-05, -4.5170e-02,  1.5040e-04,  1.4660e-01,
          9.6518e-04,  1.2052e-01, -1.8053e-03,  6.2971e-05, -7.7228e-07,
         -1.3712e-03, -5.1802e-05,  1.1624e-04, -1.9878e-07,  1.1943e-04,
          7.9823e-05,  5.8276e-05,  9.3532e-05]], device='cuda:0'))])
end of epoch 24: val_loss 0.19046727180480957, val_acc 0.985
trigger times: 1
end of epoch 25: val_loss 0.011510499934510391, val_acc 1.0
trigger times: 2
end of epoch 26: val_loss 8.512724609375, val_acc 0.98
trigger times: 3
end of epoch 27: val_loss 4.941636962890625, val_acc 0.98
trigger times: 4
end of epoch 28: val_loss 0.0, val_acc 1.0
trigger times: 0
saving model weights...
Weights: OrderedDict([('fcs.0.weight', tensor([[ 3.6137e-05, -1.3692e-05, -9.1839e-05,  ...,  1.0441e-04,
          1.3864e-04, -1.5432e-04],
        [-2.8343e-04,  1.9286e-04,  2.0509e-04,  ..., -7.8177e-04,
         -1.3619e-03, -7.5410e-04],
        [-5.0507e-04,  2.3132e-04,  1.7647e-03,  ...,  1.1188e-04,
          6.9430e-04, -1.3025e-03],
        ...,
        [ 2.8167e-05,  8.6456e-05,  6.1300e-04,  ...,  3.1363e-04,
         -8.6937e-04, -1.3037e-03],
        [ 1.8643e-01,  4.1361e-02,  3.5261e-06,  ...,  1.6280e-05,
          4.1023e-04,  2.4529e-04],
        [-9.6822e-03, -3.4848e-06, -1.2007e-05,  ...,  1.9402e+00,
         -6.3198e-01,  1.4952e+00]], device='cuda:0')), ('fcs.0.bias', tensor([ 3.7416e-05, -3.9224e-04, -5.5697e-04,  1.7744e-01,  6.0889e-04,
         4.6840e-01,  1.8150e-03,  5.6968e-05, -2.1674e-05,  2.8504e-02,
         3.4744e-01, -1.4325e-01,  1.4144e-01, -7.6143e-09, -6.5449e-02,
         1.7939e-05, -8.9514e-02,  1.4709e-07, -4.7423e-05, -8.7306e-05,
        -2.3128e-04,  1.1052e-05,  3.2444e-04, -1.1678e-06,  2.7498e-05,
         3.9486e-04, -4.5759e-05,  2.4718e-02, -3.5768e-05,  2.5446e-03,
         3.8793e-01,  4.6524e-06, -1.0341e-05,  3.1799e-05,  3.8192e-04,
         8.0215e-06,  4.5802e-07,  2.3002e-04, -1.6992e-04, -1.1655e-04,
         5.4282e-05,  7.6482e-05,  1.0979e-05, -2.1501e-02,  1.6828e-01,
         6.1370e-04, -6.3274e-05, -4.3001e-05, -5.2932e-02,  2.9015e-01,
        -6.5202e-04, -9.6750e-03,  2.0552e-05,  1.0180e-03,  3.6919e-04,
         2.9956e-04,  4.9325e-04,  6.6207e-04,  3.3924e-04,  5.3940e-05,
         4.4633e-05,  2.7451e-03,  7.2082e-05, -2.1833e-04, -2.0444e-04,
         7.3020e-04,  3.0687e-01,  4.7827e-04, -6.3700e-04,  1.1747e-04,
        -1.4129e-04, -1.0969e-03,  7.9496e-04, -1.0390e-03,  1.0270e-04,
        -7.9753e-04,  2.0394e-04,  2.3162e-04, -1.5563e-01,  4.4030e-04,
         2.4841e-05,  8.3153e-05,  5.0847e-05, -1.4896e-03, -6.1529e-03,
         3.0724e-01,  1.4342e-04,  1.4667e-01, -2.2797e-04, -4.6939e-05,
         7.8209e-05, -2.2054e-04, -4.8841e-06, -2.6778e-05, -4.5938e-02,
         9.4484e-05,  7.0162e-04,  2.0395e-04,  7.8979e-06,  1.1915e-01,
        -2.0254e-04,  5.6191e-05, -2.1786e-01,  2.5841e-02, -2.5252e-02,
        -1.0793e-05,  3.1358e-01,  2.4671e-05,  5.6657e-01,  2.5443e-01,
         1.0220e-03, -1.4872e-04, -5.1962e-02,  9.1585e-04,  8.1317e-05,
        -2.0372e-01,  4.0068e-04,  6.4356e-06, -8.6791e-05, -1.2833e-04,
        -5.4075e-05, -6.0860e-04,  4.5430e-04,  2.8799e-05, -2.0446e-01,
         9.3909e-04, -1.1397e-04,  7.5028e-01], device='cuda:0')), ('fcs.1.weight', tensor([[-1.4187e-03, -7.6510e-04, -1.9549e-03,  ...,  6.5205e-04,
          5.1202e-04, -4.5175e-04],
        [ 2.1799e-03, -2.5205e-03, -7.6454e-04,  ...,  3.0552e-04,
          2.1792e-03, -2.1144e-04],
        [ 3.0528e-04, -2.4980e-03,  4.5317e-04,  ...,  6.6985e-04,
          8.9111e-04, -8.8394e-04],
        ...,
        [-2.1780e-03,  7.6494e-04,  2.1805e-03,  ...,  7.9566e-05,
          7.6484e-04, -5.9922e-04],
        [-7.2547e-04, -2.1805e-03, -7.5863e-04,  ..., -1.2974e-03,
          7.5751e-04,  1.1578e-03],
        [ 5.1411e-04,  2.6606e-03,  1.1191e-03,  ..., -1.9621e-03,
         -1.5800e-03, -2.1823e-01]], device='cuda:0')), ('fcs.1.bias', tensor([-5.2364e-05,  1.2826e-03,  2.4770e-03, -6.5921e-04,  2.6167e-04,
         3.6770e-04, -7.9578e-04,  3.9196e-04, -2.1185e-04, -3.4398e-05,
         1.9396e-03,  1.3319e-03, -1.8695e-04, -1.0234e-03,  6.6189e-04,
         2.1427e-04, -6.2633e-04,  4.9695e-04,  4.4990e-05, -2.7241e-04,
         1.2355e-03, -5.8389e-04,  8.8936e-04, -1.7170e-04,  5.0400e-04,
         1.3111e-03,  8.1305e-05,  8.9853e-04,  6.5080e-04,  1.2877e-03,
        -1.4339e-03, -1.1728e-03,  8.4245e-06, -2.4291e-04, -3.7370e-07,
         2.4969e-03, -9.2194e-05,  1.0158e-04, -6.1568e-05,  4.9380e-05,
         1.4241e-04, -2.9457e-05,  1.3454e-05, -1.3964e-03,  1.9600e-03,
        -6.9438e-05,  7.5814e-04,  1.4600e-03,  9.0629e-04,  3.1689e-04,
        -2.1141e-04,  1.3058e-03,  1.4449e-04,  5.4092e-04,  6.9866e-06,
         1.0781e-04, -2.1937e-03,  1.2456e-03, -7.2671e-04,  2.6345e-04,
         1.0122e-04,  4.9199e-04, -2.6961e-04,  5.9839e-04,  1.9078e-04,
        -6.6574e-05, -1.0151e-03, -1.7895e-03,  2.2964e-04, -5.8258e-06,
         1.3040e-03,  1.1080e-04,  2.1665e-03, -7.3458e-04, -5.3856e-04,
         1.8513e-03,  6.7196e-04, -1.4352e-04,  1.3111e-03, -1.5413e-04,
         1.1301e-04,  6.4212e-04,  1.0343e-03, -8.9308e-05,  7.4943e-04,
        -1.7888e-04, -7.0640e-05,  2.2294e-05, -3.0507e-04, -1.1756e-04,
         1.9623e-03, -6.0304e-04,  1.8460e-03,  1.1326e-04,  2.2839e-04,
        -5.6611e-06, -4.9782e-04,  6.5673e-04, -1.5305e-03,  1.8733e-03,
        -2.4738e-04, -2.1256e-03, -4.8029e-05,  7.2047e-04,  7.8684e-05,
         2.0395e-04,  1.1352e-03, -5.3570e-04,  1.3028e-03, -2.9638e-04,
        -2.4981e-03,  4.5045e-05,  7.6002e-04, -1.9138e-04, -7.6033e-04,
        -9.1271e-05,  1.8629e-04,  8.1828e-04, -4.3144e-05, -7.5552e-04,
        -5.9834e-04, -1.1944e-04, -2.0184e-05, -1.2513e-04,  1.3032e-03,
        -7.6427e-04,  6.6128e-04, -1.3328e-05], device='cuda:0')), ('fcs.2.weight', tensor([[-8.5913e-04, -2.0235e-04,  6.9287e-05,  2.2177e-04,  7.3540e-02,
         -4.8717e-02, -1.3511e-01,  2.3704e-06,  2.3768e-02,  3.8772e-01,
         -2.2490e-03,  1.9568e-04, -4.7358e-06,  1.1028e-04, -4.5959e-04,
         -6.7177e-02,  4.9163e-05, -4.8836e-05, -2.0343e-01, -1.3683e-01,
         -3.6409e-04, -3.2937e-04, -2.1084e-05,  1.0146e-05, -2.2742e-05,
          4.5787e-05, -4.4880e-05,  6.9803e-05, -7.9910e-05, -6.7927e-04,
         -3.9699e-06, -7.6040e-05,  2.7423e-01,  6.1612e-04,  7.9155e-02,
         -5.3278e-05,  5.6320e-06, -8.0542e-06, -2.0374e-05,  1.5983e-01,
         -2.5433e-05,  3.2507e-01, -1.9295e-05,  1.6255e-06, -9.3173e-05,
          3.5488e-05,  2.0730e-05,  1.2046e-05,  3.5305e-05,  1.4461e-04,
          4.4608e-04,  1.9262e-01, -7.4080e-02,  4.9832e-04,  1.7241e-01,
          3.8937e-05, -3.9468e-06,  4.5799e-04, -4.6682e-04,  2.5046e-04,
         -6.8663e-06, -4.1306e-05,  1.4426e-05,  1.0326e-06, -1.7594e-02,
         -5.3975e-02,  1.1779e-04, -2.4058e-05, -9.2020e-02, -4.9340e-02,
         -3.1148e-05,  5.8103e-04, -1.4897e-02, -1.3236e-02, -1.1667e-04,
         -8.7232e-05, -3.0037e-04,  7.6896e-06, -2.0279e-04, -7.0430e-06,
         -2.2694e-02,  1.0256e-05, -2.6561e-04,  3.0994e-01, -1.8363e-01,
          9.8298e-05,  7.7352e-06,  2.7843e-01, -1.2807e-07, -3.8778e-06,
         -5.8264e-04, -4.8456e-05, -4.4744e-06,  2.4874e-05, -1.2109e-05,
          2.6054e-01,  6.5309e-04,  1.3236e-04, -6.9912e-07,  3.1455e-04,
          2.1763e-06,  1.5931e-06,  1.2160e-05, -5.5743e-07,  1.2214e-05,
          1.9821e-06, -7.0999e-04, -2.7505e-01,  6.9735e-05, -3.6391e-03,
         -3.3862e-04, -1.0498e-01, -5.4051e-04, -6.7578e-01,  6.9851e-05,
         -1.1346e-01,  1.2653e-01, -7.3863e-06,  4.2768e-02,  1.1703e-03,
          1.5475e-06, -2.2102e-06,  1.3969e-04, -4.7427e-02,  4.0952e-04,
          1.9189e-05,  4.9834e-04, -2.1979e-01]], device='cuda:0'))])
end of epoch 29: val_loss 0.1997369384765625, val_acc 0.995
trigger times: 1
end of epoch 30: val_loss 0.0024656455940561275, val_acc 1.0
trigger times: 2
end of epoch 31: val_loss 0.01819765971817777, val_acc 0.99
trigger times: 3
end of epoch 32: val_loss 0.7339973442686935, val_acc 0.855
trigger times: 4
end of epoch 33: val_loss 0.09127428054809571, val_acc 0.99
trigger times: 5
end of epoch 34: val_loss 0.12126562118530274, val_acc 0.99
trigger times: 6
end of epoch 35: val_loss 0.003202556291489493, val_acc 1.0
trigger times: 7
end of epoch 36: val_loss 4.605426025390625, val_acc 0.975
trigger times: 8
end of epoch 37: val_loss 0.020572332441806795, val_acc 0.995
trigger times: 9
end of epoch 38: val_loss 0.049227333068847655, val_acc 0.995
trigger times: 10
Early stopping.
0 -10.692776456475258 -191.10004520678868
1 -9.32935844361782 -189.05007017278314
2 -10.18415892496705 -187.50220085194994
3 -7.487361885607243 -180.24009179391223
4 -7.7799369264394045 -171.9613792356186
5 4.257151830010116 -169.3817016847894
6 -7.488570425659418 -167.87631268052303
7 -10.15118282288313 -164.27567046290412
8 -9.16814927291125 -163.76742236654098
9 -2.6876959572546184 -156.0786895876365
10 -7.650788281112909 -155.22804551507866
11 -8.726755004376173 -145.29002069283715
12 -8.50573405995965 -142.86657280197298
13 2.790986483945744 -142.75441848091938
14 -3.3289808365516365 -136.98962801176134
15 -6.956103853721288 -132.4813576990395
16 22.77866241335869 -130.98347157271724
17 -7.670180389657617 -118.2436222554584
18 19.093137841206044 -117.38411415155902
19 -8.571793368086219 -116.97382686219106
20 5.234656863252894 -115.06704102317899
21 80.26569948281394 -112.47832645551227
22 -0.17167474546295125 -103.24187681049156
23 83.69938165089116 -99.7422752992134
24 122.50777555955574 -98.18526661663928
25 97.01646109903231 -88.94674758091466
26 118.25241976766847 -85.88346861832474
27 156.04518361881492 -79.38307722218848
28 121.38556450139731 -79.25112655387144
29 69.97452680394053 -73.50697855948762
30 65.89908800303238 -72.69803191552006
31 137.05390783026814 -71.37326168319514
32 91.45448849489912 -68.27187815304366
33 112.48805309878662 -65.42298162776466
34 125.11591563350521 -65.35816021006309
35 159.44829985080287 -49.3186741604369
36 71.25560024334118 -17.325441617065966
37 144.1562558999285 -4.374511275254108
38 183.2777077597566 -0.4258658969524013
39 103.78640392550733 9.108146753357724
40 156.20126379786961 17.732630180500013
41 217.03079744288698 40.64550156746333
42 207.18587917881086 41.11774838972275
43 159.7246096415911 48.64917674484657
44 202.97098340967204 52.50260039838799
45 194.44536837516353 52.54502852695255
46 210.86258789416752 59.52827491841281
47 194.83822570648044 63.45606316769021
48 186.92426410107873 66.31570758515764
49 144.8195079555735 67.13050507695384
50 248.8626692071557 72.16624272108386
51 145.9256097089965 79.16074531670823
52 178.58096009423025 84.19837606184075
53 169.1571018609684 89.30707154325768
54 169.78868585813325 90.2698850730257
55 167.19660001065859 90.28646231697512
56 224.4305569982389 90.32667007477052
57 225.91950820595957 91.18021498086692
58 226.62683241651393 92.38187517969644
59 169.8583280572202 92.67153902025292
60 164.97915735654533 93.69474938898811
61 239.35492539871484 93.86112859581364
62 160.55857172398828 95.24073532592021
63 186.04687706567347 95.3630101766082
64 177.24686049297452 96.09581961281374
65 169.06949756618997 97.90553231413178
66 179.8980918074958 98.07644230926206
67 179.74878025235375 98.35872828331676
68 183.39537408773322 98.57334710000995
69 187.08910983754322 98.77895390936838
70 175.1660632980056 99.10163703819775
71 190.46394093555864 99.47183807834362
72 182.46923163160682 101.36707045382526
73 192.32428106036969 102.70820969163083
74 185.9293989627622 103.61971441966246
75 188.27575501345564 104.00039883786899
76 222.77024824757245 104.94014608739957
77 199.55779982637614 105.28448326377394
78 220.9061907865107 105.60678192821229
79 203.36654233327135 106.95774051225432
80 175.10045986808836 107.03525723063939
81 203.323703114409 107.05410485829283
82 198.05576202954398 107.36477417456501
83 183.9194713088218 107.72369032284489
84 195.96446642652154 107.78006757763964
85 209.6070973696187 107.99397435655325
86 219.72730156593025 108.08910889221833
87 203.8873606081761 108.09776529440465
88 217.71264511649497 108.24033506535473
89 203.77791781176347 109.15712102315346
90 215.19709934230195 109.71287331230647
91 207.5604696245864 110.25063890779474
92 242.96124675823376 110.45880856467717
93 198.50176976271905 110.48639228144049
94 229.20742969494313 111.92877271779909
95 188.83768043410964 112.29467419620224
96 214.49112207596772 112.73910566375015
97 221.96218747948296 112.98274531176438
98 219.59740864834748 113.84616479719523
99 216.36409999395255 114.84612239587612
100 215.07880074378772 115.08707834021696
101 233.2056346833706 115.41025719446112
102 251.1427926979959 115.5646624637931
103 250.00086066499352 115.87882502857741
104 235.94036544952542 116.51927592390606
105 248.47085258417064 116.69939038222442
106 225.1967467092909 117.18809854794453
107 260.5482267839834 117.29357601720739
108 236.18589634634554 117.43241923864416
109 244.67387069948018 119.84073495876005
110 239.01724945288152 122.74776106687673
111 271.0600461207505 124.10172315382671
112 277.9094296474941 124.42382576156477
113 270.2760580983013 124.48179570258212
114 251.5773407155648 125.2590893824027
115 274.94922596379183 125.30457667780085
116 250.11585127934813 125.43458549438884
117 281.2523261155002 129.13346806288703
118 264.76945836655796 129.67718524437547
119 290.4519966011867 131.40806576766226
train accuracy: 1.0
validation accuracy: 0.995
