demo lengths 200
demos: (120, 200, 3)
demo_rewards: (120,)
[-191.10004521 -189.05007017 -187.50220085 -180.24009179 -171.96137924
 -169.38170168 -167.87631268 -164.27567046 -163.76742237 -156.07868959
 -155.22804552 -145.29002069 -142.8665728  -142.75441848 -136.98962801
 -132.4813577  -130.98347157 -118.24362226 -117.38411415 -116.97382686
 -115.06704102 -112.47832646 -103.24187681  -99.7422753   -98.18526662
  -88.94674758  -85.88346862  -79.38307722  -79.25112655  -73.50697856
  -72.69803192  -71.37326168  -68.27187815  -65.42298163  -65.35816021
  -49.31867416  -17.32544162   -4.37451128   -0.4258659     9.10814675
   17.73263018   40.64550157   41.11774839   48.64917674   52.5026004
   52.54502853   59.52827492   63.45606317   66.31570759   67.13050508
   72.16624272   79.16074532   84.19837606   89.30707154   90.26988507
   90.28646232   90.32667007   91.18021498   92.38187518   92.67153902
   93.69474939   93.8611286    95.24073533   95.36301018   96.09581961
   97.90553231   98.07644231   98.35872828   98.5733471    98.77895391
   99.10163704   99.47183808  101.36707045  102.70820969  103.61971442
  104.00039884  104.94014609  105.28448326  105.60678193  106.95774051
  107.03525723  107.05410486  107.36477417  107.72369032  107.78006758
  107.99397436  108.08910889  108.09776529  108.24033507  109.15712102
  109.71287331  110.25063891  110.45880856  110.48639228  111.92877272
  112.2946742   112.73910566  112.98274531  113.8461648   114.8461224
  115.08707834  115.41025719  115.56466246  115.87882503  116.51927592
  116.69939038  117.18809855  117.29357602  117.43241924  119.84073496
  122.74776107  124.10172315  124.42382576  124.4817957   125.25908938
  125.30457668  125.43458549  129.13346806  129.67718524  131.40806577]
maximum traj length 200
num training_obs 1800
num training_labels 1800
num val_obs 200
num val_labels 200
ModuleList(
  (0): Linear(in_features=3, out_features=128, bias=True)
  (1): Linear(in_features=128, out_features=128, bias=True)
  (2): Linear(in_features=128, out_features=1, bias=False)
)
device: cuda:0
end of epoch 0: val_loss 0.0035709563226022922, val_acc 1.0
trigger times: 0
saving model weights...
Weights: OrderedDict([('fcs.0.weight', tensor([[ 4.2304e-04,  3.3611e-04,  8.1048e-04],
        [-7.2344e-04,  2.7592e-04,  8.7955e-04],
        [ 2.7827e-04,  3.1690e-04,  7.2561e-04],
        [-1.0020e-03,  5.9546e-05,  1.3035e-03],
        [-8.8795e-04, -8.5303e-04,  6.5672e-04],
        [-1.9270e-04, -3.3483e-04,  1.7000e-03],
        [ 2.1623e-03, -9.9915e-04, -9.9550e-05],
        [-6.7418e-04,  2.7808e-04, -5.5302e-04],
        [ 1.1417e-03,  7.1863e-04, -9.4561e-04],
        [ 5.2705e-05, -4.1006e-03,  4.9279e-04],
        [-8.9202e-05, -1.5212e-03, -1.1642e-03],
        [-9.2783e-04,  1.1844e-04, -8.1722e-04],
        [-1.2193e-03, -7.0638e-04,  1.4929e-03],
        [ 7.7531e-06,  4.7069e-04, -5.1577e-04],
        [ 2.0146e-04,  2.1957e-04, -1.3390e-03],
        [-1.1125e-03, -1.4225e-03,  2.2480e-04],
        [ 1.1694e-03, -8.1659e-04,  5.4883e-05],
        [-1.4029e-04, -7.1074e-04, -2.9187e-04],
        [-1.6015e-03,  4.5529e-04, -2.2748e-04],
        [ 1.6553e-03, -2.1618e-03,  6.7475e-04],
        [ 6.3508e-04,  7.8067e-04, -6.1596e-04],
        [-2.5041e-04,  3.4921e-04, -8.9763e-04],
        [-5.9089e-04,  4.8563e-04,  4.6621e-05],
        [-1.2948e-03, -1.1486e-03,  1.0385e-03],
        [ 3.4372e-04,  1.2407e-03,  2.5977e-03],
        [ 1.4962e-03, -3.2594e-04,  1.7403e-03],
        [-1.8377e-04, -2.6924e-04,  4.2108e-04],
        [ 6.0272e-04, -6.5474e-04,  2.5851e-03],
        [ 2.2698e-04,  7.3026e-04, -7.2445e-04],
        [ 1.3533e-03,  3.4942e-03, -1.2896e-03],
        [-5.0438e-04,  1.1129e-04,  1.1314e-03],
        [ 2.3108e-04,  3.6127e-04,  2.0947e-04],
        [-9.4048e-04, -1.7097e-04,  3.1037e-04],
        [ 3.9497e-04, -1.3665e-03,  7.9666e-04],
        [-9.7453e-06,  6.3811e-04, -7.2937e-04],
        [ 9.3906e-04,  1.1093e-03, -1.6301e-03],
        [-1.1001e-03,  6.8241e-04,  1.2135e-03],
        [ 1.4955e-03, -9.9557e-05,  3.6635e-04],
        [ 4.9436e-04, -6.5552e-04,  1.2325e-03],
        [ 4.6683e-05,  7.1252e-04,  7.6053e-04],
        [-7.2708e-04,  7.5711e-04,  2.9391e-04],
        [-1.5318e-03, -2.6865e-04,  9.3389e-04],
        [ 3.4140e-05,  1.9854e-04, -1.2249e-03],
        [ 2.0439e-03,  2.0813e-03,  4.0755e-05],
        [ 1.6607e-03, -2.5545e-03,  1.4668e-03],
        [-1.1506e-03, -6.8595e-04,  1.0442e-03],
        [ 1.0219e-04,  1.4098e-03, -1.2139e-03],
        [-6.2694e-04,  5.0320e-04, -6.6209e-04],
        [ 1.4415e-03,  1.1728e-03,  1.4705e-03],
        [-5.7085e-04, -6.2085e-04,  1.4008e-03],
        [-3.3101e-03, -1.1014e-03, -6.7896e-04],
        [ 7.9253e-04, -1.6328e-04,  1.4495e-03],
        [-3.4947e-04,  1.1329e-03, -8.1712e-04],
        [ 1.5077e-03, -2.7185e-03,  1.0332e-03],
        [-3.8824e-03,  4.0363e-03, -1.5257e-04],
        [-1.4495e-03,  5.7550e-04,  4.2575e-05],
        [ 1.3593e-03, -4.3009e-04,  2.8300e-03],
        [-7.0583e-04,  1.2854e-03, -3.1862e-04],
        [ 2.1157e-03,  9.8206e-04, -6.7552e-04],
        [ 3.4919e-04, -1.1427e-03, -1.2160e-03],
        [ 1.2652e-03, -1.4452e-03, -3.2373e-04],
        [-4.5141e-04,  1.2894e-03,  1.2884e-03],
        [-2.2894e-04, -1.4272e-03, -2.4141e-03],
        [-2.5321e-04, -4.3743e-04,  1.6311e-03],
        [ 1.1042e-03,  4.0141e-04,  1.1280e-03],
        [-2.8618e-04, -9.5268e-04,  2.8527e-04],
        [ 7.1285e-04,  2.3851e-04,  2.1876e-04],
        [ 3.1525e-04, -1.0750e-03, -5.5437e-04],
        [ 1.5872e-03, -7.1386e-04, -1.2830e-04],
        [-9.7159e-04,  2.0098e-03, -1.0356e-03],
        [ 1.9206e-03,  2.1250e-03, -1.6038e-03],
        [-3.7867e-04, -9.5947e-04,  2.1423e-03],
        [-4.8770e-04, -9.6487e-04,  1.0807e-03],
        [-2.7549e-04,  5.3504e-04, -4.8074e-05],
        [-8.1113e-04, -4.1280e-04, -4.7080e-04],
        [-3.2854e-04,  6.1008e-04, -5.6185e-05],
        [-1.3433e-04,  1.4369e-03,  5.9315e-04],
        [ 6.3959e-04,  1.4226e-04, -6.6952e-04],
        [ 2.5417e-03, -5.3128e-04, -2.1583e-04],
        [-2.4626e-03, -1.6032e-03, -5.1433e-05],
        [-3.2561e-04, -1.6201e-03,  4.2541e-04],
        [-1.1591e-03,  4.0890e-04, -1.0427e-03],
        [ 3.2757e-04,  8.3647e-04, -3.2126e-03],
        [ 1.6234e-03,  5.7979e-04,  2.2986e-04],
        [ 2.6198e-03,  1.6287e-03, -1.1119e-03],
        [ 6.5228e-04, -3.2459e-04,  2.8278e-03],
        [ 8.4671e-04, -1.1646e-04, -2.6597e-05],
        [-7.5864e-05,  2.2737e-03, -2.1501e-03],
        [ 5.3396e-04, -6.8354e-04,  6.9309e-04],
        [-2.0331e-03, -9.5979e-04, -3.3214e-03],
        [ 4.4172e-05,  1.3474e-03,  8.8487e-04],
        [ 1.9075e-03, -1.3909e-03, -1.6132e-04],
        [-7.2567e-04, -1.1340e-03, -5.7727e-04],
        [ 8.7918e-04,  6.0175e-04, -7.2864e-04],
        [ 1.3526e-03,  2.0439e-04,  1.0924e-03],
        [-7.1908e-04, -1.5717e-03,  7.1429e-04],
        [ 7.6841e-04,  1.0252e-03, -2.7392e-04],
        [ 7.0367e-04, -1.5070e-04, -2.6491e-04],
        [ 3.4695e-01, -1.5699e-01,  7.5645e-01],
        [ 2.9834e-04, -2.2668e-03,  1.8953e-04],
        [ 8.7839e-04,  6.1516e-04, -5.6238e-04],
        [ 1.2131e-03,  1.4496e-03, -2.2840e-03],
        [-6.6302e-04,  8.1562e-04, -1.8447e-03],
        [ 2.6467e-04, -2.9640e-03,  1.7774e-03],
        [-1.0475e-03, -1.0454e-03,  2.1467e-03],
        [-1.0919e-03, -1.7383e-03,  4.1757e-04],
        [-6.4842e-04, -5.8844e-04, -8.7014e-04],
        [-6.3242e-05,  4.2056e-03,  6.3706e-04],
        [-1.2223e-04,  9.1191e-04, -1.9592e-03],
        [-1.1948e-03, -5.9763e-04,  1.5426e-03],
        [ 6.7629e-04,  7.6760e-04, -1.7848e-03],
        [ 2.0321e-03, -1.1034e-03, -1.5587e-03],
        [-9.7217e-04,  8.8004e-04,  1.3527e-03],
        [-1.9454e-03, -6.9265e-04, -5.1677e-06],
        [-1.9930e-03, -6.7767e-04,  5.8516e-04],
        [-5.6055e-05, -6.5323e-04,  1.1952e-03],
        [-6.3294e-04, -3.1229e-04, -1.5227e-03],
        [-9.1198e-04, -6.6934e-04,  2.8306e-04],
        [-1.4319e-03,  1.2570e-03,  8.1476e-04],
        [-1.3171e-03,  2.9632e-04, -1.3480e-03],
        [ 2.0484e-05,  1.4780e-03, -2.3096e-03],
        [-5.9195e-04,  3.3659e-04, -2.2471e-04],
        [-1.7208e-03, -5.1539e-04, -4.7203e-04],
        [-9.3746e-04, -8.4248e-05, -9.9790e-04],
        [ 2.3429e-04,  2.3742e-03, -1.0992e-03],
        [-1.2469e-03,  7.2649e-04, -9.4764e-04],
        [-8.2370e-05,  1.5936e-04, -1.3730e-03],
        [ 7.0704e-04,  2.2861e-03, -4.1318e-04]], device='cuda:0')), ('fcs.0.bias', tensor([ 2.0802e-04, -3.1720e-04, -1.6829e-04, -2.2616e-04, -6.1054e-04,
         1.4564e-03, -9.9787e-04,  5.5856e-05, -1.1620e-03, -6.8072e-04,
        -5.2498e-04, -1.5399e-03, -3.0449e-04, -5.4736e-04, -1.2661e-05,
        -8.4854e-04, -2.4461e-03, -8.1490e-04, -1.3641e-03,  4.7047e-04,
         4.2398e-04,  1.4743e-04,  1.1149e-03,  5.3206e-05, -1.8337e-04,
        -7.0110e-04,  1.3381e-03,  2.0121e-03,  1.7245e-04,  1.7373e-04,
        -1.8179e-03, -6.8882e-06,  5.3121e-05, -4.4787e-04, -2.1173e-03,
         3.4159e-04,  7.0953e-04, -1.1456e-03, -9.0871e-04, -2.8955e-04,
        -2.1497e-04,  1.0220e-04,  9.1776e-04, -2.4648e-04, -2.0666e-04,
         7.6921e-04,  4.8934e-04,  1.1231e-03, -3.6457e-04, -3.9472e-04,
         5.5722e-04,  2.9895e-04,  3.4603e-04, -2.7204e-03,  6.5415e-04,
        -8.5196e-06,  1.3963e-03, -1.2942e-03, -2.1873e-04,  5.8339e-05,
        -1.2047e-03,  8.6879e-04, -1.4844e-04,  7.7044e-04, -4.9191e-04,
         2.5607e-03,  6.5749e-05,  1.2298e-04,  1.1929e-03,  2.3936e-03,
         2.0591e-04,  2.8624e-04, -4.7851e-04,  2.6298e-04, -6.5916e-04,
        -4.2704e-04,  3.5634e-04,  3.3180e-04,  3.0478e-04, -2.9980e-04,
        -8.1797e-04, -1.4629e-03,  1.6513e-04,  2.8225e-03,  3.1648e-04,
         6.8394e-04,  1.8315e-05,  2.4653e-04,  1.7929e-04, -1.4341e-03,
         2.0812e-03,  1.1799e-03, -3.6409e-04,  3.7853e-05,  1.3897e-03,
        -3.8378e-04, -9.2548e-04, -2.0619e-03,  1.7722e-01,  5.9312e-04,
         9.4383e-04, -1.6319e-03, -1.5112e-04,  2.0201e-04,  1.9085e-03,
         4.8825e-04, -7.3098e-04,  7.9124e-04,  4.9503e-04,  8.2677e-04,
         1.4353e-03,  5.6994e-04, -2.6079e-04,  6.5172e-04,  8.3675e-04,
         2.3275e-05, -2.0631e-04, -9.0096e-04, -2.0785e-04, -1.1017e-03,
        -7.5589e-04, -1.0115e-03,  6.8507e-04,  1.7576e-03,  1.2182e-03,
         3.1601e-04,  6.7314e-04, -1.6474e-03], device='cuda:0')), ('fcs.1.weight', tensor([[ 4.9895e-04,  2.8163e-04, -1.3060e-03,  ..., -7.6561e-04,
          4.9759e-04, -5.9155e-04],
        [ 1.4647e-03, -6.0864e-04,  2.5183e-03,  ...,  7.5766e-04,
          7.4034e-04,  5.2224e-05],
        [-1.1335e-03,  1.9170e-03, -2.2693e-04,  ...,  6.4762e-04,
          6.0563e-04,  2.5901e-03],
        ...,
        [-1.7219e-03, -8.8814e-04,  8.9286e-04,  ..., -9.6777e-04,
         -5.4339e-04, -1.9618e-03],
        [ 5.3429e-04,  6.4081e-04, -4.9958e-04,  ...,  2.9550e-05,
         -3.1675e-03, -6.7368e-04],
        [-3.2658e-03,  1.2771e-03, -1.9622e-03,  ...,  1.9727e-04,
         -2.3583e-04, -8.9405e-04]], device='cuda:0')), ('fcs.1.bias', tensor([-6.7976e-04,  9.4654e-04, -1.2586e-03,  1.7839e-03,  7.6349e-04,
         1.8198e-03, -1.1411e-03,  1.9168e-04,  1.2357e-03,  1.0691e-04,
        -2.1141e-04, -4.5885e-04,  8.0459e-04, -1.5116e-04,  1.3853e-03,
        -1.3729e-03, -1.2600e-03, -3.2460e-04,  1.7937e-04, -4.1967e-06,
        -3.9315e-04, -6.6358e-04,  8.8411e-04,  7.7250e-04,  1.0490e-03,
        -1.8560e-03,  2.4134e-04, -1.4128e-04, -1.9801e-03, -4.3440e-04,
        -4.0347e-04, -3.7710e-04,  4.0446e-05,  6.3239e-05,  1.3864e-01,
         9.2023e-04, -1.2717e-03,  2.1355e-03, -3.6289e-04,  1.1717e-03,
        -7.7450e-04,  1.2994e-03,  2.6271e-03,  1.0486e-03, -2.7505e-04,
        -1.1636e-04, -7.5232e-05, -7.7645e-04, -7.6457e-04, -8.2931e-06,
        -4.6937e-04, -2.4397e-03, -1.3002e-03, -6.3585e-03, -6.8396e-04,
        -5.4823e-04,  8.0954e-04,  6.8196e-04,  1.5230e-03, -1.3944e-03,
        -1.6898e-03, -2.0484e-03, -7.1291e-04,  3.2719e-04,  3.9461e-05,
         3.6907e-04,  1.2801e-03, -1.7273e-03,  2.3477e-04, -2.0452e-03,
        -1.7343e-04, -7.4724e-04,  2.1515e-03, -4.6311e-04,  9.0680e-04,
        -4.6644e-04,  3.1284e-03, -1.0050e-03, -2.8044e-04,  1.6012e-03,
        -4.8040e-04, -1.6831e-03,  1.5728e-03,  6.8996e-04,  1.0242e-03,
         1.2968e-03, -1.8842e-03,  1.7165e-04, -2.1648e-03,  2.5894e-03,
        -1.8089e-04, -8.2743e-04,  4.5471e-04, -2.0581e-03, -1.0138e-03,
         4.5285e-04, -6.9498e-04, -2.9776e-04,  8.9472e-04, -1.6213e-03,
        -1.2080e-03, -4.2297e-03,  2.0081e-04, -3.2995e-03,  1.7807e-03,
         4.6670e-04, -3.5232e-04,  1.2339e-04,  1.2120e-03, -1.0305e-03,
        -7.4386e-04, -5.6493e-04,  2.9022e-04,  1.7230e-03, -2.7778e-04,
         1.8833e-04,  6.0220e-04, -4.1521e-03, -3.8890e-05, -5.4826e-04,
        -1.2204e-03,  1.0854e-03, -8.8172e-04,  1.9101e-03, -7.5846e-04,
         6.3967e-04, -1.9958e-04, -4.0606e-04], device='cuda:0')), ('fcs.2.weight', tensor([[-4.7384e-04,  6.2210e-04, -1.0167e-04, -2.0894e-04,  3.0588e-04,
         -1.5963e-04, -2.6148e-03, -2.6102e-06,  5.3660e-06,  5.8640e-04,
          2.9165e-04,  1.2765e-03,  3.6247e-05, -6.9095e-05,  4.8804e-05,
         -5.1401e-04,  5.9182e-04,  1.2102e-03, -1.0913e-05, -2.4570e-03,
         -1.2132e-04, -1.7714e-04, -2.8019e-04, -3.5287e-05,  5.9745e-04,
         -6.2476e-05, -6.6068e-04,  1.9607e-04,  3.2650e-04, -1.1406e-03,
          1.7708e-04, -1.0744e-03,  5.4243e-05, -2.7311e-04, -9.6301e-01,
          1.6013e-03, -8.0046e-05, -1.2293e-03, -2.6600e-04, -5.1174e-05,
         -1.1018e-04, -2.6211e-03,  5.1149e-04, -4.5526e-04,  1.5974e-04,
         -1.3795e-04,  1.2003e-04,  5.5153e-04, -4.7532e-04,  8.7816e-05,
          2.7546e-05, -1.1493e-03,  3.3038e-05,  8.8671e-05, -8.1813e-04,
         -6.4147e-04,  5.4104e-05, -1.5065e-03, -2.1832e-03, -1.6144e-05,
          5.0358e-05,  1.8702e-03, -2.4418e-04,  4.1254e-04, -3.4204e-05,
          2.0498e-05, -4.0343e-04, -1.8157e-03, -1.0981e-04, -2.2197e-04,
         -2.4442e-03,  8.5168e-05, -2.2210e-03, -3.3667e-04, -2.0250e-03,
          1.3932e-03,  6.6174e-04,  5.3707e-04,  3.1457e-04, -1.0922e-03,
         -1.9274e-04,  7.4226e-04, -2.1661e-04, -8.1079e-05, -2.3885e-04,
         -1.0484e-03, -4.6016e-04,  6.4247e-04,  1.1089e-04,  2.9340e-04,
          1.4263e-03, -2.5841e-03,  3.3846e-04, -2.0737e-03,  6.4625e-06,
          7.7360e-04, -7.7375e-04, -5.5603e-04,  8.2976e-05,  1.8047e-03,
          2.6170e-04,  3.7054e-05,  2.5870e-04,  2.5217e-04,  1.3603e-03,
          9.3384e-06, -1.0715e-04, -1.0605e-03, -2.7585e-04,  4.3980e-05,
          3.1979e-04, -1.5350e-03, -7.3954e-04, -8.5004e-05, -7.3930e-05,
         -4.4346e-06,  7.5889e-05, -1.5765e-04, -2.6619e-04,  1.6188e-05,
         -3.4463e-04, -9.0376e-05,  2.3551e-04, -4.9497e-04,  3.2024e-04,
          1.9677e-05, -2.0120e-05, -8.6483e-05]], device='cuda:0'))])
end of epoch 1: val_loss 0.006254134351171814, val_acc 1.0
trigger times: 1
end of epoch 2: val_loss 0.006256945413908532, val_acc 1.0
trigger times: 2
end of epoch 3: val_loss 0.0076723091378882915, val_acc 0.995
trigger times: 3
end of epoch 4: val_loss 0.007622390696447461, val_acc 1.0
trigger times: 4
end of epoch 5: val_loss 0.008509001182868054, val_acc 1.0
trigger times: 5
end of epoch 6: val_loss 0.006901671754125011, val_acc 1.0
trigger times: 6
end of epoch 7: val_loss 0.006198791218268624, val_acc 1.0
trigger times: 7
end of epoch 8: val_loss 0.006161225467638225, val_acc 1.0
trigger times: 8
end of epoch 9: val_loss 0.009475589042103145, val_acc 1.0
trigger times: 9
end of epoch 10: val_loss 0.004376386460062562, val_acc 1.0
trigger times: 10
Early stopping.
0 -57.327471017837524 -191.10004520678868
1 -56.998939484357834 -189.05007017278314
2 -57.46486021578312 -187.50220085194994
3 -53.645100235939026 -180.24009179391223
4 -51.10340079665184 -171.9613792356186
5 -49.693540789186954 -169.3817016847894
6 -49.59811347723007 -167.87631268052303
7 -53.27239203453064 -164.27567046290412
8 -52.12432514131069 -163.76742236654098
9 -44.57402867078781 -156.0786895876365
10 -47.27711698412895 -155.22804551507866
11 -45.85671503841877 -145.29002069283715
12 -45.87805739045143 -142.86657280197298
13 -39.579594403505325 -142.75441848091938
14 -39.95340846478939 -136.98962801176134
15 -43.39318099617958 -132.4813576990395
16 -37.44176920503378 -130.98347157271724
17 -40.32563969492912 -118.2436222554584
18 -33.12342840060592 -117.38411415155902
19 -39.81254559755325 -116.97382686219106
20 -34.360392451286316 -115.06704102317899
21 -30.103922475129366 -112.47832645551227
22 -35.43831850588322 -103.24187681049156
23 -27.66505112685263 -99.7422752992134
24 -23.654292399063706 -98.18526661663928
25 -25.674455646425486 -88.94674758091466
26 -22.5055410284549 -85.88346861832474
27 -18.680675277486444 -79.38307722218848
28 -20.030060328543186 -79.25112655387144
29 -28.8582177335702 -73.50697855948762
30 -24.581022487953305 -72.69803191552006
31 -23.366950704730698 -71.37326168319514
32 -22.31645194813609 -68.27187815304366
33 -20.88342996314168 -65.42298162776466
34 -18.76218816265464 -65.35816021006309
35 -16.419403806328773 -49.3186741604369
36 -31.89042647752649 -17.325441617065966
37 -20.3774887537802 -4.374511275254108
38 -21.693755100113776 -0.4258658969524013
39 -23.327619560550374 9.108146753357724
40 -23.938801911144765 17.732630180500013
41 -14.828261786082294 40.64550156746333
42 -15.444018531365145 41.11774838972275
43 -21.11059744438535 48.64917674484657
44 -15.541713015767527 52.50260039838799
45 -17.156157696412265 52.54502852695255
46 -16.42095652707212 59.52827491841281
47 -15.5691702628028 63.45606316769021
48 -14.07085573871882 66.31570758515764
49 -23.08872113047164 67.13050507695384
50 -11.627703461854253 72.16624272108386
51 -23.85814047480926 79.16074531670823
52 -20.794410425218302 84.19837606184075
53 -20.86172515047292 89.30707154325768
54 -20.9032255375987 90.2698850730257
55 -19.821391266264982 90.28646231697512
56 -14.492048854779569 90.32667007477052
57 -11.834611826451692 91.18021498086692
58 -13.487543531280608 92.38187517969644
59 -20.564648727772692 92.67153902025292
60 -20.27782264081179 93.69474938898811
61 -13.326923575821638 93.86112859581364
62 -19.34852333422714 95.24073532592021
63 -19.401167833635554 95.3630101766082
64 -18.810409535244617 96.09581961281374
65 -17.267668118089205 97.90553231413178
66 -18.46568891649804 98.07644230926206
67 -18.006323259938654 98.35872828331676
68 -19.32928062049359 98.57334710000995
69 -18.37896903542969 98.77895390936838
70 -18.709646595742015 99.10163703819775
71 -18.17083621574784 99.47183807834362
72 -18.064930970414935 101.36707045382526
73 -17.55367994074186 102.70820969163083
74 -17.940531386244402 103.61971441966246
75 -16.79626738531624 104.00039883786899
76 -16.70549541330911 104.94014608739957
77 -17.656734140275148 105.28448326377394
78 -16.15799744484866 105.60678192821229
79 -14.94111613124187 106.95774051225432
80 -16.516884477851818 107.03525723063939
81 -15.728266308359707 107.05410485829283
82 -14.333719027458756 107.36477417456501
83 -14.59972716005359 107.72369032284489
84 -16.88539463370398 107.78006757763964
85 -16.360343332531556 107.99397435655325
86 -15.365098122680138 108.08910889221833
87 -16.29451173104826 108.09776529440465
88 -14.714479707956343 108.24033506535473
89 -14.831170239590392 109.15712102315346
90 -15.246502839871027 109.71287331230647
91 -15.011526430260346 110.25063890779474
92 -14.875979015051598 110.45880856467717
93 -14.019382617755582 110.48639228144049
94 -14.511460529629403 111.92877271779909
95 -14.705408341875227 112.29467419620224
96 -14.266430453413705 112.73910566375015
97 -14.130117755463289 112.98274531176438
98 -13.715034172728338 113.84616479719523
99 -11.78435004021867 114.84612239587612
100 -14.3986932856169 115.08707834021696
101 -12.087396710106077 115.41025719446112
102 -12.617198623740478 115.5646624637931
103 -12.356186326716852 115.87882502857741
104 -13.640335227037212 116.51927592390606
105 -14.008851345477524 116.69939038222442
106 -12.609545825067471 117.18809854794453
107 -12.758219089032536 117.29357601720739
108 -11.893284713203684 117.43241923864416
109 -12.83079279082176 119.84073495876005
110 -10.954823261577985 122.74776106687673
111 -11.257728904179203 124.10172315382671
112 -10.110749624633172 124.42382576156477
113 -10.936231451531057 124.48179570258212
114 -10.943003124722964 125.2590893824027
115 -10.639491987909423 125.30457667780085
116 -10.678028428647849 125.43458549438884
117 -8.570811534009408 129.13346806288703
118 -8.663961447054135 129.67718524437547
119 -7.613107090744052 131.40806576766226
train accuracy: 1.0
validation accuracy: 1.0
