demo lengths 200
demos: (120, 200, 3)
demo_rewards: (120,)
[-191.10004521 -189.05007017 -187.50220085 -180.24009179 -171.96137924
 -169.38170168 -167.87631268 -164.27567046 -163.76742237 -156.07868959
 -155.22804552 -145.29002069 -142.8665728  -142.75441848 -136.98962801
 -132.4813577  -130.98347157 -118.24362226 -117.38411415 -116.97382686
 -115.06704102 -112.47832646 -103.24187681  -99.7422753   -98.18526662
  -88.94674758  -85.88346862  -79.38307722  -79.25112655  -73.50697856
  -72.69803192  -71.37326168  -68.27187815  -65.42298163  -65.35816021
  -49.31867416  -17.32544162   -4.37451128   -0.4258659     9.10814675
   17.73263018   40.64550157   41.11774839   48.64917674   52.5026004
   52.54502853   59.52827492   63.45606317   66.31570759   67.13050508
   72.16624272   79.16074532   84.19837606   89.30707154   90.26988507
   90.28646232   90.32667007   91.18021498   92.38187518   92.67153902
   93.69474939   93.8611286    95.24073533   95.36301018   96.09581961
   97.90553231   98.07644231   98.35872828   98.5733471    98.77895391
   99.10163704   99.47183808  101.36707045  102.70820969  103.61971442
  104.00039884  104.94014609  105.28448326  105.60678193  106.95774051
  107.03525723  107.05410486  107.36477417  107.72369032  107.78006758
  107.99397436  108.08910889  108.09776529  108.24033507  109.15712102
  109.71287331  110.25063891  110.45880856  110.48639228  111.92877272
  112.2946742   112.73910566  112.98274531  113.8461648   114.8461224
  115.08707834  115.41025719  115.56466246  115.87882503  116.51927592
  116.69939038  117.18809855  117.29357602  117.43241924  119.84073496
  122.74776107  124.10172315  124.42382576  124.4817957   125.25908938
  125.30457668  125.43458549  129.13346806  129.67718524  131.40806577]
maximum traj length 200
num training_obs 1800
num training_labels 1800
num val_obs 200
num val_labels 200
ModuleList(
  (0): Linear(in_features=3, out_features=64, bias=True)
  (1): Linear(in_features=64, out_features=64, bias=True)
  (2): Linear(in_features=64, out_features=1, bias=False)
)
device: cuda:0
end of epoch 0: val_loss 0.014363162857040947, val_acc 0.995
trigger times: 0
saving model weights...
Weights: OrderedDict([('fcs.0.weight', tensor([[-4.8015e-04, -1.1685e-03,  1.1703e-03],
        [-2.5511e-04, -7.6694e-04, -1.0526e-03],
        [-1.9134e-04,  7.6416e-04, -5.6517e-04],
        [-3.3963e-04,  1.2975e-03,  1.3446e-03],
        [-1.8981e-04,  9.4811e-04, -6.2903e-04],
        [-8.1251e-04, -1.9554e-03,  1.2975e-03],
        [-9.1663e-04, -1.1944e-03, -1.7085e-03],
        [-1.7454e-03, -1.3094e-03,  7.1121e-04],
        [ 8.7064e-04,  5.5830e-04,  4.3006e-04],
        [-1.2637e-03, -1.3665e-03,  4.3518e-04],
        [ 1.5108e-04,  6.9296e-04, -4.1990e-04],
        [ 1.3264e-04, -1.3318e-03, -5.9341e-04],
        [ 2.0950e-05, -5.3325e-04,  6.1382e-04],
        [ 1.6373e-03,  2.5977e-03, -5.4798e-04],
        [ 7.0762e-04,  2.2635e-04, -9.7991e-04],
        [ 6.4337e-04,  7.6124e-04, -7.0142e-04],
        [ 6.7128e-04, -2.7362e-03,  1.8548e-03],
        [ 2.7768e-04, -4.0372e-04,  1.3686e-03],
        [-8.8247e-05, -9.8928e-04,  1.2607e-03],
        [ 1.8264e-04, -8.3180e-04, -7.5660e-04],
        [-8.8529e-04,  3.7733e-03, -3.5654e-04],
        [-9.8378e-04,  7.0023e-04,  5.4713e-04],
        [ 6.8669e-04, -3.7984e-04, -8.0688e-04],
        [ 4.7198e-04,  1.1550e-03,  3.0250e-05],
        [ 6.1542e-04,  1.1042e-03, -8.4654e-04],
        [ 6.2151e-04,  1.8380e-03, -4.6417e-04],
        [ 2.2345e-03, -8.0391e-04,  1.1284e-03],
        [-4.9742e-05, -1.3856e-03, -1.5623e-03],
        [ 1.3372e-04, -8.9842e-04,  9.8527e-04],
        [ 1.3003e-03, -1.8467e-04,  4.0477e-04],
        [-3.8102e-04, -1.6889e-03,  9.8259e-04],
        [-1.1208e-03, -2.1041e-03, -6.6110e-04],
        [-3.0388e-04, -7.6880e-04, -2.1513e-03],
        [-1.5710e-03, -4.0163e-04,  6.6699e-04],
        [ 4.1904e-04,  8.1459e-04, -6.3550e-04],
        [-4.6806e-01,  4.3399e-01, -6.9601e-02],
        [-1.6091e-05,  3.2107e-04,  1.1853e-03],
        [ 6.7385e-04, -8.1973e-04,  6.3373e-04],
        [-1.2324e-03, -1.6120e-03, -1.2559e-03],
        [-1.6420e-03, -1.1398e-03, -1.9715e-03],
        [ 2.4699e-04, -1.0515e-03,  9.9267e-04],
        [-2.6138e-03,  1.1321e-03, -1.0663e-04],
        [ 1.2531e-03, -1.3056e-03, -1.0221e-03],
        [ 3.9625e-05, -1.0695e-03, -6.9950e-04],
        [-1.2879e-03, -1.2449e-03, -2.1090e-03],
        [ 1.6215e-04, -7.1651e-04, -9.4360e-04],
        [-6.3508e-06, -3.2608e-04, -2.0704e-03],
        [ 8.4996e-04, -8.8521e-04,  8.6310e-04],
        [-1.3674e-03, -5.2334e-04,  6.7402e-04],
        [-5.7001e-04,  9.3840e-04, -9.1354e-04],
        [ 2.1468e-04,  4.7880e-04,  1.1137e-03],
        [ 4.2222e-03,  4.0755e-04,  9.8337e-04],
        [ 1.9923e-03, -4.1644e-04, -9.7445e-05],
        [ 3.9830e-03, -9.3870e-04,  2.9785e-04],
        [-1.3799e-03, -4.7173e-04, -2.2734e-03],
        [ 9.0134e-04,  6.2358e-04, -3.4561e-03],
        [-1.9761e-03,  4.0905e-04, -1.2999e-03],
        [-2.8966e-05,  3.5712e-04,  1.5538e-03],
        [-1.2559e-03,  4.5494e-04,  1.1255e-03],
        [ 1.3306e-04, -4.9381e-04,  7.5640e-04],
        [-8.8184e-04,  1.4189e-03,  1.0425e-04],
        [-3.0161e-04,  4.0633e-04, -1.8040e-03],
        [ 2.3295e-03, -5.0547e-04, -6.4501e-04],
        [-8.5118e-04, -1.1791e-03,  1.2993e-03]], device='cuda:0')), ('fcs.0.bias', tensor([-1.2957e-03, -9.7337e-04,  5.2414e-04,  1.2747e-03, -4.8920e-04,
         1.8574e-03,  4.3174e-04, -1.5753e-03,  2.2075e-04,  1.1942e-04,
         4.2865e-04,  4.7749e-04,  8.2151e-04, -1.2498e-03,  8.1482e-04,
        -1.0302e-03,  5.9930e-06,  1.2047e-03, -1.4798e-03, -1.1172e-03,
         1.5407e-03, -1.8406e-04,  3.5291e-04, -4.2167e-04,  4.9548e-04,
        -4.0104e-03, -5.9599e-04,  5.9422e-05,  4.7019e-03,  7.9357e-04,
         1.3688e-03,  1.9663e-03, -1.9195e-04,  5.7943e-04,  6.2340e-04,
         1.7098e-01, -1.7991e-03,  6.9847e-04,  7.7369e-04, -2.0848e-03,
         1.0513e-03, -1.0667e-03,  4.6807e-04,  3.5955e-04,  1.3007e-04,
         3.7356e-04,  6.3236e-04, -1.4082e-03,  3.9433e-04, -2.1985e-04,
         1.3201e-03,  4.6049e-04,  1.4807e-03,  1.2542e-04,  2.1430e-03,
        -2.0691e-03,  2.3460e-03,  4.5234e-04, -2.1200e-03, -3.9258e-03,
        -1.9635e-05,  7.3372e-04,  2.6528e-04,  5.5333e-04], device='cuda:0')), ('fcs.1.weight', tensor([[-1.7859e-03, -1.0549e-03, -6.5684e-04,  ...,  8.7652e-04,
         -1.2402e-03, -5.5243e-04],
        [ 8.9343e-04, -7.0692e-04, -2.4346e-04,  ...,  1.1930e-03,
          1.3068e-03, -2.6273e-04],
        [ 3.1441e-03, -3.4670e-04, -5.3054e-04,  ...,  6.4422e-04,
          1.9501e-03, -7.6231e-04],
        ...,
        [-1.0394e-03, -4.9178e-04,  3.3673e-05,  ...,  3.7018e-04,
          1.5551e-03, -1.3128e-03],
        [-7.6505e-04, -5.6293e-04,  1.8752e-04,  ..., -5.3222e-04,
          2.4344e-03, -4.9686e-04],
        [ 1.4664e-03,  1.3042e-03, -6.5254e-04,  ...,  6.7206e-04,
          5.5185e-04,  5.6093e-04]], device='cuda:0')), ('fcs.1.bias', tensor([-5.8049e-04,  2.3508e-06,  2.3239e-04,  1.3046e-03,  1.8903e-03,
        -2.7345e-03,  6.8634e-04,  8.8446e-06,  6.1432e-04, -7.7904e-04,
         6.6660e-05, -3.6047e-05, -2.5193e-04,  1.1814e-03, -1.6931e-04,
        -1.3203e-03,  3.9163e-04, -6.3265e-04, -1.3906e-03,  1.4864e-03,
         1.4845e-03,  1.3369e-05, -3.8652e-04, -1.2929e-03,  3.0965e-03,
        -6.8692e-04,  4.1272e-04, -3.1769e-03,  1.9620e-03,  2.8642e-03,
         4.5233e-04,  1.1268e-04,  9.5389e-04,  1.2234e-03,  1.3761e-03,
         6.3975e-04,  6.5646e-04, -1.1023e-03,  1.0828e-03,  1.0362e-03,
        -6.3123e-04,  8.4724e-04, -1.2499e-03,  3.2343e-03,  6.0668e-04,
         8.4721e-04,  2.4341e-04,  1.1140e-03,  7.2129e-04, -1.1759e-03,
         9.7051e-04,  6.4947e-04,  2.3761e-03, -8.6209e-04, -9.0113e-04,
        -3.8733e-03, -1.1996e-03, -5.1365e-04,  2.1254e-03, -1.0111e-03,
         8.8718e-04, -1.2534e-04, -2.8321e-04,  2.5264e-04], device='cuda:0')), ('fcs.2.weight', tensor([[ 3.9086e-04,  2.5373e-04, -9.3341e-04, -2.2250e-04, -1.2179e-04,
         -1.0874e-04,  1.4866e-03, -4.0753e-04,  1.4472e-03, -2.9085e-04,
         -3.2348e-04, -1.1067e-04,  2.8779e-04,  8.0157e-01,  2.7847e-04,
         -1.2463e-03,  3.9831e-05,  1.1739e-04, -3.4165e-04, -5.2207e-05,
         -6.3270e-04, -5.4568e-04,  6.9680e-04, -1.2498e-03,  2.4302e-04,
          2.4993e-04,  1.4611e-03, -7.6042e-04,  6.6783e-05, -7.2801e-05,
         -1.1610e-04,  5.3350e-05, -1.6918e-03,  1.4620e-04, -8.0906e-04,
         -1.6071e-03,  1.2437e-03,  1.2493e-03,  5.7597e-05,  1.7291e-04,
         -5.8351e-04,  6.7564e-04,  9.7294e-04,  2.0891e-03,  3.3593e-04,
         -2.2609e-04,  4.7875e-07, -2.6683e-05,  5.1386e-04,  3.7531e-04,
         -2.4390e-03, -2.0030e-04, -2.5478e-04,  7.0407e-04,  1.8395e-03,
          1.1179e-03, -3.1628e-04, -2.6018e-04,  8.0391e-04,  2.6104e-04,
          1.5509e-04, -7.9509e-05, -1.9107e-04,  1.2584e-03]], device='cuda:0'))])
end of epoch 1: val_loss 0.01209454013350836, val_acc 1.0
trigger times: 0
saving model weights...
Weights: OrderedDict([('fcs.0.weight', tensor([[ 2.0947e-03, -9.5465e-04,  9.2122e-04],
        [ 2.5014e-04,  1.9114e-03, -7.1950e-04],
        [ 5.1783e-04,  9.7531e-04, -6.9998e-04],
        [-2.0653e-03,  5.2406e-05, -6.7585e-04],
        [-6.6075e-04,  1.1796e-03, -4.9743e-04],
        [ 1.8950e-03, -1.0343e-03, -7.6909e-04],
        [ 8.5469e-04,  1.3820e-03,  3.9446e-03],
        [ 5.6204e-04,  9.9661e-06, -2.8873e-03],
        [-1.3416e-03,  9.6575e-04,  1.0894e-03],
        [ 1.3779e-03, -2.2285e-03, -5.0256e-04],
        [-2.0371e-03,  5.6474e-04, -2.1204e-03],
        [ 2.2607e-04, -1.0839e-03, -2.7728e-04],
        [ 5.3899e-04,  6.5636e-05,  1.0347e-03],
        [-1.7936e-03, -1.5213e-03, -1.1009e-03],
        [-1.1170e-03, -1.1179e-03,  1.3714e-03],
        [-1.0829e-03,  4.6467e-05, -8.6424e-04],
        [-7.6503e-04,  1.7199e-04,  1.4113e-03],
        [ 1.7527e-03, -1.6590e-04,  8.6682e-04],
        [-6.4985e-04,  4.8084e-04, -1.9235e-04],
        [ 2.9082e-04,  2.6415e-03,  1.1952e-03],
        [-1.9565e-03, -9.5427e-04, -8.5282e-04],
        [-3.1889e-04, -1.8913e-03, -1.6226e-03],
        [-1.5747e-04,  4.9863e-04, -1.1124e-03],
        [-4.2385e-05, -1.9139e-03,  1.2462e-03],
        [-1.2894e-03, -6.4132e-04,  1.2301e-04],
        [-1.1150e-03,  1.4215e-03,  1.4579e-03],
        [ 9.0229e-04,  7.7473e-04,  8.3722e-04],
        [-5.9490e-04,  5.9211e-04,  1.1351e-03],
        [-8.2078e-04,  1.0198e-03,  7.3842e-04],
        [ 2.5075e-03, -1.7965e-03,  9.4477e-04],
        [ 6.1433e-04,  3.9977e-04, -1.3311e-03],
        [ 5.0898e-04,  9.6698e-04,  1.5494e-04],
        [-9.6754e-04,  1.2957e-04, -2.1919e-03],
        [ 4.2499e-04, -9.9184e-04, -1.6805e-03],
        [-8.4194e-04, -1.1423e-03,  4.6218e-04],
        [-3.1552e-01,  5.2747e-01, -8.5321e-02],
        [-5.5780e-04,  4.8550e-04,  1.1707e-03],
        [ 9.5291e-04, -6.7213e-05,  2.5975e-03],
        [ 4.9410e-04,  9.5045e-04, -2.3620e-03],
        [ 4.0603e-04, -1.1677e-03,  1.2368e-03],
        [-1.8925e-04,  1.8891e-03, -6.5149e-04],
        [-1.0704e-03,  1.8997e-03,  1.3184e-03],
        [-4.1811e-04, -3.1827e-03, -6.4836e-04],
        [-2.2843e-03,  9.7679e-04, -1.4223e-03],
        [-3.6886e-05,  1.2560e-03,  1.8545e-03],
        [-1.5145e-03, -9.8046e-04,  5.7508e-04],
        [-2.0583e-04,  2.0115e-03,  6.3858e-04],
        [ 1.2927e-04,  1.6325e-03,  4.3237e-04],
        [ 7.0952e-04,  6.8359e-04,  5.7677e-04],
        [-8.9785e-04, -1.4733e-03, -4.8405e-04],
        [-1.0080e-03, -1.1770e-03, -1.4217e-03],
        [ 9.6892e-04, -1.3685e-03,  1.7213e-04],
        [-1.0049e-03,  3.1056e-05,  1.2687e-03],
        [-1.2578e-03, -5.7369e-05, -2.3854e-03],
        [-3.1755e-03, -1.6199e-03,  1.0508e-03],
        [ 7.5850e-04,  1.5644e-03,  1.8734e-03],
        [-8.1914e-06,  7.6411e-04, -6.1508e-04],
        [-9.7220e-05, -1.6624e-03, -6.4035e-04],
        [-1.3584e-03,  1.5057e-03,  1.3317e-04],
        [ 8.9710e-04, -8.5203e-04, -1.2491e-03],
        [ 9.6941e-04, -1.1440e-03, -7.9197e-04],
        [-7.3316e-04,  4.0176e-03,  2.4654e-03],
        [ 7.9254e-04,  1.3967e-03,  1.5634e-03],
        [-7.4570e-04, -3.0932e-04,  2.9404e-04]], device='cuda:0')), ('fcs.0.bias', tensor([-1.9516e-03,  2.1972e-03,  8.1698e-04, -1.3266e-03,  1.7814e-04,
        -9.6225e-04,  5.7523e-04,  1.1612e-03,  8.6647e-04, -9.1817e-04,
         1.8655e-03, -1.2916e-05,  1.2469e-03,  1.1660e-03, -1.4299e-04,
        -3.2585e-04,  1.5561e-03, -9.3820e-04,  9.0892e-04, -7.8357e-05,
        -6.8490e-04,  3.3413e-04, -2.2441e-03,  5.9048e-04, -4.7648e-04,
         1.4375e-03,  1.9871e-03, -3.2352e-04, -5.5853e-04, -1.9419e-03,
        -1.0787e-03, -4.7610e-04,  1.0911e-03, -1.0472e-03,  5.4006e-04,
         3.2467e-01, -8.3309e-04,  1.6838e-04,  2.1993e-04, -7.0652e-04,
         3.5295e-06, -9.4988e-04,  2.2493e-03,  1.1611e-03, -9.4863e-04,
         3.6249e-04,  7.3870e-04, -1.2411e-03, -1.6482e-04, -9.9471e-04,
         7.8489e-04, -2.1741e-03, -6.8417e-04, -9.2596e-04,  6.8111e-04,
        -6.3237e-04,  9.4467e-04, -1.0949e-03, -2.4500e-03, -2.2155e-03,
         6.7488e-04,  3.8521e-04,  5.0663e-04,  4.1010e-05], device='cuda:0')), ('fcs.1.weight', tensor([[-1.7859e-03, -1.2644e-03, -6.7127e-04,  ...,  8.9121e-04,
         -1.2576e-03, -5.5240e-04],
        [ 8.9285e-04, -1.2117e-03, -2.7917e-05,  ...,  2.0540e-03,
          1.3110e-03,  1.0012e-03],
        [ 3.1474e-03, -5.7133e-04, -6.4664e-04,  ...,  6.7034e-04,
         -1.1251e-03, -7.6471e-04],
        ...,
        [-1.0405e-03, -5.8675e-04,  4.8615e-05,  ...,  8.1976e-04,
          1.6273e-03, -7.3451e-04],
        [-7.6534e-04, -1.0254e-03,  2.2048e-04,  ..., -5.4957e-04,
          2.5665e-03, -4.9712e-04],
        [ 1.4673e-03,  1.3051e-03, -6.5299e-04,  ...,  6.7180e-04,
          5.5290e-04,  5.6076e-04]], device='cuda:0')), ('fcs.1.bias', tensor([ 5.4623e-04, -2.1706e-04, -1.2768e-03,  1.3044e-03, -6.2205e-04,
        -3.2202e-03,  1.2999e-03,  1.9010e-04,  2.7545e-03,  7.6165e-04,
         2.2877e-04,  3.9875e-04,  1.8004e-03,  1.6809e-01,  2.7294e-04,
         1.2159e-03,  8.3078e-04, -1.4291e-03, -1.2521e-03,  1.2428e-03,
         5.8034e-04, -1.9497e-03, -1.4441e-04, -1.2012e-03,  3.1173e-03,
        -7.2319e-04, -5.4175e-04, -3.3552e-03,  2.0091e-03,  4.2844e-03,
        -6.8675e-04, -4.8479e-05,  8.7264e-05,  1.2572e-03,  1.1034e-03,
        -2.8401e-03, -9.2865e-04, -1.2892e-03,  6.8379e-04,  1.1305e-03,
        -5.8650e-04,  3.4645e-04,  9.3484e-04,  3.5320e-03,  7.6075e-04,
        -2.9940e-04,  3.9923e-04, -1.0339e-03,  1.6843e-03,  1.3196e-03,
        -1.8296e-03,  5.1168e-04,  2.5111e-03, -1.5608e-03,  8.8061e-04,
        -1.7184e-03, -1.4371e-03, -6.5873e-04,  6.0038e-04,  8.5816e-04,
         2.2543e-03,  3.1687e-04, -5.4331e-04, -6.5903e-05], device='cuda:0')), ('fcs.2.weight', tensor([[ 4.1581e-04,  1.2644e-03,  3.2872e-04, -3.6813e-04,  2.7896e-03,
         -2.6542e-04, -7.5379e-04, -3.3304e-03, -1.3394e-03,  1.8952e-03,
         -1.2737e-03, -1.3707e-04,  5.6005e-04,  8.0812e-01,  5.0687e-04,
          5.3070e-04, -1.4546e-05,  4.0604e-04,  3.8448e-04, -1.3811e-03,
          9.1703e-04, -1.3860e-03, -1.6927e-06, -9.5526e-04,  8.9773e-04,
          1.6068e-04, -1.5164e-03,  1.3780e-03, -1.3122e-04,  4.8000e-05,
         -1.2657e-04, -1.2804e-04, -1.8846e-03, -7.5130e-04,  8.7756e-05,
         -1.0141e-03,  7.0977e-04,  1.3134e-03, -2.3036e-04,  1.6055e-04,
         -1.8806e-04,  9.7924e-04, -8.7346e-04, -5.6936e-04,  2.0649e-03,
          1.5002e-03, -2.1361e-06,  9.9575e-04, -1.5648e-03,  3.0296e-04,
         -2.1593e-03, -6.5760e-04, -7.6532e-04, -5.0096e-04, -2.6420e-03,
         -1.7860e-03, -8.5266e-04, -1.0186e-03,  1.8369e-03,  8.8306e-04,
          2.0392e-04,  3.3074e-04, -3.0381e-04,  3.5546e-04]], device='cuda:0'))])
end of epoch 2: val_loss 0.012069713188168834, val_acc 1.0
trigger times: 0
saving model weights...
Weights: OrderedDict([('fcs.0.weight', tensor([[-1.0568e-03, -8.2511e-04, -3.4301e-04],
        [ 3.3777e-04,  8.0901e-04, -6.7781e-04],
        [ 1.2278e-03, -2.5780e-03, -1.3137e-05],
        [-5.3932e-05,  6.3337e-04, -1.3474e-03],
        [ 1.3605e-03,  1.3962e-03,  5.4798e-04],
        [-1.1108e-03,  2.1793e-04,  2.2510e-03],
        [ 6.1640e-04,  6.3705e-04, -1.1829e-03],
        [ 1.8763e-03,  6.0401e-04,  2.1170e-03],
        [-5.5695e-04,  1.7933e-03,  1.0964e-03],
        [ 1.2029e-03, -4.9575e-04, -1.4435e-03],
        [-1.0352e-05,  8.5722e-04, -7.7577e-04],
        [-1.0096e-05,  2.6250e-03, -8.8003e-04],
        [-7.4063e-04, -1.0450e-03, -3.0901e-04],
        [-1.1343e-03,  1.7442e-03,  1.4434e-03],
        [ 7.4041e-04,  1.3216e-03,  2.1474e-03],
        [-2.3949e-04,  5.5810e-04,  9.9082e-04],
        [-8.8036e-04, -6.7586e-04,  1.7494e-03],
        [-6.2844e-04, -2.6945e-03, -1.1399e-03],
        [ 8.7595e-04, -1.3978e-03, -1.3883e-03],
        [-1.1651e-05,  3.2825e-04,  1.3171e-03],
        [ 1.3808e-03, -2.4890e-03,  2.7687e-03],
        [-1.2487e-03,  5.9133e-04,  1.5649e-04],
        [-2.8501e-03,  1.5491e-03,  9.9531e-04],
        [ 2.5440e-05, -1.7168e-03,  6.6587e-04],
        [ 6.6354e-04, -1.4201e-03, -1.2763e-03],
        [-5.6523e-05,  1.3065e-03,  8.8375e-04],
        [ 2.9246e-03,  2.4291e-04, -1.1025e-03],
        [-4.6375e-04, -9.1620e-04,  4.4451e-04],
        [-2.7038e-04,  8.1403e-04,  7.9060e-04],
        [ 8.6362e-04,  1.4072e-03,  7.5633e-04],
        [-1.5812e-04, -2.7517e-05,  3.5479e-04],
        [-1.5372e-03,  8.2949e-04,  1.9421e-03],
        [-1.0311e-03,  1.3499e-03, -1.9244e-03],
        [ 5.3773e-04,  9.9482e-05, -5.8401e-04],
        [-1.0538e-03,  3.3424e-03,  5.7569e-04],
        [-3.3077e-01,  5.6557e-01, -4.5497e-02],
        [ 7.5800e-04,  5.0505e-04, -3.8532e-04],
        [-7.6048e-04, -6.5783e-04,  9.9579e-04],
        [-5.8351e-04, -6.1870e-04, -8.5135e-04],
        [-5.3505e-04, -1.2165e-03, -7.2069e-04],
        [ 4.3517e-04,  1.2348e-03,  6.6964e-04],
        [-2.7271e-04,  2.6873e-03,  5.2380e-04],
        [ 1.2251e-03, -9.6803e-06,  6.2446e-04],
        [ 1.5913e-03, -4.2396e-05,  8.8159e-04],
        [ 6.6224e-04,  1.6518e-03,  2.4065e-04],
        [ 9.5286e-04,  1.1846e-04,  3.8481e-04],
        [-9.7430e-04, -1.1617e-03, -8.1497e-04],
        [-1.5925e-03,  5.6777e-04, -4.9195e-04],
        [-1.8098e-03,  5.7228e-04,  5.8859e-04],
        [-1.7812e-04,  4.8281e-04, -5.0398e-04],
        [ 7.6748e-04,  2.0591e-04, -1.0790e-03],
        [-3.0503e-05, -1.1583e-03,  1.7147e-04],
        [-7.0189e-04, -5.4584e-04,  7.7737e-04],
        [-7.7109e-04,  8.6173e-04, -6.4743e-04],
        [-1.0665e-03, -1.4794e-03,  1.3702e-03],
        [-5.3226e-04, -7.9944e-04, -9.8061e-04],
        [-6.4841e-04, -1.8124e-03, -9.1998e-04],
        [ 1.1347e-03, -4.1424e-04, -1.5774e-04],
        [ 9.3920e-04,  4.6845e-04, -8.2598e-04],
        [-8.5362e-04, -1.8125e-03, -1.0294e-03],
        [ 3.3235e-04,  7.1890e-04,  1.3775e-03],
        [-2.5276e-05, -2.4709e-03, -5.9601e-04],
        [ 7.7060e-04,  1.7766e-04,  5.7333e-05],
        [-2.3200e-03, -1.5049e-03,  1.1559e-03]], device='cuda:0')), ('fcs.0.bias', tensor([-2.2765e-03,  1.8687e-03, -2.3281e-03,  1.7863e-03, -5.3639e-04,
        -3.5420e-03,  2.7363e-04,  9.2019e-04, -1.9438e-03, -1.2691e-03,
        -2.8783e-03,  1.8774e-03,  1.5657e-03,  1.3580e-03,  1.8495e-03,
        -2.6904e-03,  1.4860e-03,  8.6486e-04, -3.2288e-03, -1.0316e-03,
        -8.4617e-04, -5.9459e-04, -8.8916e-04,  3.1341e-04, -2.6055e-05,
        -1.6355e-03,  9.4533e-04, -1.3481e-03, -1.4368e-03, -5.6465e-04,
         2.0579e-03,  4.8917e-05, -1.4512e-04,  2.3520e-03,  2.6479e-03,
         2.0153e-01, -3.3362e-06,  2.1088e-03,  1.1117e-03,  1.6238e-03,
        -1.8876e-03,  9.5933e-04, -1.4146e-03,  2.2742e-03, -9.7484e-04,
        -8.5072e-04,  9.0520e-04,  1.1629e-03,  1.1081e-03,  1.0290e-03,
         1.3227e-03,  9.0681e-04,  4.8376e-04, -1.9632e-03,  2.1078e-03,
         1.2485e-03,  8.7245e-04, -1.7738e-04, -5.1072e-04,  2.0354e-03,
         9.5935e-04, -4.0191e-04, -9.9935e-05, -1.1531e-04], device='cuda:0')), ('fcs.1.weight', tensor([[-1.7856e-03, -1.3047e-03, -6.7352e-04,  ...,  8.9325e-04,
         -1.2606e-03, -5.5272e-04],
        [ 8.9397e-04, -1.4140e-03, -1.1918e-03,  ...,  2.4067e-03,
          1.3119e-03, -3.2797e-04],
        [ 3.1468e-03, -6.5378e-04, -6.6986e-04,  ...,  6.7155e-04,
         -7.5250e-04, -7.6460e-04],
        ...,
        [-1.0403e-03, -6.0695e-04,  8.7222e-05,  ...,  1.1720e-03,
          1.6376e-03,  2.4654e-04],
        [-7.6447e-04, -1.2436e-03,  2.2722e-04,  ..., -5.5073e-04,
          2.5865e-03, -4.9838e-04],
        [ 1.4677e-03,  1.3070e-03, -6.5331e-04,  ...,  6.7099e-04,
          5.5186e-04,  5.6307e-04]], device='cuda:0')), ('fcs.1.bias', tensor([ 1.2476e-03,  3.5266e-04,  1.5043e-03, -2.4110e-04,  1.2596e-03,
        -3.0928e-03,  1.8159e-03,  2.4149e-04,  2.1673e-03, -2.1863e-03,
         1.1087e-05,  4.8971e-04,  1.7736e-03,  1.5681e-04,  6.9221e-04,
         7.3358e-04,  1.0376e-03, -2.2047e-03,  1.0829e-06, -1.2650e-03,
         4.0762e-04, -1.9542e-03,  4.6596e-04,  2.1506e-03,  3.0806e-03,
        -9.8450e-04,  1.3960e-03, -3.3355e-03,  1.9788e-03,  4.6973e-03,
        -8.5163e-04, -6.1666e-04,  7.0361e-04, -7.1887e-04, -1.7751e-03,
        -6.7603e-04, -8.9624e-05, -6.3156e-04,  5.5523e-04,  8.5417e-04,
         2.1811e-03, -2.0508e-03,  4.5044e-04,  3.3955e-03,  1.1808e-03,
         9.3246e-04,  1.2612e-03,  8.0800e-04,  8.2042e-04,  7.5139e-04,
        -1.9421e-03, -1.3539e-03,  2.6655e-03, -1.6541e-03, -1.6251e-03,
        -9.0324e-04, -1.2627e-03, -1.9782e-03,  7.0787e-04, -2.3580e-04,
         3.5586e-03, -8.4855e-04, -7.3144e-04,  1.2565e-03], device='cuda:0')), ('fcs.2.weight', tensor([[ 1.1890e-03,  9.0825e-04,  1.1161e-03, -1.9299e-03, -8.8280e-04,
          4.0393e-04, -1.3907e-03, -1.1126e-03,  5.0273e-04, -1.7365e-03,
         -1.4796e-03,  8.4823e-04,  1.0211e-03,  8.1455e-01,  1.4101e-05,
         -8.0041e-04,  2.9663e-04, -1.1929e-03,  2.1369e-04, -1.4200e-03,
          2.2269e-03,  1.1196e-03, -6.5735e-04, -5.2840e-04, -5.2587e-04,
         -2.0601e-03,  2.0357e-03, -3.0414e-04, -7.1698e-04,  1.2032e-03,
          2.1703e-05, -2.0143e-04, -1.9680e-04, -1.0706e-03, -9.4862e-04,
          9.2316e-04,  1.2075e-03, -2.1844e-04, -1.2449e-05, -1.9078e-04,
         -7.6222e-04, -2.0320e-03,  1.4862e-03, -1.9972e-04, -1.4310e-03,
         -1.0812e-03, -1.8066e-05,  9.1688e-05,  1.8988e-03,  3.7408e-04,
         -1.7771e-04, -1.9957e-03, -3.0524e-05,  1.7109e-04,  3.4886e-03,
          9.8166e-04, -2.9514e-06,  2.9907e-04, -7.2380e-04,  2.4771e-03,
         -1.0543e-03,  1.0313e-04, -5.3949e-04,  1.5113e-03]], device='cuda:0'))])
end of epoch 3: val_loss 0.009258593793970817, val_acc 1.0
trigger times: 0
saving model weights...
Weights: OrderedDict([('fcs.0.weight', tensor([[ 2.1246e-03,  1.1905e-03,  8.8737e-04],
        [ 1.0097e-03,  1.3341e-03, -1.5607e-03],
        [-1.8455e-03, -9.0819e-04, -7.7606e-04],
        [ 3.3938e-04,  2.0270e-03,  1.8574e-03],
        [ 5.6968e-04,  7.3373e-04, -2.0180e-03],
        [-1.5161e-03, -1.5701e-03,  1.8283e-03],
        [ 1.0563e-03, -1.9890e-03, -6.8287e-04],
        [ 8.7543e-04, -3.2056e-04,  1.7811e-03],
        [ 6.8938e-04, -3.5857e-03, -3.6898e-04],
        [ 5.6929e-04, -7.2134e-06,  1.1614e-03],
        [-4.6655e-04, -1.1753e-04,  2.7397e-03],
        [-1.7650e-03,  2.4002e-04,  1.5651e-03],
        [ 8.7932e-04,  3.4421e-04, -3.5319e-04],
        [-1.1586e-03,  8.0303e-04,  1.0944e-03],
        [-1.2889e-03, -7.1587e-04,  2.0086e-03],
        [-5.4553e-04,  4.7947e-04,  1.3259e-03],
        [ 7.7536e-04,  1.8076e-03, -1.1699e-03],
        [ 1.3103e-03, -1.2480e-03,  1.2746e-03],
        [-1.4384e-03, -1.2377e-03,  1.0658e-03],
        [-5.2748e-04, -8.0503e-04, -2.5996e-04],
        [-1.4292e-03, -5.6940e-04, -7.7943e-04],
        [ 1.4202e-03, -2.7494e-03, -1.5509e-03],
        [-7.0843e-04,  2.4752e-03, -1.0243e-03],
        [-1.3144e-03, -4.3874e-04, -1.0334e-03],
        [ 2.2305e-04,  1.3186e-03, -8.3496e-04],
        [ 2.0235e-03, -6.3677e-04,  9.5916e-04],
        [ 1.9461e-04, -1.3731e-04,  2.7804e-03],
        [ 3.0316e-04,  7.2945e-04, -5.9697e-05],
        [-1.6548e-03,  1.8913e-03,  3.8679e-04],
        [ 2.2410e-04, -1.3398e-03, -9.6659e-04],
        [ 5.6504e-04, -1.2562e-03,  1.1488e-03],
        [-9.1214e-04, -5.8379e-04,  2.0321e-03],
        [ 5.8242e-04, -1.9158e-03, -1.7633e-03],
        [ 8.2605e-04,  1.5358e-03, -1.1347e-03],
        [ 1.4888e-03, -9.5062e-05, -2.7778e-04],
        [-3.7378e-01,  5.6562e-01, -8.8570e-02],
        [ 8.9748e-04,  1.2553e-04,  8.5327e-05],
        [-7.3713e-04,  9.2199e-04,  7.8502e-04],
        [-1.1565e-04,  4.7069e-05,  2.5727e-03],
        [-1.1838e-04,  5.7073e-05, -2.9720e-03],
        [-5.1458e-04,  1.6379e-03, -5.5190e-04],
        [ 1.2777e-03, -6.7558e-04, -7.5641e-04],
        [ 9.5184e-04,  1.3642e-03,  1.2957e-03],
        [-7.7842e-04,  4.9524e-04, -1.0872e-03],
        [-3.9018e-04,  1.8000e-05,  1.7634e-04],
        [ 1.3547e-03, -3.1426e-04,  4.1665e-04],
        [-1.1103e-03, -3.0147e-04,  1.5189e-03],
        [ 6.5898e-04,  1.3336e-03,  1.7084e-03],
        [ 2.1079e-03,  2.4753e-04,  8.2110e-04],
        [ 1.2464e-03, -7.1417e-04,  6.4887e-04],
        [ 4.0951e-06, -9.3961e-05,  2.5035e-03],
        [ 3.6038e-04,  5.8548e-04, -2.4367e-04],
        [ 3.9405e-04, -1.6067e-04,  6.9891e-04],
        [-2.1302e-04, -4.0586e-04,  9.6521e-04],
        [-1.6063e-03,  1.6015e-03,  1.7036e-03],
        [-9.3005e-04, -1.2885e-04,  3.1865e-03],
        [-1.0956e-03,  1.3111e-03, -6.7512e-04],
        [ 6.5852e-04, -6.3973e-04,  1.5204e-03],
        [ 1.2225e-03,  5.9669e-04,  6.4814e-04],
        [-3.6720e-04, -5.3694e-04, -1.9809e-04],
        [-1.1716e-03, -7.3464e-04,  6.5584e-04],
        [ 1.3653e-03, -8.3747e-04,  1.1701e-03],
        [-1.1342e-03, -1.2201e-03, -8.9498e-04],
        [-8.1781e-04, -9.8398e-04,  1.3667e-03]], device='cuda:0')), ('fcs.0.bias', tensor([ 1.7872e-03,  1.0862e-03, -1.8506e-05, -5.8919e-05,  7.7373e-04,
        -2.0499e-03,  7.3287e-04, -2.6837e-03, -1.2726e-03,  2.5979e-04,
        -5.0400e-04, -1.9808e-03, -8.3049e-04, -6.5356e-04,  1.8368e-03,
        -3.6996e-03,  8.6045e-04, -1.1867e-03, -2.8662e-03, -1.5196e-03,
         4.4888e-04,  2.3917e-03,  7.8482e-04, -1.9220e-03,  8.8175e-04,
        -6.9360e-04, -6.2496e-04, -2.2562e-03,  9.0128e-04, -3.9923e-04,
         1.5796e-03, -4.8887e-04,  1.6210e-03,  4.4836e-03,  8.2994e-04,
         1.5672e-01, -1.0498e-03,  1.3841e-05, -1.0527e-03,  1.2848e-03,
         5.8203e-04, -1.2769e-04, -1.7022e-03, -9.9498e-04, -2.4228e-03,
        -7.1135e-04, -6.5102e-04,  3.2410e-04,  1.1488e-04, -1.4909e-03,
        -5.8961e-04, -8.1760e-04, -6.2360e-04, -2.4975e-03,  9.7666e-04,
        -7.1811e-04,  1.3617e-03, -2.2220e-05, -1.8147e-03,  3.6361e-04,
         1.2451e-03,  1.4233e-03, -8.5295e-04,  1.7216e-03], device='cuda:0')), ('fcs.1.weight', tensor([[-0.0018, -0.0013, -0.0007,  ...,  0.0009, -0.0013, -0.0006],
        [ 0.0009, -0.0015,  0.0007,  ...,  0.0025,  0.0013, -0.0014],
        [ 0.0031, -0.0007, -0.0007,  ...,  0.0007, -0.0002, -0.0008],
        ...,
        [-0.0010, -0.0006,  0.0001,  ...,  0.0013,  0.0016,  0.0007],
        [-0.0008, -0.0013,  0.0002,  ..., -0.0006,  0.0026, -0.0005],
        [ 0.0015,  0.0013, -0.0007,  ...,  0.0007,  0.0006,  0.0006]],
       device='cuda:0')), ('fcs.1.bias', tensor([ 1.4287e-03,  1.8829e-03,  2.2740e-03, -5.7980e-04,  3.6940e-04,
        -3.1812e-03, -1.6036e-04,  1.7914e-03, -1.5150e-04, -2.0364e-06,
         1.1484e-03,  2.3479e-03,  2.2413e-03,  8.3266e-03, -1.4979e-03,
         2.0617e-03,  1.2046e-03,  5.8976e-04, -1.2520e-03, -9.6072e-04,
        -4.1379e-03, -2.1649e-03,  1.2791e-03, -1.1570e-04,  3.2839e-03,
        -8.9110e-04,  6.3443e-04, -1.9887e-03,  1.9569e-03,  4.8460e-03,
         3.8214e-04, -6.6322e-04, -7.5278e-04,  1.2527e-03, -2.1095e-03,
         1.3069e-03,  1.3800e-03, -1.2599e-03, -1.6775e-03,  8.6371e-04,
         2.2628e-03, -2.5412e-03,  7.7963e-04, -7.4487e-04,  7.9765e-04,
        -1.1274e-03,  6.3239e-04,  1.3058e-04,  1.4080e-03,  4.5064e-04,
        -1.7709e-03, -1.3490e-03,  2.2723e-03, -1.9240e-03, -1.1289e-03,
        -7.2708e-04,  1.0621e-03,  1.6988e-03,  8.6633e-04, -1.1247e-03,
        -2.1138e-03, -4.8708e-04,  1.6111e-03,  9.4819e-04], device='cuda:0')), ('fcs.2.weight', tensor([[-1.8007e-03,  1.5860e-03, -7.8520e-04, -1.2677e-03, -1.1810e-03,
          1.6204e-03, -1.0192e-04,  9.4632e-04,  1.2005e-04, -4.2870e-04,
          2.3432e-03, -3.2508e-04,  6.2707e-04,  8.5836e-01,  1.0160e-03,
          1.7795e-03, -5.2831e-04, -9.1560e-04, -7.5847e-05,  1.1155e-03,
          1.7021e-03,  2.8146e-04,  8.6230e-04,  1.1156e-03, -8.7170e-04,
         -6.6921e-04, -1.5581e-03,  7.0960e-04, -7.9452e-04,  1.0173e-03,
          6.0402e-05, -1.8682e-03, -1.0494e-03, -3.5412e-04,  2.6728e-03,
         -5.5634e-04, -2.3609e-05,  1.1371e-03,  6.0093e-04, -8.7838e-04,
         -2.0093e-03, -1.4655e-03,  1.0679e-03, -4.7936e-04,  3.2224e-03,
          4.5419e-04,  2.4856e-04,  1.5408e-03, -2.3040e-03,  1.7555e-03,
         -3.6654e-03,  8.8129e-04, -6.2947e-05, -7.5994e-04, -5.4754e-04,
          2.8209e-03,  5.1729e-06, -6.5507e-04,  9.9230e-04, -5.7469e-04,
          1.4886e-03,  1.5202e-03, -1.0433e-03,  1.3013e-03]], device='cuda:0'))])
end of epoch 4: val_loss 0.0114086392860429, val_acc 1.0
trigger times: 1
end of epoch 5: val_loss 0.01705941274821672, val_acc 0.995
trigger times: 2
end of epoch 6: val_loss 0.009511270185996387, val_acc 1.0
trigger times: 3
end of epoch 7: val_loss 0.014254931691243583, val_acc 0.995
trigger times: 4
end of epoch 8: val_loss 0.008291544749645538, val_acc 1.0
trigger times: 0
saving model weights...
Weights: OrderedDict([('fcs.0.weight', tensor([[-2.6448e-03,  1.7293e-03,  1.1920e-04],
        [-6.8642e-04, -2.4295e-03, -5.3563e-04],
        [ 2.8124e-04, -2.5070e-03,  2.4396e-04],
        [ 1.0037e-03,  2.7097e-03, -9.9200e-04],
        [-1.4078e-03, -6.5002e-04,  5.1998e-04],
        [-1.7854e-04,  1.8264e-04, -3.3224e-04],
        [ 1.2487e-03, -1.6549e-03, -1.3794e-03],
        [-1.2435e-05,  1.5166e-03,  8.0708e-04],
        [-4.3500e-04, -1.3131e-04, -7.8664e-04],
        [-4.9341e-04,  3.6506e-04, -5.3357e-04],
        [ 1.2303e-03, -1.2291e-03, -1.1367e-03],
        [-1.7945e-03, -1.0664e-05,  7.6843e-04],
        [ 8.4529e-04,  4.6340e-04, -1.3574e-03],
        [-9.5782e-04,  4.3793e-04, -3.8053e-04],
        [-3.8104e-04,  8.7953e-04,  1.9248e-04],
        [ 2.7852e-04, -2.2621e-03, -1.7790e-03],
        [-8.9979e-04,  1.9374e-03,  7.5325e-04],
        [ 5.9731e-04,  6.3269e-04, -8.1942e-04],
        [ 4.7546e-04, -1.3575e-03, -1.2411e-03],
        [-1.2832e-03, -2.8823e-03, -1.9975e-04],
        [-3.5491e-05, -1.3156e-03, -1.9446e-03],
        [-7.4560e-04, -5.4912e-04, -2.0743e-03],
        [ 1.4937e-03, -1.4283e-03,  6.4745e-04],
        [-2.3328e-03, -2.3778e-04, -1.5620e-04],
        [ 2.0518e-03,  1.1779e-03, -4.7881e-04],
        [-1.3726e-03,  1.8690e-03, -1.4794e-03],
        [-1.8034e-03, -7.7151e-04, -8.4736e-04],
        [-1.3306e-03, -5.9924e-04, -1.4534e-03],
        [-2.0608e-03, -4.3789e-04,  1.0809e-03],
        [-1.4306e-03, -1.0157e-03,  1.1473e-03],
        [-4.8984e-04,  6.2741e-05, -2.1874e-03],
        [ 2.3803e-03,  1.3030e-03, -7.7522e-04],
        [ 2.0905e-04, -4.6204e-04, -1.7225e-03],
        [ 2.8365e-04, -5.4222e-04, -1.2305e-03],
        [ 1.6619e-03, -3.7562e-03,  9.0601e-04],
        [-3.7149e-01,  5.8699e-01, -9.1738e-02],
        [-1.3023e-03,  7.2530e-05,  5.2066e-04],
        [ 8.9489e-04,  9.8982e-04, -3.3931e-05],
        [ 1.5030e-03, -6.0750e-04, -2.3187e-03],
        [-7.8420e-05, -5.7972e-04,  4.1189e-04],
        [ 1.1043e-03, -9.3977e-04,  1.1948e-03],
        [-2.7757e-04,  5.0156e-04, -1.7278e-04],
        [ 3.5128e-04, -1.1457e-03, -1.8931e-03],
        [ 1.0741e-03, -2.6623e-03,  6.6775e-04],
        [-8.0572e-04, -8.7298e-04, -1.5455e-03],
        [-2.6240e-04,  5.8453e-04,  7.8810e-04],
        [ 1.6677e-03,  1.0127e-04,  1.5119e-03],
        [-2.5305e-04, -1.3306e-03, -9.8292e-04],
        [ 6.1589e-04, -4.7189e-04,  9.6191e-04],
        [-1.4435e-03,  3.2221e-04,  2.2386e-03],
        [-2.1803e-04, -2.0913e-03,  7.7568e-04],
        [ 2.2002e-03,  6.3939e-05,  5.3069e-04],
        [-1.2975e-03, -2.8257e-03,  7.0943e-04],
        [-7.1642e-04,  1.6464e-03,  2.8703e-04],
        [ 7.8136e-04,  1.6640e-03, -1.1164e-03],
        [ 2.0538e-03, -2.5010e-04, -6.4810e-04],
        [-2.0973e-03,  1.9702e-03,  4.6391e-04],
        [ 4.5506e-04,  1.4144e-04, -1.6500e-03],
        [ 8.0643e-04, -1.0549e-04, -1.2967e-03],
        [ 8.6393e-04,  2.0006e-03, -1.4395e-03],
        [ 1.8866e-03, -7.7105e-04, -7.2612e-04],
        [ 5.9311e-04,  1.7078e-03, -2.7053e-04],
        [-8.0489e-06,  1.7928e-03,  5.3288e-04],
        [-7.0441e-04,  2.4158e-03, -1.4913e-03]], device='cuda:0')), ('fcs.0.bias', tensor([ 4.2050e-04,  7.7782e-04, -2.3282e-05, -6.8230e-05, -2.0478e-04,
         1.6682e-03, -1.0284e-03, -3.7056e-04, -1.2734e-03, -5.9681e-04,
        -4.7478e-04,  1.8394e-03, -6.9142e-04, -3.2526e-03, -3.2610e-03,
         1.8386e-03, -2.9837e-03, -2.6110e-03, -1.8357e-03, -6.2870e-04,
        -2.5538e-03, -5.2135e-04, -2.4675e-03, -5.7462e-05,  1.4433e-03,
         2.7234e-03,  1.4250e-03,  5.2443e-04,  7.4174e-04, -3.9643e-05,
         2.6505e-03, -4.2724e-03, -1.4673e-03, -3.2194e-03, -3.1899e-04,
         2.4221e-01,  1.1415e-03,  1.0187e-03,  7.4788e-04, -8.4322e-04,
        -1.2437e-03,  4.4281e-04,  1.0615e-03, -2.8157e-04, -1.0169e-03,
         5.6046e-04, -9.6308e-05,  8.9547e-04,  8.4504e-04, -9.2566e-04,
         2.2482e-04,  1.0548e-03, -9.2667e-04,  2.2890e-04,  2.6520e-04,
        -1.5151e-03, -1.4324e-03,  7.4131e-04, -1.0769e-03, -4.7220e-04,
        -9.7913e-05, -2.2832e-03,  4.2698e-04,  1.5351e-04], device='cuda:0')), ('fcs.1.weight', tensor([[-0.0018, -0.0013, -0.0007,  ...,  0.0009, -0.0013, -0.0006],
        [ 0.0009, -0.0015,  0.0001,  ...,  0.0025,  0.0013,  0.0012],
        [ 0.0031, -0.0007, -0.0007,  ...,  0.0007,  0.0005, -0.0008],
        ...,
        [-0.0010, -0.0006,  0.0001,  ...,  0.0013,  0.0016, -0.0007],
        [-0.0008, -0.0013,  0.0002,  ..., -0.0006,  0.0026, -0.0005],
        [ 0.0015,  0.0013, -0.0007,  ...,  0.0007,  0.0006,  0.0006]],
       device='cuda:0')), ('fcs.1.bias', tensor([ 2.2084e-04,  5.2851e-04,  4.3929e-04, -2.8182e-03, -1.6095e-03,
        -8.1520e-04,  1.8029e-03,  9.5224e-04,  1.8608e-03, -1.3830e-03,
         3.0484e-03, -2.1717e-03,  1.2224e-03,  7.8106e-04, -5.2431e-04,
        -2.5090e-03,  1.0734e-04,  7.4498e-04,  1.5320e-03, -4.2533e-04,
        -6.7429e-04, -1.2012e-03, -3.1090e-04,  3.0981e-04,  1.8266e-03,
         3.9345e-04, -1.7452e-03,  9.0199e-04,  6.5523e-04,  1.9766e-03,
         1.3626e-03,  1.0166e-03, -2.9344e-04,  1.5068e-03,  4.2571e-04,
         1.2870e-03, -6.5545e-04, -1.7707e-03,  6.8454e-06,  2.0574e-03,
         2.0650e-03, -1.4770e-03,  1.4668e-03,  2.0961e-03, -2.2522e-04,
         2.5940e-03,  2.1020e-03,  2.4059e-03, -1.0315e-03, -1.3248e-03,
         5.4387e-05, -7.8496e-04,  2.4508e-03,  2.6596e-04,  1.2573e-03,
        -1.1366e-03, -1.1694e-03,  2.2815e-03,  1.9335e-03, -1.8977e-03,
         1.7966e-03, -4.7520e-04,  9.9897e-04,  5.6806e-05], device='cuda:0')), ('fcs.2.weight', tensor([[-5.3059e-06, -3.9657e-04, -7.0862e-04,  7.6643e-04, -2.4562e-04,
          3.9241e-03,  2.6395e-04, -1.9776e-03,  3.4090e-04,  9.5027e-04,
         -9.7259e-05,  3.5112e-04,  7.9423e-04,  8.8303e-01,  7.1921e-04,
          9.6471e-04, -9.1814e-04, -1.8551e-03,  6.5351e-04, -1.3751e-04,
          1.3415e-03, -3.7788e-04, -1.2229e-03,  1.1588e-03, -7.2747e-04,
         -1.5662e-03, -1.1620e-03, -9.0071e-04,  5.9716e-04,  3.4335e-03,
         -2.2722e-05, -4.0200e-05,  1.6003e-03, -5.8185e-04, -2.4815e-03,
         -5.2418e-04,  8.9706e-04, -8.4769e-04,  9.2356e-04,  2.3472e-03,
         -2.3189e-03, -5.4607e-04,  7.5895e-04, -3.5922e-03,  5.8371e-04,
         -7.3724e-04,  2.9917e-04, -4.1887e-04,  1.1308e-03,  6.6117e-04,
          7.1695e-04, -3.0134e-03, -5.4706e-04,  5.6477e-04, -2.3414e-04,
         -1.0458e-03, -1.8330e-04,  5.7958e-04, -1.1099e-03, -8.6759e-05,
         -1.1234e-03,  1.4183e-03, -1.6866e-03, -1.5427e-03]], device='cuda:0'))])
end of epoch 9: val_loss 0.01096517069640619, val_acc 1.0
trigger times: 1
end of epoch 10: val_loss 0.01060070000608615, val_acc 1.0
trigger times: 2
end of epoch 11: val_loss 0.014731975607996653, val_acc 0.995
trigger times: 3
end of epoch 12: val_loss 0.011802231706967703, val_acc 1.0
trigger times: 4
end of epoch 13: val_loss 0.010723484205275895, val_acc 1.0
trigger times: 5
end of epoch 14: val_loss 0.011940501356884568, val_acc 1.0
trigger times: 6
end of epoch 15: val_loss 0.010380398284259797, val_acc 1.0
trigger times: 7
end of epoch 16: val_loss 0.013443571530941405, val_acc 1.0
trigger times: 8
end of epoch 17: val_loss 0.018146107624327713, val_acc 1.0
trigger times: 9
end of epoch 18: val_loss 0.010160798083372597, val_acc 1.0
trigger times: 10
Early stopping.
0 29.030729807913303 -191.10004520678868
1 29.243753872811794 -189.05007017278314
2 28.740966379642487 -187.50220085194994
3 31.02939172834158 -180.24009179391223
4 32.50867809355259 -171.9613792356186
5 33.11000423133373 -169.3817016847894
6 33.193258576095104 -167.87631268052303
7 29.43611842393875 -164.27567046290412
8 30.846589148044586 -163.76742236654098
9 35.85568070411682 -156.0786895876365
10 33.6747278124094 -155.22804551507866
11 33.69252572953701 -145.29002069283715
12 33.321537509560585 -142.86657280197298
13 38.60732991993427 -142.75441848091938
14 37.62573738396168 -136.98962801176134
15 34.29181523621082 -132.4813576990395
16 39.349678456783295 -130.98347157271724
17 35.21809770166874 -118.2436222554584
18 41.68741358816624 -117.38411415155902
19 35.495852410793304 -116.97382686219106
20 40.29305899888277 -115.06704102317899
21 43.6978690251708 -112.47832645551227
22 37.86393865942955 -103.24187681049156
23 44.27500854432583 -99.7422752992134
24 47.1806653290987 -98.18526661663928
25 44.618301689624786 -88.94674758091466
26 47.06822244822979 -85.88346861832474
27 48.77154138684273 -79.38307722218848
28 47.673900097608566 -79.25112655387144
29 42.99543131142855 -73.50697855948762
30 43.741579085588455 -72.69803191552006
31 47.41246880590916 -71.37326168319514
32 45.334682300686836 -68.27187815304366
33 46.11046348512173 -65.42298162776466
34 47.25873206555843 -65.35816021006309
35 48.159810930490494 -49.3186741604369
36 41.95434680581093 -17.325441617065966
37 49.290097802877426 -4.374511275254108
38 48.57544530928135 -0.4258658969524013
39 46.22583816945553 9.108146753357724
40 47.06984780728817 17.732630180500013
41 52.30127842724323 40.64550156746333
42 52.014768570661545 41.11774838972275
43 49.06608662009239 48.64917674484657
44 50.87875887751579 52.50260039838799
45 51.214626133441925 52.54502852695255
46 51.626095309853554 59.52827491841281
47 52.02661408483982 63.45606316769021
48 52.87126111984253 66.31570758515764
49 48.0668291002512 67.13050507695384
50 54.16008226573467 72.16624272108386
51 47.76781655848026 79.16074531670823
52 49.40115475654602 84.19837606184075
53 49.39139764010906 89.30707154325768
54 49.36798684298992 90.2698850730257
55 49.91642801463604 90.28646231697512
56 52.678401574492455 90.32667007477052
57 54.142211109399796 91.18021498086692
58 53.26274757087231 92.38187517969644
59 49.551715046167374 92.67153902025292
60 49.708476066589355 93.69474938898811
61 53.349613904953 93.86112859581364
62 50.20923666656017 95.24073532592021
63 50.181375816464424 95.3630101766082
64 50.45818927884102 96.09581961281374
65 51.31072674691677 97.90553231413178
66 50.672067031264305 98.07644230926206
67 50.93742090463638 98.35872828331676
68 50.220279276371 98.57334710000995
69 50.73524233698845 98.77895390936838
70 50.51659715175629 99.10163703819775
71 50.80108168721199 99.47183807834362
72 50.90628558397293 101.36707045382526
73 51.18034778535366 102.70820969163083
74 50.95859019458294 103.61971441966246
75 51.59436435997486 104.00039883786899
76 51.624288603663445 104.94014608739957
77 51.099689245224 105.28448326377394
78 51.93743576109409 105.60678192821229
79 52.583510994911194 106.95774051225432
80 51.70166191458702 107.03525723063939
81 52.13125495612621 107.05410485829283
82 52.869902327656746 107.36477417456501
83 52.75949442386627 107.72369032284489
84 51.5419754832983 107.78006757763964
85 51.79967077076435 107.99397435655325
86 52.337572544813156 108.08910889221833
87 51.83546441793442 108.09776529440465
88 52.69000867009163 108.24033506535473
89 52.60135120153427 109.15712102315346
90 52.361206367611885 109.71287331230647
91 52.4818966537714 110.25063890779474
92 52.60444949567318 110.45880856467717
93 53.05579000711441 110.48639228144049
94 52.7724753767252 111.92877271779909
95 52.69997097551823 112.29467419620224
96 52.89202716946602 112.73910566375015
97 53.03651900589466 112.98274531176438
98 53.20220170915127 113.84616479719523
99 54.24865870177746 114.84612239587612
100 52.83691321313381 115.08707834021696
101 54.08136220276356 115.41025719446112
102 53.814826771616936 115.5646624637931
103 53.9927586466074 115.87882502857741
104 53.227927416563034 116.51927592390606
105 53.07736539840698 116.69939038222442
106 53.85946486890316 117.18809854794453
107 53.73607702553272 117.29357601720739
108 54.234748393297195 117.43241923864416
109 53.70036897063255 119.84073495876005
110 54.66913476586342 122.74776106687673
111 54.57889240980148 124.10172315382671
112 55.1668736487627 124.42382576156477
113 54.68097162246704 124.48179570258212
114 54.73123636841774 125.2590893824027
115 54.838304460048676 125.30457667780085
116 54.847316950559616 125.43458549438884
117 56.03211282193661 129.13346806288703
118 55.9556218534708 129.67718524437547
119 56.50798839330673 131.40806576766226
train accuracy: 1.0
validation accuracy: 1.0
