demo lengths 200
demos: (120, 200, 3)
demo_rewards: (120,)
[-191.10004521 -189.05007017 -187.50220085 -180.24009179 -171.96137924
 -169.38170168 -167.87631268 -164.27567046 -163.76742237 -156.07868959
 -155.22804552 -145.29002069 -142.8665728  -142.75441848 -136.98962801
 -132.4813577  -130.98347157 -118.24362226 -117.38411415 -116.97382686
 -115.06704102 -112.47832646 -103.24187681  -99.7422753   -98.18526662
  -88.94674758  -85.88346862  -79.38307722  -79.25112655  -73.50697856
  -72.69803192  -71.37326168  -68.27187815  -65.42298163  -65.35816021
  -49.31867416  -17.32544162   -4.37451128   -0.4258659     9.10814675
   17.73263018   40.64550157   41.11774839   48.64917674   52.5026004
   52.54502853   59.52827492   63.45606317   66.31570759   67.13050508
   72.16624272   79.16074532   84.19837606   89.30707154   90.26988507
   90.28646232   90.32667007   91.18021498   92.38187518   92.67153902
   93.69474939   93.8611286    95.24073533   95.36301018   96.09581961
   97.90553231   98.07644231   98.35872828   98.5733471    98.77895391
   99.10163704   99.47183808  101.36707045  102.70820969  103.61971442
  104.00039884  104.94014609  105.28448326  105.60678193  106.95774051
  107.03525723  107.05410486  107.36477417  107.72369032  107.78006758
  107.99397436  108.08910889  108.09776529  108.24033507  109.15712102
  109.71287331  110.25063891  110.45880856  110.48639228  111.92877272
  112.2946742   112.73910566  112.98274531  113.8461648   114.8461224
  115.08707834  115.41025719  115.56466246  115.87882503  116.51927592
  116.69939038  117.18809855  117.29357602  117.43241924  119.84073496
  122.74776107  124.10172315  124.42382576  124.4817957   125.25908938
  125.30457668  125.43458549  129.13346806  129.67718524  131.40806577]
maximum traj length 200
num training_obs 1800
num training_labels 1800
num val_obs 200
num val_labels 200
ModuleList(
  (0): Linear(in_features=3, out_features=64, bias=True)
  (1): Linear(in_features=64, out_features=1, bias=False)
)
device: cuda:0
end of epoch 0: val_loss 0.011106450168827102, val_acc 1.0
trigger times: 0
saving model weights...
Weights: OrderedDict([('fcs.0.weight', tensor([[ 1.0567e-03, -1.1443e-03, -4.5961e-04],
        [ 1.3924e-04,  1.2945e-03, -1.7922e-03],
        [-1.1047e-03,  6.9756e-04, -5.2462e-04],
        [-1.4892e-03,  3.9654e-04,  2.5237e-03],
        [ 9.2261e-05, -1.0433e-03, -1.1422e-03],
        [-6.0382e-05, -4.2407e-04, -4.7709e-04],
        [ 1.4577e-01, -1.0506e-03,  6.9929e-03],
        [-1.4424e-04, -2.2743e-03, -3.4405e-05],
        [-4.5961e-04,  2.1887e-03,  4.9450e-04],
        [ 7.5165e-04,  4.7272e-04, -7.8671e-04],
        [ 1.5047e-04, -7.2942e-04,  1.1600e-03],
        [-4.9002e-04,  7.8046e-04, -7.7229e-04],
        [-2.3468e-04,  5.4634e-04, -1.8000e-03],
        [ 1.7132e-03,  1.4770e-03, -7.3824e-04],
        [-1.5389e-04,  3.0586e-04, -7.0070e-04],
        [ 5.5478e-05, -2.4398e-03, -4.5857e-04],
        [ 1.0527e-03, -2.9234e-03,  1.8682e-03],
        [-2.3144e-01,  6.7072e-01, -3.3479e-02],
        [ 5.4855e-04, -2.2190e-04, -8.6651e-04],
        [ 2.0651e-04, -7.2379e-04,  1.7951e-03],
        [-1.8607e-03,  8.6177e-04,  1.7151e-04],
        [ 5.2560e-04, -4.2776e-04, -1.0772e-03],
        [ 1.8298e-04, -1.0378e-03, -1.1337e-03],
        [ 6.9331e-04,  1.0903e-03,  1.2532e-03],
        [ 2.3986e-04, -7.4612e-05, -9.2402e-04],
        [-6.1433e-04, -1.0979e-03,  9.2781e-04],
        [-1.8142e-03,  5.5201e-04,  7.8347e-04],
        [-4.4051e-04, -6.7621e-04,  1.1824e-03],
        [ 4.5105e-04,  1.5666e-03, -2.4726e-03],
        [ 1.8138e-04, -1.1092e-03,  2.2891e-03],
        [-8.1662e-04, -4.4420e-04,  2.3495e-03],
        [ 1.2976e-03, -1.1216e-03, -7.1682e-04],
        [ 4.8791e-04,  7.3895e-04,  1.1935e-03],
        [ 3.8394e-04, -8.7085e-04,  1.1708e-03],
        [ 2.6238e-04,  5.9740e-04, -9.2779e-04],
        [-4.1084e-04,  3.0574e-03,  7.4844e-04],
        [ 5.2501e-05,  1.0232e-03, -1.1098e-03],
        [-6.0866e-05, -6.2947e-04,  5.5001e-04],
        [ 2.7731e-04, -9.9427e-04,  2.0531e-03],
        [-2.1790e-04,  3.5922e-04, -7.6802e-04],
        [ 1.4136e-04, -4.1045e-04,  1.9917e-04],
        [-1.6335e-03,  1.1336e-03, -6.7429e-04],
        [ 1.8315e-03, -1.4086e-03, -1.1051e-03],
        [ 1.2753e-01, -1.0396e-03,  2.5643e-03],
        [-7.3490e-04, -1.3526e-03, -2.1874e-04],
        [ 6.3608e-05,  6.7873e-04,  1.2758e-03],
        [-6.8428e-04, -1.9649e-03, -6.2364e-04],
        [-5.4301e-04,  1.3800e-03, -7.7676e-04],
        [ 1.1597e-03, -1.8747e-03,  1.0223e-03],
        [ 1.5288e-04,  1.0125e-03,  1.0445e-03],
        [ 4.1422e-04, -1.1610e-03,  1.5621e-03],
        [ 1.8328e-03,  9.1984e-04, -1.0248e-03],
        [ 1.7509e-03,  6.8791e-04,  1.3156e-03],
        [ 1.4400e-03,  1.5948e-03, -1.1010e-03],
        [-8.9733e-04, -6.8339e-04, -9.2253e-04],
        [ 1.8654e-04,  2.2318e-03, -5.6704e-04],
        [ 3.4389e-04, -1.2681e-03, -8.2200e-04],
        [ 3.4282e-05, -1.0842e-03,  8.8866e-04],
        [-1.3699e-04,  1.4106e-03,  9.0848e-04],
        [ 4.2036e-04, -3.0375e-04, -7.3178e-04],
        [-2.7113e-03, -6.8318e-07, -7.6085e-04],
        [-1.8269e-04,  6.5776e-04, -1.1440e-03],
        [-1.0086e-03, -1.2102e-03,  6.1220e-04],
        [ 1.1328e-04, -6.8237e-04,  2.0982e-03]], device='cuda:0')), ('fcs.0.bias', tensor([-3.2822e-03,  9.7965e-04,  1.9071e-03, -1.8252e-03,  6.6839e-04,
         5.1426e-04,  2.6162e-04,  9.3891e-04,  7.0263e-04, -7.7883e-04,
        -6.8098e-04, -2.7147e-03,  2.5776e-04,  1.3098e-04, -2.6076e-04,
         1.7089e-05, -5.3452e-04,  1.0331e-01, -1.7631e-03,  3.6164e-04,
         2.4929e-03, -1.4027e-03, -1.8112e-03,  8.5305e-04,  2.6073e-04,
         4.6998e-05, -4.5111e-04,  4.0967e-04, -2.3372e-04,  8.7188e-04,
        -1.8236e-03,  1.9148e-03, -3.2845e-03, -3.7890e-04,  5.0800e-04,
         6.7021e-04, -6.8029e-04,  9.0077e-04, -2.6857e-04, -4.1939e-04,
         1.9564e-03,  9.5345e-04, -1.4193e-04,  2.5006e-04, -2.2750e-03,
         6.7098e-04,  5.5547e-04, -1.2507e-03,  6.7980e-04,  2.1260e-05,
         1.9024e-04, -1.9539e-05,  1.1258e-03,  5.2228e-05, -1.3124e-03,
         5.0050e-04,  1.1122e-04, -3.2249e-04, -1.2979e-03, -1.9632e-04,
        -1.7582e-05, -6.7201e-05,  2.6105e-05, -2.7492e-05], device='cuda:0')), ('fcs.1.weight', tensor([[ 1.3164e-03, -2.5026e-05,  9.5091e-05,  7.1540e-04, -3.0804e-05,
         -9.7521e-05, -2.1228e-01, -1.7081e-03, -4.4752e-06, -1.2425e-03,
          1.4644e-04, -3.1599e-04,  2.5948e-05, -8.6602e-06,  1.0318e-07,
         -3.2149e-05,  1.2965e-04,  5.8458e-01, -7.2397e-02,  3.3542e-05,
         -1.3390e-03, -1.8459e-05, -8.7076e-05,  2.7182e-05,  9.8281e-07,
         -4.7667e-04,  4.2118e-04,  3.3469e-06, -5.9057e-04, -4.3230e-02,
         -6.7376e-04,  5.6637e-04,  2.1901e-05,  2.9674e-04,  4.4000e-04,
          3.7115e-06,  2.7353e-05,  1.7042e-05, -1.3481e-03,  6.5730e-04,
         -1.8348e-05, -2.1944e-04,  1.5547e-03, -2.0447e-01,  1.0440e-03,
          7.9018e-06, -2.1353e-05,  1.8892e-03,  1.3016e-03, -1.4317e-04,
          6.3735e-05, -7.8074e-04,  2.4972e-03,  1.6010e-03,  1.0431e-03,
          8.1967e-04,  1.6378e-03, -1.0780e-06, -1.0485e-05, -2.0385e-05,
          6.0154e-04,  6.6648e-04,  6.2590e-06, -6.8963e-04]], device='cuda:0'))])
end of epoch 1: val_loss 0.007625864156547734, val_acc 1.0
trigger times: 0
saving model weights...
Weights: OrderedDict([('fcs.0.weight', tensor([[-6.6747e-04, -1.0953e-03, -4.4594e-04],
        [ 4.4226e-04,  1.2911e-03, -2.0794e-03],
        [ 2.4570e-03,  7.1176e-04, -4.2604e-04],
        [ 1.5859e-03, -6.8600e-04,  8.8254e-04],
        [-1.6606e-04, -8.0284e-05, -1.9618e-05],
        [-4.4798e-04, -5.1523e-04,  1.6380e-04],
        [-1.0308e-04,  1.7194e-04, -4.8034e-04],
        [-1.1683e-03, -2.8972e-03, -4.6915e-04],
        [ 5.5363e-04, -2.0977e-03,  3.8509e-04],
        [-2.2279e-03,  8.9068e-04,  1.4155e-03],
        [ 8.6565e-04, -9.7281e-04,  8.6778e-04],
        [-7.7006e-05,  3.3551e-04,  7.4032e-04],
        [ 3.8332e-04,  8.1136e-04, -1.2940e-03],
        [ 2.0295e-03,  1.6689e-03, -1.1259e-03],
        [-4.7418e-04,  2.5799e-04, -6.1227e-04],
        [-7.4751e-04, -1.8821e-04, -4.4725e-04],
        [ 1.7598e-03, -3.2086e-03,  1.9316e-03],
        [-3.5656e-01,  6.1509e-01, -5.7730e-02],
        [ 7.6333e-04, -7.1506e-06,  1.1046e-03],
        [ 3.6605e-04, -8.4194e-04,  1.9197e-03],
        [ 2.7733e-03,  3.2327e-04,  8.0759e-04],
        [ 6.3751e-04, -4.8368e-04,  6.8839e-04],
        [-5.1800e-04, -1.5918e-03, -1.4792e-03],
        [ 7.4176e-04,  1.1178e-03,  1.3035e-03],
        [-4.2618e-04, -4.5592e-04, -6.8875e-04],
        [-1.5727e-03,  3.8792e-04,  6.0937e-04],
        [-7.6752e-04,  1.6495e-03,  6.8701e-04],
        [-1.1094e-03, -8.3491e-04,  1.2994e-03],
        [-7.7329e-04, -7.6241e-04, -6.4043e-04],
        [ 2.9486e-04, -1.4155e-03, -8.2844e-04],
        [ 3.5546e-04,  9.0698e-04, -8.1024e-04],
        [ 2.3446e-03, -1.7219e-03, -1.1369e-03],
        [ 9.1499e-04,  7.6968e-04,  1.2876e-03],
        [-1.3747e-04,  2.5592e-03, -1.4495e-03],
        [ 1.5866e-03, -1.2746e-03,  8.0621e-04],
        [-9.3599e-08,  4.0159e-03,  8.4528e-04],
        [ 2.4129e-04,  1.2525e-03, -1.2761e-03],
        [-2.4317e-04, -7.0525e-04,  5.7913e-04],
        [-1.3634e-03,  6.9442e-04, -6.7560e-04],
        [-5.3814e-04, -1.7789e-03,  1.1567e-03],
        [ 2.9835e-04, -4.3654e-04, -1.1795e-03],
        [ 1.3446e-03, -7.2213e-04,  3.9020e-04],
        [-9.2389e-04, -1.7494e-05,  5.9403e-04],
        [ 3.6281e-04,  1.6840e-04, -1.5929e-05],
        [ 1.0805e-03,  5.3958e-04, -4.4761e-04],
        [ 6.5476e-04,  1.0220e-03,  2.0345e-03],
        [-1.3449e-03, -2.1363e-03, -6.7097e-04],
        [ 9.1438e-04,  1.1511e-03,  4.1019e-04],
        [ 2.6009e-04, -6.3742e-04, -6.3116e-04],
        [ 7.8395e-04, -1.1993e-03,  1.4599e-03],
        [ 1.0315e-03, -1.7819e-03,  2.0288e-03],
        [-1.6313e-06, -9.0804e-05,  1.2222e-03],
        [ 2.5221e-04,  7.0342e-04, -1.2855e-03],
        [-1.1478e-04,  3.5530e-04, -3.9247e-04],
        [ 1.4117e-03,  2.8221e-03,  1.7119e-03],
        [-7.8612e-04,  1.0397e-03, -2.0278e-03],
        [-1.5478e-05,  1.4100e-03, -5.0176e-04],
        [-1.9568e-04,  7.8048e-04,  7.2924e-04],
        [-7.4486e-04,  1.8846e-03, -1.3534e-03],
        [ 1.3361e-03, -2.0223e-04, -1.5528e-03],
        [-2.1977e-03,  1.7581e-03, -4.1009e-04],
        [ 1.0830e-04,  5.1715e-04, -1.1093e-03],
        [-4.5278e-04,  6.1079e-04, -4.5737e-04],
        [-1.1968e-03,  1.0070e-03,  9.7570e-04]], device='cuda:0')), ('fcs.0.bias', tensor([ 4.0901e-04,  1.2642e-03,  1.9708e-03,  2.2526e-03,  6.5168e-04,
         5.9291e-04,  4.6733e-04,  2.7619e-04,  7.5775e-04,  1.7590e-03,
         1.8967e-03,  4.4240e-04,  2.1594e-04,  2.8843e-04,  4.9642e-04,
         2.5351e-04, -7.1793e-04,  1.6547e-01, -1.2635e-03,  8.6953e-05,
        -1.4672e-03, -1.7376e-03, -1.9988e-03,  8.8271e-04,  2.6846e-04,
         3.2160e-03, -1.3150e-04,  5.6612e-04, -9.3421e-04, -1.6937e-03,
         6.3903e-04, -1.3731e-03, -3.3555e-03,  1.4746e-03, -3.9577e-04,
         6.4144e-04, -6.7871e-04,  8.7153e-04,  1.3742e-03, -1.5151e-04,
         1.9447e-03, -1.2789e-03,  4.4638e-04, -8.5307e-04, -1.7583e-03,
         7.5768e-04, -2.1345e-03,  1.2280e-03, -1.9937e-03, -1.4465e-04,
        -5.7925e-04, -2.3709e-03,  1.0200e-03, -6.4553e-05,  1.0568e-03,
        -1.4881e-03, -2.8294e-03, -9.7443e-04, -1.3108e-03, -1.0712e-03,
         2.5485e-04, -1.1396e-03,  2.1054e-04, -1.9342e-03], device='cuda:0')), ('fcs.1.weight', tensor([[-1.3444e-03,  1.8399e-04, -1.3106e-04, -1.9661e-03, -1.8970e-04,
          3.7399e-04, -1.6233e-04, -3.2162e-04, -7.1287e-05,  1.6010e-03,
          2.5773e-04, -3.8902e-04,  4.3597e-06, -1.0545e-03,  1.3183e-05,
         -2.9085e-05, -7.3852e-05,  7.9680e-01,  6.0344e-05, -3.3610e-05,
         -1.1582e-03,  7.9216e-05, -8.3919e-04, -1.9272e-05, -2.4230e-05,
         -7.6606e-04,  1.3382e-03, -2.0133e-05,  9.8921e-04, -6.3938e-05,
         -1.8758e-03,  1.2339e-04, -6.9891e-05,  5.8831e-04,  3.9575e-04,
         -5.0559e-05, -6.5940e-05, -1.2792e-05,  6.2660e-05,  4.3513e-03,
          8.7530e-05, -4.5835e-04,  1.8605e-03, -1.4384e-05, -3.1846e-04,
         -3.8921e-05, -5.4658e-05,  1.7494e-04, -7.6996e-04,  2.1255e-04,
         -4.9764e-05, -7.1796e-04,  2.0978e-03, -2.4113e-03, -2.3779e-03,
         -2.0135e-04, -5.4652e-04,  2.1082e-04, -3.0060e-05, -9.6827e-04,
         -2.1537e-04, -5.2359e-04, -4.6990e-05,  1.2402e-03]], device='cuda:0'))])
end of epoch 2: val_loss 0.014181495550245806, val_acc 1.0
trigger times: 1
end of epoch 3: val_loss 0.012796391188367942, val_acc 1.0
trigger times: 2
end of epoch 4: val_loss 0.008220422436752911, val_acc 1.0
trigger times: 3
end of epoch 5: val_loss 0.015063839931977973, val_acc 1.0
trigger times: 4
end of epoch 6: val_loss 0.010787336856832646, val_acc 1.0
trigger times: 5
end of epoch 7: val_loss 0.008568692634896955, val_acc 1.0
trigger times: 6
end of epoch 8: val_loss 0.010168331474913046, val_acc 1.0
trigger times: 7
end of epoch 9: val_loss 0.007213479638134714, val_acc 1.0
trigger times: 0
saving model weights...
Weights: OrderedDict([('fcs.0.weight', tensor([[-5.3376e-04, -5.3701e-04, -1.1932e-04],
        [-9.2851e-04, -2.3968e-03,  3.0260e-04],
        [-1.4383e-03,  5.2987e-04,  1.3970e-03],
        [-2.1557e-04,  1.0241e-03, -1.3675e-03],
        [ 5.4043e-04, -4.5330e-04, -9.6431e-04],
        [ 1.4148e-03, -1.0804e-03, -1.7553e-03],
        [-6.4138e-04, -1.5401e-03,  1.7430e-03],
        [-1.3945e-04,  1.1421e-03,  1.4151e-03],
        [ 1.4678e-03, -9.1628e-04,  1.7109e-03],
        [ 9.3400e-05,  1.5408e-03,  9.4254e-04],
        [ 6.0967e-04,  2.4450e-03,  1.4498e-03],
        [-9.8711e-04, -4.7917e-05,  1.8869e-03],
        [ 1.6878e-03,  1.6159e-03,  6.5878e-04],
        [-7.2007e-04,  2.3111e-04,  1.1828e-03],
        [ 4.6427e-03,  1.9279e-03, -1.0590e-03],
        [ 1.2709e-03,  6.9371e-04,  9.4894e-04],
        [ 9.2268e-04, -9.8846e-05,  3.4156e-04],
        [-3.8623e-01,  5.8513e-01, -1.4921e-01],
        [ 6.0410e-04, -3.9106e-03,  4.0588e-06],
        [-1.1954e-03, -1.4737e-03,  1.6549e-03],
        [-1.0153e-03,  8.5545e-04,  5.4631e-04],
        [-6.8078e-04,  2.2344e-03, -1.6958e-03],
        [-9.3581e-04, -7.5542e-04, -5.9565e-04],
        [-4.2290e-04,  1.7689e-03,  1.9759e-03],
        [-2.7565e-03, -1.1338e-03,  4.0354e-03],
        [-9.4185e-04, -3.7554e-05,  1.3622e-04],
        [-5.7376e-04,  1.1086e-03,  6.5496e-04],
        [ 6.6581e-04,  6.5982e-04, -3.5181e-04],
        [-1.6972e-04, -5.7594e-04, -1.3388e-03],
        [-6.3419e-04,  1.5679e-03, -1.2008e-03],
        [ 1.9830e-03,  1.1272e-03,  5.8850e-04],
        [ 2.4073e-04,  1.1872e-03,  1.2046e-04],
        [-7.6979e-04,  1.7825e-03, -7.8279e-04],
        [-1.4898e-03, -5.0939e-04, -4.3152e-04],
        [-6.8457e-06,  2.8661e-04, -7.6401e-04],
        [-5.5459e-04, -3.2094e-04, -1.9338e-03],
        [-1.1156e-03,  6.4794e-04, -8.3471e-04],
        [-1.7265e-03, -1.5839e-03, -2.2824e-04],
        [ 1.2836e-03,  5.2071e-04, -5.2464e-04],
        [ 8.8226e-04,  1.2140e-03, -1.3614e-04],
        [ 1.6606e-03,  5.3380e-04, -1.0064e-03],
        [ 5.7343e-04,  7.7181e-04, -9.6330e-04],
        [-1.9143e-04,  1.1808e-03,  1.3637e-03],
        [-2.1283e-03,  7.2095e-04,  1.3902e-03],
        [ 8.0478e-04, -4.1121e-03,  9.9739e-04],
        [ 1.4696e-03, -7.3431e-04, -6.8746e-04],
        [-1.0761e-03, -4.4447e-03, -3.9894e-04],
        [ 9.1192e-04, -3.1152e-04, -1.3854e-03],
        [-5.3716e-05,  9.7480e-04,  1.2473e-03],
        [ 1.2011e-03,  6.4377e-04, -1.0443e-03],
        [-1.7144e-04, -7.6960e-05,  2.9028e-03],
        [-1.5960e-04,  5.5037e-05,  7.2268e-04],
        [ 1.1856e-03, -2.3491e-03,  9.0877e-04],
        [ 1.4496e-03, -8.1293e-05,  2.9495e-04],
        [ 6.1473e-04, -3.0293e-04,  9.2478e-04],
        [-6.5156e-05,  5.8995e-04, -2.8191e-03],
        [ 3.0335e-04, -7.6424e-04,  1.7594e-03],
        [-1.7835e-03,  5.8899e-04, -7.8592e-04],
        [ 1.1703e-03, -2.3089e-04,  2.2689e-03],
        [ 1.3992e-04, -8.0779e-04,  9.2617e-04],
        [ 1.2263e-03,  2.4181e-04, -1.4956e-03],
        [ 5.7383e-05,  7.5243e-04, -6.5902e-04],
        [ 9.2957e-04,  1.7004e-03,  6.1941e-04],
        [-8.8935e-04, -4.4538e-04,  1.3486e-03]], device='cuda:0')), ('fcs.0.bias', tensor([-3.0944e-03,  4.5585e-05,  4.5131e-04,  1.1715e-03,  1.7817e-03,
         8.3078e-04,  2.6543e-03,  9.0993e-05,  1.6409e-04, -1.4224e-03,
         2.8780e-03, -2.0712e-03, -9.7865e-04,  6.4044e-04, -3.0494e-04,
        -2.3305e-03, -9.3372e-04,  1.8731e-01, -2.5993e-04,  1.2744e-03,
         5.1319e-04, -6.8863e-04,  8.9141e-04, -2.3377e-03, -1.6825e-04,
         6.1624e-05,  1.0584e-03,  5.4955e-04,  2.3152e-03, -5.0857e-04,
         1.0278e-03,  2.0679e-03,  7.4758e-04,  1.4463e-03, -2.8926e-03,
         2.1076e-03, -7.6454e-04,  6.4675e-04, -6.4581e-04,  3.7666e-04,
        -6.5441e-04,  1.2166e-03,  2.3632e-03, -2.8354e-03, -1.5111e-04,
        -5.8976e-04, -1.8989e-03,  5.7529e-04, -7.0746e-04,  3.3913e-03,
         8.2571e-05,  6.6637e-04,  1.4466e-03, -1.2345e-05,  6.9202e-04,
         3.4776e-03, -1.2259e-03, -2.5370e-03, -2.3550e-03, -5.0413e-04,
         9.5235e-04,  8.1734e-04, -1.7442e-03,  5.6361e-04], device='cuda:0')), ('fcs.1.weight', tensor([[ 1.6581e-03,  8.7017e-04, -1.0078e-03, -1.0658e-03,  7.1618e-04,
          1.2242e-03, -8.3744e-06,  1.5076e-03,  1.0759e-03, -1.3356e-03,
          1.4511e-03, -4.1889e-03, -6.9549e-05, -5.9637e-04,  1.7186e-03,
          2.1783e-04, -8.0304e-04,  7.8720e-01,  1.5767e-03, -1.5042e-03,
          1.4773e-03,  3.5256e-03,  1.0153e-03, -5.7193e-04,  2.2209e-03,
         -9.4678e-04,  1.7085e-04,  1.7585e-04,  3.8323e-05, -8.7775e-04,
         -1.3631e-03,  6.9800e-04, -6.1234e-04, -1.2094e-04,  7.0708e-05,
          2.6094e-03, -9.3447e-05,  1.6357e-03,  8.4507e-04,  2.9514e-04,
          1.6864e-03,  8.3107e-04,  1.8093e-03, -6.1899e-04,  7.5925e-04,
         -1.2002e-03,  7.7974e-04, -2.2024e-05,  1.4743e-03, -7.0625e-04,
         -7.2359e-04, -1.3950e-03, -3.5273e-04,  1.9777e-04, -4.4225e-03,
         -7.4219e-05,  4.5629e-04,  6.8458e-04, -2.3657e-04, -9.4471e-04,
          1.9213e-03,  1.6720e-04, -9.7924e-05,  3.5080e-04]], device='cuda:0'))])
end of epoch 10: val_loss 0.009112269745370796, val_acc 1.0
trigger times: 1
end of epoch 11: val_loss 0.011031404038940628, val_acc 1.0
trigger times: 2
end of epoch 12: val_loss 0.007519025451114452, val_acc 1.0
trigger times: 3
end of epoch 13: val_loss 0.007772767623397954, val_acc 1.0
trigger times: 4
end of epoch 14: val_loss 0.008979786513216119, val_acc 1.0
trigger times: 5
end of epoch 15: val_loss 0.009152688545176169, val_acc 1.0
trigger times: 6
end of epoch 16: val_loss 0.007955252988111497, val_acc 1.0
trigger times: 7
end of epoch 17: val_loss 0.014065257148906163, val_acc 1.0
trigger times: 8
end of epoch 18: val_loss 0.007801188296461703, val_acc 1.0
trigger times: 9
end of epoch 19: val_loss 0.011691913117602013, val_acc 0.995
trigger times: 10
Early stopping.
0 -0.13623696141439723 -191.10004520678868
1 -0.1330465379251109 -189.05007017278314
2 -0.1446751530675101 -187.50220085194994
3 0.15278775934939404 -180.24009179391223
4 1.3160516791770078 -171.9613792356186
5 1.5481011479364497 -169.3817016847894
6 0.008199116166451859 -167.87631268052303
7 -0.13261702937961672 -164.27567046290412
8 0.5501226480419064 -163.76742236654098
9 2.987466199249866 -156.0786895876365
10 0.6768787049277307 -155.22804551507866
11 -0.01070930881132881 -145.29002069283715
12 0.15424358004543137 -142.86657280197298
13 3.6472805296599518 -142.75441848091938
14 4.376376600090907 -136.98962801176134
15 0.34568651982635856 -132.4813576990395
16 5.309144369967271 -130.98347157271724
17 0.5476987825279593 -118.2436222554584
18 8.907329057935385 -117.38411415155902
19 2.4912480261283463 -116.97382686219106
20 6.286007969859384 -115.06704102317899
21 12.533203235832843 -112.47832645551227
22 2.4670741115160126 -103.24187681049156
23 14.367801632842884 -99.7422752992134
24 18.879409246961586 -98.18526661663928
25 14.684225235250778 -88.94674758091466
26 18.37132098712027 -85.88346861832474
27 21.375283934133904 -79.38307722218848
28 19.362056778736132 -79.25112655387144
29 11.010000006185692 -73.50697855948762
30 12.084563572425395 -72.69803191552006
31 18.678731498520847 -71.37326168319514
32 15.04008451899881 -68.27187815304366
33 16.433551337511744 -65.42298162776466
34 18.439611543901265 -65.35816021006309
35 20.16301581278003 -49.3186741604369
36 8.292746727309805 -17.325441617065966
37 20.45138673289739 -4.374511275254108
38 19.477982267622565 -0.4258658969524013
39 15.16375939540194 9.108146753357724
40 16.918116016721797 17.732630180500013
41 25.095789818157755 40.64550156746333
42 24.53906382166315 41.11774838972275
43 18.698262792302558 48.64917674484657
44 22.362014834544425 52.50260039838799
45 22.545212354976684 52.54502852695255
46 23.37795914603521 59.52827491841281
47 23.999772772192955 63.45606316769021
48 25.512846676632762 66.31570758515764
49 16.62779772155409 67.13050507695384
50 27.82159621536266 72.16624272108386
51 15.712081354608472 79.16074531670823
52 18.581969999213243 84.19837606184075
53 18.256294561143704 89.30707154325768
54 18.517461055834247 90.2698850730257
55 19.54015028676713 90.28646231697512
56 24.762699947603323 90.32667007477052
57 27.24518679557241 91.18021498086692
58 25.653533558826894 92.38187517969644
59 18.589890829352157 92.67153902025292
60 18.79997479339454 93.69474938898811
61 25.925852120828495 93.86112859581364
62 19.70251174128498 95.24073532592021
63 19.573334110842552 95.3630101766082
64 20.158011469669873 96.09581961281374
65 21.601257187317174 97.90553231413178
66 20.452222405700013 98.07644230926206
67 20.931101402139575 98.35872828331676
68 19.741234913612516 98.57334710000995
69 20.78083558741764 98.77895390936838
70 20.475475484964363 99.10163703819775
71 20.723796180204772 99.47183807834362
72 20.91858848258903 101.36707045382526
73 21.36273796390742 102.70820969163083
74 20.965407682815567 103.61971441966246
75 22.104420983232558 104.00039883786899
76 22.21793843271189 104.94014608739957
77 21.25535598857823 105.28448326377394
78 22.725566986890954 105.60678192821229
79 23.89977014720307 106.95774051225432
80 22.51699373829888 107.03525723063939
81 23.06609962787479 107.05410485829283
82 24.482375030822368 107.36477417456501
83 24.202729170725434 107.72369032284489
84 22.06652035397383 107.78006757763964
85 22.586401813914335 107.99397435655325
86 23.499395935811663 108.08910889221833
87 22.73026087767812 108.09776529440465
88 24.13102858368711 108.24033506535473
89 23.963290890832468 109.15712102315346
90 23.512334287586555 109.71287331230647
91 23.694997174837226 110.25063890779474
92 24.26771357407597 110.45880856467717
93 24.730407334874144 110.48639228144049
94 24.387104923412153 111.92877271779909
95 24.09649454695682 112.29467419620224
96 24.4439748631803 112.73910566375015
97 24.756299320544713 112.98274531176438
98 25.12011630872439 113.84616479719523
99 26.859091801568866 114.84612239587612
100 24.370957710976654 115.08707834021696
101 26.567750958408396 115.41025719446112
102 26.094660906047466 115.5646624637931
103 26.400816049892455 115.87882502857741
104 25.268189152461673 116.51927592390606
105 24.78068676626299 116.69939038222442
106 26.165840004781785 117.18809854794453
107 26.000079365458078 117.29357601720739
108 26.84963207074361 117.43241923864416
109 25.894934330156502 119.84073495876005
110 27.612405115913134 122.74776106687673
111 27.4508193442598 124.10172315382671
112 28.504378237730634 124.42382576156477
113 27.66577624544516 124.48179570258212
114 27.723676670342684 125.2590893824027
115 27.98079290298392 125.30457667780085
116 27.93157423264347 125.43458549438884
117 30.057601901551607 129.13346806288703
118 29.951642562682082 129.67718524437547
119 30.92892030355597 131.40806576766226
train accuracy: 0.9983333333333333
validation accuracy: 0.995
