demo lengths 200
demos: (120, 200, 13)
demo_rewards: (120,)
[-191.10004521 -189.05007017 -187.50220085 -180.24009179 -171.96137924
 -169.38170168 -167.87631268 -164.27567046 -163.76742237 -156.07868959
 -155.22804552 -145.29002069 -142.8665728  -142.75441848 -136.98962801
 -132.4813577  -130.98347157 -118.24362226 -117.38411415 -116.97382686
 -115.06704102 -112.47832646 -103.24187681  -99.7422753   -98.18526662
  -88.94674758  -85.88346862  -79.38307722  -79.25112655  -73.50697856
  -72.69803192  -71.37326168  -68.27187815  -65.42298163  -65.35816021
  -49.31867416  -17.32544162   -4.37451128   -0.4258659     9.10814675
   17.73263018   40.64550157   41.11774839   48.64917674   52.5026004
   52.54502853   59.52827492   63.45606317   66.31570759   67.13050508
   72.16624272   79.16074532   84.19837606   89.30707154   90.26988507
   90.28646232   90.32667007   91.18021498   92.38187518   92.67153902
   93.69474939   93.8611286    95.24073533   95.36301018   96.09581961
   97.90553231   98.07644231   98.35872828   98.5733471    98.77895391
   99.10163704   99.47183808  101.36707045  102.70820969  103.61971442
  104.00039884  104.94014609  105.28448326  105.60678193  106.95774051
  107.03525723  107.05410486  107.36477417  107.72369032  107.78006758
  107.99397436  108.08910889  108.09776529  108.24033507  109.15712102
  109.71287331  110.25063891  110.45880856  110.48639228  111.92877272
  112.2946742   112.73910566  112.98274531  113.8461648   114.8461224
  115.08707834  115.41025719  115.56466246  115.87882503  116.51927592
  116.69939038  117.18809855  117.29357602  117.43241924  119.84073496
  122.74776107  124.10172315  124.42382576  124.4817957   125.25908938
  125.30457668  125.43458549  129.13346806  129.67718524  131.40806577]
maximum traj length 200
num training_obs 1800
num training_labels 1800
num val_obs 200
num val_labels 200
ModuleList(
  (0): Linear(in_features=13, out_features=128, bias=True)
  (1): Linear(in_features=128, out_features=1, bias=False)
)
device: cuda:0
end of epoch 0: val_loss 0.003419150508473905, val_acc 1.0
trigger times: 0
saving model weights...
Weights: OrderedDict([('fcs.0.weight', tensor([[-1.1540e-04, -8.8087e-05,  2.0225e-04,  ...,  2.2995e-05,
         -3.7269e-04, -1.6578e-03],
        [-2.1138e-04, -3.0847e-05, -1.0128e-04,  ...,  2.4392e-04,
          7.3275e-04, -3.2799e-04],
        [ 2.6481e-06,  7.1911e-05,  1.9225e-04,  ...,  5.8919e-04,
         -7.9031e-04, -4.6756e-04],
        ...,
        [ 4.1011e-06, -4.4873e-05,  1.8982e-04,  ..., -1.0084e-03,
         -6.2517e-04,  1.3439e-03],
        [-9.8765e-04, -6.0746e-04,  1.3374e-03,  ..., -1.5358e-03,
          6.0946e-04, -8.1857e-05],
        [-7.6132e-04,  2.3807e-04,  5.0230e-04,  ...,  5.0739e-04,
         -1.2535e-03, -1.2789e-03]], device='cuda:0')), ('fcs.0.bias', tensor([ 3.4960e-05,  2.1766e-04,  2.0663e-04,  4.4753e-05, -1.6441e-03,
        -1.6234e-05,  2.1660e-04, -5.8364e-04, -4.2400e-06, -1.1942e-02,
        -5.6030e-04, -3.2067e-01, -1.7066e-04,  1.0861e-04, -2.2899e-01,
        -5.8507e-06, -1.5393e-04, -7.2353e-05,  2.2705e-05, -3.1020e-04,
        -1.1823e-01, -2.5222e-05,  7.4471e-04, -1.6652e-04,  1.9387e-05,
         2.0683e-04,  1.6309e-04,  4.8612e-02, -9.6634e-05, -7.6576e-02,
        -4.6707e-05,  1.2372e-04,  5.4604e-05,  1.3071e-04, -2.4053e-08,
         8.2852e-04,  2.1411e-05, -1.0044e-04,  3.2846e-04, -4.4161e-05,
        -5.7306e-05,  3.3630e-03, -6.4995e-02,  3.5672e-05, -1.3284e-04,
        -5.2766e-04, -1.9167e-04, -2.7508e-05, -2.1611e-04, -1.2339e-01,
        -8.4428e-04,  9.1812e-06, -2.2190e-05, -7.6087e-05,  1.8673e-05,
        -3.6171e-02, -4.0833e-04, -1.1290e-04, -2.2955e-01,  1.1185e-04,
         7.7440e-04,  1.1766e-04,  6.4681e-05,  2.2740e-04, -2.6537e-05,
        -9.1746e-04,  3.5953e-04, -1.7794e-04, -4.0258e-04, -1.6526e-03,
         1.1776e-04,  8.7022e-03, -1.9054e-04, -1.3208e-06, -5.5813e-04,
         1.3618e-04,  3.6352e-02,  1.4873e-04, -8.8241e-05, -1.7461e-06,
         1.5955e-05, -1.7686e-04, -3.1397e-05, -1.5272e-04, -3.4954e-04,
        -2.0568e-05, -7.3751e-05, -4.8308e-04,  5.4191e-05, -1.2625e-05,
        -3.1386e-04,  1.6529e-04, -3.0773e-02,  4.6906e-05,  7.5357e-05,
        -2.4722e-01,  1.4488e-05,  2.2565e-06, -9.6522e-02, -6.1395e-04,
        -1.7812e-04, -7.7718e-05, -6.0537e-04, -3.1086e-04,  1.7593e-04,
         1.9214e-04, -1.0577e-04, -1.3326e-04,  4.0780e-05,  3.8434e-04,
         1.6794e-04,  3.7279e-04,  1.0059e-04, -2.5699e-01, -1.5811e-06,
        -1.3021e-04, -1.2546e-03, -4.9964e-04, -1.0963e-04,  1.8784e-04,
         3.3799e-02,  3.6329e-04,  3.0066e-05,  1.0253e-01,  4.3737e-05,
        -1.5619e-05,  7.5000e-04,  2.0178e-03], device='cuda:0')), ('fcs.1.weight', tensor([[ 4.5766e-05,  3.5236e-05, -5.3711e-07,  5.3093e-05, -4.2687e-06,
          6.3237e-06, -3.1854e-05,  5.5196e-05, -2.3852e-05, -9.1964e-05,
         -1.6355e-05,  9.7434e-02, -1.9049e-05,  5.8258e-07,  1.3164e-01,
          9.2453e-06, -9.4598e-06,  3.5878e-06,  1.5473e-04, -3.5266e-06,
          1.4268e-01, -1.7677e-05,  1.9664e-06, -2.1685e-05,  9.0455e-06,
          1.7830e-05, -8.6360e-05,  1.5908e-01, -1.0457e-04, -6.8209e-05,
         -3.7781e-06, -4.2725e-04,  3.6327e-05,  1.5601e-04,  1.2118e-05,
          1.9712e-05,  1.4888e-04, -3.5609e-05,  8.2763e-06, -5.3725e-02,
          2.1298e-04, -9.6327e-07, -9.3373e-02,  3.9065e-04,  1.0062e-04,
          2.4286e-05, -1.3713e-05, -5.2025e-06, -1.4212e-05,  1.9212e-04,
          2.3518e-05,  1.5696e-05, -8.1272e-06,  1.4869e-05, -1.8528e-05,
         -1.5382e-01,  1.3276e-05,  2.4011e-06,  2.9221e-01, -1.5487e-05,
         -7.8331e-06, -9.8465e-06,  4.5773e-05, -5.6403e-05,  2.1598e-05,
         -1.0790e-04, -2.0078e-04, -2.1004e-05,  1.6141e-05, -5.6305e-02,
         -5.0734e-05, -2.8659e-03,  5.8050e-05,  3.2720e-05,  7.8927e-06,
          2.6860e-05, -9.7878e-06,  7.5073e-06, -2.6107e-05, -1.7054e-05,
         -1.1205e-05,  2.3020e-05, -1.9220e-05,  9.4765e-06, -6.9747e-05,
         -1.6338e-04, -1.9759e-05, -6.0619e-06,  2.4774e-06, -1.0121e-05,
         -1.6067e-05, -8.1178e-06,  1.2519e-05,  1.1254e-04, -1.2123e-05,
         -4.8119e-02, -6.9214e-07, -1.2066e-05,  7.5416e-02,  4.6919e-05,
          6.6954e-05, -8.6126e-03,  1.2002e-05,  2.1571e-04,  4.6957e-05,
         -6.2894e-05, -1.3147e-02,  1.0386e-05,  2.7165e-05,  1.5212e-05,
          2.4899e-05, -1.6189e-05,  2.3673e-05, -9.1132e-02,  1.5561e-05,
          3.1552e-06, -3.9467e-05, -2.0416e-05,  2.1395e-04,  9.2780e-06,
         -2.1909e-02, -1.3661e-04, -1.2533e-06,  4.1509e-01, -1.5305e-05,
         -2.0122e-04,  1.8895e-05,  3.0918e-05]], device='cuda:0'))])
end of epoch 1: val_loss 0.006088230414806795, val_acc 1.0
trigger times: 1
end of epoch 2: val_loss 0.030729087959026628, val_acc 0.99
trigger times: 2
end of epoch 3: val_loss 0.0075983844752766675, val_acc 0.995
trigger times: 3
end of epoch 4: val_loss 0.009026121797107364, val_acc 0.995
trigger times: 4
end of epoch 5: val_loss 0.13394322395324706, val_acc 0.995
trigger times: 5
end of epoch 6: val_loss 0.056650006835059656, val_acc 0.995
trigger times: 6
end of epoch 7: val_loss 0.09430016517638361, val_acc 0.995
trigger times: 7
end of epoch 8: val_loss 0.01934230507980601, val_acc 0.995
trigger times: 8
end of epoch 9: val_loss 0.001921871318606172, val_acc 1.0
trigger times: 0
saving model weights...
Weights: OrderedDict([('fcs.0.weight', tensor([[-1.3363e-02, -1.5934e-01,  9.9701e-02,  ..., -1.5395e-02,
         -1.8864e-02,  3.6569e-02],
        [ 1.2950e-04,  5.2643e-04, -5.0940e-04,  ...,  1.0553e-03,
         -8.2803e-04,  1.0774e-03],
        [-1.8800e-04,  1.1076e-04,  1.2645e-03,  ..., -5.6440e-04,
         -6.0921e-04,  1.3451e-03],
        ...,
        [ 1.0082e-04, -7.0819e-05,  3.1301e-04,  ...,  1.2630e-04,
          8.4026e-04,  5.0000e-04],
        [-7.3958e-03,  2.8476e-03, -4.3492e-04,  ...,  3.6039e-04,
          1.6246e-03,  1.0510e-03],
        [-3.3968e-04, -5.7466e-05,  3.4719e-04,  ...,  8.8054e-05,
         -6.0358e-04,  1.4097e-03]], device='cuda:0')), ('fcs.0.bias', tensor([-1.9356e-02,  5.4150e-04, -1.8320e-04,  1.2872e-04, -8.0234e-04,
        -6.5890e-04,  3.0935e-05,  1.2213e-04,  2.1329e-04, -1.7125e-05,
         4.5960e-04, -1.4383e-03, -1.7656e-01, -4.1142e-03, -2.2063e-02,
         4.3938e-04,  1.6773e-03, -1.4898e-03, -2.9678e-04, -1.5786e-03,
        -4.9641e-05,  7.4561e-04, -3.9543e-05, -1.5017e-03,  2.9775e-05,
         2.8944e-04, -7.0677e-04,  1.3300e-04, -1.8935e-01,  4.6944e-02,
        -2.1381e-01, -2.3980e-02, -6.9252e-02, -2.3357e-02,  1.9389e-01,
         4.3256e-03,  6.6031e-06,  5.3125e-02,  4.1376e-04, -1.5844e-05,
        -5.0370e-04,  1.2076e-05, -9.8802e-05, -9.8349e-05, -1.8844e-02,
        -8.6934e-02, -6.5540e-04, -2.1516e-05,  7.4836e-05, -2.0850e-03,
        -6.6208e-03,  4.4535e-04, -7.0061e-04,  2.2896e-05,  3.6133e-02,
         1.2273e-04,  1.0485e-01,  5.5394e-04, -2.1410e-04, -5.9234e-05,
         1.9511e-01,  2.5791e-01, -8.4341e-02, -1.5880e-03, -2.0320e-01,
        -5.5944e-05,  2.1342e-02,  4.2360e-04, -1.1859e-03,  1.4802e-02,
        -1.6808e-04, -1.5287e-03, -3.4713e-04, -5.8678e-04, -9.9034e-05,
        -3.4919e-04,  3.6880e-04, -8.0326e-02, -8.5057e-02, -9.5082e-04,
         2.9175e-04, -1.3226e-04,  1.8216e-03, -3.7350e-05, -7.6710e-02,
         1.8756e-02,  3.2413e-05, -1.1253e-03, -7.0699e-04, -1.7709e-02,
        -2.0220e-01, -2.7382e-03,  4.3470e-05, -6.8447e-03,  4.6175e-04,
         1.9040e-01, -5.3873e-02, -9.1932e-04,  9.7902e-04,  3.8784e-04,
        -2.5370e-05, -5.7807e-04,  3.2909e-03, -1.5016e-01, -7.8963e-02,
         1.1386e-03, -8.4057e-02,  1.2317e-03, -1.3866e-03, -6.7984e-04,
        -6.7380e-02, -1.8916e-04, -4.2533e-05, -1.8522e-01, -1.5738e-03,
        -1.2386e-04,  3.0840e-04, -7.7058e-02, -5.3360e-06, -1.7694e-04,
        -2.0794e-02, -9.5068e-06,  2.2746e-04,  3.0064e-01, -2.5819e-01,
         3.5069e-05, -6.2012e-03, -2.3288e-04], device='cuda:0')), ('fcs.1.weight', tensor([[-8.2897e-02, -1.3303e-02,  2.5982e-04,  3.2816e-05, -3.3911e-03,
          2.8381e-03, -2.1215e-04, -3.8072e-06,  1.0778e-04, -7.2122e-05,
         -4.4594e-03,  2.4407e-04, -2.8011e-02, -1.7705e-03, -4.0465e-02,
         -5.5552e-06, -5.1589e-03, -2.2177e-02,  5.5242e-04, -2.6585e-03,
         -1.1520e-04,  3.1205e-04, -1.1929e-04,  1.1565e-04, -8.4387e-02,
          4.4114e-05, -4.2687e-05, -9.7191e-05,  1.4282e-01, -2.5190e-02,
          1.3615e-01, -1.6373e-01, -1.2273e-02,  1.0993e-04,  1.3591e-01,
         -1.3414e-03,  1.9099e-05, -1.9388e-01,  4.7267e-03, -4.3924e-05,
         -1.5215e-02,  2.2685e-04,  1.4880e-05,  1.3034e-04,  2.4594e-03,
         -1.2863e-01,  1.4226e-01, -4.8074e-04, -1.7703e-04,  7.7799e-05,
         -7.4294e-02, -1.0310e-03, -2.1095e-04, -1.4334e-03,  2.4037e-02,
          1.4345e-01, -1.9192e-01,  7.2274e-04, -2.6158e-04,  2.2658e-04,
         -1.0995e-01, -2.8069e-01,  7.3107e-02, -4.2063e-04, -4.1877e-02,
         -1.0640e-03,  1.2915e-02,  1.5703e-05, -2.4862e-02,  1.9298e-02,
         -1.9181e-04,  6.1694e-02, -1.3735e-04, -2.4925e-06, -2.6368e-05,
         -1.0895e-03,  2.4809e-04, -9.7818e-02, -3.9577e-02,  3.9500e-04,
          3.4352e-04,  1.8434e-04, -1.1034e-05,  5.3601e-03, -8.6791e-03,
          5.8919e-02,  1.1635e-05,  8.0622e-03, -3.0658e-03, -4.9352e-04,
         -3.0739e-01, -1.6534e-03, -8.3850e-04, -4.2932e-03, -1.0868e-04,
          2.3679e-01,  4.3862e-02, -6.5728e-04,  3.0801e-04,  1.6565e-05,
          4.6776e-05, -1.3226e-03,  9.8831e-02, -7.2127e-04,  1.5947e-01,
          7.2178e-05, -1.8367e-01,  6.1541e-04,  5.7784e-05, -3.2682e-04,
         -2.5994e-02, -5.2554e-05,  1.5605e-04, -6.4708e-04, -2.1786e-04,
          6.1224e-04,  3.3968e-05, -1.0728e-02, -3.4444e-04, -5.2328e-03,
          6.8265e-03,  7.3318e-03,  5.8174e-05,  8.7033e-01,  2.5498e-02,
         -1.2985e-05,  1.5744e-03,  9.1173e-05]], device='cuda:0'))])
end of epoch 10: val_loss 0.00012384448306686834, val_acc 1.0
trigger times: 0
saving model weights...
Weights: OrderedDict([('fcs.0.weight', tensor([[-8.5061e-06,  3.0888e-05,  4.8592e-04,  ...,  3.5683e-05,
          3.6413e-04, -5.0402e-04],
        [ 2.3230e-03,  4.4345e-04,  2.6123e-04,  ..., -1.2826e-03,
         -2.0999e-03,  5.9482e-04],
        [-8.5349e-04,  1.5487e-05,  3.9181e-04,  ..., -6.0468e-04,
          1.2564e-03, -8.8332e-04],
        ...,
        [-1.0249e-04,  9.7838e-05,  7.5271e-04,  ...,  3.8254e-04,
         -5.5146e-04,  6.9599e-04],
        [-1.5597e-04, -4.3328e-04,  1.7828e-04,  ..., -4.8692e-04,
          3.4410e-04, -9.9050e-04],
        [ 6.3004e-05,  4.0759e-04,  5.9356e-04,  ..., -4.1543e-04,
         -8.3066e-04, -2.7426e-03]], device='cuda:0')), ('fcs.0.bias', tensor([ 1.9054e-04,  5.3906e-04,  4.2098e-04,  6.2876e-04, -1.7126e-04,
        -8.7077e-05,  3.7920e-04,  2.2707e-04,  2.3470e-03,  5.1429e-04,
         4.4685e-04,  1.8672e-04, -1.4523e-04,  6.4187e-04,  1.8435e-04,
         1.2094e-04, -4.8018e-04,  4.2176e-04,  5.8967e-04, -4.2296e-05,
         4.5553e-04, -1.1242e-03,  2.8253e-05, -5.2876e-04,  3.2949e-05,
        -2.2223e-03, -1.8258e-03,  1.9095e-03, -7.1516e-06, -1.5077e-01,
        -2.1832e-04, -1.0819e-04,  5.2865e-04,  5.5314e-04, -8.4426e-05,
        -7.5526e-04, -1.7164e-04,  1.9051e-04, -1.0724e-03,  2.5728e-06,
         4.9988e-04,  1.9515e-03, -1.9853e-04, -1.6239e-04,  3.8741e-04,
         1.1791e-05,  3.6420e-04,  2.2272e-04,  2.0662e-04,  2.0392e-03,
         6.1907e-05,  4.4987e-04, -5.9266e-04,  1.3956e-04, -2.3843e-04,
        -8.3603e-05,  9.3753e-05, -1.7164e-04,  2.7623e-03, -7.4388e-04,
         1.4901e-04, -2.2198e-01, -1.2558e-04, -7.4899e-04, -9.8988e-04,
        -1.1012e-04, -1.7438e-01,  2.2007e-05, -6.9472e-06,  7.6853e-04,
        -5.1475e-04,  7.8319e-05, -2.3977e-03,  3.1659e-04, -1.6731e-04,
        -2.0368e-04, -6.1950e-04,  5.1623e-05,  1.1594e-04, -1.7597e-04,
         1.4066e-04,  7.0243e-04,  1.5998e-03,  2.7420e-05, -3.4120e-04,
         3.4849e-04,  9.7977e-05,  1.6122e-03,  9.2131e-06, -3.2228e-04,
        -1.5805e-01,  1.9189e-03, -3.0570e-04,  5.3163e-04, -5.2017e-04,
        -2.9833e-04,  6.3707e-05,  2.6553e-03, -2.4070e-03,  4.7464e-04,
        -2.8299e-04, -9.5083e-04, -1.0111e-05,  7.1286e-05,  2.3636e-05,
         1.0083e-03, -2.2967e-04, -5.5252e-04, -2.8912e-03,  1.4888e-03,
         9.1471e-04, -5.4954e-05,  1.4148e-04, -2.2272e-04, -5.8666e-04,
        -4.6311e-04,  2.8780e-05, -1.9249e-04,  3.5173e-05, -1.2164e-03,
        -1.5503e-04,  1.1684e-04, -8.1892e-05,  3.8595e-02, -9.1928e-05,
        -7.1373e-04,  7.9930e-04, -3.6513e-04], device='cuda:0')), ('fcs.1.weight', tensor([[-1.5545e-04,  1.5489e-04, -3.3139e-04,  1.9831e-04,  6.0536e-04,
         -1.4711e-04, -1.2492e-05,  1.6478e-06, -3.6273e-05,  2.6009e-04,
          1.0927e-05,  4.3017e-04, -2.0717e-04, -1.3431e-03, -4.0621e-06,
          6.2709e-05,  3.3171e-05, -4.3990e-05,  4.3074e-04, -2.2757e-05,
         -2.7282e-04,  1.4286e-03,  5.6529e-05, -1.0671e-03, -9.3511e-06,
         -1.3355e-04,  1.4203e-04, -3.3644e-05, -1.5346e-02,  1.5093e-05,
         -7.3571e-06,  2.1707e-05, -3.9573e-04, -9.7091e-04, -9.1504e-06,
         -1.6164e-04,  5.2380e-05, -1.7503e-05, -3.6569e-05,  2.0691e-04,
         -5.3986e-05, -8.9934e-04, -1.0893e-04,  1.9392e-04,  6.5428e-07,
         -1.1438e-04,  1.8229e-05, -1.2359e-04, -1.0487e-04, -1.3153e-04,
         -3.1948e-05, -8.9550e-04,  4.9292e-06, -1.7956e-03, -6.0836e-06,
          4.2552e-05,  3.2574e-02, -8.0567e-04, -2.1337e-04,  3.2928e-05,
          3.3479e-05, -5.4634e-06, -4.9544e-05, -9.2581e-04, -4.6349e-05,
         -2.5948e-04, -5.7891e-06,  2.2905e-04, -7.4354e-05,  6.0556e-05,
         -7.1542e-04,  3.9144e-05, -1.2921e-04,  1.3725e-04,  5.5719e-05,
          5.3967e-05,  4.6326e-04, -2.4543e-05, -6.2785e-04,  4.2631e-04,
          2.5162e-04, -4.4758e-04, -2.7413e-04,  5.2981e-05,  1.3601e-05,
         -7.3016e-06,  5.6508e-05,  3.8693e-04, -1.7457e-02,  9.4034e-06,
          3.2310e-05, -8.3040e-04, -9.2930e-05, -3.9678e-04,  2.9527e-05,
         -7.3887e-06,  3.2598e-05, -7.9952e-04, -2.7612e-04, -3.6849e-04,
         -9.4946e-06, -2.6917e-04, -1.5393e-05,  7.7785e-04, -1.1411e-05,
         -5.6746e-04, -4.0786e-06, -2.2990e-04,  7.0099e-05,  7.6448e-04,
         -2.7553e-05, -2.5351e-05, -1.1759e-04,  2.1220e-04, -4.5418e-04,
          1.0178e-03,  2.0971e-05, -1.8740e-05, -1.6981e-05, -3.8924e-04,
          4.2625e-06, -1.2269e-05,  7.3389e-05,  7.3862e-01,  2.0907e-05,
          2.5013e-05,  6.0759e-04,  9.7774e-05]], device='cuda:0'))])
end of epoch 11: val_loss 0.22896943986412452, val_acc 0.995
trigger times: 1
end of epoch 12: val_loss 0.010065215530338456, val_acc 0.995
trigger times: 2
end of epoch 13: val_loss 0.025092864314406958, val_acc 0.99
trigger times: 3
end of epoch 14: val_loss 0.0038256424775892127, val_acc 1.0
trigger times: 4
end of epoch 15: val_loss 0.07877878896755874, val_acc 0.995
trigger times: 5
end of epoch 16: val_loss 0.0012869652866553949, val_acc 1.0
trigger times: 6
end of epoch 17: val_loss 0.018447731733322145, val_acc 0.995
trigger times: 7
end of epoch 18: val_loss 0.004786166163708856, val_acc 0.995
trigger times: 8
end of epoch 19: val_loss 0.29398040771484374, val_acc 0.995
trigger times: 9
end of epoch 20: val_loss 0.04619664037874827, val_acc 0.995
trigger times: 10
Early stopping.
0 -1.2016169804846868 -191.10004520678868
1 0.7502873323101085 -189.05007017278314
2 6.2364187379789655 -187.50220085194994
3 -2.0014647053321823 -180.24009179391223
4 3.9056322118558455 -171.9613792356186
5 12.50260084378533 -169.3817016847894
6 9.251345027587377 -167.87631268052303
7 -0.44699607335496694 -164.27567046290412
8 3.388505309005268 -163.76742236654098
9 12.375853806966916 -156.0786895876365
10 9.786216455120666 -155.22804551507866
11 11.60576188750565 -145.29002069283715
12 10.168321393895894 -142.86657280197298
13 20.910179987549782 -142.75441848091938
14 15.65062765072571 -136.98962801176134
15 14.78290867805481 -132.4813576990395
16 20.520217709243298 -130.98347157271724
17 14.864168792380951 -118.2436222554584
18 26.80757461488247 -117.38411415155902
19 9.86602694063913 -116.97382686219106
20 16.17524104565382 -115.06704102317899
21 42.35734053701162 -112.47832645551227
22 19.038370437920094 -103.24187681049156
23 55.365358710289 -99.7422752992134
24 59.17003485560417 -98.18526661663928
25 33.74592066509649 -88.94674758091466
26 36.952829234302044 -85.88346861832474
27 82.70903289318085 -79.38307722218848
28 72.20472577959299 -79.25112655387144
29 40.97232662886381 -73.50697855948762
30 35.232809603214264 -72.69803191552006
31 68.8801642358303 -71.37326168319514
32 45.12378641963005 -68.27187815304366
33 56.255168192088604 -65.42298162776466
34 68.72793899476528 -65.35816021006309
35 63.83189507573843 -49.3186741604369
36 42.00747957825661 -17.325441617065966
37 76.59659031033516 -4.374511275254108
38 87.9892355799675 -0.4258658969524013
39 58.057039983570576 9.108146753357724
40 74.16482258215547 17.732630180500013
41 86.70537181571126 40.64550156746333
42 87.81950923800468 41.11774838972275
43 70.66925751417875 48.64917674484657
44 89.922317892313 52.50260039838799
45 84.24803057312965 52.54502852695255
46 85.59746244549751 59.52827491841281
47 96.83439972996712 63.45606316769021
48 96.413988776505 66.31570758515764
49 55.01773914694786 67.13050507695384
50 115.52754019200802 72.16624272108386
51 62.83837927132845 79.16074531670823
52 81.58156372606754 84.19837606184075
53 73.70649215579033 89.30707154325768
54 79.50082868337631 90.2698850730257
55 81.68596065789461 90.28646231697512
56 87.22553115338087 90.32667007477052
57 111.17116702347994 91.18021498086692
58 94.08407915383577 92.38187517969644
59 74.41595673561096 92.67153902025292
60 75.49689027667046 93.69474938898811
61 102.79676225781441 93.86112859581364
62 76.05470678955317 95.24073532592021
63 76.15139032155275 95.3630101766082
64 66.65062696486712 96.09581961281374
65 83.35653892159462 97.90553231413178
66 74.48689084500074 98.07644230926206
67 83.37261755019426 98.35872828331676
68 81.81739471107721 98.57334710000995
69 83.22158855199814 98.77895390936838
70 83.76773878931999 99.10163703819775
71 72.5798751860857 99.47183807834362
72 83.9889766573906 101.36707045382526
73 75.3853767439723 102.70820969163083
74 77.59438010305166 103.61971441966246
75 85.99455571174622 104.00039883786899
76 88.65966951847076 104.94014608739957
77 81.03888957202435 105.28448326377394
78 93.86337048560381 105.60678192821229
79 95.91192516684532 106.95774051225432
80 86.71620343625546 107.03525723063939
81 97.27896544337273 107.05410485829283
82 99.44816687703133 107.36477417456501
83 94.09899183362722 107.72369032284489
84 72.89243014156818 107.78006757763964
85 86.27127941697836 107.99397435655325
86 77.83077728003263 108.08910889221833
87 73.47707340493798 108.09776529440465
88 102.49988114833832 108.24033506535473
89 97.84123598784208 109.15712102315346
90 104.1728266775608 109.71287331230647
91 77.01354336738586 110.25063890779474
92 95.05711952596903 110.45880856467717
93 95.55053418129683 110.48639228144049
94 90.98354882374406 111.92877271779909
95 92.34176620841026 112.29467419620224
96 83.16700787097216 112.73910566375015
97 101.11509697884321 112.98274531176438
98 110.25050277262926 113.84616479719523
99 102.93637202680111 114.84612239587612
100 108.48850180953741 115.08707834021696
101 121.460633918643 115.41025719446112
102 108.09298266470432 115.5646624637931
103 109.44693448394537 115.87882502857741
104 95.98013988882303 116.51927592390606
105 107.39917495846748 116.69939038222442
106 105.40788984298706 117.18809854794453
107 102.14650671184063 117.29357601720739
108 107.12308013439178 117.43241923864416
109 104.60592764616013 119.84073495876005
110 125.38548465073109 122.74776106687673
111 124.85128504782915 124.10172315382671
112 119.89653652906418 124.42382576156477
113 129.54471469670534 124.48179570258212
114 116.29539658874273 125.2590893824027
115 115.37009052932262 125.30457667780085
116 120.23280349373817 125.43458549438884
117 138.21294444054365 129.13346806288703
118 135.96219623833895 129.67718524437547
119 149.06906151771545 131.40806576766226
train accuracy: 0.9983333333333333
validation accuracy: 0.995
