demo lengths 200
demos: (120, 200, 3)
demo_rewards: (120,)
[-191.10004521 -189.05007017 -187.50220085 -180.24009179 -171.96137924
 -169.38170168 -167.87631268 -164.27567046 -163.76742237 -156.07868959
 -155.22804552 -145.29002069 -142.8665728  -142.75441848 -136.98962801
 -132.4813577  -130.98347157 -118.24362226 -117.38411415 -116.97382686
 -115.06704102 -112.47832646 -103.24187681  -99.7422753   -98.18526662
  -88.94674758  -85.88346862  -79.38307722  -79.25112655  -73.50697856
  -72.69803192  -71.37326168  -68.27187815  -65.42298163  -65.35816021
  -49.31867416  -17.32544162   -4.37451128   -0.4258659     9.10814675
   17.73263018   40.64550157   41.11774839   48.64917674   52.5026004
   52.54502853   59.52827492   63.45606317   66.31570759   67.13050508
   72.16624272   79.16074532   84.19837606   89.30707154   90.26988507
   90.28646232   90.32667007   91.18021498   92.38187518   92.67153902
   93.69474939   93.8611286    95.24073533   95.36301018   96.09581961
   97.90553231   98.07644231   98.35872828   98.5733471    98.77895391
   99.10163704   99.47183808  101.36707045  102.70820969  103.61971442
  104.00039884  104.94014609  105.28448326  105.60678193  106.95774051
  107.03525723  107.05410486  107.36477417  107.72369032  107.78006758
  107.99397436  108.08910889  108.09776529  108.24033507  109.15712102
  109.71287331  110.25063891  110.45880856  110.48639228  111.92877272
  112.2946742   112.73910566  112.98274531  113.8461648   114.8461224
  115.08707834  115.41025719  115.56466246  115.87882503  116.51927592
  116.69939038  117.18809855  117.29357602  117.43241924  119.84073496
  122.74776107  124.10172315  124.42382576  124.4817957   125.25908938
  125.30457668  125.43458549  129.13346806  129.67718524  131.40806577]
maximum traj length 200
num training_obs 1800
num training_labels 1800
num val_obs 200
num val_labels 200
ModuleList(
  (0): Linear(in_features=3, out_features=256, bias=True)
  (1): Linear(in_features=256, out_features=256, bias=True)
  (2): Linear(in_features=256, out_features=1, bias=False)
)
Total number of parameters: 67072
Number of trainable paramters: 67072
device: cuda:0
end of epoch 0: val_loss 0.004313285122245354, val_acc 1.0
trigger times: 0
saving model weights...
Weights: OrderedDict([('fcs.0.weight', tensor([[ 3.7768e-04,  1.4206e-03,  5.8973e-04],
        [ 1.0053e-03, -1.8327e-03, -1.1806e-03],
        [-8.9213e-04, -8.5660e-04, -2.3307e-03],
        [-4.9095e-05, -1.7802e-03,  9.9782e-04],
        [ 1.9868e-04,  1.5361e-04,  9.7249e-04],
        [-9.1774e-04,  1.3032e-03,  3.7339e-04],
        [ 6.0461e-04,  2.2529e-04, -6.6685e-04],
        [-1.5846e-03,  6.7403e-04,  1.4047e-03],
        [ 1.5002e-03, -1.1981e-03,  1.4907e-03],
        [-2.0012e-03,  1.3861e-04,  1.5317e-03],
        [ 5.3382e-04,  1.9196e-03, -4.9638e-04],
        [-5.1488e-04, -5.9748e-04, -2.6914e-04],
        [-1.2077e-03, -5.7114e-05, -1.7392e-03],
        [-7.9141e-04, -7.4606e-04,  1.0059e-03],
        [-3.9117e-06,  6.8212e-04, -7.5225e-04],
        [ 4.3892e-04,  3.2129e-03,  1.3033e-03],
        [ 8.5694e-04, -5.8595e-04,  9.0942e-04],
        [ 6.2543e-04, -1.3449e-04,  2.8491e-03],
        [ 2.7583e-03,  8.8737e-04,  2.1833e-03],
        [ 2.1832e-03,  2.7865e-03,  3.8041e-05],
        [-4.3379e-04,  6.3861e-04,  4.1389e-04],
        [ 2.0645e-03, -1.2421e-03, -9.8606e-04],
        [ 7.7194e-04,  8.5009e-06,  5.8829e-04],
        [ 1.4053e-03,  1.1048e-03,  5.9752e-04],
        [-1.1631e-03, -1.5703e-03,  1.8235e-04],
        [ 8.6564e-04, -1.4230e-03,  1.2823e-03],
        [ 3.2753e-04, -2.9024e-04,  3.7332e-04],
        [ 1.0805e-03,  1.1182e-03,  6.9715e-04],
        [-2.1228e-03, -1.6326e-03,  2.7415e-03],
        [-2.1115e-03,  9.2219e-04,  2.9182e-03],
        [ 1.3121e-03, -1.0539e-03,  2.5935e-03],
        [-1.4154e-03,  8.6987e-04,  1.4241e-04],
        [ 6.9207e-04, -8.6151e-04, -2.1097e-03],
        [ 5.0217e-04, -6.9505e-04, -6.2051e-04],
        [-8.9870e-04,  1.6477e-04, -8.6386e-04],
        [-1.6798e-04,  4.5241e-04,  1.7253e-03],
        [ 2.0204e-03, -1.1077e-03,  1.0927e-04],
        [ 9.0287e-04, -1.0763e-03, -1.1103e-03],
        [ 1.9129e-03,  1.6929e-03,  1.0616e-03],
        [-2.7498e-04,  1.2929e-03, -7.6060e-04],
        [ 6.0861e-04,  5.8616e-04, -2.6413e-04],
        [-1.0269e-05,  2.0456e-04,  1.7907e-04],
        [ 2.5434e-05,  9.8696e-04, -1.2561e-03],
        [-5.0089e-04, -1.9143e-03,  3.8177e-03],
        [-2.2978e-04, -8.1161e-04,  5.1037e-04],
        [-9.3742e-04, -1.7727e-03, -1.3131e-03],
        [-9.9841e-04, -8.3340e-04, -5.4066e-04],
        [-6.0354e-04,  6.3548e-04, -5.8490e-04],
        [ 3.4072e-04, -5.1404e-05, -7.1270e-04],
        [ 1.1040e-03,  1.3476e-03, -1.6906e-03],
        [ 1.0735e-04,  7.7903e-04,  5.5251e-04],
        [-1.3143e-03, -9.3542e-04,  2.3636e-03],
        [ 1.7878e-03,  7.4311e-04, -1.1857e-03],
        [-6.6877e-05,  1.5749e-04, -6.3051e-04],
        [ 7.9526e-04,  2.1779e-03, -3.2273e-04],
        [ 9.8199e-04, -1.9382e-05,  2.1837e-06],
        [-4.6611e-04,  3.6832e-04,  5.0207e-04],
        [-5.1761e-04, -2.3530e-03,  9.5610e-04],
        [-5.5945e-04,  1.5916e-03, -1.8904e-03],
        [-8.7684e-04, -1.0551e-03,  1.3333e-03],
        [-4.2277e-04,  5.3244e-04, -1.3546e-03],
        [-1.0598e-03, -1.4902e-03,  1.3828e-03],
        [ 2.3130e-04,  4.6740e-04, -1.5719e-03],
        [ 1.0700e-03, -1.6171e-03,  1.5938e-03],
        [-3.3830e-04,  1.3496e-03,  2.5888e-03],
        [ 1.5492e-03,  1.1989e-03,  1.8931e-03],
        [-6.9347e-04,  1.3878e-03, -9.3426e-06],
        [-6.6877e-04,  1.8467e-03, -4.4276e-05],
        [ 7.8427e-04, -1.0072e-03,  1.5188e-03],
        [ 1.1035e-03, -9.9396e-04, -7.9414e-04],
        [ 9.0805e-04,  2.1112e-04, -1.8612e-03],
        [ 3.0830e-04,  1.5768e-03, -2.2277e-03],
        [-1.8995e-03,  3.2652e-04, -2.6113e-03],
        [-1.1169e-03,  6.7652e-04,  4.2179e-04],
        [-2.4418e-03,  1.9557e-04, -1.2583e-03],
        [-9.2331e-05, -5.8020e-04,  1.9693e-03],
        [-1.6612e-03,  5.4091e-04,  1.8610e-04],
        [ 3.2497e-01, -1.1124e-01,  7.6641e-01],
        [-1.5615e-04,  2.4854e-03, -1.7976e-03],
        [ 8.0584e-04,  7.9726e-04, -8.9583e-04],
        [-1.0959e-03,  3.4339e-04,  1.1399e-03],
        [ 7.4173e-04,  6.5140e-05,  2.4811e-04],
        [-1.8440e-03, -1.2701e-03, -1.2847e-03],
        [ 1.2745e-03, -1.3622e-03,  5.7761e-04],
        [-2.2720e-04, -1.0958e-03,  1.2355e-03],
        [-1.8993e-03,  3.8651e-04,  1.0334e-03],
        [-1.0134e-03, -9.7987e-04, -9.6316e-04],
        [-8.1905e-04, -4.2418e-04, -9.4232e-04],
        [ 2.1091e-04,  1.0400e-03,  2.9279e-04],
        [ 1.3199e-04,  1.8831e-03, -1.4113e-03],
        [ 1.0325e-03, -4.8462e-04,  3.5804e-05],
        [-2.8811e-03,  9.0683e-04,  9.9409e-04],
        [ 1.5586e-04, -6.3401e-04,  8.7360e-04],
        [ 2.3249e-04, -2.9068e-04,  1.9021e-03],
        [-2.4801e-04,  3.5744e-04, -6.0694e-04],
        [ 2.7880e-04,  1.2182e-03, -1.0607e-03],
        [-1.0447e-04, -4.2916e-04, -1.7133e-03],
        [ 1.5628e-03,  4.4302e-03,  6.6208e-04],
        [ 9.3521e-04, -5.9416e-04, -1.6035e-03],
        [ 2.0847e-03, -3.6924e-05, -1.3386e-03],
        [ 9.4156e-04,  3.9145e-04, -4.2830e-04],
        [-6.3356e-04,  7.6681e-06,  7.5537e-05],
        [ 1.8155e-04, -8.9717e-04, -8.7679e-04],
        [-9.3433e-04,  1.3219e-03, -1.5715e-04],
        [ 5.9069e-04, -3.9799e-04,  2.8602e-04],
        [-9.7250e-04,  2.5015e-03,  1.0172e-03],
        [ 9.2273e-04,  6.6984e-04, -1.2443e-03],
        [-7.4958e-04, -3.9150e-04, -2.4321e-03],
        [-2.0718e-04, -8.3678e-04,  1.7398e-03],
        [-5.9629e-05,  1.5351e-04,  3.3740e-04],
        [-9.3019e-04, -2.2550e-04, -2.8725e-04],
        [-9.1363e-04,  4.7021e-04,  8.8810e-04],
        [ 7.6368e-04,  9.1153e-04,  5.7590e-04],
        [-1.6863e-04, -2.9030e-03,  1.4287e-03],
        [-1.2622e-03, -2.2448e-04, -3.9661e-04],
        [ 1.7766e-04,  4.9952e-04,  4.1338e-05],
        [ 1.1572e-03,  1.0113e-03, -1.0650e-03],
        [-7.0180e-04, -3.5293e-03, -6.0253e-04],
        [ 1.7981e-04, -1.1879e-03, -1.7269e-04],
        [-5.6833e-04, -2.8311e-03,  1.8157e-03],
        [-8.3771e-05, -6.7942e-04,  1.5344e-03],
        [-5.8940e-04,  1.8731e-03, -2.8062e-04],
        [ 1.6154e-03,  1.4155e-03,  3.3955e-04],
        [ 1.3092e-03,  9.1193e-04,  2.5072e-04],
        [ 1.2865e-03, -1.1541e-04, -1.4352e-03],
        [-1.5083e-03, -2.0264e-03, -1.8411e-03],
        [-4.0823e-04,  4.0340e-03,  2.6763e-04],
        [ 9.9280e-04, -2.4530e-03,  1.3256e-03],
        [-1.6148e-03, -6.4959e-04,  8.8760e-04],
        [-1.1127e-03, -6.3981e-04,  3.4656e-04],
        [-1.5357e-03, -3.9802e-04, -1.7169e-04],
        [ 1.2067e-04,  1.5755e-03,  1.7348e-03],
        [ 8.1461e-04, -1.2550e-03,  7.4522e-04],
        [-4.8090e-04,  1.0071e-03,  9.4352e-05],
        [ 8.3293e-04, -4.4301e-04,  1.0692e-03],
        [ 9.7503e-04, -2.0349e-03,  1.1447e-04],
        [ 8.2792e-05, -1.0693e-03,  6.9037e-04],
        [-1.9199e-03, -3.5025e-04,  1.6479e-04],
        [-1.5952e-04,  3.2535e-04, -4.5431e-04],
        [ 1.1111e-03, -1.0274e-03, -1.7093e-03],
        [ 1.2618e-03,  7.4291e-04, -9.1859e-04],
        [-3.3645e-03, -4.5366e-04, -1.2790e-03],
        [-1.7227e-03,  1.6163e-03,  1.5185e-03],
        [-1.3151e-04,  1.4128e-03, -7.1482e-04],
        [ 3.4380e-03,  1.3950e-05,  1.6196e-04],
        [ 1.1815e-03,  2.1386e-03,  3.3676e-04],
        [ 1.0407e-03, -7.9866e-04,  1.8568e-03],
        [ 1.6817e-03, -1.1467e-03,  7.0122e-04],
        [ 5.7740e-04,  1.5000e-03, -2.6299e-03],
        [-2.4754e-03, -1.0324e-03,  1.3860e-03],
        [-1.9636e-03, -1.5903e-04, -1.2302e-03],
        [ 2.6092e-03, -6.7031e-04,  8.6891e-04],
        [ 8.3913e-04, -6.0174e-04,  1.0004e-03],
        [ 2.1892e-04, -1.0631e-03, -2.0431e-04],
        [-2.8876e-04, -1.1804e-03, -1.5512e-04],
        [ 8.4465e-04,  6.4978e-04,  4.8215e-04],
        [ 3.6396e-04, -1.2137e-04, -2.5962e-03],
        [-2.5300e-03,  3.9798e-04,  4.6701e-04],
        [-5.9547e-04, -1.4473e-03,  2.2588e-03],
        [ 4.5917e-04, -1.6597e-03,  2.5681e-04],
        [-1.3605e-04, -5.5664e-04, -1.2216e-03],
        [-7.4682e-04, -4.6719e-05, -7.2079e-04],
        [-8.0456e-05, -6.0143e-04,  4.3933e-04],
        [ 2.2668e-04,  3.2957e-05, -2.0574e-04],
        [ 1.0113e-03, -2.6515e-04, -9.4038e-04],
        [-9.5324e-04,  2.1569e-03,  1.0094e-03],
        [-4.2927e-04, -1.4888e-03,  1.4905e-03],
        [-1.1585e-03,  1.9408e-03,  1.1708e-03],
        [-1.1640e-04,  5.1961e-04, -2.5607e-03],
        [ 9.5813e-05, -2.9190e-04,  1.8799e-04],
        [ 1.1747e-04,  2.6065e-04, -1.4199e-03],
        [-1.7604e-03,  4.5013e-04, -1.7862e-03],
        [ 3.0237e-04, -1.6615e-04, -4.7035e-04],
        [-7.6694e-04, -6.7638e-04,  1.8682e-04],
        [ 1.7880e-03,  2.6452e-03, -9.5871e-04],
        [ 8.4412e-04, -1.4459e-03, -4.7931e-04],
        [-1.5080e-03, -1.1410e-03, -4.7736e-04],
        [ 3.9403e-04, -2.5235e-03,  1.6428e-03],
        [-9.9108e-04, -1.2806e-03,  5.9456e-05],
        [ 8.7044e-04,  1.4591e-03,  1.0255e-03],
        [-5.5744e-06,  8.7741e-04,  3.4332e-04],
        [ 1.0196e-03,  1.5178e-03,  9.9041e-05],
        [-1.3637e-03, -6.2430e-04,  1.1663e-03],
        [-5.5470e-04,  1.3581e-03, -2.5419e-04],
        [-1.1374e-03, -1.9067e-04,  4.5210e-04],
        [-1.1615e-03,  2.4091e-04, -1.4170e-04],
        [ 7.4734e-04,  9.9362e-04,  1.3296e-03],
        [-5.5619e-04, -5.0749e-04, -3.0461e-04],
        [-1.6931e-03,  1.9071e-03,  2.1955e-04],
        [-1.2285e-03, -1.0795e-03,  6.0976e-04],
        [-6.7091e-04,  1.4994e-03,  6.0520e-04],
        [-1.7967e-03,  7.1477e-04,  1.3892e-05],
        [ 3.9825e-04,  2.2009e-04, -6.0881e-04],
        [-1.8174e-03,  6.6364e-04,  1.0363e-03],
        [-1.0645e-03, -6.0294e-04, -2.3708e-04],
        [ 1.2469e-04, -1.8133e-03,  6.6610e-04],
        [-2.6233e-04,  9.4926e-05, -1.4362e-03],
        [ 2.1382e-03,  5.0203e-04, -2.3252e-03],
        [-2.9603e-05, -1.1371e-03,  1.0255e-03],
        [-7.0549e-04, -4.5696e-04, -2.3247e-03],
        [ 1.1183e-03,  1.9801e-03, -6.4737e-04],
        [-7.8927e-04,  4.7612e-04, -1.2955e-03],
        [-1.5120e-03,  1.1225e-03,  1.0649e-03],
        [-2.8130e-04,  1.2301e-03,  1.9428e-03],
        [ 1.5762e-04, -1.1391e-03,  1.4895e-03],
        [ 6.3192e-04, -2.7227e-03,  1.8193e-03],
        [ 1.4886e-03,  3.0487e-03,  5.5549e-05],
        [-2.4217e-04, -1.5091e-03, -5.2993e-04],
        [-2.1876e-04,  5.6639e-04,  5.7295e-05],
        [ 2.9890e-05,  5.4763e-04,  6.2566e-04],
        [ 1.9279e-04,  1.3590e-03,  1.0783e-03],
        [-9.4166e-04, -1.4526e-03,  3.1442e-04],
        [-1.2506e-04, -9.6648e-04, -1.2741e-04],
        [ 8.6817e-04, -9.0105e-04, -1.5093e-03],
        [ 3.8235e-04,  7.9448e-04, -4.0395e-04],
        [ 1.0302e-03, -8.6385e-04,  1.0604e-03],
        [ 1.4449e-03, -1.4135e-03,  1.9096e-03],
        [-3.5591e-04,  5.2576e-04, -1.5995e-03],
        [ 5.1317e-04, -1.5212e-03, -7.8398e-04],
        [-2.4011e-03,  1.6765e-04,  1.2476e-03],
        [-5.7928e-04, -1.2849e-03,  1.1493e-04],
        [-6.8746e-05,  4.1862e-04,  6.9639e-04],
        [ 1.5622e-03,  1.3259e-04,  2.7807e-03],
        [-6.5058e-04, -2.9449e-03,  1.7896e-03],
        [ 7.5009e-04, -1.8421e-03, -4.7959e-04],
        [ 2.1778e-03, -8.7316e-04,  1.9507e-03],
        [-5.5914e-04, -7.5127e-04,  1.3610e-03],
        [-5.9206e-04,  1.7642e-03, -8.5233e-04],
        [-4.5330e-04, -1.6563e-03,  9.5449e-04],
        [-7.1994e-04,  1.3188e-03,  2.0335e-03],
        [-2.2235e-03,  5.4068e-05,  1.5186e-03],
        [-4.6153e-04, -2.6611e-04,  4.4049e-04],
        [-5.2178e-04,  9.6875e-04,  8.1452e-04],
        [-1.1380e-03,  2.7688e-04,  6.7414e-04],
        [ 7.0138e-04, -1.2750e-03, -2.0451e-03],
        [ 7.8842e-04, -8.8848e-05, -3.1240e-04],
        [-1.5631e-03,  6.1830e-05, -5.8129e-04],
        [-6.7045e-04,  1.3987e-03,  4.1710e-04],
        [-2.3315e-04,  3.6445e-04,  7.1322e-04],
        [-7.3308e-04, -6.2779e-04, -1.6301e-03],
        [-2.1721e-03,  9.8801e-04,  3.4012e-04],
        [ 1.5750e-03, -1.5187e-03,  2.0739e-03],
        [-2.2972e-04, -6.1011e-04,  7.6753e-04],
        [-1.1708e-03,  2.8394e-03, -2.9288e-03],
        [ 5.7044e-04,  2.3007e-03, -1.1095e-03],
        [-4.6135e-04,  1.8640e-04, -8.7444e-04],
        [ 3.2250e-04, -6.6402e-04,  1.5982e-03],
        [ 1.2893e-03, -3.7182e-04, -1.2490e-03],
        [ 2.6206e-04, -8.1462e-04, -2.2458e-03],
        [ 6.4326e-04,  5.6189e-04,  1.7592e-04],
        [-3.5948e-05, -9.9913e-04, -8.4239e-04],
        [ 1.2869e-03, -1.5785e-03, -1.8470e-03],
        [ 5.8040e-04, -1.3691e-03,  1.0410e-03],
        [-2.0801e-03,  6.3747e-04, -1.6576e-03],
        [-1.0555e-03,  2.4152e-04,  2.2057e-03],
        [ 3.7107e-05, -1.1398e-04, -1.7117e-03]], device='cuda:0')), ('fcs.0.bias', tensor([ 9.5407e-05,  2.1209e-03,  4.8965e-04,  1.0243e-03,  1.0775e-03,
        -7.1723e-04, -4.0187e-05,  3.1794e-04, -7.8928e-04, -1.7703e-03,
         9.9396e-04, -8.9713e-04, -7.0189e-04, -2.5222e-03, -2.7499e-04,
         1.9633e-04,  2.9521e-04, -1.1689e-04, -5.4252e-04, -1.1796e-04,
        -1.5179e-03, -1.7372e-03, -4.9301e-05, -1.3682e-03,  2.5546e-06,
         1.0333e-03,  1.8220e-03, -2.6076e-04,  7.7518e-05, -2.2544e-04,
         1.6239e-03, -4.8418e-05, -1.3781e-03, -1.1156e-03, -2.8497e-04,
         7.9695e-04,  1.7156e-03,  1.0298e-03,  2.2142e-03, -2.6097e-03,
         7.1226e-04, -6.4589e-04,  1.0263e-03,  1.0973e-03,  5.0415e-05,
         5.1901e-03,  6.5511e-04,  1.0912e-04,  1.7386e-05,  8.0214e-04,
         2.1056e-03, -1.6827e-03,  1.4014e-03, -1.4113e-04, -7.1606e-05,
        -1.9042e-04, -7.0335e-04,  1.5969e-03, -1.6408e-03,  1.0218e-03,
        -3.2850e-04,  7.8186e-04,  1.8682e-03, -2.3606e-04,  3.0864e-05,
         2.2019e-03,  1.7952e-03,  1.2987e-03, -1.1471e-03, -4.4243e-04,
         1.8342e-03, -5.6589e-04, -6.0908e-04,  9.4824e-04, -6.7281e-04,
         1.1598e-03,  1.4136e-03,  9.9710e-02, -1.6697e-03, -2.0562e-03,
         3.5631e-04,  9.6140e-04, -1.5658e-04, -4.3845e-04, -1.3102e-04,
        -1.5510e-03,  3.7633e-04,  2.4462e-04,  2.1845e-03,  1.0175e-03,
        -3.2850e-05, -2.1015e-04,  6.9503e-04, -1.9396e-03, -3.7212e-04,
        -3.5141e-04, -1.0649e-03,  7.1356e-04, -4.4879e-04, -1.9801e-03,
        -1.6106e-03, -7.9928e-04, -4.0888e-04, -1.5291e-03,  1.4012e-03,
         1.5073e-04, -7.4121e-04,  2.2785e-04, -4.8311e-04,  2.2631e-03,
        -5.0610e-04,  1.6716e-04,  3.0675e-03,  3.4926e-04, -1.6054e-04,
        -7.5983e-04, -2.6999e-03,  6.8379e-04, -8.0334e-04, -1.1313e-03,
        -1.8199e-04, -5.1108e-04, -1.9485e-05,  1.7265e-03, -6.5813e-04,
        -1.4195e-03, -2.3516e-03,  1.5828e-03, -4.8696e-04,  4.5478e-04,
        -2.3125e-03, -9.2059e-04,  1.2455e-03,  1.1640e-03,  2.1725e-03,
         1.4247e-03,  7.1663e-04, -1.1969e-03,  4.8498e-05,  7.0062e-04,
         1.7501e-03, -2.7911e-03, -1.1546e-03,  1.6512e-03,  7.8065e-04,
         1.2361e-04,  1.2594e-03, -4.6745e-04,  1.2229e-03,  2.5102e-03,
        -9.3448e-04,  8.7215e-04,  4.1581e-05, -9.8063e-04,  1.7915e-03,
         1.2095e-03, -4.0960e-04,  4.5841e-04,  8.1194e-04, -3.4928e-03,
        -1.2978e-03, -6.3166e-04,  7.1986e-04, -1.3377e-03,  8.0238e-04,
         1.5938e-04,  1.3182e-04,  4.4944e-04,  9.6287e-04, -1.7881e-03,
        -2.3539e-03, -1.4456e-03, -1.4200e-04,  5.1257e-04, -5.7540e-04,
        -1.1739e-03,  8.1425e-05, -1.5113e-03,  3.6618e-04, -1.4833e-03,
         1.2096e-05,  1.4761e-03,  3.6099e-04,  5.3090e-05,  2.0565e-04,
         2.9355e-04, -1.6124e-03,  1.1697e-03,  4.6763e-04,  1.4182e-03,
         2.1271e-03, -1.9321e-03,  6.4125e-04, -1.1122e-03, -6.0182e-04,
         6.9404e-04, -8.9664e-04,  6.5325e-04,  5.2571e-04,  1.2713e-03,
         8.9592e-05,  1.6528e-04, -4.1897e-06, -1.4427e-04, -2.5039e-03,
        -5.9287e-04, -6.7301e-04, -1.1245e-03, -1.8614e-03, -1.1929e-04,
        -7.5862e-04, -7.4861e-04, -1.0598e-03,  1.1039e-03, -9.4745e-04,
        -3.0030e-04, -3.5081e-04, -3.9414e-04,  1.7872e-03,  1.0749e-03,
         1.1645e-03, -6.2279e-04, -4.7520e-04,  4.4522e-04, -6.2470e-04,
         6.2430e-04,  9.6424e-04,  1.1035e-03,  4.7930e-04,  5.8545e-04,
        -7.3548e-04,  2.1012e-04, -1.4626e-04, -1.0462e-03, -1.1644e-03,
         1.4876e-03,  1.0185e-03, -6.6263e-04, -2.9152e-04, -1.4960e-03,
         1.1964e-03,  5.9643e-04,  9.0704e-05,  3.8288e-04, -6.3065e-04,
        -1.2081e-03, -8.1731e-04,  1.0203e-03, -5.3598e-04, -1.6104e-03,
        -1.4780e-03,  5.5364e-04,  2.3703e-03,  1.9062e-04,  2.0882e-03,
        -7.1910e-05], device='cuda:0')), ('fcs.1.weight', tensor([[ 4.3168e-03,  1.8286e-03,  8.0185e-05,  ...,  3.3296e-03,
         -1.2606e-03,  2.0268e-03],
        [ 8.9344e-04, -1.3045e-03,  3.0019e-04,  ...,  4.9703e-04,
          3.0337e-04,  7.4132e-04],
        [-2.1511e-04, -8.9378e-04,  6.8299e-05,  ...,  5.2478e-05,
         -8.9210e-04,  9.1577e-04],
        ...,
        [ 9.8500e-04,  8.9339e-04,  5.4853e-04,  ...,  2.6250e-04,
          1.3003e-03, -1.9347e-03],
        [ 2.1807e-03, -7.6502e-04,  3.4900e-04,  ...,  4.9700e-04,
         -9.0330e-05, -1.1363e-03],
        [-1.4144e-03, -2.2834e-04, -1.5943e-03,  ..., -2.8270e-04,
         -7.6471e-04, -1.0519e-03]], device='cuda:0')), ('fcs.1.bias', tensor([-4.5680e-04, -1.3060e-03, -1.5804e-04,  3.4497e-03, -6.4280e-04,
         1.8855e-03,  7.0830e-04,  1.9215e-04, -1.3520e-03, -7.6864e-04,
         8.4609e-04, -7.8105e-05,  2.4935e-03, -7.3694e-04, -4.8255e-05,
         1.3272e-03, -1.1469e-03,  1.3046e-03, -6.7879e-04, -2.3624e-03,
         8.8261e-04, -2.7647e-03,  8.9370e-04, -6.7882e-04,  1.0981e-03,
        -1.3071e-07, -9.4012e-04, -3.8699e-04,  8.8164e-04,  6.7011e-04,
         8.9255e-04, -2.2342e-03, -9.9125e-04,  8.3263e-04, -4.2173e-04,
         1.7715e-03,  8.9935e-05,  5.2218e-04, -1.6448e-03,  5.8538e-04,
        -6.4570e-04,  7.2723e-04, -2.2738e-03, -7.8190e-04, -3.8015e-04,
        -7.7989e-04,  2.1600e-03,  1.2879e-03, -6.5064e-04,  8.9579e-04,
        -7.3436e-04, -1.0894e-03,  5.0139e-04, -1.5673e-04, -2.9557e-03,
         1.2017e-03,  6.7253e-04,  5.7762e-04,  3.8211e-04, -3.2578e-05,
         5.4765e-04, -2.8946e-03,  1.0821e-04, -2.0110e-03, -1.7671e-03,
        -7.8865e-04, -7.1445e-04,  7.5667e-04, -2.2036e-03,  5.7538e-05,
         7.7024e-04,  2.4119e-04, -3.5396e-04, -1.4475e-03,  4.2155e-04,
         6.7362e-04, -1.5379e-04,  3.0617e-03,  1.2527e-03, -6.9343e-05,
         7.2876e-04, -8.1541e-04, -7.0803e-04,  3.1844e-03, -7.5342e-04,
        -2.0402e-04, -1.3009e-03,  7.5688e-05,  9.0040e-05, -4.9244e-04,
         2.8874e-04, -9.9258e-04, -6.8842e-04, -8.3249e-04, -1.3919e-03,
        -5.2260e-04, -2.4059e-03,  1.2124e-03,  1.3727e-03, -1.3293e-03,
        -1.3188e-03, -3.0007e-04,  5.2930e-04, -6.4359e-04, -1.8828e-03,
        -3.1420e-04,  1.7786e-03,  6.8254e-04,  2.0923e-03, -5.7543e-04,
        -6.3115e-04,  4.4126e-04,  3.1218e-04, -6.1164e-05,  5.3735e-04,
         8.9387e-04, -5.4568e-04,  1.3737e-03, -9.2449e-04, -8.8883e-04,
         5.9053e-04, -7.1408e-04, -1.1378e-03, -1.1524e-03,  6.2146e-04,
         1.9720e-03,  2.1689e-03, -1.6143e-03, -1.1922e-03, -2.2260e-04,
        -4.5879e-04,  1.6847e-03, -7.8028e-04, -3.1027e-04, -4.7711e-04,
         3.4623e-04, -4.8884e-04,  1.8968e-03, -1.9284e-03,  3.8447e-03,
        -7.7175e-04,  2.9687e-03, -5.0936e-04,  1.3740e-03,  6.8015e-04,
        -1.3691e-03, -1.3071e-03, -1.1855e-03, -6.8144e-04, -1.4881e-03,
        -7.1252e-04,  3.5849e-04, -2.0573e-03,  7.4892e-04,  4.2422e-04,
        -6.5501e-04, -3.3381e-03, -4.0488e-05, -1.7355e-03, -8.6633e-04,
        -1.3158e-03, -1.6011e-03, -6.9416e-04, -9.1860e-04, -1.3052e-03,
         1.1311e-03, -1.2852e-03,  1.0746e-03, -8.3960e-04,  1.6780e-04,
        -1.3969e-03,  9.7490e-04,  1.7172e-03, -3.5014e-04, -8.5133e-04,
        -4.0771e-04, -5.6622e-04, -2.8588e-04, -6.7539e-04, -1.2976e-03,
         1.1916e-03,  3.8242e-04,  2.1328e-04, -8.8853e-04,  2.3319e-05,
         7.7847e-05, -6.8905e-04, -3.0422e-04,  7.5662e-04,  1.4053e-03,
         7.4361e-04, -6.1372e-04,  7.3938e-05,  6.6716e-04, -9.3123e-04,
        -4.9418e-04,  1.0267e-03, -1.6789e-03,  5.5169e-04, -1.4193e-03,
        -6.0750e-04,  1.4291e-03, -8.3592e-04,  1.5746e-03, -1.9551e-03,
         8.7166e-04, -4.2362e-04, -3.3366e-03, -6.0526e-04,  2.0674e-03,
         1.2512e-03,  2.4451e-03,  6.7245e-04,  9.0182e-04, -4.4782e-04,
        -4.2782e-04, -1.3215e-03,  1.5694e-03, -7.4719e-04,  2.0200e-03,
        -2.5398e-03, -4.6673e-04, -9.8651e-04,  4.2397e-05,  1.6561e-03,
         4.6121e-04,  2.4243e-03, -8.8773e-04,  1.7666e-05,  2.0553e-03,
         4.8583e-04, -1.1228e-03, -3.8803e-03,  1.3069e-03, -4.0112e-04,
        -1.5038e-03, -2.5748e-04,  8.0919e-04, -6.6254e-04, -2.6393e-04,
         1.3331e-03,  1.2982e-03,  1.8524e-03,  2.3041e-03, -2.6057e-03,
         7.1765e-04, -1.8676e-03, -1.1114e-03,  1.0804e-03, -1.3000e-03,
        -9.0745e-04, -7.0901e-04, -1.6633e-03, -1.0445e-03,  3.8874e-04,
         1.5118e-03], device='cuda:0')), ('fcs.2.weight', tensor([[-4.2536e-04, -1.6287e-04, -5.9811e-04, -5.2930e-05, -1.2287e-04,
         -8.5244e-04,  1.8628e-03, -1.2080e-04, -5.1940e-04, -1.0353e-03,
         -1.6261e-05, -1.8724e-04,  4.2743e-04, -9.8758e-05, -1.0432e-04,
         -5.1488e-04,  8.5043e-04, -4.6586e-04, -1.4874e-05, -1.4403e-04,
          4.5581e-04,  1.7363e-03, -2.1804e-04,  1.2010e-04,  1.3012e-04,
          1.1844e-04,  1.4822e-03,  3.2552e-04, -5.5078e-05, -1.8601e-04,
         -5.4900e-04, -9.8584e-04,  1.9175e-04,  5.6998e-06,  1.4958e-03,
          1.1298e-03, -1.6415e-04, -1.2769e-04,  7.4070e-05,  5.6171e-06,
         -6.8178e-05, -1.2025e-04, -1.3471e-03,  6.6313e-04, -1.1155e-04,
          2.2675e-04, -8.5237e-04,  6.8775e-04, -1.0445e-04,  1.8228e-06,
          2.3499e-04, -9.6678e-05, -3.7855e-04,  2.3925e-04, -8.0711e-04,
         -1.3528e-03,  4.1398e-05, -1.8626e-03, -6.0339e-04,  3.1912e-05,
          2.3906e-05, -4.8821e-05,  3.3486e-04,  7.5832e-05,  3.6908e-04,
         -1.6176e-04, -2.1011e-04, -1.1007e-04,  4.2478e-04,  2.1285e-04,
         -8.0736e-05,  3.5957e-04,  1.5463e-03, -1.3374e-03, -2.0332e-04,
          1.7846e-04, -1.7088e-05, -2.9839e-04,  1.3006e-05, -8.8446e-04,
          1.2647e-03,  8.1215e-04,  4.4854e-04, -2.9216e-04,  1.0819e-05,
         -8.0629e-04,  1.8297e-03,  4.9723e-04, -3.9156e-05,  7.3497e-05,
         -1.7732e-05,  3.0922e-04,  9.6698e-04, -5.7250e-05,  9.9341e-04,
          1.1683e-05,  1.3748e-03, -3.3560e-04,  2.2728e-04, -2.0604e-04,
         -5.9484e-04,  4.9718e-05, -1.4717e-04, -1.0076e-04, -5.0304e-05,
         -9.2111e-05, -6.7260e-04,  2.0246e-04,  3.0408e-04, -1.7917e-04,
         -4.1387e-04,  8.0059e-05,  1.8707e-04, -6.7486e-05, -1.2156e-04,
          1.3359e-04,  5.6046e-04, -1.8727e-04, -4.6454e-04, -4.2647e-04,
         -1.4275e-03, -8.9743e-04,  1.8983e-04, -8.0646e-06, -3.9746e-05,
          2.7083e-03, -1.4307e-03,  7.2455e-04, -1.0211e-03,  1.4927e-05,
          1.7436e-03, -4.5834e-04,  5.4122e-04, -2.7831e-03,  2.5747e-04,
         -6.7814e-04, -1.3538e-05,  1.7511e-03, -1.9720e-03, -2.9148e-04,
         -1.5605e-04, -7.7856e-05,  1.3419e-03, -9.1117e-04,  2.8488e-04,
         -2.0468e-03,  1.7661e-04,  8.3335e-04,  1.4106e-05, -1.4055e-03,
         -2.9989e-04, -1.2935e-04,  1.8851e-04,  3.5250e-04,  2.9714e-04,
          1.3266e-05,  5.6910e-05, -9.7271e-06, -9.0778e-01,  5.0710e-04,
          3.4790e-04, -2.8271e-04,  1.1832e-04, -8.1426e-04, -2.7674e-04,
          7.4669e-04,  1.9631e-04,  2.7943e-05,  1.6046e-04,  3.6119e-03,
          2.9956e-05,  1.0229e-03,  6.9143e-05,  6.2643e-04,  1.3323e-03,
          2.0293e-05,  9.6016e-04,  3.5112e-04,  1.7996e-04, -1.1754e-04,
          4.2456e-03,  1.7861e-05,  7.9789e-04, -4.1359e-05, -7.9794e-04,
          4.4666e-04, -1.3470e-03,  1.0060e-05,  1.2565e-04, -4.5497e-05,
          9.4995e-04, -1.5542e-04,  1.6833e-03, -3.4638e-04,  4.2678e-04,
         -6.0430e-04,  1.1074e-03,  1.5790e-04, -1.7397e-04, -4.3140e-04,
         -5.3094e-05, -9.8705e-04, -1.0807e-04,  1.4162e-03,  7.0229e-04,
          8.7767e-05, -3.3110e-04, -6.3883e-04,  7.8904e-05, -1.3863e-03,
         -1.4087e-03, -1.6456e-04,  5.4094e-04,  1.3652e-03,  2.7541e-06,
         -3.0654e-04, -1.1840e-03, -2.1439e-04,  5.3863e-04,  1.9665e-03,
          5.4601e-04,  6.8340e-04, -2.2739e-03,  3.7211e-04,  1.2084e-05,
          1.0757e-03,  6.8044e-04, -1.4772e-03,  3.9938e-05, -2.0363e-04,
         -1.8305e-04,  1.9169e-05,  5.0243e-04,  1.4620e-04,  5.3305e-04,
         -1.3711e-04, -8.1629e-04, -3.3422e-04, -1.1244e-04, -2.0365e-04,
          1.4111e-03,  1.3170e-04, -8.5956e-05, -7.3874e-04,  5.4346e-04,
         -1.7391e-03,  1.8915e-04,  9.8879e-04, -1.5534e-03, -1.0381e-04,
         -5.7377e-05, -2.3403e-04, -1.1585e-03,  2.1649e-04, -1.2697e-04,
          3.0745e-05]], device='cuda:0'))])
end of epoch 1: val_loss 0.008150126601460101, val_acc 1.0
trigger times: 1
end of epoch 2: val_loss 0.016651077392908567, val_acc 1.0
trigger times: 2
end of epoch 3: val_loss 0.01292106511162725, val_acc 1.0
trigger times: 3
end of epoch 4: val_loss 0.011934204653606706, val_acc 1.0
trigger times: 4
end of epoch 5: val_loss 0.012494893050683053, val_acc 1.0
trigger times: 5
end of epoch 6: val_loss 0.0025221028383721135, val_acc 1.0
trigger times: 0
saving model weights...
Weights: OrderedDict([('fcs.0.weight', tensor([[ 1.6242e-03, -1.8922e-03, -3.7915e-04],
        [-1.7079e-03, -8.2244e-04, -8.9652e-04],
        [-8.5621e-04,  5.5051e-04, -7.9854e-04],
        [-3.9563e-04,  2.7622e-03,  1.3095e-03],
        [ 2.8018e-03, -5.4649e-04, -1.2331e-03],
        [ 1.0041e-03,  2.7072e-04, -1.4827e-04],
        [ 7.0850e-04, -1.9448e-03,  2.9145e-04],
        [-7.1376e-04, -1.2087e-03, -2.1845e-03],
        [-1.7884e-04, -1.6054e-03,  7.0503e-04],
        [ 4.9312e-04, -1.4935e-03,  2.6632e-04],
        [ 8.8582e-04,  3.7205e-04,  1.4329e-03],
        [-7.9389e-04, -2.9516e-04,  2.3418e-05],
        [ 8.2341e-04,  4.8215e-04,  2.2373e-03],
        [-4.3102e-04, -1.6609e-03,  3.4119e-05],
        [-4.5344e-05,  1.3193e-03,  1.5054e-04],
        [ 1.6635e-03,  1.1298e-03,  1.8071e-03],
        [-1.1850e-04, -1.6330e-03,  1.0520e-03],
        [-7.0301e-04, -2.8010e-04, -1.1152e-03],
        [-7.5240e-04, -1.2425e-03, -1.1357e-03],
        [-3.4463e-04,  4.5594e-04, -1.4410e-04],
        [ 5.6671e-04, -5.5176e-04,  9.8750e-04],
        [-2.3958e-05,  5.7813e-04,  2.6852e-03],
        [-1.2548e-03, -5.1297e-04,  6.7378e-06],
        [-1.9776e-03, -7.6678e-04,  1.4412e-03],
        [ 9.3786e-04,  4.7886e-04,  3.7341e-04],
        [ 8.2282e-04,  6.5492e-04, -5.3368e-04],
        [-2.8968e-04,  1.0485e-03, -1.2177e-03],
        [-5.6989e-04,  6.2387e-04, -6.7796e-04],
        [-1.4919e-03,  8.9443e-04, -9.9362e-04],
        [-1.1598e-03, -1.4354e-03, -1.4846e-03],
        [ 9.9097e-04, -2.1221e-03,  3.8981e-04],
        [ 2.2401e-05, -6.2274e-04,  9.9794e-04],
        [ 1.0796e-03, -7.3574e-04,  2.4428e-03],
        [ 1.1737e-03, -4.9100e-04,  1.6498e-03],
        [-2.3963e-03,  2.8987e-05, -9.3716e-04],
        [-3.2356e-04,  2.8216e-03, -7.7079e-04],
        [ 2.5964e-03, -5.4041e-04,  1.2170e-03],
        [ 8.1063e-04, -2.4950e-03,  8.8590e-04],
        [-1.6336e-03, -3.7542e-04, -1.3161e-03],
        [-1.0266e-03, -4.6696e-04,  1.2287e-03],
        [-7.2214e-04,  6.5693e-04,  1.5652e-03],
        [ 5.4931e-04,  1.5681e-03,  5.0607e-04],
        [ 2.2654e-04, -1.0999e-04, -5.1304e-05],
        [-9.0851e-04,  4.9772e-04,  1.1813e-03],
        [-3.4986e-03,  5.6958e-04,  1.5347e-04],
        [ 2.3536e-03, -5.3468e-04,  1.4601e-03],
        [-1.1748e-03, -1.1683e-03, -1.3186e-03],
        [-8.4155e-05, -2.4535e-04,  3.8067e-04],
        [-1.2095e-03,  6.7702e-04, -4.1369e-04],
        [-1.6709e-04,  3.9815e-04,  1.0262e-03],
        [ 4.4069e-04, -3.4403e-03,  6.6705e-04],
        [-1.7131e-03, -3.8511e-04,  5.6213e-04],
        [ 2.8378e-03, -1.2854e-03, -1.0911e-03],
        [ 2.2813e-03,  1.1207e-03,  1.7060e-03],
        [ 1.1260e-03,  1.2202e-03, -1.0223e-04],
        [-8.5862e-04,  1.1693e-03, -3.6331e-04],
        [-2.7802e-06,  3.0294e-04, -1.9325e-03],
        [-1.2421e-03, -2.5873e-03,  7.4685e-04],
        [-1.3131e-03, -3.8045e-04, -2.9024e-03],
        [-1.4333e-03, -1.1419e-03, -3.8053e-04],
        [-1.6316e-04,  1.6516e-03, -3.8385e-04],
        [ 1.6838e-03, -2.8416e-03, -2.0208e-04],
        [-2.7043e-03,  7.4235e-04,  1.2681e-03],
        [ 1.6177e-03,  1.9008e-03,  8.9717e-04],
        [-2.1582e-03, -4.8988e-05, -1.1968e-03],
        [-9.9914e-04, -5.3183e-04, -1.4379e-03],
        [ 6.4672e-05,  5.9301e-05, -4.2970e-03],
        [ 3.4731e-03, -1.4078e-03, -2.9281e-04],
        [-5.7438e-04, -9.4686e-04, -2.8622e-04],
        [ 9.2769e-04,  1.9229e-03,  2.5438e-03],
        [-3.0232e-04,  1.3830e-03, -3.4109e-04],
        [ 3.1976e-05, -1.1011e-03,  1.1968e-03],
        [-1.6011e-03, -1.5128e-03,  1.5044e-03],
        [-1.2827e-03, -3.7455e-04, -1.3592e-03],
        [ 7.7930e-04,  1.4756e-03, -1.8427e-03],
        [ 1.5518e-03,  2.7839e-04, -1.2536e-03],
        [ 4.1229e-04, -1.1910e-03,  1.0566e-03],
        [ 5.5262e-01, -5.6193e-02,  5.6549e-01],
        [-3.7952e-04,  1.7648e-04,  7.8502e-04],
        [ 3.8141e-04,  6.2384e-04,  9.5152e-04],
        [-2.8508e-03, -2.4169e-03,  1.3183e-03],
        [-1.0854e-03, -6.6670e-05,  1.4257e-03],
        [-8.6988e-05,  8.6047e-04, -2.5664e-03],
        [ 1.4197e-03,  8.7575e-04, -7.0980e-04],
        [-9.7282e-04,  2.4292e-03,  1.3991e-03],
        [ 6.2172e-04,  1.0529e-04, -1.1564e-03],
        [ 2.6659e-03, -7.8568e-04,  2.5495e-03],
        [-4.4742e-04,  1.4026e-03,  1.1658e-03],
        [-3.1842e-03, -8.7139e-04, -3.8784e-04],
        [ 2.6718e-04, -1.3096e-03, -7.2048e-04],
        [-5.7823e-04,  3.1182e-05,  8.3475e-05],
        [ 1.3192e-03, -1.5503e-03, -7.1773e-04],
        [ 8.7919e-04, -4.8215e-04,  1.5976e-03],
        [ 9.2010e-04, -2.4819e-04, -1.3513e-03],
        [ 1.5005e-03, -1.2543e-03,  6.4460e-04],
        [-2.2652e-04, -1.1613e-03,  2.3459e-03],
        [ 8.2691e-04, -9.9164e-04, -4.0300e-04],
        [ 3.2399e-04, -1.2513e-03,  1.7953e-03],
        [-6.0423e-04,  1.6495e-05, -1.8400e-03],
        [ 2.7394e-03, -1.1365e-03, -1.5022e-03],
        [ 1.0313e-03,  1.0203e-03,  3.1939e-04],
        [-5.9318e-04, -7.3824e-05, -9.0271e-05],
        [-5.3516e-04,  1.2718e-03,  8.0545e-05],
        [ 3.3609e-05, -1.0570e-03, -8.6548e-04],
        [ 2.7361e-03, -3.1178e-04, -4.2983e-04],
        [-1.4590e-04, -1.0229e-03,  1.5415e-04],
        [ 1.1161e-03, -6.1934e-04,  4.8509e-04],
        [ 1.2921e-04, -1.1882e-03, -4.2740e-03],
        [-1.3895e-03,  1.4048e-03, -1.0097e-03],
        [ 1.0481e-03, -1.3052e-04,  2.6984e-03],
        [-9.3653e-04, -1.4250e-04,  3.4438e-04],
        [-2.2254e-03,  3.4616e-04,  2.8242e-05],
        [-1.6528e-03, -5.6653e-04,  3.9799e-04],
        [-1.9062e-03, -8.4745e-04, -1.8540e-03],
        [ 1.0160e-03, -9.6207e-04,  1.8897e-04],
        [ 1.4841e-03,  8.2806e-04,  4.8865e-04],
        [ 1.8894e-03, -1.3928e-03, -1.8200e-03],
        [ 9.4882e-04, -7.5056e-04,  1.8631e-04],
        [ 1.5607e-03,  1.2549e-03, -1.5746e-04],
        [ 1.1479e-04,  2.6676e-03,  2.5894e-04],
        [ 1.0184e-04, -1.0359e-03, -7.5022e-04],
        [ 1.3298e-03,  5.2384e-04, -3.8154e-04],
        [ 2.8291e-04,  6.6229e-04, -1.4869e-03],
        [ 8.2809e-05, -5.1229e-04, -6.0334e-04],
        [ 6.4646e-04,  6.5442e-05, -1.4855e-06],
        [-1.6739e-03, -1.0213e-03,  3.4846e-04],
        [-1.4521e-03,  1.0350e-03,  6.9266e-04],
        [-4.0961e-04,  1.9073e-03,  3.8470e-04],
        [-1.0146e-03, -6.2004e-05,  2.4574e-03],
        [-4.9231e-04, -5.1868e-04, -1.7135e-04],
        [-4.8342e-04, -2.8448e-03,  4.0829e-04],
        [ 7.3565e-04, -1.7945e-03,  7.3391e-05],
        [ 1.5196e-03,  5.0361e-04,  2.6233e-03],
        [ 1.9181e-03,  3.5678e-04, -5.8367e-04],
        [-6.4099e-04, -2.8306e-03,  1.2829e-03],
        [-1.6545e-03, -1.2192e-03,  8.6479e-04],
        [ 1.5927e-03,  5.2975e-04,  9.3128e-05],
        [ 4.4567e-04,  1.5329e-03,  5.1265e-04],
        [ 1.0245e-03, -1.6504e-03,  8.5554e-04],
        [-8.2670e-04,  3.3778e-03,  3.1451e-04],
        [-1.1595e-03, -2.1835e-03, -9.4391e-05],
        [ 1.2207e-03,  3.4532e-04,  7.6045e-04],
        [ 1.7606e-03, -2.2518e-03, -5.0137e-05],
        [-3.5845e-04,  3.4220e-04, -1.2831e-03],
        [ 2.8655e-04,  5.4459e-04, -3.2060e-03],
        [ 9.8665e-04,  1.9988e-03,  2.8936e-03],
        [-1.5021e-03,  1.2225e-03,  8.9014e-04],
        [ 1.8257e-03, -2.6476e-04, -1.4547e-03],
        [ 1.7154e-03, -1.3924e-03, -2.0172e-03],
        [ 2.0195e-03, -2.7416e-03,  5.0450e-04],
        [-8.9262e-04,  1.7267e-03,  1.8049e-04],
        [ 2.7317e-04, -2.5032e-03, -1.4514e-03],
        [-8.9128e-04,  1.7063e-03,  6.4666e-04],
        [ 5.4122e-04,  2.9773e-03, -2.6852e-04],
        [ 3.6500e-04, -1.1362e-03, -2.1864e-03],
        [-5.0428e-04,  5.8317e-04,  4.2132e-04],
        [-5.3296e-04,  3.6059e-04, -2.9576e-03],
        [-1.1402e-03, -1.7466e-04, -7.5981e-04],
        [-5.5059e-04,  1.0310e-03, -1.7580e-03],
        [ 3.7108e-04,  9.2055e-04, -8.5961e-04],
        [ 3.3309e-03,  5.6540e-04, -7.5535e-04],
        [ 1.1632e-04, -8.6964e-04, -2.2615e-04],
        [ 1.9755e-03, -4.2915e-04, -8.3009e-04],
        [ 4.6726e-06,  6.5386e-04,  8.8082e-04],
        [ 2.1468e-03,  7.2402e-05,  5.5978e-04],
        [ 6.8481e-04, -2.1135e-03,  4.8354e-04],
        [ 5.3649e-05, -1.5926e-03,  4.4762e-04],
        [-1.4339e-04, -1.0365e-03, -7.2298e-05],
        [ 3.2174e-04, -2.6392e-03, -2.3594e-03],
        [-1.1857e-03,  8.1929e-04,  3.1646e-04],
        [ 3.2132e-03,  1.3257e-03, -5.3831e-04],
        [-3.5269e-04, -7.1021e-04, -2.5461e-03],
        [-2.9384e-04,  6.4862e-04,  1.4349e-03],
        [ 1.0383e-03, -2.9336e-04, -1.9545e-03],
        [ 3.6518e-04,  2.0065e-03, -2.8401e-04],
        [-4.9421e-04, -2.9657e-03, -8.2958e-04],
        [ 1.1190e-03,  9.4525e-04,  1.1019e-03],
        [-1.1549e-03,  9.2647e-04,  3.2261e-03],
        [-4.2654e-04,  1.4878e-03, -6.3286e-04],
        [-1.0912e-03,  2.1418e-04,  1.1791e-03],
        [-5.9157e-04,  5.8089e-04, -6.2653e-04],
        [-1.6029e-03, -9.1082e-04, -1.5015e-03],
        [-1.3147e-03, -1.0485e-03, -1.5815e-03],
        [ 7.8126e-04,  6.0389e-05,  8.6750e-04],
        [-9.1364e-04, -1.2365e-03, -1.5615e-03],
        [-4.5368e-03, -9.0451e-04, -1.5791e-03],
        [-1.6764e-03,  1.2085e-04, -2.4785e-03],
        [-9.1877e-04,  1.0878e-04,  2.7314e-03],
        [-4.9254e-04,  1.6894e-03, -1.1003e-03],
        [ 1.2354e-04, -4.1742e-05, -9.2482e-04],
        [ 2.4887e-03,  4.4416e-04, -9.4624e-04],
        [ 3.9302e-04,  8.4625e-05,  1.1510e-03],
        [-1.8487e-03,  6.7289e-04, -2.7189e-03],
        [-5.7582e-04, -1.6664e-03, -7.6061e-04],
        [-6.0512e-05, -1.9075e-03,  1.5816e-03],
        [-6.9477e-04,  1.9093e-04,  6.7179e-04],
        [ 3.3298e-04, -2.2826e-03, -6.6647e-04],
        [ 6.8466e-04,  2.4649e-04, -1.2369e-03],
        [-1.5105e-03,  2.6956e-04,  9.8910e-04],
        [ 2.3158e-04, -2.4577e-03, -8.7292e-04],
        [ 1.0198e-03,  1.1391e-03,  4.1305e-04],
        [-2.6789e-03,  1.3484e-03,  4.4349e-04],
        [-8.8619e-04,  1.4691e-04, -8.0971e-04],
        [ 1.7640e-03,  8.4683e-04, -1.0525e-03],
        [-2.7430e-03, -9.2638e-04, -1.0147e-03],
        [-9.5739e-04, -1.4170e-03,  1.5686e-03],
        [ 1.0809e-03, -1.5465e-04,  1.9553e-03],
        [ 1.2532e-07, -1.6232e-05, -2.1815e-04],
        [-1.6095e-04,  9.9433e-04, -4.3933e-05],
        [ 3.4995e-04, -9.9297e-04, -3.8144e-04],
        [-1.2986e-03,  3.3974e-04, -8.0635e-04],
        [ 4.5957e-04,  1.1650e-03,  4.9948e-04],
        [-8.5119e-04, -8.4482e-05, -4.6075e-04],
        [ 4.7958e-04,  1.7728e-03, -2.3950e-05],
        [-2.5618e-04, -6.4731e-04,  9.3275e-04],
        [ 4.7749e-04,  1.0006e-03, -6.6970e-05],
        [ 3.1097e-04,  1.2532e-03,  1.3496e-03],
        [-1.2468e-03,  1.3277e-03, -1.0593e-03],
        [ 9.0662e-04, -9.6104e-04, -1.5575e-03],
        [ 2.0650e-03, -2.2518e-03, -3.1016e-04],
        [ 8.6946e-04, -1.0617e-03, -3.2732e-03],
        [ 3.9702e-04,  2.1961e-03,  5.4898e-05],
        [ 9.4363e-04,  5.3759e-04,  5.2402e-04],
        [ 2.4388e-04, -1.6315e-04,  1.9257e-03],
        [-2.2594e-03, -1.4332e-04, -6.5018e-04],
        [-6.0772e-04, -6.3568e-05, -1.3564e-03],
        [-9.1207e-04,  2.7509e-04, -7.7592e-05],
        [-1.6160e-04,  2.0815e-03, -7.1599e-04],
        [ 1.2176e-03, -7.0601e-04,  2.3117e-03],
        [-6.0538e-04,  1.7312e-04, -6.7464e-04],
        [-7.0874e-04, -6.1096e-04,  1.3704e-03],
        [ 1.4902e-03,  1.5986e-03, -1.6290e-03],
        [ 1.5894e-03, -8.8254e-04, -7.2978e-04],
        [ 2.3737e-03,  7.7842e-04, -5.7370e-04],
        [-1.7857e-03,  1.4688e-03,  1.2671e-03],
        [-8.4406e-04, -1.5867e-03, -7.1098e-04],
        [ 9.4251e-04, -1.4334e-03,  6.5554e-04],
        [-1.2613e-03,  1.2902e-04,  8.1112e-04],
        [ 4.9718e-04, -1.2546e-03, -1.6351e-03],
        [ 1.1843e-03, -9.8518e-06,  2.6311e-04],
        [-6.2536e-04,  1.2447e-03,  1.9460e-04],
        [ 4.9650e-04,  1.5777e-03, -8.8459e-04],
        [ 2.7889e-03,  1.2304e-03,  1.7576e-03],
        [-9.3273e-04,  8.5053e-04, -4.1120e-04],
        [ 2.7268e-03,  9.7884e-06, -2.1576e-03],
        [ 1.6603e-03,  1.1647e-03, -2.5621e-03],
        [ 3.0718e-03,  2.0831e-04,  1.0876e-03],
        [ 1.3602e-03, -1.0230e-03,  1.0003e-03],
        [ 1.3573e-03,  1.0659e-04, -7.0179e-04],
        [-1.3915e-03,  1.4712e-03,  4.2274e-04],
        [-1.2536e-03, -8.5395e-04, -8.1116e-04],
        [ 1.2001e-03, -1.5094e-03, -1.4130e-03],
        [ 1.0361e-03, -1.6616e-03,  1.4792e-03],
        [ 9.2184e-04, -5.5136e-04,  6.8127e-04],
        [-1.7551e-03,  9.5001e-04,  2.5081e-03],
        [-1.1776e-03,  1.0102e-03, -1.9924e-03]], device='cuda:0')), ('fcs.0.bias', tensor([ 9.0555e-04, -9.5249e-04, -2.3813e-04, -8.0394e-04,  7.0134e-04,
         5.8577e-04, -2.8176e-03,  1.7706e-03, -1.6263e-03, -1.3600e-03,
        -8.6035e-04,  9.5389e-04, -2.0752e-04,  1.8907e-03,  2.5013e-04,
         1.0637e-03,  4.2709e-04,  5.1162e-05, -1.4830e-03, -1.8160e-03,
         4.3029e-04, -1.5023e-03, -7.7356e-04,  9.6040e-04, -3.9696e-04,
        -7.4035e-04,  9.9569e-04, -6.8191e-04,  1.3795e-03,  1.2077e-03,
         9.8911e-05,  1.7227e-03,  8.1572e-04,  6.6803e-04,  5.3912e-04,
         1.5852e-03, -6.7092e-04, -1.8267e-03, -4.8491e-05, -1.6247e-03,
        -2.2517e-05,  1.2526e-03,  1.0290e-03,  2.3182e-05, -5.6227e-04,
        -1.0877e-03, -4.6881e-04,  1.3066e-03, -6.6168e-04,  3.3637e-06,
        -4.3264e-04,  2.8084e-04,  3.5497e-04,  6.2605e-04, -7.7438e-04,
        -2.5512e-03,  8.3265e-04, -2.4408e-03,  9.0431e-04, -2.8559e-03,
         1.8873e-03, -1.0101e-03,  1.1863e-03, -3.0843e-04, -4.3129e-03,
         1.8669e-03, -8.8521e-04,  1.4551e-03, -1.4730e-03,  5.0453e-05,
        -2.1779e-03,  2.2871e-03,  1.8728e-03,  8.1175e-04, -1.9145e-03,
        -4.4041e-03,  4.1811e-04,  2.6552e-02,  1.6685e-03, -1.4047e-03,
         2.1699e-03, -2.5921e-03,  4.0770e-04,  6.7155e-05, -1.3741e-03,
        -1.9640e-03, -1.3993e-03, -7.8258e-04,  3.3818e-03, -1.2607e-03,
        -1.9164e-03, -2.9399e-03, -3.2677e-04,  6.4093e-04,  9.4995e-04,
         1.2544e-03,  4.2978e-06,  3.1840e-04,  8.6497e-04, -1.1018e-03,
         6.0717e-04, -2.2397e-03,  1.0237e-03, -1.2893e-04,  1.4332e-03,
        -1.1619e-04,  2.7096e-04, -1.4463e-03,  1.3810e-03,  4.8466e-04,
        -8.5092e-04, -1.0338e-04,  7.6318e-04,  4.9396e-04, -1.7960e-04,
        -3.0415e-04, -3.0565e-04,  2.5996e-04,  2.0970e-04, -1.1357e-03,
        -1.3884e-03,  1.6265e-03,  2.2084e-03,  2.2821e-05, -3.1696e-03,
         3.7599e-03,  5.1606e-04, -2.9004e-04, -2.3869e-03,  2.3135e-03,
        -5.0960e-04,  1.1968e-03,  1.0406e-03,  1.2614e-03, -9.2057e-04,
         1.8989e-03, -3.5846e-03,  5.3121e-04, -1.3203e-03, -5.7143e-04,
         1.1882e-03, -1.1728e-03,  1.0466e-03, -1.8591e-03,  4.1631e-05,
         4.5751e-04, -1.6673e-03,  1.3479e-04,  8.2597e-05,  2.4152e-04,
         2.4767e-03,  2.4179e-03,  1.6796e-04,  2.5651e-03,  8.5977e-04,
        -4.3240e-04, -5.4834e-04,  6.3611e-04,  2.2665e-03, -2.0654e-03,
         2.4227e-03,  1.9911e-03, -1.8838e-03,  2.3358e-04,  1.0177e-03,
         1.5882e-03, -4.3070e-04, -2.4128e-03, -1.6722e-03,  4.7711e-04,
         1.4956e-03, -6.1417e-04,  3.0435e-03, -2.3044e-03, -6.5453e-04,
        -5.3337e-04,  4.2939e-04,  4.3162e-04, -4.2759e-04, -1.8709e-03,
         3.8154e-04,  2.4178e-03, -1.6991e-03, -1.9322e-03,  5.8427e-04,
         7.6318e-05, -9.5897e-04, -3.0247e-04,  4.4087e-05,  4.1721e-04,
        -1.8417e-03, -3.7670e-04,  1.7867e-03,  1.3966e-03, -1.5328e-04,
        -8.2527e-04,  5.0292e-04, -1.3836e-03, -2.5529e-04,  2.0953e-03,
        -2.2199e-03, -2.1615e-03, -1.4204e-03,  4.3944e-04, -7.6900e-04,
        -4.4125e-04, -1.4506e-03,  1.3071e-03, -2.7150e-03,  2.3945e-03,
         3.6085e-04, -1.9809e-04, -6.4216e-04,  1.2537e-03,  3.0393e-04,
         1.2562e-03,  2.5924e-03, -1.4177e-03,  1.4584e-03, -1.7740e-03,
         1.4800e-03, -8.6009e-04, -2.1215e-03, -6.0273e-04,  1.9544e-04,
         7.8046e-04,  2.1544e-03,  2.0782e-03, -3.3663e-03, -5.9863e-04,
        -9.9032e-04, -6.5854e-04, -6.4403e-04, -1.2624e-03,  9.8126e-04,
        -3.4952e-04, -2.3897e-03,  2.3516e-03, -9.0671e-04, -2.5611e-03,
        -8.4837e-04,  2.1310e-03,  3.5435e-04,  9.2806e-04, -1.7643e-03,
        -1.3259e-03, -9.8931e-04, -4.1263e-05,  1.1564e-03,  1.0493e-03,
        -1.8245e-03,  2.3434e-03,  7.7964e-04,  5.1883e-04, -2.5455e-03,
        -6.5005e-04], device='cuda:0')), ('fcs.1.weight', tensor([[ 4.3134e-03,  1.8196e-03,  1.1800e-03,  ...,  3.3311e-03,
         -9.0559e-04,  1.1795e-03],
        [ 8.9449e-04, -1.3034e-03,  3.0476e-04,  ...,  4.9710e-04,
          3.0404e-04,  8.9367e-04],
        [ 1.7275e-03, -8.8901e-04,  7.5636e-05,  ...,  5.5244e-05,
         -8.9153e-04,  1.0800e-03],
        ...,
        [-1.7234e-03,  8.9572e-04,  5.5324e-04,  ...,  2.6225e-04,
          1.3081e-03, -1.9648e-03],
        [ 2.1808e-03, -7.6277e-04,  4.9557e-04,  ...,  4.9869e-04,
         -1.6373e-03, -1.8268e-03],
        [-1.4114e-03, -2.2869e-04,  8.9544e-04,  ..., -2.8642e-04,
         -7.6446e-04, -1.5836e-03]], device='cuda:0')), ('fcs.1.bias', tensor([-7.1124e-05,  6.4362e-04, -7.6591e-05,  1.2587e-03, -8.5278e-04,
         7.4836e-04, -8.9286e-04,  4.8347e-04,  2.4846e-03,  9.4421e-04,
         1.1586e-03,  1.7954e-03,  9.0449e-04,  2.4664e-03, -2.2835e-03,
         6.8176e-04,  9.4292e-04,  4.9652e-04,  1.6199e-03, -8.8056e-04,
         1.9222e-03,  8.8728e-04, -1.9622e-03,  3.3144e-03, -1.1911e-03,
        -4.5162e-04, -1.9667e-03,  7.4592e-04,  5.5153e-04,  1.1619e-03,
         1.9040e-03, -1.4958e-03, -3.3941e-03,  9.1768e-04,  1.3274e-03,
        -7.2370e-04,  5.0745e-04, -1.9983e-03, -5.3448e-04, -1.3119e-03,
         1.2737e-03, -6.8875e-05,  1.4358e-03, -1.2384e-03,  2.2337e-03,
        -8.2297e-04,  5.8819e-04,  1.0033e-04, -6.8234e-04, -2.1762e-03,
         1.5160e-03, -9.0628e-04,  2.3353e-03,  7.6714e-04,  1.5933e-03,
        -1.4361e-03,  6.9171e-04,  2.1361e-04,  1.2400e-03, -3.2072e-03,
         7.4168e-04,  7.9785e-04,  1.3011e-03, -8.4188e-04, -1.8855e-03,
         9.8803e-04,  9.3719e-04, -1.2927e-03,  1.9900e-03, -6.1666e-04,
        -1.2432e-03, -1.3046e-03,  3.9785e-04,  3.3082e-04, -1.4151e-03,
        -1.8691e-03, -5.4480e-04,  9.7187e-04, -2.0342e-03, -1.0606e-03,
        -6.2664e-04,  1.9713e-03,  1.3042e-03, -2.5180e-03, -6.2272e-04,
         7.9907e-04, -3.3088e-03, -2.1867e-03, -1.4681e-03,  6.6994e-04,
        -1.2661e-03,  2.4318e-04,  2.9069e-03,  4.9235e-04, -2.0288e-03,
         3.2277e-04, -2.0094e-03,  2.6466e-04, -7.2955e-04, -1.0191e-03,
         1.5182e-03,  5.9685e-04,  6.2369e-04, -1.9460e-04,  2.3655e-03,
         3.1458e-03, -1.0269e-03, -2.2012e-03,  1.2887e-03,  1.5739e-03,
        -5.3289e-04, -7.6959e-04,  2.1765e-03,  8.3469e-04,  5.3285e-05,
         2.4112e-03, -1.2545e-03,  1.6812e-03,  1.8422e-03, -1.3185e-03,
         2.2314e-03, -9.3118e-04, -2.1542e-03,  1.9113e-03, -3.4911e-03,
         1.4116e-03,  1.3336e-03, -1.8241e-03, -8.8945e-04, -9.7425e-04,
        -1.9621e-03,  6.7994e-04, -6.3046e-04, -7.9147e-04,  8.8475e-05,
        -2.2638e-03, -5.8153e-04,  2.2542e-03, -1.8643e-03, -7.6695e-04,
        -6.7487e-04,  1.3342e-03,  1.9678e-03,  2.4031e-03,  2.0662e-03,
        -1.7657e-03,  6.7100e-04,  1.9583e-03, -1.3088e-03, -8.2211e-04,
         1.2980e-03, -7.9215e-04, -9.4176e-04,  7.4115e-04, -3.8068e-04,
         1.3101e-03, -9.0058e-04,  2.5007e-03,  3.0358e-04,  1.9588e-03,
        -6.2640e-04, -8.0706e-04, -5.2707e-04, -1.9702e-03, -2.3691e-03,
         9.2994e-04,  1.0589e-03,  1.6099e-04,  1.4768e-03,  1.5097e-03,
         2.5056e-04, -1.1170e-03,  6.9553e-04, -2.1825e-03,  7.7118e-04,
         1.4603e-03, -2.3119e-03,  1.3557e-03, -1.3602e-03,  4.5575e-04,
        -1.2899e-03, -1.2866e-03,  2.4088e-03, -2.1806e-03, -4.0688e-04,
        -3.0959e-04,  2.1511e-03,  2.2367e-03, -7.5952e-04, -1.8343e-03,
        -8.3688e-04,  1.5511e-03,  7.6285e-04,  7.4495e-04,  1.3139e-03,
         1.5278e-05,  7.6321e-04,  2.1309e-03,  1.4992e-03, -1.9553e-03,
         1.4264e-03,  6.1742e-04, -1.0231e-03, -6.4980e-04, -6.1658e-05,
         8.3980e-04,  1.2762e-03,  8.3391e-04, -3.7060e-04, -2.1789e-03,
         1.4055e-03, -2.1825e-03,  9.5700e-04,  6.7955e-04, -9.2599e-04,
        -1.7857e-03,  6.0351e-04,  1.9664e-03, -1.3096e-03,  1.3496e-03,
         8.0572e-04, -9.6032e-04, -1.5593e-03,  1.6647e-04, -8.3328e-04,
         7.8169e-04, -7.7534e-04, -1.4765e-03, -7.3522e-04,  6.8799e-04,
         7.7068e-04, -1.3128e-03, -1.1617e-03,  5.8596e-04,  1.4344e-03,
         1.3020e-03,  1.4724e-03, -6.7356e-04,  7.4896e-04, -1.2846e-03,
         7.3689e-04,  1.9638e-03,  8.8172e-04,  1.0726e-03,  2.2189e-03,
        -1.9627e-03, -3.2586e-04, -1.2990e-03,  4.5994e-04, -1.8722e-03,
         1.2912e-03, -2.0038e-03,  2.6198e-03, -1.0350e-03, -1.9669e-03,
         2.1883e-03], device='cuda:0')), ('fcs.2.weight', tensor([[ 1.3601e-04, -5.3163e-04, -1.2667e-03,  1.7818e-03,  5.9804e-04,
          2.0286e-06, -3.5527e-04, -1.1368e-03, -1.2433e-03,  6.8072e-04,
          2.6025e-03, -2.6918e-04, -1.0936e-03, -1.0970e-03,  1.5487e-03,
         -1.8161e-03, -5.2039e-04,  1.5492e-03, -9.2550e-04, -1.0848e-03,
          4.8339e-04, -8.0607e-05,  1.9156e-03, -7.5699e-04, -6.3376e-04,
          2.9243e-03, -1.1372e-03, -1.6548e-03,  5.6241e-04,  1.4619e-03,
         -5.2678e-04,  1.4054e-03,  1.2462e-04, -1.1002e-05,  1.7782e-03,
         -1.7767e-03, -1.2326e-04,  2.6379e-04, -3.7639e-03,  2.2009e-03,
          2.4042e-04, -1.2280e-03, -5.6700e-04, -1.6861e-03, -2.1425e-03,
         -5.6529e-04, -1.1704e-03, -1.1168e-03,  8.9505e-05, -7.7001e-05,
          1.0112e-03, -3.6124e-05, -2.3419e-03, -3.5181e-04, -4.2182e-04,
          1.0947e-03, -1.0257e-03,  3.1520e-04,  9.4132e-04, -1.4665e-03,
         -9.6387e-04,  4.5048e-04,  1.2330e-03,  1.0066e-03,  1.6122e-03,
          1.3019e-04,  1.3141e-03,  7.3297e-04,  2.2399e-03,  3.0056e-04,
         -1.4780e-03, -7.5521e-05, -1.8007e-04, -9.9936e-04,  2.7500e-04,
          1.4169e-03,  2.6964e-04, -2.4024e-04, -2.0763e-04,  1.3184e-03,
         -1.3679e-03,  8.3790e-04, -5.8446e-05,  2.4134e-03, -2.8271e-03,
          1.1963e-03, -3.8767e-04,  1.3147e-03, -2.7645e-04,  9.2279e-05,
          7.4150e-04, -6.5566e-04, -1.2642e-03,  1.4823e-03,  6.0342e-04,
         -2.6178e-04,  9.4442e-04, -1.1811e-03, -4.3185e-04,  1.7213e-04,
         -2.2832e-03,  1.1621e-03,  1.1986e-03, -1.4710e-03,  9.5669e-04,
         -2.7087e-04,  1.2629e-03, -5.1212e-04, -1.9526e-03, -1.3960e-03,
         -2.4970e-03,  2.4798e-04, -1.6688e-03, -1.8510e-03, -6.8623e-05,
         -1.7434e-03, -8.8634e-04,  2.0052e-04, -1.0113e-03,  2.0312e-05,
         -2.9624e-04, -5.2710e-04,  2.8454e-04,  8.2115e-04,  1.0359e-03,
         -1.1555e-03,  2.1510e-03,  2.0581e-04,  2.3827e-03,  1.8850e-03,
         -1.7413e-03, -2.2408e-03, -1.1700e-03, -1.3976e-04, -4.4801e-04,
          1.4631e-03,  4.1122e-03, -1.1908e-03, -1.8158e-03,  2.4923e-04,
         -1.2893e-03, -2.3034e-03,  1.6268e-03, -1.2316e-03, -7.5358e-04,
          1.2090e-03,  3.7246e-04,  1.0718e-03,  8.1663e-04,  1.7632e-03,
         -1.9481e-03,  1.8339e-03,  4.0205e-05, -4.3076e-05, -4.7525e-04,
         -1.5099e-03, -2.3290e-04, -2.3067e-04, -9.2319e-01,  1.8903e-04,
          3.4201e-04,  2.3163e-03,  8.8625e-04,  9.7404e-04,  9.8677e-04,
         -5.0123e-05, -1.2928e-03, -4.8495e-04,  5.8779e-06, -1.5994e-03,
         -4.1056e-04,  4.7367e-04, -1.4729e-03, -1.0483e-03,  1.9437e-05,
         -2.4195e-04, -1.0286e-03, -9.9473e-04,  1.6675e-04, -1.3539e-03,
          2.3075e-04,  1.5486e-04, -1.7450e-03, -7.6275e-04, -1.3666e-03,
         -8.3393e-04,  1.5989e-03, -1.3248e-03, -1.3513e-03, -2.5258e-03,
          2.9367e-04, -6.5553e-04,  1.3457e-03, -6.7597e-04,  1.1971e-03,
          8.0053e-04,  1.1187e-03,  1.2550e-03, -1.1087e-03,  7.7018e-04,
         -9.0548e-04,  1.4631e-03, -4.9064e-04, -2.0702e-04, -1.1185e-03,
          8.3082e-04,  4.5419e-04, -7.1141e-04, -1.8775e-03,  1.0848e-03,
          1.0322e-04, -8.0078e-04, -1.7067e-03, -1.1657e-03,  3.7854e-04,
         -3.4390e-04,  7.5601e-04, -2.0602e-03,  6.7726e-04,  2.4283e-04,
          1.9342e-03,  2.6197e-03,  1.9264e-04, -4.1436e-04,  5.3704e-04,
          1.6038e-03, -1.4391e-03, -1.2499e-03,  6.6784e-07,  1.1927e-03,
          4.9924e-04, -1.2367e-03,  1.9489e-04,  6.5615e-06,  1.4557e-03,
         -1.1835e-03, -1.5946e-03,  2.7447e-03,  2.4314e-03,  7.9799e-04,
          2.1836e-04, -8.7987e-05,  8.0174e-04,  2.5614e-04, -3.5627e-04,
          1.7631e-04,  5.7544e-04,  1.9020e-03, -1.2470e-04,  2.1167e-03,
         -6.1843e-04,  2.1730e-03,  9.0543e-04, -8.5540e-04,  4.1157e-04,
          2.2776e-03]], device='cuda:0'))])
end of epoch 7: val_loss 0.0046013095463420224, val_acc 1.0
trigger times: 1
end of epoch 8: val_loss 0.006969816936384028, val_acc 1.0
trigger times: 2
end of epoch 9: val_loss 0.010764113235016772, val_acc 1.0
trigger times: 3
end of epoch 10: val_loss 0.005649675059697543, val_acc 1.0
trigger times: 4
end of epoch 11: val_loss 0.004610892866821921, val_acc 1.0
trigger times: 5
end of epoch 12: val_loss 0.008333611452067053, val_acc 1.0
trigger times: 6
end of epoch 13: val_loss 0.005048468505159107, val_acc 1.0
trigger times: 7
end of epoch 14: val_loss 0.006936654985813497, val_acc 1.0
trigger times: 8
end of epoch 15: val_loss 0.009600984968862107, val_acc 1.0
trigger times: 9
end of epoch 16: val_loss 0.006265586192933092, val_acc 1.0
trigger times: 10
Early stopping.
0 -58.76076899468899 -191.10004520678868
1 -58.43919785320759 -189.05007017278314
2 -59.243236407637596 -187.50220085194994
3 -55.156356781721115 -180.24009179391223
4 -52.668461829423904 -171.9613792356186
5 -51.288430109620094 -169.3817016847894
6 -51.19503419101238 -167.87631268052303
7 -56.53140366077423 -164.27567046290412
8 -55.0596758723259 -163.76742236654098
9 -46.277284771203995 -156.0786895876365
10 -49.619117602705956 -155.22804551507866
11 -48.92472364008427 -145.29002069283715
12 -49.29359911382198 -142.86657280197298
13 -41.38859347999096 -142.75441848091938
14 -42.45041972398758 -136.98962801176134
15 -47.20928938686848 -132.4813576990395
16 -39.643963903188705 -130.98347157271724
17 -44.90263445675373 -118.2436222554584
18 -35.41695373505354 -117.38411415155902
19 -44.400398567318916 -116.97382686219106
20 -37.32376644015312 -115.06704102317899
21 -32.1133077070117 -112.47832645551227
22 -40.11877200007439 -103.24187681049156
23 -30.42184939235449 -99.7422752992134
24 -25.80004657432437 -98.18526661663928
25 -29.169405907392502 -88.94674758091466
26 -25.371571335941553 -85.88346861832474
27 -21.975472703576088 -79.38307722218848
28 -23.6443541161716 -79.25112655387144
29 -32.65743678063154 -73.50697855948762
30 -29.491093430668116 -72.69803191552006
31 -25.893338546156883 -71.37326168319514
32 -26.92640983685851 -68.27187815304366
33 -25.52371283248067 -65.42298162776466
34 -23.447265278548002 -65.35816021006309
35 -21.502008445560932 -49.3186741604369
36 -36.35226881504059 -17.325441617065966
37 -24.035737991333008 -4.374511275254108
38 -25.32795188575983 -0.4258658969524013
39 -28.312783773988485 9.108146753357724
40 -28.246907975524664 17.732630180500013
41 -19.10345332697034 40.64550156746333
42 -19.62155371531844 41.11774838972275
43 -25.46605271846056 48.64917674484657
44 -20.727885637432337 52.50260039838799
45 -21.580949805676937 52.54502852695255
46 -20.836880184710026 59.52827491841281
47 -20.11266165971756 63.45606316769021
48 -18.585363123565912 66.31570758515764
49 -27.785355281084776 67.13050507695384
50 -16.254836440086365 72.16624272108386
51 -28.838473297655582 79.16074531670823
52 -25.885098736733198 84.19837606184075
53 -25.902753707021475 89.30707154325768
54 -25.94501681253314 90.2698850730257
55 -24.953359063714743 90.28646231697512
56 -19.44667522981763 90.32667007477052
57 -16.7997510060668 91.18021498086692
58 -18.390077985823154 92.38187517969644
59 -25.61288422718644 92.67153902025292
60 -25.329400967806578 93.69474938898811
61 -18.232866007834673 93.86112859581364
62 -24.423952467739582 95.24073532592021
63 -24.47431308031082 95.3630101766082
64 -23.973958991467953 96.09581961281374
65 -22.432268269360065 97.90553231413178
66 -23.587130293250084 98.07644230926206
67 -23.10726048797369 98.35872828331676
68 -24.403919231146574 98.57334710000995
69 -23.47279867529869 98.77895390936838
70 -23.868120059370995 99.10163703819775
71 -23.353868156671524 99.47183807834362
72 -23.163515396416187 101.36707045382526
73 -22.668048057705164 102.70820969163083
74 -23.069105688482523 103.61971441966246
75 -21.91937182098627 104.00039883786899
76 -21.865267116576433 104.94014608739957
77 -22.813953317701817 105.28448326377394
78 -21.299029778689146 105.60678192821229
79 -20.130779169499874 106.95774051225432
80 -21.725381448864937 107.03525723063939
81 -20.948613457381725 107.05410485829283
82 -19.61287745460868 107.36477417456501
83 -19.81263418495655 107.72369032284489
84 -22.01417415589094 107.78006757763964
85 -21.5481722317636 107.99397435655325
86 -20.57553616538644 108.08910889221833
87 -21.483470011502504 108.09776529440465
88 -19.938215989619493 108.24033506535473
89 -20.098547484725714 109.15712102315346
90 -20.532730728387833 109.71287331230647
91 -20.31460402905941 110.25063890779474
92 -20.092908959835768 110.45880856467717
93 -19.276862781494856 110.48639228144049
94 -19.789131421595812 111.92877271779909
95 -19.920284442603588 112.29467419620224
96 -19.57293826714158 112.73910566375015
97 -19.3116051889956 112.98274531176438
98 -19.01201644539833 113.84616479719523
99 -17.119892433285713 114.84612239587612
100 -19.6726131439209 115.08707834021696
101 -17.42221798747778 115.41025719446112
102 -17.90434218198061 115.5646624637931
103 -17.582505960017443 115.87882502857741
104 -18.965507239103317 116.51927592390606
105 -19.237874310463667 116.69939038222442
106 -17.823584455996752 117.18809854794453
107 -18.046709213405848 117.29357601720739
108 -17.14496508985758 117.43241923864416
109 -18.111301016062498 119.84073495876005
110 -16.359478075057268 122.74776106687673
111 -16.522602878510952 124.10172315382671
112 -15.459428776055574 124.42382576156477
113 -16.338098920881748 124.48179570258212
114 -16.24717765673995 125.2590893824027
115 -16.05356638506055 125.30457667780085
116 -16.03730872645974 125.43458549438884
117 -13.894815873354673 129.13346806288703
118 -14.033136386424303 129.67718524437547
119 -13.034309718757868 131.40806576766226
train accuracy: 0.9977777777777778
validation accuracy: 1.0
