demo lengths 200
demos: (120, 200, 13)
demo_rewards: (120,)
[-191.10004521 -189.05007017 -187.50220085 -180.24009179 -171.96137924
 -169.38170168 -167.87631268 -164.27567046 -163.76742237 -156.07868959
 -155.22804552 -145.29002069 -142.8665728  -142.75441848 -136.98962801
 -132.4813577  -130.98347157 -118.24362226 -117.38411415 -116.97382686
 -115.06704102 -112.47832646 -103.24187681  -99.7422753   -98.18526662
  -88.94674758  -85.88346862  -79.38307722  -79.25112655  -73.50697856
  -72.69803192  -71.37326168  -68.27187815  -65.42298163  -65.35816021
  -49.31867416  -17.32544162   -4.37451128   -0.4258659     9.10814675
   17.73263018   40.64550157   41.11774839   48.64917674   52.5026004
   52.54502853   59.52827492   63.45606317   66.31570759   67.13050508
   72.16624272   79.16074532   84.19837606   89.30707154   90.26988507
   90.28646232   90.32667007   91.18021498   92.38187518   92.67153902
   93.69474939   93.8611286    95.24073533   95.36301018   96.09581961
   97.90553231   98.07644231   98.35872828   98.5733471    98.77895391
   99.10163704   99.47183808  101.36707045  102.70820969  103.61971442
  104.00039884  104.94014609  105.28448326  105.60678193  106.95774051
  107.03525723  107.05410486  107.36477417  107.72369032  107.78006758
  107.99397436  108.08910889  108.09776529  108.24033507  109.15712102
  109.71287331  110.25063891  110.45880856  110.48639228  111.92877272
  112.2946742   112.73910566  112.98274531  113.8461648   114.8461224
  115.08707834  115.41025719  115.56466246  115.87882503  116.51927592
  116.69939038  117.18809855  117.29357602  117.43241924  119.84073496
  122.74776107  124.10172315  124.42382576  124.4817957   125.25908938
  125.30457668  125.43458549  129.13346806  129.67718524  131.40806577]
maximum traj length 200
num training_obs 1800
num training_labels 1800
num val_obs 200
num val_labels 200
ModuleList(
  (0): Linear(in_features=13, out_features=64, bias=True)
  (1): Linear(in_features=64, out_features=1, bias=False)
)
device: cuda:0
end of epoch 0: val_loss 0.06146373646835713, val_acc 0.99
trigger times: 0
saving model weights...
Weights: OrderedDict([('fcs.0.weight', tensor([[-3.5698e-03,  1.3377e-01, -1.8613e-01, -4.1285e-01,  4.2671e-02,
          1.9234e-01, -4.9136e-02,  4.7873e-02,  3.2453e-01,  5.7285e-02,
         -4.3543e-01,  3.9366e-01, -1.9255e-01],
        [-1.3296e-02,  1.1373e-05, -3.3040e-04, -9.2492e-05,  9.3819e-06,
          6.4858e-05,  9.8792e-05, -1.4481e-04, -5.8043e-06, -1.8508e-04,
         -9.5110e-05,  9.9317e-05,  5.7546e-04],
        [ 1.1752e-04,  2.8164e-04, -3.0987e-05,  4.4838e-04,  5.6425e-04,
         -1.6476e-03,  1.2643e-04, -8.3603e-04, -3.1236e-04,  7.6974e-04,
         -1.8511e-04, -6.6015e-04,  1.9817e-04],
        [ 3.1142e-04,  2.0874e-04,  4.7668e-04, -2.3994e-05, -2.6348e-04,
          2.8256e-04,  2.7795e-04, -1.2556e-04, -2.6319e-04,  5.5928e-04,
          9.7112e-04, -6.5986e-04,  5.7025e-05],
        [-2.5470e-02, -5.0941e-06, -4.0413e-06,  2.1829e-05,  7.6430e-05,
         -1.7903e-05,  5.7716e-05, -1.2634e-04,  1.6008e-04,  9.8073e-04,
          2.1041e-06,  2.2993e-04, -7.2072e-04],
        [-1.7773e-05, -1.3600e-05,  1.5260e-04, -6.1166e-05,  9.1085e-05,
         -1.9100e-04,  8.3092e-05,  9.6797e-05,  8.9079e-05, -3.5134e-04,
         -1.3970e-04,  1.0358e-04,  1.1554e-04],
        [-7.4098e-05, -1.3210e-03, -5.2071e-05, -2.5904e-04,  2.0798e-03,
         -2.6723e-04,  3.4007e-04, -1.0558e-03, -5.7444e-04,  5.7682e-04,
         -3.7429e-04, -3.7246e-04, -9.9854e-04],
        [ 5.4498e-05,  1.7856e-04, -1.0017e-04, -3.3347e-04,  7.7735e-04,
          6.2072e-04,  6.0675e-04, -5.8401e-05,  5.2671e-04,  4.7122e-04,
          4.1977e-04,  1.2059e-03, -4.8974e-04],
        [ 3.2127e-05, -1.8545e-05, -4.0936e-06,  4.8111e-05,  1.1016e-04,
         -1.0481e-04,  3.7565e-05, -1.4597e-04,  5.1008e-05,  3.5109e-04,
          8.3958e-05,  3.8047e-04,  3.6357e-04],
        [-2.4405e-01, -9.9862e-02, -1.1700e-01,  1.8317e-01,  9.7896e-02,
         -1.8341e-01, -5.6589e-02, -1.7367e-01, -5.1204e-01, -2.1455e-02,
          9.1448e-01, -2.4777e-01,  2.3301e-01],
        [ 7.9539e-02,  1.0091e-02,  4.8357e-05,  8.0892e-04, -1.2861e-03,
          7.4737e-03, -3.1555e-05,  1.6592e-03, -4.9955e-04,  1.3048e-03,
         -9.0911e-05, -5.7064e-04, -2.3467e-04],
        [-2.5888e-04,  5.5730e-04,  4.9639e-06,  3.5319e-05, -3.2086e-05,
         -5.1286e-04, -2.4548e-04, -1.0734e-03,  2.9294e-04,  2.8657e-04,
          2.0517e-04, -1.4580e-03,  5.2175e-04],
        [ 5.1412e-05, -5.8442e-06, -3.5829e-05,  2.1886e-07,  8.3451e-06,
         -1.0852e-04, -3.9295e-05,  1.3476e-04, -4.0479e-05, -3.6153e-04,
         -1.6237e-04, -4.0685e-05, -7.5557e-04],
        [-8.7350e-05, -9.1282e-05, -4.2009e-04,  3.4804e-04,  1.1354e-04,
          2.2559e-04,  3.5855e-04,  3.9857e-04, -5.6847e-05, -6.0630e-04,
          9.0273e-05, -5.2242e-04, -9.6064e-04],
        [ 6.9858e-05, -7.1042e-05,  1.0490e-05,  8.3773e-05, -1.6411e-04,
          5.2482e-04,  1.1330e-04, -2.1010e-04, -1.8640e-04,  1.6098e-03,
         -7.2821e-05,  3.7642e-04, -1.7105e-03],
        [-2.6565e-02,  1.7380e-05,  3.5938e-05, -1.4172e-04, -4.8844e-06,
         -2.8124e-05, -1.1694e-04, -1.7282e-04, -1.5012e-04,  9.2044e-04,
         -1.5887e-04, -2.2119e-04,  1.1694e-04],
        [ 4.4880e-05,  5.2602e-05, -2.5395e-04, -5.9211e-05, -1.0324e-04,
          1.1512e-04, -1.2073e-05, -5.8121e-05,  3.1569e-06,  1.5180e-04,
          7.9567e-05, -1.4555e-04, -6.2752e-04],
        [-2.7177e-05,  1.7707e-05, -1.3938e-04, -1.5213e-05, -3.2745e-05,
         -4.6900e-05, -6.6781e-05, -1.6603e-04, -1.7646e-04, -7.0973e-04,
         -3.7225e-05,  1.9945e-04, -3.1243e-04],
        [ 2.0924e-04,  1.0364e-03,  9.3682e-04,  1.0856e-04, -2.2753e-04,
         -6.6533e-04, -1.1279e-03,  2.8294e-04,  1.6421e-03,  1.6822e-04,
         -1.1147e-03, -1.5071e-05, -2.9959e-04],
        [-2.5655e-05,  8.2585e-06,  3.0539e-04,  1.9293e-05, -1.9793e-04,
         -9.9080e-05, -2.0716e-04, -1.1896e-03,  1.1084e-03, -2.1849e-04,
         -2.0232e-04,  1.0957e-03, -8.6826e-05],
        [ 7.2027e-05,  4.3548e-06, -5.1779e-04,  8.7399e-05,  2.6902e-04,
          5.9250e-04, -1.4717e-04,  2.9939e-05, -1.6319e-04,  1.2430e-04,
          1.0436e-04,  1.0012e-03,  1.6303e-04],
        [-6.7385e-05,  4.1152e-05,  7.6023e-05, -6.4038e-05, -1.1684e-05,
         -1.5844e-05, -2.3755e-05,  4.8057e-04,  1.3199e-04, -8.9051e-05,
          8.0486e-05, -1.1259e-03,  6.6964e-04],
        [-1.5860e-05,  1.2635e-05,  1.8742e-04, -2.4733e-04,  1.7933e-04,
         -5.2733e-05,  1.2828e-04, -8.6625e-05,  6.6907e-05, -2.7821e-04,
          6.2886e-05,  3.6118e-05, -5.0284e-04],
        [-2.6183e-02,  5.2318e-03, -3.9907e-05, -1.9883e-02, -5.8223e-04,
         -1.7818e-03, -3.5219e-03, -5.7409e-04,  3.9887e-03,  5.5003e-04,
          5.0984e-02, -2.9720e-04, -4.8128e-04],
        [-3.4198e-04, -2.3513e-04,  2.3926e-03,  5.0060e-05,  1.8525e-04,
         -4.6188e-04,  2.4418e-04,  1.4871e-05, -1.2923e-04,  5.1231e-04,
         -7.0084e-05,  3.4735e-04, -2.1864e-03],
        [-2.3123e-04, -2.6311e-06, -2.3906e-04, -2.8067e-06,  1.3811e-05,
          1.2109e-05,  4.6555e-05, -3.6834e-04, -2.2395e-04, -9.0134e-04,
         -2.3219e-05, -2.7662e-04,  1.9037e-06],
        [ 2.4660e-02,  3.0292e-02,  2.0486e-04, -4.4721e-02,  1.1827e-02,
          3.3368e-02, -2.1385e-02, -1.0807e-03,  4.6070e-03,  2.3443e-04,
         -1.1777e-01,  2.1614e-02, -1.0379e-03],
        [-1.4729e-04, -3.2731e-05,  1.1720e-04,  8.0846e-05, -2.0249e-04,
          8.0616e-05, -1.1339e-04,  2.7849e-04,  7.7563e-05,  1.1699e-04,
          4.8622e-05,  1.9282e-04,  1.2062e-03],
        [-1.1660e-01, -1.0339e-01, -2.1889e-01, -1.8683e-01, -7.4884e-02,
         -4.5439e-02, -2.3857e-01,  1.7078e-01,  1.8371e-01, -1.6073e-02,
         -1.9402e-01, -2.3851e-01,  1.5281e-01],
        [ 2.9712e-05,  2.0556e-04,  1.0191e-03, -6.5354e-04, -2.6024e-05,
          4.3797e-04, -2.9387e-04,  8.2260e-04, -3.4115e-04, -1.1344e-03,
         -6.8463e-04, -6.3067e-04,  3.9278e-04],
        [-4.2186e-04,  2.5221e-04, -3.3068e-05, -3.5514e-04, -7.6130e-05,
         -7.4707e-04,  1.7273e-04,  2.1308e-04,  1.6931e-03,  1.4185e-03,
         -5.2504e-04,  2.0195e-04, -1.4500e-03],
        [-1.7698e-04, -8.2917e-05,  2.2613e-04, -6.0487e-04, -2.3456e-04,
         -1.2275e-04,  8.8185e-04, -2.9189e-04, -2.6034e-04, -5.2906e-04,
         -1.3369e-04,  8.7108e-04, -5.6678e-04],
        [ 1.2520e-04,  2.7563e-04,  4.2572e-04, -3.0395e-04, -3.1964e-04,
          8.5011e-05,  1.4188e-04, -1.2894e-03, -6.3664e-04, -4.7911e-04,
          1.2795e-04, -1.3379e-03, -4.6976e-04],
        [ 5.4416e-05, -2.4464e-05,  4.7150e-05,  6.3631e-04,  2.9990e-04,
          2.1570e-04, -5.0227e-05, -7.1410e-04,  5.8813e-05, -1.4192e-05,
          1.2942e-04, -4.6344e-04, -6.6324e-04],
        [-6.2105e-05, -9.8299e-06, -2.2348e-04,  3.4666e-05,  7.6476e-06,
          1.2951e-04, -3.9187e-05, -1.3232e-04, -2.0006e-04, -5.7922e-05,
         -3.7858e-04, -9.8304e-04, -9.5654e-04],
        [ 3.0957e-01, -7.5199e-02,  3.6533e-01,  1.7146e-02, -2.3333e-02,
         -4.5199e-02,  3.6507e-01,  3.6563e-02,  4.2485e-04, -1.0435e-01,
         -4.8906e-02,  4.0587e-01, -2.0208e-01],
        [ 1.2070e-05, -4.0524e-05, -8.6248e-06, -9.5333e-05,  1.0794e-04,
          1.9244e-05, -2.2479e-04, -5.8394e-05, -5.9305e-04,  7.2397e-04,
         -5.5322e-04,  1.2445e-03, -3.2954e-04],
        [-3.9415e-05,  9.7089e-04, -7.2937e-05, -8.4880e-06, -4.8415e-04,
          2.4523e-04, -1.3789e-04,  9.7574e-04, -1.1850e-03, -6.3501e-05,
          6.9702e-04, -1.1594e-03, -2.1314e-05],
        [ 7.9352e-03,  4.4976e-03,  1.4537e-03,  6.0411e-03, -4.2497e-03,
         -2.0613e-03,  6.6691e-03,  1.2931e-03,  6.4921e-04, -6.5927e-04,
         -1.1485e-03, -2.0431e-04, -1.1389e-03],
        [-2.1401e-05,  1.3887e-05,  3.9320e-04, -6.8682e-05,  6.2744e-05,
         -1.6394e-04,  2.1095e-04, -9.7335e-04,  1.2638e-04, -8.1262e-04,
          4.9532e-04, -1.9826e-04, -3.9792e-04],
        [-5.4958e-06,  1.2068e-05,  2.1208e-04,  1.0030e-04, -6.8037e-05,
          1.1612e-04,  2.2995e-04,  1.5255e-04, -3.4559e-05, -1.0158e-03,
         -1.8594e-04,  2.7416e-04, -5.6524e-04],
        [-6.9330e-04, -8.8886e-04,  4.3340e-04,  1.3898e-04, -1.5845e-03,
          1.3052e-03,  2.4454e-04, -8.3209e-04, -3.5650e-04,  3.0199e-03,
         -1.2887e-03, -1.7999e-04, -7.1723e-04],
        [-1.6491e-03, -9.3428e-04,  8.3628e-05,  4.1518e-04,  6.4963e-05,
          9.2149e-04,  6.4264e-04,  8.1038e-05, -1.1157e-04, -1.0848e-04,
         -1.2913e-03, -2.7167e-05,  3.7582e-04],
        [-1.4744e-01,  1.3656e-02, -1.4063e-01, -1.0637e-01,  1.0635e-01,
          8.3722e-02, -2.1920e-01,  7.8800e-02,  1.6193e-01, -7.4079e-02,
         -1.6983e-01, -8.8588e-02,  1.7337e-01],
        [-5.1823e-02,  6.3241e-03, -1.1749e-02, -3.5349e-02, -5.8620e-03,
          5.1079e-02, -3.2023e-02, -1.2126e-03,  2.3166e-04,  9.1041e-04,
         -1.5693e-01,  4.5257e-05, -4.1410e-04],
        [-9.6231e-05,  4.2578e-05,  1.5459e-04, -1.3461e-04, -1.0719e-04,
          1.6475e-04,  5.5801e-05,  4.9398e-04,  7.9064e-05, -3.8128e-04,
          3.1395e-04,  6.7975e-05,  4.6557e-04],
        [-5.4474e-05,  4.5603e-05, -7.9759e-04, -1.9383e-04,  2.5782e-05,
         -6.4362e-05, -6.6990e-05, -7.0371e-04,  1.4875e-04, -3.6201e-04,
          2.3309e-04, -8.3709e-04, -6.8074e-04],
        [ 2.2098e-03,  8.4688e-05, -1.5443e-03,  1.2575e-04,  2.9039e-04,
          1.4579e-03,  5.7325e-04, -1.8290e-03, -3.1244e-04, -1.2456e-03,
          5.8358e-04,  8.3507e-04, -8.7684e-04],
        [-6.2126e-05,  6.4657e-06, -1.6479e-04, -2.3759e-06,  4.1714e-05,
          3.5560e-05, -9.8663e-07, -8.9908e-05, -6.3303e-05, -4.6573e-05,
         -1.0950e-04,  6.7999e-04, -7.9204e-04],
        [-7.1775e-05, -1.2677e-04,  2.5628e-07, -5.1212e-05,  3.1484e-04,
          1.9972e-04, -2.9360e-05,  7.0971e-04,  5.8279e-05,  2.3749e-03,
         -2.2409e-03,  6.6829e-04,  2.6776e-03],
        [-1.5590e-05, -1.1292e-04,  1.5788e-04, -2.1132e-04,  1.5629e-04,
          6.6082e-05,  3.2444e-04, -2.4334e-03, -2.8760e-04,  4.6831e-04,
         -1.7785e-04,  1.0773e-03, -5.8334e-04],
        [ 9.2034e-05,  7.6818e-05,  2.0196e-04,  8.7799e-05, -5.8269e-04,
         -1.1962e-04,  1.0353e-04, -9.9942e-05, -4.7842e-05, -1.2131e-04,
         -1.0449e-05, -9.7090e-04, -1.8766e-04],
        [ 3.4635e-01,  1.6897e-01,  2.3169e-01, -5.9246e-02,  2.1919e-01,
          2.0237e-01,  3.1407e-01,  1.9143e-01,  1.2669e-01,  6.8795e-03,
         -1.6137e-01,  1.5235e-01, -9.1475e-02],
        [-5.1776e-02,  1.0022e-01,  3.7748e-03, -6.7800e-02, -3.7883e-04,
          7.1049e-03, -7.3903e-02, -6.1303e-03,  3.9293e-02, -1.4782e-03,
         -7.0964e-02, -1.9826e-03, -3.7297e-04],
        [-2.6412e-01, -1.0465e-01, -1.9587e-01,  1.8257e-01, -8.7434e-03,
         -1.2908e-01, -4.6546e-02, -1.6558e-01, -5.1999e-01, -3.9993e-02,
          8.8324e-01, -2.1575e-01,  3.6823e-01],
        [ 3.2374e-05,  3.6177e-06,  1.5086e-04, -2.7359e-05,  8.7824e-05,
          2.6310e-05, -6.5043e-05,  3.0946e-05,  1.0144e-05,  5.7788e-04,
          3.8810e-05, -4.0429e-04, -4.7689e-04],
        [ 3.0754e-04,  3.5022e-05,  4.3388e-05,  1.8118e-04,  2.5425e-04,
         -3.1480e-05,  2.8382e-04, -1.9412e-04,  1.6509e-04, -5.9819e-04,
          5.3402e-04, -2.3884e-03, -1.0171e-04],
        [-2.4575e-05,  6.7286e-06, -1.6351e-04,  9.3997e-05, -2.1248e-05,
          5.2308e-06,  1.1484e-04,  3.1685e-04,  1.7520e-04, -1.6872e-05,
          5.2948e-05, -6.5807e-04,  1.1095e-03],
        [-3.4019e-04,  2.7423e-03, -1.2253e-03, -1.3372e-03,  1.9471e-03,
         -9.7887e-04, -2.4552e-04, -9.9249e-04, -1.5247e-04,  8.2578e-04,
          4.8776e-04,  1.8191e-03,  1.1117e-03],
        [-2.1799e-04,  8.3486e-04,  1.5974e-04,  7.1579e-04, -4.2885e-04,
          6.1761e-04, -3.3619e-04, -1.6520e-03, -2.4475e-03,  1.1064e-03,
         -1.8643e-03,  4.9303e-04,  8.0847e-04],
        [ 2.7110e-04, -6.2476e-06, -2.6747e-04, -2.2559e-04, -5.4371e-05,
         -1.1012e-04,  1.1848e-04, -3.7000e-05, -1.9434e-05,  4.2011e-04,
          1.8083e-04, -3.3886e-04, -5.3592e-04],
        [ 3.4332e-04, -3.1569e-03,  1.4434e-03, -1.0681e-04,  2.0632e-03,
         -1.7103e-03, -1.0648e-03, -7.0607e-04, -2.7378e-04, -1.3524e-03,
         -7.6229e-04, -5.9103e-05, -1.3244e-03],
        [-7.5208e-04,  9.9696e-06,  5.9442e-05,  8.3885e-05, -3.1691e-05,
         -7.3439e-05, -1.1245e-04,  1.0222e-03, -1.8864e-04,  2.7308e-05,
          3.8679e-04,  8.3951e-04,  9.7306e-04],
        [-4.1312e-02, -3.3830e-02, -8.0221e-03,  6.6626e-02, -2.6125e-02,
         -4.2436e-02, -4.8189e-03, -5.8677e-02, -3.9245e-02, -1.1829e-03,
          1.8295e-01, -4.1458e-02,  1.2769e-02]], device='cuda:0')), ('fcs.0.bias', tensor([-2.2174e-01, -3.3270e-02, -1.1188e-04, -2.0030e-04, -4.1682e-02,
         1.1469e-04, -4.0682e-04,  1.2549e-04, -3.1050e-04,  1.9835e-01,
        -1.2574e-04, -1.4174e-04,  6.0155e-05, -1.1114e-03, -1.4504e-04,
        -2.6733e-02, -4.8187e-05, -4.7086e-05,  1.2051e-04,  1.3977e-04,
         1.0003e-04,  4.5297e-05, -1.3514e-04, -3.4412e-02,  2.7916e-05,
         7.0676e-05, -4.4622e-02, -8.5324e-05, -2.2442e-01,  2.2911e-04,
        -4.9530e-04,  7.5043e-04, -1.0273e-04, -5.9585e-04,  8.3132e-05,
         2.4677e-01,  6.1426e-05, -3.4052e-05, -1.0949e-02,  8.4334e-05,
        -2.6718e-05,  5.1406e-04, -4.1534e-03, -9.3310e-02, -6.7284e-02,
        -9.1489e-05, -1.1798e-05, -2.1061e-04,  6.3720e-05, -9.4428e-05,
         5.8008e-05,  2.2363e-05,  1.7798e-01, -6.9858e-02,  1.6301e-01,
         7.3925e-05,  2.4501e-05, -7.2108e-05,  3.4624e-04,  3.9849e-06,
         1.3441e-04, -3.9870e-04,  4.2265e-05,  3.6847e-02], device='cuda:0')), ('fcs.1.weight', tensor([[-1.6261e-03, -2.1128e-05, -1.1597e-05,  5.9828e-05, -3.6590e-07,
         -1.8627e-04, -2.1643e-04, -1.3794e-05,  2.5617e-05, -3.8353e-01,
          3.5359e-02,  8.7256e-05, -5.3219e-05, -1.2652e-05,  3.8869e-04,
          1.0451e-04, -5.5267e-05, -8.1735e-06,  2.3790e-04,  1.5681e-04,
          1.1769e-04, -5.3813e-06,  5.7160e-05, -2.1730e-02,  4.8162e-04,
          3.5528e-05, -1.1717e-03,  7.8580e-06, -1.4727e-02, -2.1666e-04,
          1.0410e-03, -5.1799e-05,  2.9449e-05,  2.0368e-05,  3.8358e-05,
          9.2668e-02, -1.9630e-05,  2.0180e-04,  2.9151e-02, -9.8923e-06,
         -1.6379e-05,  1.6192e-03,  2.5902e-03, -1.5253e-03,  8.3159e-03,
          2.9096e-05,  4.3186e-07, -2.1765e-04,  2.7702e-05,  3.4212e-04,
          3.2705e-06,  5.3548e-04, -9.0876e-02, -6.4236e-02, -3.9336e-01,
          4.3580e-06,  1.1665e-04,  8.8505e-06,  1.6517e-04,  4.5590e-04,
         -3.6085e-06,  6.5352e-03, -4.6151e-06, -4.7599e-02]], device='cuda:0'))])
end of epoch 1: val_loss 0.03333687860168794, val_acc 0.99
trigger times: 0
saving model weights...
Weights: OrderedDict([('fcs.0.weight', tensor([[-5.8792e-05, -6.1709e-05,  5.4663e-04,  3.8834e-04, -4.2962e-05,
         -1.5030e-04, -3.6688e-05,  3.3938e-04,  1.2212e-04, -4.6667e-04,
         -1.8622e-04,  5.9121e-04,  5.3259e-04],
        [-1.8344e-04, -1.5629e-05,  6.2468e-04, -1.8351e-04,  3.4516e-05,
          9.2581e-05,  3.1354e-04, -2.0070e-05,  4.0707e-04, -2.9299e-04,
         -2.1193e-04,  3.5496e-04, -1.4201e-03],
        [-1.3349e-04,  1.4538e-05,  8.0696e-04, -1.7697e-04, -1.9477e-04,
         -4.5307e-04, -5.9844e-05, -1.3033e-03,  1.1086e-04,  1.3772e-03,
          5.0321e-04, -7.8963e-04, -8.6560e-04],
        [ 2.0385e-03, -3.7661e-04, -7.0434e-04, -5.9833e-04,  3.3727e-04,
         -1.4639e-03, -7.0378e-04,  3.2471e-04, -1.2474e-03, -2.1579e-04,
         -1.2163e-03, -1.4113e-03, -9.3822e-04],
        [ 4.0196e-05, -1.2282e-04, -2.7489e-04, -1.3421e-04,  3.6534e-04,
         -2.4800e-04, -6.7155e-06, -9.0469e-04,  2.6867e-04,  3.0622e-04,
         -7.4171e-05, -7.1995e-04,  1.2726e-03],
        [ 1.3377e-04, -1.3996e-04,  2.4014e-04,  3.7728e-04,  2.1854e-04,
         -1.1594e-04, -6.3958e-04,  8.4654e-04,  5.3332e-04, -6.0886e-04,
         -6.2454e-05, -6.6590e-04, -6.3781e-04],
        [ 3.4206e-04, -7.4649e-04, -1.2387e-03, -9.7354e-04,  8.4881e-04,
          5.1122e-04, -3.0094e-04, -1.2462e-03, -1.8843e-03, -1.0991e-03,
          1.3235e-03, -1.3900e-03,  2.0559e-03],
        [ 4.6343e-04,  1.7421e-04,  1.8070e-03, -6.0033e-04, -4.0036e-04,
          9.3740e-05,  9.2695e-04, -7.8879e-04, -8.1599e-04,  1.8931e-03,
          1.5272e-03,  8.7860e-04,  5.9104e-04],
        [ 3.9893e-04, -5.8983e-06,  4.2054e-05,  6.8188e-05,  5.5840e-05,
         -7.3957e-05, -5.5612e-04, -1.3213e-04, -4.3220e-04,  8.5312e-04,
          3.6275e-04, -7.5971e-04,  9.3229e-04],
        [-3.5532e-01,  9.0629e-02, -2.3634e-01,  9.5060e-02,  1.6721e-01,
         -7.3042e-02, -1.8542e-01,  1.4318e-01, -4.2162e-01, -2.0719e-01,
          1.0382e+00, -5.3560e-02,  7.1663e-01],
        [-8.1502e-05, -7.5702e-05, -1.4498e-04,  2.2946e-04,  5.1883e-05,
          3.3320e-05,  1.1691e-04, -1.8954e-04, -1.9754e-04, -5.2530e-04,
         -1.5797e-04,  8.4037e-05, -7.2007e-04],
        [-3.0055e-04,  3.9855e-04,  8.8459e-04,  1.1066e-03,  4.0598e-05,
          1.0254e-03,  9.5679e-04, -1.6618e-03,  8.6575e-04, -1.5214e-03,
          1.5427e-03, -3.2409e-04,  8.4692e-04],
        [ 2.2193e-04,  8.3717e-05, -7.3820e-04,  3.7548e-04,  8.4765e-05,
          2.3116e-04,  2.7856e-04, -2.0917e-04,  2.8756e-04, -5.6683e-04,
         -2.6441e-04, -9.3947e-04, -6.1500e-04],
        [ 7.3422e-04, -2.8995e-05, -5.4222e-04, -3.8114e-04, -7.9839e-05,
          3.0588e-04, -7.3452e-04,  6.3256e-04,  4.0276e-04, -1.3920e-03,
          1.7926e-04, -4.8475e-04, -1.2099e-03],
        [-4.2836e-05, -5.3302e-04, -2.5217e-04,  2.7540e-04, -1.5711e-04,
          5.6107e-04, -3.0697e-05,  4.4673e-04, -1.6336e-05,  1.1669e-04,
          5.1879e-04, -7.2071e-04,  1.0345e-04],
        [ 4.0571e-05, -9.0720e-05, -2.0515e-04, -1.2303e-04, -9.0114e-05,
         -6.0228e-05,  6.3865e-05,  4.3861e-05, -1.3514e-04, -7.6819e-04,
         -6.0587e-04, -3.4473e-04,  4.4630e-04],
        [-1.0951e-05, -9.2390e-05,  4.4168e-04, -2.6831e-04, -1.0469e-04,
         -1.4514e-04,  1.4716e-04,  1.1108e-03,  5.5018e-04, -4.9734e-04,
         -1.5240e-04,  3.9105e-04, -1.3187e-03],
        [-1.1898e-04,  3.6195e-05,  1.7940e-04, -1.7109e-04,  4.8089e-05,
         -3.5979e-05, -7.2667e-05, -8.6954e-05, -2.7139e-06,  2.1686e-04,
         -3.0441e-05,  1.5485e-04, -6.1227e-04],
        [ 3.7064e-05,  1.5456e-04,  3.0241e-04,  8.4077e-05,  5.2223e-05,
         -1.1003e-03,  7.4116e-05, -2.3452e-04,  1.0504e-04,  6.5114e-04,
          2.5697e-04,  2.8395e-04,  3.1196e-03],
        [ 3.1914e-04,  4.3249e-04,  8.2103e-05, -4.1609e-04,  1.3298e-04,
         -4.4262e-06,  2.0167e-03,  6.8325e-04,  1.8665e-03,  5.8323e-04,
         -2.5941e-04, -1.4464e-03,  3.5960e-05],
        [-8.3158e-05, -1.1045e-04, -1.1250e-03, -3.4241e-04, -2.0664e-04,
          5.6656e-04, -3.9842e-05,  7.9853e-04,  1.0838e-04, -4.4599e-04,
          4.7859e-04, -9.9467e-04, -2.5728e-03],
        [-7.4679e-06,  1.4869e-04, -3.6488e-04, -4.4236e-04,  1.6849e-04,
          5.2102e-05, -4.1562e-04, -1.3742e-04,  3.7307e-04, -7.5117e-04,
         -2.0586e-05, -1.9790e-03,  9.9574e-04],
        [ 1.9055e-04, -3.3937e-04, -7.8398e-04,  4.6639e-04,  2.5326e-05,
         -2.7075e-04, -2.7114e-04,  5.8378e-05, -9.3471e-05,  6.9228e-04,
          1.4563e-04, -6.9461e-04,  4.6974e-04],
        [ 8.6969e-06, -3.0118e-05, -4.6656e-05,  2.6285e-04,  1.0985e-04,
          7.1357e-05,  4.2504e-05, -3.4571e-04,  6.6877e-05,  3.8231e-04,
          5.5890e-05, -1.8261e-04,  3.9077e-04],
        [ 1.0414e-03,  5.3151e-03,  7.4423e-03, -1.4645e-03, -6.8820e-03,
         -1.2516e-02, -1.1048e-03,  2.9867e-04, -2.4623e-03,  5.0285e-04,
         -1.0120e-03, -5.1735e-04,  7.1476e-04],
        [ 1.9436e-04,  3.0010e-06,  6.3146e-04,  1.5650e-04,  1.8203e-04,
         -6.4347e-05,  7.9113e-05,  2.5660e-04,  3.9394e-04, -1.3808e-05,
          9.7744e-05, -5.8665e-04,  1.1044e-03],
        [ 1.0993e-04, -7.1859e-05, -5.9014e-05, -9.8373e-05, -8.3445e-05,
         -1.1815e-04,  1.3357e-04,  3.3650e-04,  8.4967e-05, -3.7244e-04,
          7.2404e-05, -1.5239e-04,  8.3122e-04],
        [ 2.6872e-04, -1.6305e-04,  2.1514e-03,  3.5356e-04,  2.5195e-04,
         -2.4702e-04,  4.8052e-04,  7.0582e-04, -1.6529e-04,  4.4581e-04,
          6.8877e-05, -1.7966e-04, -3.4638e-04],
        [ 6.9918e-05, -7.9790e-05,  5.2668e-05, -1.0310e-04,  1.9603e-04,
         -1.6462e-04,  3.2687e-05, -6.6552e-04, -9.0718e-04, -5.3454e-04,
          5.2899e-05, -5.3934e-04,  5.6379e-04],
        [ 1.0209e-06, -2.0070e-02,  1.5957e-04, -1.2985e-01,  2.8692e-01,
          1.0920e-01, -2.3731e-02, -4.4115e-04,  4.4458e-01,  7.4411e-05,
         -4.5347e-01, -4.3566e-04, -4.5719e-04],
        [ 4.6257e-04, -1.1027e-03, -1.0647e-03, -1.5728e-04, -1.8304e-03,
          2.9121e-03, -1.3086e-04,  1.2765e-03, -4.2970e-04,  3.9622e-04,
         -8.7249e-04,  1.4145e-03,  1.3902e-03],
        [ 1.4002e-03, -2.1759e-05,  5.2757e-04, -5.3020e-04, -2.5671e-04,
          1.1736e-04, -1.3543e-03, -9.4984e-04, -2.9456e-04, -3.7200e-04,
         -1.4489e-03,  8.9287e-04, -8.5632e-04],
        [-3.7614e-04, -1.4727e-03,  2.2217e-04, -7.8411e-04, -1.3838e-04,
          1.0512e-03, -4.4704e-04,  9.3286e-04, -4.6969e-04,  3.7789e-04,
          1.0218e-03, -1.4055e-03, -9.5272e-04],
        [-1.2589e-04, -1.6667e-04,  9.4483e-04, -2.0936e-04, -2.3653e-04,
         -3.9294e-04,  8.6734e-04, -9.3250e-04, -4.8130e-04, -1.0409e-03,
          1.8726e-04, -4.1486e-04, -9.2392e-04],
        [ 8.4715e-05, -1.9141e-04,  1.4784e-03,  1.2952e-04, -3.8497e-05,
          2.3801e-04, -1.0435e-04,  1.0411e-03, -3.9315e-04, -4.2360e-04,
         -1.7249e-04,  9.3989e-04,  1.1300e-03],
        [-1.0568e-04, -3.6172e-06,  4.8458e-05, -9.3048e-06,  1.5974e-05,
         -7.9513e-05, -1.5094e-04,  6.5997e-05,  1.9230e-04, -9.4328e-04,
         -8.5949e-05, -2.6584e-04, -3.2872e-04],
        [-6.6335e-04, -3.4772e-05, -1.3900e-04, -4.1999e-05, -1.8108e-04,
          3.4356e-04, -4.3920e-04,  9.2064e-04,  2.8428e-04,  8.1474e-04,
          1.1100e-03,  2.1762e-03, -4.0163e-04],
        [ 1.3599e-04, -6.5846e-04,  4.3067e-04,  2.0563e-04,  6.8847e-04,
          1.3658e-03,  3.2056e-04,  1.4153e-03,  5.9811e-04, -1.8900e-03,
          1.4710e-03,  1.7596e-03,  4.7791e-04],
        [ 3.2940e-04,  2.4991e-04, -7.9257e-05, -2.3843e-04,  2.0345e-04,
         -1.0599e-04, -4.1119e-05,  3.2435e-04, -1.7201e-04, -2.5125e-03,
         -9.7397e-05,  3.1508e-04, -1.6044e-03],
        [ 1.4120e-04, -1.4006e-04, -6.6510e-04,  3.7811e-04, -9.6617e-05,
         -2.6126e-04, -2.3169e-04,  2.5565e-04, -1.6335e-04, -1.0780e-03,
         -3.5297e-04, -1.9446e-04, -5.2507e-04],
        [ 2.7742e-04, -1.2821e-04,  5.3944e-04, -1.2902e-04,  9.3791e-06,
          1.8459e-04,  4.8104e-05, -7.4404e-04,  2.3315e-04, -1.8572e-03,
          6.0176e-04, -8.3895e-04,  8.9837e-04],
        [-2.0103e-03,  5.9933e-04,  7.0870e-04,  6.7384e-04, -7.6553e-04,
          1.3113e-04,  2.0295e-04, -5.2124e-04, -2.9765e-03,  9.5541e-04,
          2.2496e-03, -3.5161e-03,  1.1660e-03],
        [ 1.8437e-04,  3.7448e-05,  1.7820e-04, -2.4061e-04,  6.2115e-05,
         -9.3903e-05, -5.8659e-05,  4.4069e-04,  2.2524e-04, -1.9740e-04,
          4.1134e-06, -2.8508e-04,  7.1492e-04],
        [ 6.2879e-05, -2.0108e-05, -1.6757e-04, -1.7164e-04,  9.1472e-05,
          1.4281e-04,  1.1603e-04, -2.6413e-04, -6.8188e-04, -2.5257e-04,
          8.8632e-05,  1.7231e-04,  4.6242e-04],
        [ 7.9542e-06,  1.3185e-05, -2.4895e-04,  6.7713e-05, -2.2469e-05,
          9.1165e-05, -1.9524e-04, -3.4807e-04,  2.3728e-04,  2.3798e-03,
         -8.4682e-07, -3.2376e-05, -3.4703e-04],
        [-2.0130e-04, -2.3760e-05, -4.5641e-04, -2.2535e-04, -1.9695e-04,
          1.7776e-05,  1.6799e-04,  4.2713e-04, -6.5037e-04,  1.1015e-03,
          2.2887e-05,  2.2004e-04, -1.1072e-03],
        [ 1.5173e-04, -5.0820e-04,  5.5822e-04, -1.5054e-04,  3.4198e-04,
          8.4240e-05, -3.8315e-04, -4.2224e-04, -4.8476e-04, -4.6097e-04,
          3.6841e-04,  9.0895e-04, -5.8501e-04],
        [-1.9191e-03, -4.5302e-05,  6.2229e-05, -4.3088e-04,  7.0131e-05,
         -2.8493e-04,  5.2790e-04,  1.4272e-03, -3.2860e-04,  6.2878e-04,
         -5.6991e-05,  2.9275e-04, -1.5885e-03],
        [-1.7959e-04, -5.3972e-05,  4.3108e-05,  7.9303e-05, -3.9943e-05,
         -1.2976e-04, -1.4742e-04, -3.6261e-04, -4.9580e-04, -1.0755e-03,
         -2.0725e-04,  1.5200e-03, -1.5101e-03],
        [-3.8123e-05,  4.8521e-04, -7.8296e-05, -2.7938e-04, -3.9616e-04,
         -3.2974e-04, -1.6758e-04,  1.8600e-04, -9.8118e-04,  1.9349e-03,
          7.2875e-04, -1.9011e-03, -2.9826e-03],
        [ 3.5655e-04, -1.2644e-04,  9.4862e-04, -1.2193e-04, -2.5831e-04,
          8.4286e-05, -1.2909e-04,  2.4569e-03,  1.4184e-03, -2.1853e-03,
         -4.8725e-04,  2.4811e-04, -2.6487e-04],
        [-1.1827e-04,  1.2860e-03,  7.2707e-05,  7.3770e-06, -1.4589e-04,
         -3.0169e-04,  8.7955e-04,  4.0264e-04,  8.5839e-04,  7.4762e-04,
         -1.9373e-04, -1.5288e-03, -4.5320e-05],
        [-6.7664e-06,  5.0205e-06,  3.2343e-06,  2.1811e-07,  6.2922e-05,
          7.7375e-05, -1.2426e-01,  1.7338e-04, -1.0220e-05,  1.1540e-04,
          9.4669e-06,  2.1700e-04,  1.0125e-04],
        [-5.5126e-04, -2.0894e-04, -1.9466e-04, -3.4928e-04, -3.4737e-03,
         -5.6550e-04, -2.2276e-04, -2.8586e-04, -6.7099e-04,  1.8794e-03,
          1.3800e-03, -1.2039e-03, -1.4532e-03],
        [-8.8464e-02,  8.8097e-03, -1.9915e-02, -3.1692e-02,  2.2193e-02,
         -9.0614e-03, -4.4653e-02,  3.7946e-02,  5.9745e-03, -2.9777e-02,
          2.2806e-01,  1.6076e-04,  3.6808e-01],
        [-2.5405e-06, -1.3244e-05,  4.1484e-04, -1.9541e-04,  2.8106e-05,
         -8.5538e-05,  2.6518e-04,  1.4326e-04, -1.9320e-04,  1.4727e-03,
          3.3960e-05, -3.8956e-04, -9.8368e-04],
        [-5.7847e-04,  5.1934e-04,  1.2132e-03, -6.0847e-04, -3.6441e-04,
          2.0205e-04,  8.7411e-04, -9.4934e-04, -2.4975e-03, -1.8896e-03,
         -1.7603e-03,  3.1675e-03,  1.9541e-03],
        [ 8.3918e-05,  2.7398e-04, -2.6444e-04, -4.3776e-04, -4.7451e-05,
          2.3513e-04, -4.0318e-04,  6.7563e-05,  4.2850e-04,  4.7998e-04,
         -5.6800e-06, -7.8359e-04, -2.0085e-03],
        [ 1.8124e-03,  2.6026e-03,  5.0278e-03,  2.7216e-03,  1.7280e-03,
         -9.4702e-04, -2.2025e-03,  1.9898e-03,  5.4838e-04, -4.1932e-04,
         -7.3358e-03,  3.0095e-03, -5.7281e-04],
        [ 1.6811e-03, -4.0970e-03, -1.9801e-03, -1.9658e-03, -7.4987e-04,
         -3.1156e-03, -2.4907e-03,  1.2593e-03,  1.0700e-03,  2.1291e-03,
         -4.4153e-03,  4.2366e-04,  2.0919e-04],
        [-1.1428e-04, -7.4520e-05,  4.5874e-04,  6.6457e-04,  1.3999e-04,
          8.2945e-05, -6.5196e-04,  4.6510e-04, -9.0012e-04, -8.1203e-05,
         -4.6282e-06,  9.9907e-04,  8.3628e-05],
        [ 1.2163e-05,  4.9181e-04, -2.6942e-04,  6.2328e-04, -1.3577e-03,
          1.4747e-03,  6.7149e-04,  3.9637e-04,  9.2641e-04, -3.7298e-04,
         -8.8140e-04, -8.6270e-04,  3.7631e-04],
        [ 1.7151e-04, -3.5454e-05, -1.5683e-03, -8.4286e-05, -6.1537e-04,
          5.8226e-04,  3.2403e-04, -1.9595e-03, -7.9380e-04, -3.4482e-04,
         -6.3218e-04, -1.8006e-03,  7.0053e-04],
        [ 9.4407e-05, -2.5746e-05, -1.6679e-04,  2.2913e-05,  7.1782e-05,
          1.6709e-04,  1.4267e-04, -1.0676e-03, -3.2321e-04, -1.0000e-03,
         -2.0290e-04,  1.9108e-04, -2.6795e-04]], device='cuda:0')), ('fcs.0.bias', tensor([-1.9840e-04,  1.5290e-04, -1.7834e-04,  2.1579e-04,  3.8786e-05,
        -1.9595e-04, -6.6599e-05,  2.8473e-04, -8.8346e-04,  1.4239e-01,
        -1.0075e-03, -2.4662e-03,  1.8858e-04,  1.2287e-03,  6.6599e-06,
         5.6686e-05,  2.7138e-04,  1.0840e-04,  1.1868e-04,  2.4680e-04,
        -1.9773e-04, -1.1402e-04,  3.4185e-04, -2.3338e-04,  9.8591e-04,
        -2.0672e-04, -2.0373e-04,  3.1169e-04, -4.3120e-05, -1.1266e-01,
        -3.0967e-04, -8.3653e-05,  3.8791e-04,  1.5895e-03, -3.8378e-05,
         1.3053e-04, -9.7904e-05, -2.5086e-04, -2.4953e-04, -1.2729e-05,
         3.5913e-05,  9.2271e-04,  1.5617e-04, -2.8623e-05, -7.4400e-05,
         3.2887e-05,  1.1418e-04,  2.5537e-04, -4.3121e-04,  7.0285e-05,
         5.4818e-04, -2.0778e-05, -8.9027e-02,  4.8564e-04, -2.5716e-02,
        -9.5263e-05,  5.5330e-04, -1.4661e-04,  1.4678e-03,  6.8870e-03,
        -9.3669e-05,  3.2318e-04,  1.3424e-03,  2.1923e-05], device='cuda:0')), ('fcs.1.weight', tensor([[ 1.3610e-05, -4.1161e-05,  2.8109e-05,  4.6294e-04, -4.2036e-05,
         -1.8831e-04, -2.5969e-04,  4.5763e-05,  3.8944e-05, -4.3531e-01,
          1.9798e-05, -9.4281e-04,  2.7810e-06, -5.2100e-05,  1.3990e-04,
          5.2167e-04,  1.3138e-04,  5.2401e-05,  8.7986e-04, -3.6069e-05,
          1.9158e-05, -7.7419e-06,  2.6498e-05,  1.4353e-05,  3.2193e-03,
         -8.1021e-05, -6.1192e-07, -4.9284e-05,  5.3462e-05,  7.6953e-03,
         -9.0017e-04, -7.0352e-05,  1.9055e-04, -3.9692e-05, -2.0502e-06,
         -1.7125e-05,  5.9115e-06, -2.7010e-05,  1.1099e-04,  6.5939e-05,
         -1.6279e-04,  3.1002e-04, -7.8416e-05,  1.9085e-05, -1.9700e-05,
          1.0001e-04, -8.4503e-05,  6.0469e-05, -1.9483e-05,  4.0293e-04,
          1.4292e-04, -5.0823e-04,  3.5658e-05, -4.4353e-04, -1.3768e-01,
         -2.8934e-06,  6.8533e-05, -5.6274e-06, -7.4834e-03,  9.9259e-03,
         -2.2721e-05, -8.1563e-04,  1.0823e-04,  1.3437e-05]], device='cuda:0'))])
end of epoch 2: val_loss 0.007913649571696268, val_acc 0.995
trigger times: 0
saving model weights...
Weights: OrderedDict([('fcs.0.weight', tensor([[ 6.2770e-04,  4.7351e-05, -3.9687e-04,  7.2794e-04,  4.5323e-05,
         -2.9868e-06,  9.6358e-04, -3.7509e-04, -1.3517e-03,  5.4030e-04,
         -4.0954e-04, -5.9090e-04,  6.7040e-04],
        [-1.1666e-04,  8.3030e-05, -5.6248e-04, -4.5910e-04, -2.2493e-05,
         -1.2250e-04, -6.6950e-05, -1.9684e-03, -9.5904e-04, -5.7745e-04,
         -6.8756e-04,  6.2070e-04, -1.8182e-03],
        [ 2.5689e-04, -2.6399e-04, -2.3925e-03,  5.0939e-06, -1.2371e-03,
         -1.8710e-03,  2.4184e-04, -4.9894e-04, -6.1735e-04,  1.2206e-03,
          6.4884e-04, -1.2104e-03, -6.9685e-04],
        [-7.5881e-06,  2.2101e-04, -1.7027e-04, -3.4430e-05,  6.1080e-04,
         -8.3213e-06, -8.6134e-05,  1.2671e-03, -3.4904e-04,  3.0521e-04,
         -2.7176e-04,  4.2002e-04, -1.8489e-04],
        [ 2.0087e-04,  2.1200e-05,  2.2613e-04, -1.8202e-04, -1.0982e-04,
          1.3964e-03, -9.9626e-05, -8.6893e-04,  2.1393e-03,  9.8573e-04,
          5.5775e-04,  1.0798e-03,  1.6004e-03],
        [-3.3263e-04, -1.1374e-04,  4.2671e-04,  2.9147e-04,  4.2489e-04,
          5.0449e-04, -6.2843e-04, -2.0997e-04, -2.7224e-04,  5.3072e-04,
          8.4701e-04, -1.0397e-03, -2.0460e-03],
        [-7.0759e-05, -7.4951e-04, -6.8260e-04, -3.2396e-04,  1.0699e-04,
          2.1539e-03,  1.3808e-03,  1.2925e-03,  1.7525e-03, -9.1668e-04,
         -7.3053e-04, -5.8577e-04,  2.2667e-03],
        [ 2.5918e-03, -1.0195e-04, -1.8979e-03,  9.0070e-06, -7.1467e-04,
         -4.0309e-04,  1.2606e-03, -7.5731e-04, -2.8924e-04, -4.3122e-04,
         -1.4855e-03,  5.2835e-04, -1.6110e-04],
        [-1.4208e-04,  2.9720e-05, -5.7069e-04,  1.2917e-03, -1.9795e-04,
          1.5245e-04,  2.8913e-04,  3.2011e-04, -1.1097e-03,  1.4171e-03,
          4.4242e-04, -6.6905e-04, -1.2032e-03],
        [-9.6258e-02,  1.1697e-02, -1.0264e-01,  2.2971e-02,  7.4136e-02,
         -1.4270e-01, -3.0271e-04, -1.6279e-03, -1.6765e-02, -7.5261e-03,
          7.7860e-01, -1.5352e-02,  5.7651e-01],
        [-1.1889e-04, -2.1075e-06, -2.8015e-04,  3.9039e-04, -8.6444e-05,
          2.2184e-04, -1.2270e-04,  5.6723e-04, -4.2297e-04,  1.7720e-03,
          2.2442e-04,  4.1240e-04,  2.1303e-03],
        [ 4.8089e-05,  2.4152e-04, -4.4099e-04, -1.7749e-03,  8.1479e-04,
         -8.9360e-04,  4.6606e-04,  1.2807e-03, -9.7258e-04, -1.1507e-03,
         -3.4813e-04, -9.0663e-05,  7.6190e-04],
        [ 6.7711e-05,  2.0567e-04, -2.0196e-04, -8.6013e-04, -6.7837e-05,
         -4.8113e-04,  1.2232e-04,  1.3450e-04,  2.3839e-04, -4.8560e-04,
         -8.1930e-05, -1.9859e-03, -7.5057e-04],
        [-1.1073e-03,  9.7540e-05,  2.6030e-04, -1.1723e-04,  8.1055e-04,
          2.5141e-03, -1.6442e-03,  1.3910e-03,  1.0033e-03, -2.0523e-03,
          5.7015e-04,  7.2903e-04, -1.3546e-03],
        [ 5.3860e-04, -1.2275e-03, -3.7163e-03,  1.3139e-03,  1.6807e-03,
          1.8608e-03, -1.1688e-03, -1.2235e-03, -1.8083e-03, -5.7859e-04,
         -4.3650e-04,  9.2486e-04, -4.0576e-04],
        [ 5.0008e-04,  1.3492e-05, -4.1117e-04, -1.6848e-04,  3.0684e-04,
          2.9963e-04, -5.9670e-04,  1.0563e-03, -6.5640e-04,  1.4276e-03,
          1.1687e-03,  3.4623e-05, -4.1598e-04],
        [ 5.0061e-04,  3.6862e-04,  4.9815e-05, -1.2412e-04, -4.9423e-04,
         -4.3346e-05,  4.2443e-04,  1.2432e-03, -1.4050e-04, -5.3726e-04,
         -6.3024e-04, -6.0619e-04,  4.6469e-04],
        [-2.0705e-04,  2.8829e-04,  1.5796e-04, -1.2275e-03,  3.0616e-04,
         -1.3518e-04, -1.8793e-04, -7.2930e-04,  4.9042e-05,  6.5609e-04,
          3.6234e-04, -1.2113e-04, -8.1502e-04],
        [-2.3531e-04, -1.3743e-03, -1.5147e-03,  2.1611e-04,  9.1357e-04,
         -1.0160e-03,  2.2997e-04,  1.3527e-03, -2.0152e-04,  1.5278e-03,
          1.0354e-03,  2.4500e-04, -1.5436e-03],
        [ 4.4782e-04,  2.0704e-04,  1.9583e-03,  4.5279e-05,  4.2349e-04,
          2.4414e-04, -2.1127e-03, -6.1740e-04,  6.0511e-04, -1.6845e-03,
         -5.5947e-04,  4.2896e-04, -9.4038e-04],
        [-3.9231e-04,  1.2715e-05, -1.2828e-03,  2.8772e-04,  1.0573e-03,
         -8.5297e-04,  1.1134e-04,  1.0143e-03, -1.5766e-04,  1.1822e-03,
          2.9626e-04, -1.2037e-03, -2.4168e-04],
        [ 3.2600e-04,  3.8079e-04, -2.5531e-03,  2.2950e-04,  3.4228e-04,
          1.2339e-04,  9.3544e-05, -3.8297e-04, -9.2334e-05, -1.6594e-04,
         -1.6512e-04, -3.0013e-03,  1.1495e-03],
        [ 2.3923e-04,  4.1842e-05, -2.7679e-03, -3.1779e-04, -3.6663e-04,
          9.9185e-05,  5.6652e-04, -3.2795e-04,  9.1804e-05,  1.0363e-03,
         -2.7968e-04,  9.5136e-04, -6.6629e-04],
        [ 1.5709e-04, -6.4432e-05, -2.9746e-04, -4.4328e-04,  1.6677e-04,
         -1.0611e-04, -3.8172e-04, -5.0221e-04,  2.1673e-04,  6.0424e-04,
          8.1903e-05,  9.2934e-04,  7.4559e-04],
        [-1.0494e-04,  1.3802e-03,  3.7469e-03,  6.3961e-04,  3.2467e-04,
          6.6371e-04,  1.1859e-03,  1.5517e-03, -1.1447e-03, -1.2305e-04,
         -2.4349e-04,  1.5282e-03, -3.8671e-04],
        [ 2.8224e-05,  1.2690e-04,  9.6930e-04,  4.5082e-04,  8.3189e-04,
         -7.2787e-05, -1.1705e-04,  3.8673e-05, -2.1105e-03, -2.2215e-03,
          6.0369e-04, -4.7893e-04,  1.0049e-03],
        [-2.1027e-05, -3.8412e-05,  2.8822e-04,  4.4665e-04,  9.7780e-05,
         -1.9441e-04, -2.7728e-04, -3.3267e-04,  2.7318e-05, -6.2595e-04,
          6.1520e-04,  1.1495e-03,  1.1057e-03],
        [ 8.8480e-04, -9.0309e-05, -2.1867e-03, -4.0680e-04, -8.1091e-04,
         -3.9791e-04,  8.1132e-04,  4.6459e-04, -2.0548e-04,  1.5115e-03,
         -1.5262e-04,  1.6615e-03,  3.3450e-05],
        [ 3.6647e-04, -1.9284e-04,  8.0538e-04,  4.6229e-04,  5.4879e-04,
          2.4261e-05,  1.7103e-04, -7.0763e-04, -2.0236e-03,  1.2595e-03,
         -3.1956e-05,  1.0825e-03,  7.0501e-04],
        [ 5.3868e-05,  5.3598e-05, -1.2546e-04,  5.3453e-05, -8.1058e-05,
          2.0769e-05,  1.6063e-04, -4.2139e-04,  1.1796e-04,  9.3023e-05,
         -3.3663e-05, -7.1510e-05, -1.3628e-03],
        [ 8.3622e-04,  1.6823e-03,  2.6159e-04,  1.4798e-04,  1.8331e-03,
         -3.4533e-04,  6.7697e-04, -4.4925e-04, -1.8322e-04, -2.1950e-03,
          1.1576e-03, -1.0656e-03,  9.2696e-04],
        [ 5.8390e-04, -5.0510e-04,  7.8223e-04, -1.0981e-03, -4.8476e-04,
         -5.6797e-04, -6.5471e-05, -1.0683e-03, -5.7030e-04, -5.7203e-04,
         -1.8420e-03,  7.1518e-04, -3.0094e-04],
        [ 4.2621e-04,  9.1031e-04, -3.2479e-04, -4.2067e-04, -8.5885e-04,
         -6.7364e-04,  2.9756e-04, -7.3020e-04, -2.2981e-04, -1.3224e-03,
          5.0818e-04, -7.8786e-04, -8.8797e-04],
        [ 1.2428e-03, -5.4055e-04,  1.6902e-03, -1.0508e-03,  7.1635e-04,
         -8.7100e-04,  1.0739e-03, -5.9190e-04, -3.0494e-04,  8.5929e-04,
          9.9261e-04,  2.5684e-03, -1.2005e-03],
        [-2.9549e-05,  4.4999e-04,  4.3718e-04,  2.4030e-03,  1.4469e-03,
         -9.1475e-04,  1.6470e-04, -2.9254e-03,  4.0102e-05, -2.1630e-03,
         -5.4856e-04,  3.2880e-04,  1.2592e-03],
        [-4.1790e-04, -4.8612e-05,  1.0234e-04, -3.2697e-04, -4.8128e-06,
         -9.0085e-05, -3.3814e-04,  1.5105e-04,  3.0931e-04, -1.2977e-03,
         -5.2001e-04,  6.2969e-04,  5.0211e-04],
        [-1.7418e-05, -2.7741e-04, -1.1117e-03, -2.4082e-04, -4.5742e-04,
         -7.4538e-04,  3.1004e-04, -1.0421e-03,  9.6097e-04,  1.0260e-03,
         -9.4490e-04,  1.5776e-04,  1.9048e-03],
        [ 2.6436e-04, -1.9804e-03, -1.3940e-03, -3.3302e-04,  1.1029e-03,
          2.0565e-03, -7.2599e-04,  1.1416e-03, -2.8057e-04,  1.2933e-03,
         -6.9495e-04,  1.3298e-03,  8.2169e-04],
        [ 4.7597e-04, -9.1821e-05, -3.4436e-03,  1.0217e-03,  5.4382e-04,
         -1.1997e-03, -5.8813e-04,  4.6233e-05,  5.8237e-04,  5.3384e-04,
          1.5937e-04,  7.8276e-04, -9.2384e-05],
        [ 2.4455e-04, -3.1708e-04, -1.2256e-03, -1.1958e-03,  5.7736e-04,
          9.1684e-04,  5.0840e-04,  6.4222e-04,  1.1916e-03, -1.2982e-03,
         -7.7171e-04, -4.1411e-04, -5.4058e-04],
        [-2.3430e-04,  1.7453e-04, -8.9045e-04,  2.2638e-04, -3.4162e-04,
          4.2780e-04, -7.3039e-05, -1.5782e-03,  2.3849e-04, -1.3738e-03,
         -4.2673e-04, -1.9553e-03, -5.3062e-04],
        [-6.3884e-04, -3.9113e-04, -8.5372e-05,  6.3931e-04,  1.7176e-04,
          2.6777e-04,  5.8095e-04,  5.9931e-05, -6.6257e-04,  3.6998e-04,
          9.1239e-05, -1.4092e-04,  1.5728e-03],
        [-2.3431e-04, -1.4929e-05,  2.9602e-04,  6.0982e-04, -2.5586e-05,
         -3.5386e-04,  1.9407e-04, -6.0036e-04,  1.7018e-04, -3.8845e-04,
         -1.8206e-05, -2.4280e-04,  8.5908e-04],
        [ 7.5514e-05,  2.3580e-05,  4.2988e-04,  1.4533e-04,  2.0841e-04,
         -4.9604e-05,  3.9891e-05, -4.7798e-04, -1.5184e-03,  5.8429e-04,
         -6.6757e-04,  3.4823e-04,  6.2950e-04],
        [ 3.7642e-04, -2.1494e-05,  2.0868e-04, -1.0582e-04,  8.1968e-05,
         -2.0382e-04, -5.2671e-04, -5.9162e-04,  3.1343e-04,  3.8976e-03,
         -5.4140e-04, -4.5307e-04, -5.4861e-04],
        [ 8.6962e-04, -1.1384e-04,  3.8655e-04, -6.9978e-04,  3.6293e-04,
         -2.0667e-04, -2.6642e-04, -6.2453e-04, -1.2777e-03,  6.1258e-04,
          3.1861e-04,  8.9050e-04, -1.3696e-03],
        [-4.9120e-04,  9.9327e-04, -1.0874e-03, -6.4539e-04, -2.6291e-04,
          5.0617e-04, -2.9342e-06, -7.0870e-04, -4.2373e-04,  6.8206e-04,
         -6.8710e-04, -1.3070e-03, -5.3516e-04],
        [ 8.6568e-04, -1.0165e-03,  1.3124e-03,  5.6614e-04,  5.2312e-04,
         -1.7513e-03, -4.1631e-04,  1.2728e-03, -1.4071e-03, -3.3161e-04,
          4.2908e-04,  3.2256e-03, -1.8993e-04],
        [-2.9821e-04,  2.7750e-04,  4.8453e-04, -9.4005e-04, -1.6954e-04,
         -3.3412e-04,  9.1142e-04, -1.0515e-03, -8.4066e-04, -9.6397e-04,
         -1.3856e-03,  7.1275e-04,  9.0648e-04],
        [-1.5285e-04,  5.8854e-04,  4.1268e-04,  6.2428e-05,  9.3821e-04,
         -1.8506e-03, -1.0578e-04, -1.0118e-03, -2.4267e-04, -1.5652e-03,
         -6.6183e-04,  3.6467e-04,  4.9580e-04],
        [-3.9980e-04,  6.8570e-04, -7.3378e-04, -5.4741e-05, -2.9483e-05,
          9.0761e-04,  6.4353e-04, -9.7085e-04,  7.8085e-04, -7.6604e-04,
          1.7716e-03, -5.7349e-04,  1.8233e-03],
        [-3.4389e-04, -6.8404e-04, -6.0225e-04, -8.7317e-04,  6.4575e-04,
         -1.5207e-03, -2.7050e-04, -1.3598e-03,  3.9687e-04,  1.0566e-03,
         -2.6689e-04, -7.2840e-04,  3.1448e-04],
        [ 6.3505e-05, -1.3517e-04, -4.0045e-04,  7.5903e-06, -5.6284e-05,
          1.3087e-04,  8.8063e-05,  7.6059e-04, -1.8376e-04,  2.2757e-04,
          6.5135e-05, -3.8487e-04,  8.8044e-04],
        [-3.6475e-05,  2.9462e-05, -1.0034e-04, -1.7679e-04,  1.9063e-04,
         -1.7744e-04,  1.1001e-04,  9.9868e-04, -1.5644e-04,  9.8788e-04,
          6.9398e-04,  4.5912e-04,  4.0047e-04],
        [ 5.1738e-08, -1.4871e-06,  4.9152e-05, -4.3177e-05, -3.2249e-05,
          2.2097e-05, -4.4854e-05,  4.6219e-05,  9.6200e-05,  8.4442e-05,
          2.8057e-04, -2.9116e-05, -1.8741e-04],
        [-2.2198e-04,  1.6140e-04,  7.9432e-04, -8.5649e-04, -1.8788e-05,
          2.9232e-04, -3.1088e-05,  4.6682e-04, -7.4555e-04,  2.5221e-03,
          1.1178e-04, -5.9501e-04, -3.5537e-05],
        [ 4.8017e-04,  4.0365e-04,  5.6366e-04,  1.0192e-04,  1.2421e-03,
          6.1823e-04, -3.0501e-06,  1.6148e-03, -3.7624e-03, -3.2856e-04,
         -1.1399e-03,  7.6301e-04,  6.0625e-04],
        [ 7.3294e-04, -1.4319e-05,  6.4422e-04, -9.3174e-05, -1.5118e-04,
          5.4277e-04,  1.0137e-03, -6.7173e-04, -3.7084e-04,  9.1261e-04,
          2.2458e-04, -8.8970e-04,  7.0562e-04],
        [-3.0293e-03, -1.9969e-03,  1.8100e-05, -3.3040e-05,  9.4112e-05,
         -5.4786e-04, -1.9644e-04,  2.6066e-03, -1.7542e-03,  2.0470e-03,
          8.8373e-04,  2.5307e-03,  7.9668e-04],
        [ 1.3974e-04,  4.3301e-05, -7.0251e-05, -9.6277e-05, -7.0839e-05,
          7.9749e-05,  6.3159e-05,  7.3176e-05,  1.7491e-04,  6.2423e-05,
         -2.8413e-04,  2.8472e-04,  1.0964e-04],
        [ 7.5233e-04,  3.6649e-04, -1.5808e-03, -8.9756e-04, -1.0635e-03,
          2.5114e-04,  4.5595e-04,  1.1674e-03,  1.9126e-03, -8.7388e-04,
          1.7649e-03,  7.5631e-04,  1.0949e-04],
        [ 1.0199e-04, -8.9976e-05,  4.4269e-04, -1.8437e-04,  2.3362e-04,
         -2.4344e-04,  2.8907e-04, -3.2182e-05,  2.9369e-04,  1.0858e-04,
          1.5353e-04,  9.0923e-04, -7.6253e-04],
        [ 2.7254e-04, -5.8917e-04,  5.6776e-04, -2.0821e-04, -5.2579e-04,
         -8.8896e-05, -3.8584e-04, -1.1116e-04, -5.8327e-04, -1.7780e-04,
          1.1220e-03, -1.2349e-03,  8.4645e-04],
        [ 1.5717e-04,  7.8629e-05, -2.1352e-04,  8.1131e-04, -4.2739e-04,
         -6.8129e-05, -2.5661e-04, -4.5294e-04, -3.4205e-04, -1.7551e-03,
          3.1538e-04,  2.1407e-03, -1.5644e-03]], device='cuda:0')), ('fcs.0.bias', tensor([ 7.5981e-04, -4.5189e-05,  1.5236e-04,  1.2777e-04, -9.2687e-05,
         4.1452e-04,  4.0419e-05, -3.4646e-04,  7.0846e-04,  8.9780e-02,
        -1.7640e-03, -4.7931e-04, -5.3501e-04,  1.4731e-04,  4.1275e-04,
        -3.1115e-04, -1.1837e-04, -1.7913e-04,  3.5677e-04, -1.2184e-03,
         1.5237e-04,  2.3796e-04, -3.6206e-04,  3.6112e-04, -1.7587e-04,
         2.0640e-04,  8.0284e-04,  2.4656e-04, -1.6672e-04,  1.6195e-05,
        -4.3566e-04,  1.8665e-03, -5.2838e-04, -8.0469e-04, -3.1177e-04,
         5.2630e-05,  4.4141e-04, -5.4144e-04,  1.2859e-04,  5.0042e-04,
         1.4979e-04, -8.5261e-04,  1.9578e-03, -2.1395e-04,  3.2628e-04,
        -3.5289e-04,  3.1951e-04, -2.5738e-04,  5.8269e-04, -2.7650e-04,
        -6.6019e-04, -4.9332e-04, -7.4602e-05, -5.6412e-05, -3.6648e-05,
         2.0609e-04, -1.2838e-03, -2.4600e-04, -1.2198e-03,  4.7175e-05,
         2.2268e-04,  1.5512e-04, -1.1312e-03,  5.9449e-04], device='cuda:0')), ('fcs.1.weight', tensor([[ 1.7571e-04, -1.1070e-04, -1.3764e-04,  2.3145e-05, -2.0294e-04,
         -1.8619e-04, -7.9137e-05, -2.8443e-05, -8.3012e-05, -3.8484e-01,
         -3.1851e-05,  7.3229e-04,  8.5722e-06, -5.4987e-06,  1.7050e-03,
         -2.4057e-04,  1.4913e-05,  1.9936e-04, -1.4369e-03, -5.5304e-04,
          4.7270e-04,  8.2321e-05, -9.9930e-05, -2.5311e-05,  3.4194e-04,
         -1.2675e-04,  4.3613e-05, -1.2293e-04,  1.3393e-04,  3.0327e-05,
         -2.0494e-03, -2.2196e-05, -3.5277e-04,  1.3688e-04,  5.1938e-05,
          1.9117e-05,  1.2240e-04, -7.1067e-04,  9.6045e-05, -2.3247e-06,
          2.5308e-05,  6.5786e-04,  6.7537e-05,  5.6561e-06, -9.6120e-06,
         -3.6341e-04,  1.0738e-04, -1.0948e-03,  8.8828e-05, -9.3854e-04,
         -9.8530e-05,  1.5776e-03, -8.7035e-07, -1.4944e-05,  1.8457e-05,
         -8.0868e-05,  3.0722e-04, -6.8252e-05, -2.9148e-04, -8.4084e-07,
         -2.3854e-05, -2.1765e-05, -1.3496e-04, -2.4722e-05]], device='cuda:0'))])
end of epoch 3: val_loss 3.2364356897574e-07, val_acc 1.0
trigger times: 0
saving model weights...
Weights: OrderedDict([('fcs.0.weight', tensor([[-5.6850e-04, -2.0835e-04, -1.5724e-03,  4.8605e-04, -3.8109e-04,
         -1.0973e-04, -6.8620e-04, -1.0295e-03,  1.3204e-03, -1.9457e-03,
          6.2982e-04,  2.1416e-03, -1.4719e-03],
        [-1.3535e-03, -3.5548e-04,  3.8547e-04, -3.2950e-04, -8.8494e-04,
         -2.8289e-04,  3.1085e-05,  1.1613e-03,  1.0582e-03, -8.3117e-04,
          5.1585e-04,  2.9279e-04,  1.8481e-03],
        [ 1.3176e-01,  1.3335e-02,  2.3086e-01,  1.0800e-01,  7.4072e-04,
         -3.5607e-05,  1.5823e-01, -1.1644e-04,  9.3969e-05, -1.5405e-04,
          9.0484e-06, -2.5016e-05,  3.1600e-05],
        [-1.9325e-05, -7.7642e-04,  5.9296e-04,  1.8377e-04,  4.2434e-04,
          2.9220e-04, -9.5167e-06, -8.8620e-04,  1.3021e-03,  4.0106e-04,
          1.6160e-03, -3.1708e-03, -1.0740e-03],
        [ 6.1022e-05,  1.0890e-01, -1.3829e-05, -9.3246e-02,  2.1511e-05,
         -3.5580e-05, -9.4370e-05,  5.5191e-05,  1.1612e-04,  2.2487e-04,
         -6.8027e-02,  5.2359e-05, -3.8538e-05],
        [ 6.5173e-04,  2.9858e-04,  6.1370e-03,  9.8088e-04,  7.6400e-04,
          2.0119e-03,  6.9234e-05,  5.3973e-04,  5.8253e-04, -7.6245e-04,
          4.0748e-04, -2.3917e-03,  6.6659e-04],
        [ 8.1241e-05, -8.6125e-05,  3.5194e-04, -1.3690e-04,  1.0433e-04,
         -1.6367e-05, -7.3810e-06,  4.7685e-04, -1.5703e-04, -1.0504e-03,
         -9.1066e-04,  3.5431e-04,  1.0147e-03],
        [-3.0979e-04,  1.1034e-02, -2.4746e-05,  1.9166e-04, -4.4332e-05,
          1.8857e-02, -3.6078e-04, -3.8862e-04, -6.4542e-04,  4.0092e-04,
          2.4764e-04,  1.7588e-03,  1.0100e-03],
        [ 2.5793e-04,  8.8223e-04, -5.7712e-04, -3.6051e-04,  2.9841e-04,
          3.6638e-04,  1.6131e-03,  5.3822e-04, -5.4582e-04, -1.0979e-03,
          4.5787e-04,  2.5672e-04, -1.7431e-03],
        [-2.6842e-01, -1.3310e-02, -7.7162e-01,  3.1275e-01,  1.2161e-01,
         -1.8890e-01, -7.3775e-02,  1.1591e-01, -1.0328e+00, -2.5796e-01,
          1.7770e+00,  1.3133e-06,  1.5430e+00],
        [-1.4754e-03, -1.0164e-05, -5.3914e-04,  4.6649e-04, -1.5856e-04,
          6.0107e-04, -3.9741e-04, -3.0081e-03,  7.9419e-04, -7.2019e-04,
         -2.1381e-03,  1.4605e-03, -1.2455e-03],
        [ 1.1110e-04, -5.5373e-02,  8.1874e-05,  1.0316e-03, -7.2885e-03,
         -3.9662e-02, -5.3620e-04, -2.0157e-04,  1.3603e-03,  1.5221e-03,
         -1.9513e-04,  1.4184e-03, -4.3714e-04],
        [ 5.3835e-04,  7.3850e-04,  1.1802e-03,  8.4262e-04,  5.6515e-04,
         -1.0545e-03, -4.2846e-04, -7.8194e-05, -9.3261e-04,  3.9552e-04,
         -8.6261e-04,  2.7226e-04, -1.4639e-03],
        [-3.0582e-04, -1.3556e-03, -1.0554e-03,  5.7105e-04, -1.5443e-03,
         -1.3365e-03,  1.3088e-03, -2.4716e-03,  1.0357e-04, -7.1411e-04,
          1.7867e-05, -1.7476e-03,  3.9843e-04],
        [-9.5745e-05, -6.8863e-05, -5.9943e-05, -7.5193e-05,  5.9042e-06,
          8.5118e-06,  2.6570e-05, -3.7218e-04,  3.8241e-05,  4.7974e-04,
          2.9761e-04,  2.6036e-04,  1.6564e-04],
        [-9.8303e-02,  1.2090e-04, -4.4846e-04, -7.9094e-05, -5.9970e-05,
         -1.8455e-04, -6.3193e-02,  1.6043e-03, -6.1545e-05,  1.6420e-03,
          1.2183e-04,  3.0328e-03, -1.0367e-03],
        [-2.6917e-02,  4.1055e-04, -3.5426e-04,  3.6334e-04, -1.8960e-04,
         -1.1914e-04, -1.6258e-04,  7.9854e-04, -2.7351e-04, -7.2009e-04,
          4.0328e-04,  5.5526e-04, -1.2005e-03],
        [ 2.1742e-04, -2.3186e-04, -4.0756e-04, -7.7713e-04,  2.0353e-04,
          1.0016e-04, -2.7473e-04,  1.4469e-03, -4.7734e-04, -6.6502e-04,
         -4.0625e-04, -4.0954e-04, -1.4067e-03],
        [ 7.5686e-05, -7.4683e-04, -2.8074e-05,  2.8053e-05, -9.7286e-05,
          3.4506e-05, -8.5347e-07,  1.1971e-06, -1.5415e-04, -1.2330e-04,
          8.9306e-05, -5.1298e-04,  2.0569e-04],
        [ 1.6988e-03, -2.1363e-03,  4.7557e-04,  2.3679e-03,  8.5218e-04,
          5.4913e-04, -2.2641e-03,  2.2271e-04,  3.9025e-07,  6.4965e-04,
         -4.5678e-04, -1.7249e-03, -1.2843e-03],
        [-2.0944e-04, -2.7490e-06,  4.0629e-06,  2.1975e-04,  5.4046e-05,
         -8.9826e-06, -4.9851e-05, -3.6192e-05,  2.1036e-05, -1.9026e-05,
         -3.0295e-05,  4.1673e-04, -3.8619e-04],
        [ 1.0307e-03, -2.9819e-04,  4.7539e-04, -2.7959e-04,  8.6890e-04,
         -1.0385e-03, -1.1069e-03,  1.1485e-03,  5.2097e-04, -6.0731e-04,
          1.0640e-03, -6.1358e-04, -1.2907e-03],
        [-1.9863e-01,  4.6001e-05, -4.1211e-06, -1.4749e-01, -5.0013e-04,
          2.5353e-04, -1.4776e-01, -6.2540e-06, -8.8752e-04, -2.2846e-04,
          1.7696e-03,  4.4022e-04, -1.2957e-03],
        [-5.6139e-05, -6.9498e-05,  4.4291e-04, -9.4650e-04,  4.0457e-04,
         -5.3026e-04,  1.0882e-04, -1.1741e-03, -1.2928e-03,  7.1680e-04,
          7.4112e-04,  1.4413e-03,  4.3088e-04],
        [-9.6055e-02,  8.7097e-05,  5.9128e-05,  1.6784e-04, -9.8170e-06,
          2.2808e-04, -9.4510e-06, -8.8288e-04,  3.0048e-04,  4.5218e-04,
          5.6175e-05, -9.7503e-04,  2.8184e-04],
        [-2.2927e-05,  1.8841e-04,  1.2087e-03, -3.0261e-04, -1.7877e-03,
         -3.6029e-04, -5.5393e-05,  4.1291e-03,  1.0636e-03, -1.5987e-03,
         -1.2491e-04, -1.9587e-03, -3.0785e-04],
        [-1.6726e-04, -8.6081e-05,  3.7804e-04, -1.3128e-04, -5.9859e-05,
          4.1714e-04, -4.1766e-04, -5.6886e-04, -1.7231e-04, -8.6384e-04,
         -3.8553e-04, -2.1772e-03, -8.3407e-04],
        [ 1.3338e-03, -5.9588e-04,  6.4945e-04,  6.0131e-05,  5.4744e-04,
         -6.1490e-04, -2.0378e-03, -1.0345e-04, -8.8601e-04,  1.8804e-03,
         -1.0713e-03,  4.7113e-04, -1.6837e-03],
        [-1.4681e-03, -3.1016e-04,  1.6911e-04,  2.0202e-04, -8.0798e-04,
         -6.7297e-04,  1.2739e-03, -1.4005e-04,  3.2345e-05,  1.3467e-03,
          1.5626e-03, -2.3555e-03,  1.5722e-04],
        [ 1.0185e-04, -1.0753e-04, -3.6926e-04,  2.3220e-04, -7.0197e-05,
         -9.9393e-05,  2.4792e-04, -2.0043e-04, -4.6994e-05, -9.3611e-04,
          4.6330e-05, -9.6659e-04,  1.8042e-03],
        [-2.5160e-05,  6.5156e-05, -3.3313e-04,  1.8263e-05, -1.5037e-04,
          8.1850e-05, -4.0405e-05, -4.8288e-04, -1.8071e-03, -1.2891e-03,
          1.3400e-03, -5.6684e-04,  2.5502e-03],
        [ 3.1994e-04, -4.3543e-03,  6.2991e-04, -1.5506e-03, -2.4153e-04,
          1.1986e-03, -2.0034e-03, -1.1979e-03,  1.5673e-03,  4.5736e-04,
          2.7959e-05, -1.3963e-03,  1.3706e-03],
        [-1.1605e-01, -1.1774e-01, -2.3726e-06,  2.7236e-05, -2.2222e-05,
         -3.0506e-02, -1.0337e-01,  3.5701e-04, -3.5573e-05, -8.4359e-04,
         -5.9554e-05, -2.2456e-05,  5.2344e-04],
        [ 5.3098e-05,  5.3741e-04, -6.4006e-04, -7.9590e-04, -6.4234e-04,
          4.1286e-04, -1.3116e-04,  1.6502e-04,  1.0269e-03,  2.1391e-04,
         -5.1099e-04, -2.3554e-03, -1.1274e-03],
        [-2.5393e-01,  3.5472e-03, -7.8952e-02, -2.2955e-01,  5.8668e-05,
         -4.2314e-06, -2.2101e-01,  2.2867e-04, -1.0858e-04,  9.4860e-04,
          1.7293e-04,  1.9320e-04,  4.3769e-04],
        [-5.6736e-04,  6.4184e-05, -1.2416e-03,  9.3957e-04,  2.8070e-04,
          2.7503e-04,  1.1538e-04, -3.1537e-04,  6.3430e-04,  1.2353e-03,
         -1.1392e-03, -2.4192e-04, -1.3180e-03],
        [-1.0205e-03,  2.5989e-04,  6.4316e-04, -1.4212e-03,  7.2747e-04,
          5.2189e-04, -5.2904e-04, -4.9314e-04, -5.9850e-04,  8.5674e-04,
          1.1397e-03,  1.5745e-03, -7.7878e-04],
        [ 2.4066e-01, -1.2420e-01,  1.1742e-04,  1.0593e-01,  9.0843e-02,
          8.8048e-03,  3.1713e-02, -1.0378e-04, -1.2664e-04,  4.7594e-05,
          8.6789e-05,  1.1639e-03, -9.9724e-05],
        [-2.6932e-05,  5.9389e-06,  1.6848e-06,  1.5895e-04, -2.8876e-05,
          3.2903e-05,  3.6467e-04,  7.4238e-04, -7.3957e-04,  2.8732e-04,
          1.6871e-04, -4.0067e-04, -1.5265e-04],
        [-2.8516e-01,  9.5866e-02, -3.7063e-01, -2.6814e-01,  9.6088e-02,
          6.6616e-02, -4.5740e-01, -2.9671e-04,  8.3723e-02, -2.0083e-04,
         -9.3557e-02,  1.3391e-04, -8.0482e-04],
        [-4.3386e-04,  2.9684e-04,  3.1207e-04,  1.1897e-03, -6.4579e-04,
          4.3574e-04,  3.9445e-04,  2.1889e-03, -1.2903e-03, -1.3310e-03,
          2.1197e-03,  2.8261e-03,  5.9798e-04],
        [ 1.8878e-04, -4.9638e-04,  4.1156e-06, -2.0754e-04, -1.1649e-04,
         -2.0661e-04,  1.5142e-04,  4.8033e-04, -7.8377e-04,  6.2873e-04,
          2.1924e-03,  2.3729e-03,  6.6241e-05],
        [ 1.2605e-05, -1.1933e-05,  1.3034e-03, -2.1358e-03, -2.8416e-04,
          5.8335e-04, -8.8824e-04,  9.9713e-04, -7.0324e-04,  1.3005e-03,
          2.7928e-05, -1.5863e-03, -6.8958e-04],
        [ 2.8227e-04,  1.7528e-04, -1.5816e-03, -7.3983e-05, -1.0966e-03,
         -4.1089e-04, -4.3519e-04,  8.0896e-04,  3.2373e-04,  5.9208e-04,
          9.5462e-04,  1.9587e-03,  5.8429e-04],
        [ 3.8267e-04,  7.3660e-06,  1.2848e-03, -1.8836e-03,  4.5323e-04,
         -4.0485e-05, -1.4502e-03, -7.9091e-04, -4.9982e-04,  1.1719e-03,
          1.0571e-03,  9.1668e-05, -7.2386e-04],
        [-9.7353e-05, -4.6530e-02,  7.2003e-02, -6.4582e-05,  4.5371e-02,
         -4.3688e-04,  1.1816e-04,  2.1092e-04, -1.3577e-04, -4.1988e-05,
          3.0193e-05,  4.4540e-04, -1.9094e-04],
        [ 3.7106e-01,  1.6971e-02, -5.9084e-02, -1.9707e-04, -5.6434e-02,
          1.1305e-03,  9.0970e-02,  5.2936e-04,  5.2032e-04,  7.9289e-04,
          1.6671e-04, -9.0666e-03,  3.6977e-04],
        [-1.4651e-03, -1.1835e-02, -6.2523e-05, -2.3142e-04, -2.5245e-06,
          5.3463e-05,  7.6709e-06, -1.5410e-04, -1.5227e-05, -1.8702e-04,
          3.0945e-04,  1.4034e-04,  1.4074e-04],
        [ 6.1024e-04, -3.8392e-04,  1.1459e-03, -1.1351e-03, -7.0536e-04,
          3.2555e-04,  7.8611e-04,  1.5555e-03, -5.7827e-04,  1.0336e-04,
         -6.7441e-04,  7.7453e-04, -2.2420e-03],
        [ 5.4129e-04,  2.9935e-04, -3.6846e-04,  4.1311e-04,  6.1231e-04,
         -7.7470e-04, -2.2972e-04,  1.6572e-03,  8.9412e-04,  1.0868e-03,
          2.6254e-04, -1.9310e-04, -2.5070e-03],
        [-2.0670e-04,  7.5481e-05,  9.7678e-04,  8.2727e-04,  1.4296e-03,
         -5.5885e-04,  1.5084e-04,  2.2758e-03, -4.3718e-04,  1.8921e-03,
         -2.0540e-03,  3.3019e-03,  3.4265e-03],
        [ 1.7268e-04,  3.0254e-04,  5.4875e-04,  5.5175e-04,  1.1516e-03,
          8.5565e-04, -7.7854e-06, -2.2192e-03, -2.0158e-03, -1.5826e-03,
         -1.0577e-03, -4.9583e-04,  3.3982e-03],
        [ 4.2551e-05,  6.2814e-05,  5.7333e-04, -9.4811e-05, -4.6776e-04,
          2.4585e-04, -9.6336e-05,  6.1958e-04, -2.4545e-05, -8.8535e-04,
         -1.8566e-04, -1.3005e-03,  1.5557e-04],
        [-7.1564e-05, -9.5567e-05,  3.3627e-04, -4.0561e-05,  5.4935e-04,
          8.0806e-06,  1.0998e-04,  1.0146e-03,  4.6938e-04, -3.3940e-04,
          6.9100e-04,  7.4301e-04,  5.1430e-04],
        [-1.3428e-04, -6.7809e-06, -2.4373e-04,  1.1438e-04, -3.8471e-05,
          6.2214e-05,  7.4044e-05,  1.2889e-04,  2.8146e-04,  5.5002e-04,
          1.7578e-04, -7.6905e-05, -4.8329e-04],
        [-1.1563e-03,  9.0872e-05,  6.6027e-04,  3.3826e-04, -4.3716e-04,
         -3.3446e-04, -3.9735e-04, -5.7525e-04,  9.6118e-04, -8.3919e-04,
          1.8358e-04, -4.1457e-04, -2.1313e-03],
        [ 4.5105e-05,  1.9552e-05,  2.3478e-05, -1.8595e-04, -7.0240e-05,
          4.7544e-05, -1.9838e-04,  6.0489e-04,  1.7235e-05,  4.0007e-04,
          8.2274e-05, -2.3660e-04,  2.3521e-04],
        [ 1.2864e-03, -1.8857e-05,  1.3247e-03, -2.1162e-04, -1.0458e-03,
          2.4621e-03, -5.2546e-04, -1.5628e-03, -1.1277e-03,  5.1709e-04,
         -3.8165e-04,  6.9535e-04,  8.8851e-04],
        [ 1.4518e-05,  8.7097e-02,  1.1890e-04,  2.4851e-01,  1.0497e-02,
         -6.7239e-03,  1.8141e-02, -9.4436e-07, -5.0881e-02, -4.1467e-04,
          2.6063e-01,  5.0815e-04,  6.1569e-05],
        [ 4.4101e-04,  1.2027e-04, -2.4415e-04, -2.2118e-04, -6.3571e-04,
          5.9673e-06, -1.9774e-04, -4.7262e-04,  1.2687e-04, -3.1360e-04,
         -4.8085e-04, -6.0875e-04,  6.6151e-04],
        [-2.3885e-04, -8.4637e-04,  6.1331e-04, -4.3336e-04,  1.0118e-03,
          9.4391e-04,  3.7295e-04,  8.4140e-04, -1.2412e-03, -8.6769e-04,
         -1.6804e-03, -6.0420e-04, -5.1835e-04],
        [-1.7394e-04, -1.3649e-04,  1.2437e-03, -3.2161e-04,  3.2730e-04,
          5.9828e-05,  4.2359e-04, -2.0001e-03, -3.5512e-04, -5.8497e-04,
          8.2805e-04, -3.0203e-04,  1.1434e-03],
        [-2.3462e-01,  9.6320e-02, -5.8358e-02, -2.0535e-01,  8.4863e-05,
          4.9705e-05, -2.1063e-01,  1.5523e-05,  9.8068e-05,  4.2947e-04,
         -1.0794e-05,  1.3525e-04,  2.0110e-04],
        [ 2.6473e-04, -1.9378e-05,  6.0087e-04, -1.2981e-03,  7.0528e-04,
         -2.7632e-04,  3.2273e-04,  1.1540e-06,  1.2555e-03, -5.7307e-04,
          2.1780e-03, -5.1262e-04,  1.0790e-03]], device='cuda:0')), ('fcs.0.bias', tensor([ 7.9599e-05, -1.5182e-03,  1.3311e-01,  9.1254e-05, -5.1949e-02,
         8.2769e-04,  3.0543e-05,  2.8177e-04, -3.6952e-04,  2.0704e-01,
         1.1486e-03, -9.8436e-04, -8.2520e-04,  2.4130e-04, -5.9616e-05,
        -9.4825e-02, -3.1210e-02,  3.1017e-04,  7.8242e-05, -3.3565e-04,
        -4.3087e-06,  2.3083e-04, -1.9588e-01, -9.4901e-04, -3.8992e-02,
         9.2438e-04, -9.2247e-04,  5.4688e-04,  2.2391e-04,  2.2817e-04,
         1.3430e-04, -1.1275e-03, -1.1850e-01, -1.9064e-04, -2.5934e-01,
         4.2600e-04, -6.5875e-04,  9.7712e-02, -1.9209e-04, -2.8738e-01,
        -2.5667e-04, -6.3725e-05,  7.4360e-04,  8.9517e-05, -1.6474e-03,
         1.8399e-04, -2.9079e-04, -3.9070e-04, -4.9201e-04, -3.0672e-04,
        -4.0732e-04,  1.2999e-04, -9.7800e-05,  1.1487e-04,  1.5332e-04,
        -3.3570e-04, -8.9270e-05, -5.5100e-04,  1.6877e-01,  2.4982e-04,
        -1.2148e-03,  1.9106e-04, -2.4045e-01, -8.9526e-04], device='cuda:0')), ('fcs.1.weight', tensor([[-9.1444e-05,  4.1779e-04,  1.8949e-02,  2.8137e-04,  1.2345e-01,
          4.8477e-04, -4.5564e-02, -2.0092e-01, -1.3764e-04, -9.9548e-01,
         -4.4474e-05,  2.0079e-01, -1.5563e-04,  2.1283e-04, -7.6673e-06,
         -5.7265e-05, -2.7134e-03,  2.5139e-04,  1.0951e-05,  4.9608e-04,
         -2.0589e-05, -5.9169e-05,  8.7945e-06,  3.2502e-04,  1.5618e-04,
          9.9956e-04, -3.1269e-04, -1.1140e-04,  1.0106e-05, -1.1239e-04,
          1.8240e-04, -2.3510e-05,  4.9960e-05,  2.2927e-03, -8.2592e-02,
          4.3887e-05,  2.7521e-04,  9.9424e-03,  1.0044e-06, -2.1365e-01,
          3.5426e-04, -3.5121e-04, -1.0982e-04, -1.0430e-04,  6.2018e-04,
          1.5103e-02,  2.2549e-02,  4.2685e-03,  6.3036e-05,  4.9912e-04,
          6.3980e-04, -5.3328e-04,  1.0457e-04,  1.7170e-04,  2.9187e-05,
         -1.9837e-05,  3.1832e-06, -2.9030e-04, -7.1854e-02,  1.1267e-05,
          7.9153e-05, -3.2655e-05, -5.3575e-02, -7.0703e-05]], device='cuda:0'))])
end of epoch 4: val_loss 0.0003008047094755284, val_acc 1.0
trigger times: 1
end of epoch 5: val_loss 0.0003045598563038254, val_acc 1.0
trigger times: 2
end of epoch 6: val_loss 0.6232418720424175, val_acc 0.97
trigger times: 3
end of epoch 7: val_loss 0.00044802480842914605, val_acc 1.0
trigger times: 4
end of epoch 8: val_loss 9.795386793484795e-05, val_acc 1.0
trigger times: 5
end of epoch 9: val_loss 0.006487055437449953, val_acc 0.995
trigger times: 6
end of epoch 10: val_loss 0.27400183215737345, val_acc 0.97
trigger times: 7
end of epoch 11: val_loss 0.0010048730337779688, val_acc 1.0
trigger times: 8
end of epoch 12: val_loss 4.8066723098543205e-05, val_acc 1.0
trigger times: 9
end of epoch 13: val_loss 0.022300422191619873, val_acc 0.995
trigger times: 10
Early stopping.
0 -86.4091429412365 -191.10004520678868
1 -77.36836513876915 -189.05007017278314
2 -112.089215695858 -187.50220085194994
3 -48.901840195059776 -180.24009179391223
4 -64.88580144941807 -171.9613792356186
5 -60.09650716930628 -169.3817016847894
6 -68.6900949627161 -167.87631268052303
7 -90.34624552726746 -164.27567046290412
8 -85.56865357607603 -163.76742236654098
9 -53.10677234083414 -156.0786895876365
10 -68.54586434364319 -155.22804551507866
11 -81.22049060463905 -145.29002069283715
12 -74.17196723818779 -142.86657280197298
13 -54.040416684001684 -142.75441848091938
14 -59.954396948218346 -136.98962801176134
15 -70.9609015583992 -132.4813576990395
16 -25.613151393830776 -130.98347157271724
17 -64.03358562290668 -118.2436222554584
18 -2.588625192642212 -117.38411415155902
19 -72.17228425294161 -116.97382686219106
20 -17.10585703700781 -115.06704102317899
21 49.46849673613906 -112.47832645551227
22 -53.87813564762473 -103.24187681049156
23 45.82107596099377 -99.7422752992134
24 102.85363117605448 -98.18526661663928
25 50.58251445740461 -88.94674758091466
26 76.00222924724221 -85.88346861832474
27 101.47386833280325 -79.38307722218848
28 97.09089010208845 -79.25112655387144
29 9.618943557143211 -73.50697855948762
30 11.526637993752956 -72.69803191552006
31 61.60525865852833 -71.37326168319514
32 60.78293937072158 -68.27187815304366
33 66.15279930830002 -65.42298162776466
34 87.4328843317926 -65.35816021006309
35 99.41551407426596 -49.3186741604369
36 -2.003175161778927 -17.325441617065966
37 90.08155298233032 -4.374511275254108
38 113.81311105936766 -0.4258658969524013
39 47.62973107397556 9.108146753357724
40 79.01641054451466 17.732630180500013
41 122.15687417238951 40.64550156746333
42 125.23843098431826 41.11774838972275
43 88.78631943464279 48.64917674484657
44 119.1468438282609 52.50260039838799
45 106.3117514513433 52.54502852695255
46 114.56749713048339 59.52827491841281
47 108.11310474202037 63.45606316769021
48 130.39417753368616 66.31570758515764
49 53.20310005173087 67.13050507695384
50 156.42091327533126 72.16624272108386
51 43.875691045075655 79.16074531670823
52 86.8853624984622 84.19837606184075
53 67.88795994222164 89.30707154325768
54 70.76709065958858 90.2698850730257
55 83.15724100545049 90.28646231697512
56 121.52223512902856 90.32667007477052
57 157.38292048871517 91.18021498086692
58 130.0996227040887 92.38187517969644
59 67.47706327959895 92.67153902025292
60 66.16264381632209 93.69474938898811
61 138.89063996821642 93.86112859581364
62 77.59474328905344 95.24073532592021
63 75.3301874473691 95.3630101766082
64 78.5334885455668 96.09581961281374
65 95.8355393819511 97.90553231413178
66 76.70233786478639 98.07644230926206
67 86.47784703597426 98.35872828331676
68 76.99272958934307 98.57334710000995
69 95.85885883495212 98.77895390936838
70 95.00948992371559 99.10163703819775
71 85.15204346179962 99.47183807834362
72 89.4844554439187 101.36707045382526
73 87.09103581681848 102.70820969163083
74 95.01431342214346 103.61971441966246
75 100.6149230338633 104.00039883786899
76 115.29802305996418 104.94014608739957
77 103.9217986986041 105.28448326377394
78 120.11229939758778 105.60678192821229
79 125.75956529378891 106.95774051225432
80 114.50649246573448 107.03525723063939
81 127.57607487589121 107.05410485829283
82 139.5229319371283 107.36477417456501
83 126.23449232056737 107.72369032284489
84 97.77105154842138 107.78006757763964
85 114.3451946862042 107.99397435655325
86 108.7480683773756 108.08910889221833
87 98.40518078953028 108.09776529440465
88 134.82608860358596 108.24033506535473
89 123.90302893146873 109.15712102315346
90 127.95370026305318 109.71287331230647
91 103.28729602321982 110.25063890779474
92 137.82520584762096 110.45880856467717
93 134.81285266578197 110.48639228144049
94 127.34901411831379 111.92877271779909
95 130.60318540036678 112.29467419620224
96 110.44307298958302 112.73910566375015
97 131.22766613960266 112.98274531176438
98 150.5741995498538 113.84616479719523
99 146.66264345869422 114.84612239587612
100 144.95960991084576 115.08707834021696
101 154.3319638259709 115.41025719446112
102 149.11034251004457 115.5646624637931
103 146.52273100614548 115.87882502857741
104 127.81519185379148 116.51927592390606
105 155.1287055723369 116.69939038222442
106 150.20967683196068 117.18809854794453
107 153.18160574883223 117.29357601720739
108 148.95755748823285 117.43241923864416
109 146.55205488204956 119.84073495876005
110 162.91638919711113 122.74776106687673
111 169.26213086023927 124.10172315382671
112 169.60558077692986 124.42382576156477
113 181.53317775949836 124.48179570258212
114 159.21892552822828 125.2590893824027
115 161.176930680871 125.30457667780085
116 170.08686466515064 125.43458549438884
117 195.97469871491194 129.13346806288703
118 188.9532172381878 129.67718524437547
119 202.5160665139556 131.40806576766226
train accuracy: 0.9983333333333333
validation accuracy: 0.995
