demo lengths 200
demos: (120, 200, 13)
demo_rewards: (120,)
[-191.10004521 -189.05007017 -187.50220085 -180.24009179 -171.96137924
 -169.38170168 -167.87631268 -164.27567046 -163.76742237 -156.07868959
 -155.22804552 -145.29002069 -142.8665728  -142.75441848 -136.98962801
 -132.4813577  -130.98347157 -118.24362226 -117.38411415 -116.97382686
 -115.06704102 -112.47832646 -103.24187681  -99.7422753   -98.18526662
  -88.94674758  -85.88346862  -79.38307722  -79.25112655  -73.50697856
  -72.69803192  -71.37326168  -68.27187815  -65.42298163  -65.35816021
  -49.31867416  -17.32544162   -4.37451128   -0.4258659     9.10814675
   17.73263018   40.64550157   41.11774839   48.64917674   52.5026004
   52.54502853   59.52827492   63.45606317   66.31570759   67.13050508
   72.16624272   79.16074532   84.19837606   89.30707154   90.26988507
   90.28646232   90.32667007   91.18021498   92.38187518   92.67153902
   93.69474939   93.8611286    95.24073533   95.36301018   96.09581961
   97.90553231   98.07644231   98.35872828   98.5733471    98.77895391
   99.10163704   99.47183808  101.36707045  102.70820969  103.61971442
  104.00039884  104.94014609  105.28448326  105.60678193  106.95774051
  107.03525723  107.05410486  107.36477417  107.72369032  107.78006758
  107.99397436  108.08910889  108.09776529  108.24033507  109.15712102
  109.71287331  110.25063891  110.45880856  110.48639228  111.92877272
  112.2946742   112.73910566  112.98274531  113.8461648   114.8461224
  115.08707834  115.41025719  115.56466246  115.87882503  116.51927592
  116.69939038  117.18809855  117.29357602  117.43241924  119.84073496
  122.74776107  124.10172315  124.42382576  124.4817957   125.25908938
  125.30457668  125.43458549  129.13346806  129.67718524  131.40806577]
maximum traj length 200
num training_obs 1800
num training_labels 1800
num val_obs 200
num val_labels 200
ModuleList(
  (0): Linear(in_features=13, out_features=64, bias=True)
  (1): Linear(in_features=64, out_features=1, bias=False)
)
device: cuda:0
end of epoch 0: val_loss 0.011875704164606588, val_acc 1.0
trigger times: 0
saving model weights...
Weights: OrderedDict([('fcs.0.weight', tensor([[-6.4296e-05, -7.2931e-05,  5.7240e-05, -2.6574e-05,  1.7323e-04,
         -1.0125e-04,  3.1588e-05,  7.0932e-04, -3.5051e-04, -1.4302e-03,
          2.5045e-04, -1.4083e-03,  3.9169e-04],
        [ 1.3153e-06,  7.0586e-04, -3.2960e-03,  4.2079e-04, -2.4874e-03,
          3.2457e-05, -2.9705e-04, -1.3185e-03, -7.9351e-04,  4.1392e-04,
         -1.9501e-05,  8.8739e-05,  7.7270e-04],
        [-1.1544e-06,  3.9996e-04,  7.7514e-05,  3.7778e-04, -7.7817e-05,
         -8.7983e-05,  1.1145e-04,  8.9036e-04,  2.9425e-04,  4.0253e-04,
         -1.3841e-05, -4.8419e-04,  6.9535e-04],
        [-4.2633e-06,  5.7146e-06,  2.9132e-04,  9.4305e-05, -5.2722e-05,
         -1.0466e-05,  2.3208e-04,  9.1309e-04,  4.1445e-04, -4.0166e-04,
          1.5782e-04,  1.3306e-04, -2.8607e-04],
        [-6.7275e-05,  2.4388e-05,  1.6876e-04, -2.3691e-05,  8.2304e-07,
          4.2169e-05, -3.3745e-05, -4.2576e-04, -1.5381e-04, -5.2298e-04,
          8.6574e-05,  5.1727e-05,  9.3395e-04],
        [ 3.6046e-04, -3.0187e-04,  4.3979e-04, -2.8900e-04, -3.0958e-04,
          8.8378e-05,  2.7248e-04,  8.5296e-04,  3.8789e-05, -5.1332e-04,
         -1.8109e-04,  8.4877e-04,  7.3573e-04],
        [-3.6098e-05,  1.0896e-04, -3.9612e-04, -4.0929e-05,  2.3767e-04,
          3.6989e-04,  4.0208e-05,  1.4873e-04,  1.2424e-04,  5.6786e-04,
         -7.7179e-05, -9.2114e-04, -5.6957e-04],
        [-2.2563e-04, -6.7063e-05, -6.8567e-04,  6.6338e-05,  2.2503e-05,
          1.0765e-04, -3.3735e-04,  3.5065e-04,  3.7124e-05,  1.0975e-03,
          7.9200e-05,  1.1702e-03, -5.5720e-04],
        [-1.8695e-01,  3.4294e-05,  1.5038e-04,  4.1790e-05,  2.9383e-04,
          1.0470e-04,  2.5367e-08, -1.6265e-04,  7.1756e-05, -7.3741e-04,
          1.4343e-04, -3.4058e-04, -1.1385e-03],
        [-1.7662e-04,  3.4562e-05,  3.2294e-04, -3.4111e-04, -8.3974e-05,
         -1.8388e-04,  9.1231e-04, -8.1984e-04,  2.2267e-04,  1.1345e-03,
          3.6406e-04,  7.8223e-04,  6.5497e-04],
        [-6.1684e-05,  4.7624e-05, -8.4225e-06,  9.2658e-05, -1.7821e-05,
          2.9457e-05, -4.0411e-05,  2.1322e-04, -9.1970e-05,  1.2147e-04,
         -2.5678e-05,  2.3246e-04, -5.7755e-04],
        [ 3.7573e-05, -2.9270e-05,  3.5232e-04, -1.6889e-04, -8.7159e-05,
          1.4499e-05,  1.1016e-04, -8.7634e-05,  2.3743e-04, -2.6489e-04,
         -3.0369e-04, -6.4597e-04, -8.2593e-04],
        [-2.1978e-04,  2.3110e-05, -3.5448e-04,  8.7383e-05,  1.4039e-04,
          3.6555e-05, -7.5713e-04, -7.5947e-04, -2.3730e-04,  4.2886e-04,
          2.0384e-05,  8.7984e-04, -6.9461e-04],
        [-7.3494e-04, -1.4629e-05,  9.1254e-04, -5.9894e-04,  2.2356e-04,
          9.4122e-05, -4.6065e-05, -2.7887e-03,  8.0913e-05, -6.1291e-04,
          1.4430e-04,  8.1168e-05, -1.1939e-03],
        [ 4.0231e-04, -9.5642e-02, -1.7895e-07,  1.0458e-03, -1.4275e-01,
         -1.0891e-02, -1.1121e-01,  2.7164e-04,  3.2124e-04,  1.2906e-05,
         -4.2240e-01,  1.0516e+00, -1.8243e-04],
        [ 8.4186e-04, -3.8263e-04,  9.1750e-05,  8.1417e-04,  8.4293e-04,
         -4.5758e-04,  4.7760e-04, -1.2942e-04, -1.7929e-04, -1.2275e-03,
         -1.0754e-04, -8.5865e-04, -1.2162e-03],
        [-3.1670e-04, -9.8777e-06,  2.7468e-04,  7.0510e-06, -1.9770e-04,
         -3.3527e-04, -1.2043e-04, -8.0963e-04, -7.9672e-04,  4.2302e-04,
         -3.5513e-04, -1.7358e-03, -3.7565e-03],
        [ 3.0840e-04,  1.1010e-05, -4.7694e-04,  3.5942e-04,  8.1241e-05,
         -1.2473e-04,  2.4638e-04,  9.1276e-04, -1.2571e-04, -4.8004e-04,
          4.0650e-05,  4.2300e-03,  1.1262e-03],
        [-7.8405e-05, -6.2387e-05, -2.1446e-04,  3.0575e-04,  5.2488e-05,
         -1.9833e-06,  4.7736e-05,  5.8535e-05, -1.8053e-05, -4.9292e-04,
         -4.5469e-05, -6.7151e-04,  1.8486e-04],
        [-1.1555e-05,  6.9649e-05,  1.0911e-03,  2.3057e-04,  1.2703e-04,
          2.2867e-04, -5.6111e-04, -5.8749e-04,  4.6642e-04,  2.0812e-03,
          4.5815e-04, -1.1611e-03, -5.5029e-05],
        [ 6.6164e-05, -1.3281e-04, -7.4160e-05, -1.6550e-05, -2.5831e-04,
          9.4788e-05, -4.3637e-05, -1.0251e-03,  1.6857e-03,  3.5870e-04,
          3.6151e-04, -6.4640e-04,  6.8907e-04],
        [-2.8575e-04, -1.1088e-02, -1.9295e-02, -1.5030e-04, -1.2492e-02,
         -3.2180e-02,  2.8073e-03, -2.5454e-04, -6.5832e-02,  7.2337e-04,
          3.1747e-01, -3.0739e-04, -8.9733e-04],
        [-9.5265e-05, -2.0628e-04,  4.7948e-04, -1.3836e-04, -3.5845e-04,
          4.7444e-04,  6.9423e-05, -5.7273e-04,  2.2786e-04, -1.9734e-03,
          9.6156e-05, -4.8374e-04,  1.2034e-03],
        [ 1.6309e-01,  1.6927e-02,  1.0453e-01,  3.2560e-02,  2.7111e-02,
          1.2402e-01, -3.7645e-04, -2.3925e-04,  1.4003e-01,  3.8855e-04,
         -2.2521e-01, -3.4154e-04, -2.2050e-04],
        [-7.8883e-05, -5.6392e-05, -9.1648e-05, -1.8875e-04,  4.1904e-05,
          3.5421e-05,  5.4959e-05, -2.5300e-04,  2.0082e-04, -1.0737e-04,
          2.4554e-04,  3.4304e-04,  9.2144e-04],
        [ 1.8321e-04, -5.3757e-05, -2.5228e-04,  1.8657e-04,  2.4334e-04,
         -8.0230e-06, -4.6318e-04, -4.0842e-04, -2.5441e-05, -8.8838e-04,
         -1.8367e-04,  8.5161e-04,  3.9238e-04],
        [-9.7389e-05,  2.4839e-05, -1.4550e-04,  7.5818e-05, -2.4704e-04,
          1.1454e-04,  7.4285e-05, -1.7775e-04,  1.5195e-04,  7.7492e-04,
          1.2626e-04, -2.6015e-04, -7.8690e-04],
        [-5.7743e-05, -8.6819e-05,  2.9635e-04, -2.7969e-04,  2.4198e-05,
         -8.4743e-05,  1.0335e-04,  1.3274e-04,  6.5481e-05,  3.1282e-04,
         -1.3220e-04,  2.7425e-04,  4.2340e-04],
        [-5.7370e-05, -2.4579e-05,  9.0391e-05, -1.8777e-04, -1.0021e-05,
          3.9775e-05, -5.1889e-05,  2.4155e-04,  1.6287e-05, -2.6027e-04,
          5.9830e-04, -2.3299e-04,  8.4718e-05],
        [-1.0040e-04, -6.4882e-05, -7.1257e-05,  3.5447e-04,  1.0388e-04,
         -4.2877e-05, -1.6140e-04,  1.0592e-04,  8.6001e-06,  7.9475e-04,
         -1.3702e-04, -2.7014e-04, -3.6482e-04],
        [ 9.2843e-04, -3.4812e-04,  3.8655e-03,  3.2946e-04, -4.0800e-05,
          3.9161e-04, -1.0440e-04,  1.0289e-04, -4.1743e-04, -1.2563e-03,
         -2.1844e-04,  1.2135e-03,  1.2849e-03],
        [ 2.8587e-04, -2.9346e-05, -6.5991e-04,  1.5790e-04, -9.4400e-06,
         -1.5991e-04,  9.5703e-05,  5.6938e-04,  1.2626e-04,  4.0117e-04,
          4.9457e-05, -3.6485e-04, -1.0480e-04],
        [ 1.6380e-05,  6.4203e-05,  1.2725e-04, -1.6825e-04, -7.8214e-05,
          1.2975e-04,  3.7835e-05,  4.0317e-04, -5.4474e-06, -3.7930e-04,
          3.7592e-05, -9.9158e-04, -5.9424e-04],
        [ 1.2610e-04, -7.2193e-04, -3.0388e-04, -2.3335e-04, -6.6093e-04,
         -6.9049e-04,  2.1789e-05,  2.1710e-03,  2.0497e-06, -6.9067e-04,
          5.1473e-04, -7.5345e-04,  2.1204e-03],
        [ 9.7752e-05,  2.4043e-02,  4.6999e-05,  5.3655e-05, -2.4388e-05,
         -3.9029e-06, -2.0828e-06, -4.1366e-05, -8.1599e-05, -3.5276e-04,
         -5.9602e-05,  4.5280e-04, -5.1160e-04],
        [ 1.1803e-04,  1.9317e-02, -6.1580e-06,  9.5267e-05, -1.4592e-05,
          3.6094e-06, -1.2901e-04,  3.5279e-04, -1.1357e-02, -3.4008e-04,
          7.5974e-02, -8.6839e-05,  1.3854e-04],
        [-1.3759e-05, -1.1901e-05,  6.3536e-05, -1.4701e-04, -4.1382e-05,
          1.0408e-04, -6.3857e-05, -3.4962e-04, -3.2418e-05,  1.3345e-04,
         -1.9139e-04,  1.4970e-04,  2.6810e-04],
        [-3.9449e-04,  1.7351e-04, -1.5480e-03,  4.8175e-04,  1.0905e-04,
         -2.1935e-04, -8.4808e-05, -1.3989e-04, -5.1624e-06,  7.0775e-04,
          1.7165e-04, -1.0726e-03, -6.0921e-04],
        [ 1.8913e-05,  4.7348e-05, -1.8490e-04,  3.0877e-05,  6.0013e-05,
         -6.1823e-05, -3.9635e-06,  4.7282e-04,  2.4409e-04, -1.2264e-04,
         -2.1262e-06, -4.1735e-04, -8.4608e-04],
        [-4.1646e-05,  2.1489e-07,  2.2128e-04,  2.6294e-04,  8.4975e-05,
          1.2234e-04, -1.9750e-04, -2.2831e-04,  1.1767e-04,  3.0373e-04,
          2.7209e-04, -1.1498e-03, -9.2151e-04],
        [ 8.0440e-05, -2.4994e-04, -7.2259e-04, -7.3705e-05, -5.3095e-04,
         -1.0054e-03,  6.4486e-05,  6.0032e-04, -5.4469e-05, -8.3830e-04,
         -1.0292e-04, -1.0375e-03, -9.6644e-04],
        [ 1.4053e-04,  3.4176e-05, -6.1353e-05, -2.4972e-05,  1.4838e-04,
          2.7597e-04,  9.0892e-05, -4.1639e-04,  3.4706e-04,  1.8446e-03,
         -1.1858e-04, -6.0152e-04,  9.4021e-05],
        [-5.5416e-05,  2.3715e-05, -2.1675e-04,  9.2751e-05,  7.1815e-04,
          3.7300e-04,  7.6128e-05, -7.1772e-05,  1.3402e-04, -1.2988e-03,
         -1.3890e-05, -1.5461e-03,  1.0026e-04],
        [ 1.2695e-05, -1.4084e-05, -6.5575e-05,  3.5797e-05, -1.1155e-05,
         -2.0275e-05,  4.3257e-05, -2.0576e-04,  7.5683e-05,  1.7320e-04,
         -7.1226e-05,  6.5806e-05, -5.8678e-04],
        [ 2.8238e-04, -6.8588e-04, -3.1939e-05,  9.8520e-04, -3.0127e-04,
         -7.9844e-05,  3.9228e-04, -1.1235e-03,  6.7632e-04,  1.5177e-03,
          1.7059e-04, -6.4286e-04, -1.2653e-03],
        [ 2.1109e-04,  3.8980e-05,  9.2677e-04, -8.3213e-04, -1.5946e-04,
         -4.0414e-04,  6.0873e-04, -8.7953e-04, -1.0250e-04, -4.7262e-04,
          1.5563e-04, -2.0109e-03,  8.0618e-04],
        [ 4.0837e-05, -1.0185e-03,  4.4995e-04,  1.3566e-04,  7.6912e-05,
         -1.0269e-03,  7.7684e-04, -1.8995e-03, -9.7745e-04, -5.5896e-04,
         -3.7761e-06,  6.3000e-05, -1.3399e-04],
        [-1.3445e-04,  1.0015e-03, -3.1425e-04,  1.1688e-04, -8.4305e-04,
          6.0750e-04, -1.3612e-04,  1.3712e-03,  6.9742e-04,  4.1453e-05,
         -4.1495e-04,  1.2579e-03, -1.2899e-03],
        [ 1.3996e-04,  1.1846e-04, -4.5682e-04, -5.0567e-04,  3.3762e-04,
          2.0625e-04, -3.6332e-04,  7.1867e-04,  4.5261e-05, -1.1592e-05,
         -5.3756e-05,  1.2864e-03,  5.2202e-04],
        [ 2.4787e-05,  1.6554e-06,  7.1109e-05,  4.5360e-05,  1.3232e-04,
          5.2847e-05,  1.8629e-04,  1.2879e-03,  2.7588e-04,  1.0438e-03,
          2.2888e-04,  6.4695e-04, -1.3001e-03],
        [ 5.6938e-05, -1.9068e-04, -7.9245e-05,  4.0670e-05,  2.8780e-04,
          1.4577e-04,  5.5472e-05,  4.0084e-05, -5.5428e-06,  1.0865e-03,
          1.9359e-04,  4.0934e-04, -8.4097e-04],
        [-9.4337e-05,  6.3631e-06, -3.3100e-05,  3.5736e-04, -3.6655e-05,
          2.7751e-05,  2.4902e-04,  7.7300e-04,  2.2583e-05,  8.2682e-04,
          5.9871e-05,  5.5504e-04,  5.6027e-04],
        [ 6.6529e-07,  3.2866e-05,  3.2328e-04,  1.6097e-05,  1.4255e-04,
         -8.4131e-06, -1.1765e-04,  3.1106e-04,  1.7425e-05,  3.2034e-04,
          8.7645e-07, -4.6246e-05,  5.3471e-04],
        [ 2.5078e-04, -9.8335e-06, -2.9751e-05, -6.2783e-05,  1.2957e-05,
          4.0361e-06, -1.1324e-04, -1.1068e-04,  6.8289e-05, -1.9308e-04,
         -3.6987e-04,  2.2589e-04, -3.3794e-04],
        [ 1.7396e-04, -2.7059e-05,  6.8484e-05,  1.2424e-05,  2.6108e-04,
          1.3745e-04, -3.2982e-05, -1.5984e-03, -2.7600e-04, -2.8642e-04,
          2.1436e-04, -1.4116e-03,  1.5595e-03],
        [-3.6796e-05, -4.1404e-05,  1.2734e-04,  4.2423e-05,  8.2274e-05,
         -6.4692e-05,  1.2802e-04, -7.8457e-04,  1.0039e-04, -8.6309e-04,
          8.3231e-04, -1.4549e-03,  5.3741e-04],
        [-1.2175e-04, -1.5552e-05, -6.7118e-05, -2.2931e-04, -4.3344e-05,
          9.4996e-07,  8.8260e-06,  2.0750e-04,  3.5855e-05, -1.2091e-04,
          4.1175e-05, -1.0655e-05, -9.3959e-05],
        [ 5.3642e-05, -5.2571e-05, -6.2605e-05, -1.8061e-04, -5.8349e-05,
          4.5464e-06, -1.6114e-04, -7.4130e-04,  8.6232e-05, -3.8305e-04,
         -3.9386e-06,  4.0730e-04, -8.9952e-04],
        [ 5.5204e-05, -4.2973e-04,  4.7612e-04,  9.2497e-05, -3.2922e-04,
         -1.4352e-03,  5.6662e-05,  1.0434e-03, -1.9329e-04, -7.7424e-04,
          3.1354e-05,  4.7911e-04,  1.2242e-03],
        [ 7.9713e-04,  3.0279e-05, -1.1387e-03,  1.8029e-04,  1.0133e-05,
         -3.8617e-04,  5.7909e-04,  3.3612e-04,  1.7988e-05, -1.8039e-03,
          3.5071e-04, -1.4071e-03,  6.4911e-04],
        [-5.4655e-05,  2.8885e-05, -2.0940e-04,  1.6725e-04,  1.5302e-04,
         -2.1254e-04,  1.1700e-04,  1.0417e-03,  3.4320e-04, -7.6822e-04,
          7.0525e-04,  8.8374e-04, -2.6982e-03],
        [ 1.1083e-04, -8.1337e-05,  2.2659e-04, -1.0924e-04,  1.2524e-04,
         -2.2228e-05, -9.2579e-05, -2.0905e-04,  8.9244e-05,  1.4074e-03,
          8.6009e-05,  7.0189e-05,  6.8066e-04],
        [ 4.5637e-04,  1.0116e-04, -6.2961e-04, -1.9489e-04, -3.4021e-04,
         -1.1242e-04, -1.0816e-03, -3.4939e-04,  2.2808e-04,  1.0569e-03,
         -4.8372e-04,  2.4288e-04,  1.0414e-04],
        [-2.1773e-05,  2.2132e-05,  1.0176e-04,  4.6710e-05,  2.5415e-06,
          2.5504e-05, -4.0275e-05, -1.3421e-04,  3.2133e-05,  1.1839e-03,
         -2.2267e-04,  1.7894e-04, -1.6030e-04]], device='cuda:0')), ('fcs.0.bias', tensor([-3.3066e-05,  1.8041e-04, -1.5892e-04, -1.2610e-04,  5.3240e-05,
        -2.5314e-04,  1.2486e-04,  6.8149e-05, -6.8203e-06, -1.2569e-03,
        -3.9331e-05,  9.7741e-05,  7.9587e-05,  4.5775e-04, -2.0846e-01,
        -4.9762e-04,  1.6071e-04, -2.6426e-04,  1.1259e-04,  1.2459e-04,
        -3.0091e-05,  2.7350e-04, -1.0889e-04,  5.0830e-02, -9.3147e-05,
         2.8070e-04,  1.3189e-05,  4.3769e-05, -5.6694e-05, -3.8138e-04,
        -2.1724e-04,  2.8624e-04, -1.4869e-05,  1.0786e-04, -4.7799e-05,
         2.1676e-04, -4.3516e-04,  2.5597e-04,  2.1831e-06,  1.2946e-04,
        -8.8748e-05,  9.7433e-05,  7.2271e-05,  4.7664e-05,  1.4216e-04,
        -4.9945e-04,  4.8900e-05,  1.6086e-04,  4.6002e-05, -2.7167e-05,
        -7.1510e-06,  6.7034e-04, -2.5734e-04, -9.7874e-05, -9.7537e-05,
         2.5816e-05,  1.4965e-04, -8.5881e-05,  1.1388e-04,  3.1873e-04,
        -9.9476e-07,  1.3543e-04, -1.2518e-03,  1.1300e-04], device='cuda:0')), ('fcs.1.weight', tensor([[-2.7819e-05,  3.9451e-04, -1.2465e-04, -5.4902e-07, -4.0308e-05,
         -4.6271e-05,  2.1453e-05, -6.4243e-05,  5.9257e-05, -4.7131e-05,
          2.4790e-06, -1.0552e-07, -1.7289e-04, -1.9647e-05,  5.1395e-01,
         -6.7231e-06,  1.4715e-05, -2.3842e-05, -7.4268e-07,  3.5035e-05,
         -8.3780e-06, -1.2974e-01,  2.6182e-05,  1.8780e-01, -2.8860e-05,
          1.5869e-05, -6.4779e-07,  6.5046e-05,  1.0150e-05,  4.2388e-05,
         -2.4398e-05, -1.7152e-05,  1.1095e-05,  1.2156e-04, -1.3302e-04,
         -1.4210e-02, -4.2976e-05,  3.4519e-05,  2.2848e-07,  5.5366e-05,
          8.7164e-05,  6.0118e-06,  3.7933e-05,  2.0649e-05, -1.6223e-05,
          9.1136e-06,  7.1065e-04, -2.7292e-05,  3.0192e-06,  3.8396e-05,
         -3.2636e-04,  8.4322e-05, -1.5041e-05,  1.4413e-03,  2.8269e-05,
         -3.4784e-05, -5.2397e-07, -1.1552e-05, -4.2923e-06, -8.0081e-06,
         -5.2312e-05,  4.8116e-05, -2.5471e-05,  1.8862e-05]], device='cuda:0'))])
end of epoch 1: val_loss 0.028874590434007034, val_acc 0.98
trigger times: 1
end of epoch 2: val_loss 0.14502797504806986, val_acc 0.985
trigger times: 2
end of epoch 3: val_loss 0.004386913750812518, val_acc 1.0
trigger times: 0
saving model weights...
Weights: OrderedDict([('fcs.0.weight', tensor([[ 3.9835e-05,  3.5310e-05,  2.1286e-04,  4.7353e-05,  7.8286e-05,
         -1.4752e-05,  2.0339e-04, -3.4254e-04,  1.5276e-06,  4.4075e-04,
         -6.2365e-06, -6.9165e-05,  2.6735e-03],
        [-6.0580e-02, -4.8644e-05, -2.6415e-04,  1.2807e-06,  1.1489e-05,
          1.1119e-04, -4.6392e-03, -9.8558e-04,  2.9463e-04, -1.1431e-04,
         -5.0424e-05,  2.1630e-03, -1.0109e-03],
        [ 7.3227e-03, -8.0430e-06,  1.4876e-04,  3.2340e-05, -8.4551e-05,
          1.5578e-05,  6.8846e-06,  3.8581e-04,  2.1870e-04,  1.0030e-03,
         -1.8920e-04,  2.5409e-04,  7.5499e-05],
        [ 1.6626e-03, -4.0873e-04,  5.6952e-04,  2.5366e-04,  8.1881e-04,
          5.3186e-04, -2.2354e-03,  1.0311e-03,  1.0237e-03, -1.0871e-03,
          4.7166e-04, -4.1236e-04, -1.9277e-03],
        [ 6.2564e-04, -1.2774e-04, -3.2783e-03, -1.9950e-04,  2.1521e-04,
          3.0310e-04,  4.0144e-04,  2.3219e-03,  7.5702e-04, -3.9880e-03,
         -1.1158e-03, -1.3241e-04, -1.9259e-03],
        [-6.7747e-05, -1.7028e-05, -1.4007e-04,  2.1352e-04,  2.6596e-05,
         -7.4675e-05,  3.4602e-04,  1.6633e-04, -1.1187e-04,  5.7036e-04,
         -1.2935e-05, -3.2824e-04,  2.7685e-04],
        [-3.7878e-04,  1.8256e-03, -6.9231e-04, -2.1103e-03, -1.7837e-03,
         -8.5860e-04, -1.4933e-03, -2.0479e-03,  5.6527e-04, -8.7215e-04,
         -6.0274e-04, -1.4000e-03,  3.6639e-04],
        [-9.2088e-04,  8.7978e-05, -2.6336e-04, -2.8073e-05, -7.2454e-04,
          4.6279e-04, -1.0700e-03,  1.0097e-03,  1.6665e-03,  3.4996e-04,
          1.9251e-03,  1.9247e-04, -1.0132e-03],
        [ 2.1137e-04, -4.6010e-04,  8.6148e-05, -4.5210e-04,  1.5370e-05,
         -2.3739e-04, -4.6030e-04,  3.1792e-03, -1.8341e-04,  1.5119e-03,
         -1.5640e-03, -9.5933e-04,  1.3826e-03],
        [ 1.4167e-04,  2.9575e-04,  5.5518e-04,  2.7853e-04,  5.6259e-05,
         -4.0856e-05,  1.4018e-04, -1.9984e-03, -4.9881e-04, -2.2976e-03,
          4.7348e-04, -1.2151e-03, -1.3201e-03],
        [-1.1248e-03,  9.3425e-06,  1.7229e-03,  1.3302e-03, -4.1917e-04,
          8.3432e-05,  4.6576e-04,  9.3187e-04,  7.7177e-04, -1.7580e-03,
          8.5321e-04, -1.7791e-03, -2.2325e-04],
        [-6.0470e-04,  4.3640e-04,  1.3351e-03, -7.5590e-04,  1.2869e-04,
          5.3907e-04,  5.6922e-04,  1.4102e-03, -8.6256e-04,  1.6840e-03,
         -6.6789e-04,  1.1776e-03,  1.1490e-03],
        [ 1.1183e-04, -2.9653e-05, -3.4187e-05, -3.4645e-04, -1.3405e-05,
         -5.6616e-05, -1.5633e-04, -3.9796e-04,  7.8851e-05,  3.0994e-04,
         -3.6831e-05, -4.7922e-04,  5.7636e-04],
        [ 6.0596e-04,  4.8809e-04,  5.3433e-04, -4.4084e-04, -1.4420e-03,
         -1.6052e-04, -2.2192e-03, -9.1003e-04, -7.5741e-04, -6.6899e-04,
         -1.8533e-04,  1.1935e-03, -1.3181e-03],
        [ 1.7251e-01, -2.3306e-02, -9.5215e-03,  1.1773e-01, -5.3813e-02,
          1.3770e-01,  9.5523e-03, -6.4523e-03,  2.8573e-02,  4.9333e-03,
         -5.6371e-01,  8.9899e-01, -5.6050e-04],
        [ 4.0417e-04, -4.2817e-04, -4.6357e-04,  1.1615e-03, -4.3312e-04,
          1.5264e-03,  1.7635e-05, -6.3251e-04,  1.3120e-03,  9.2062e-04,
          2.0504e-03,  4.6332e-04, -3.5108e-04],
        [ 8.7910e-04,  4.9924e-04, -2.2359e-03,  2.3810e-03, -1.2479e-03,
          3.2052e-04, -8.7578e-04, -6.6432e-04, -2.3266e-04,  4.6059e-04,
         -3.1506e-03, -6.6808e-04,  1.2884e-03],
        [-1.5379e-03,  8.2152e-04, -3.2043e-03, -6.3048e-04, -9.2604e-04,
          1.1920e-03,  8.9599e-04,  1.2056e-03, -9.4275e-04, -2.5562e-03,
         -6.7968e-04,  1.7488e-03,  1.2544e-03],
        [ 1.0642e-03, -2.6709e-04,  2.3754e-03,  1.9754e-03,  1.9656e-04,
          9.5295e-05,  1.3820e-03, -2.3665e-03, -5.9889e-04,  1.0028e-03,
         -5.6390e-04, -1.0806e-03, -1.3431e-03],
        [-1.2689e-01, -6.0948e-05,  2.0720e-04, -3.2537e-02,  5.4167e-05,
          9.3419e-05, -5.9292e-02, -1.0683e-03, -5.7358e-04,  8.2434e-04,
          3.4234e-04,  4.5405e-04,  2.1643e-03],
        [-3.2514e-04, -4.0674e-04,  1.8135e-05, -5.7911e-05, -2.1627e-04,
         -1.7426e-04,  1.0690e-04, -1.9447e-04, -3.6989e-04, -9.5888e-04,
          1.0134e-01, -6.7110e-04,  3.5241e-05],
        [ 7.4341e-04,  1.3192e-04,  6.7059e-04,  3.4486e-04,  2.8097e-04,
         -1.3269e-04,  6.1871e-04, -3.7533e-04,  1.1410e-03,  9.7701e-04,
          4.0124e-04, -1.0746e-03,  1.5926e-03],
        [ 9.2442e-05, -3.7027e-05, -2.1079e-04,  3.3646e-05,  3.8254e-04,
          4.2069e-04, -7.4353e-05,  1.8234e-04, -1.4847e-04,  6.9561e-04,
          1.0941e-04, -5.8328e-04,  1.2378e-03],
        [-3.9652e-04, -3.4547e-05, -3.5664e-04,  4.0543e-04, -5.8234e-04,
          6.5983e-05,  5.2268e-06,  6.5429e-04, -1.9111e-04, -2.8401e-04,
          5.9784e-04, -1.0040e-03,  4.3888e-04],
        [-5.2044e-04,  9.1501e-05, -1.6375e-03, -8.8241e-05, -6.2120e-04,
          1.4552e-04, -1.9435e-03, -1.0604e-03,  9.8105e-04, -2.3547e-03,
          9.0430e-04,  4.6273e-04, -1.0425e-04],
        [ 8.9886e-04,  1.2714e-03, -1.4151e-03,  4.8234e-04, -1.1105e-03,
         -3.6521e-04, -2.8417e-03,  1.1365e-03, -1.8630e-03,  2.5336e-03,
         -2.1687e-03, -9.2332e-04, -1.3052e-03],
        [-5.3533e-04, -1.3339e-03, -1.5254e-03, -6.9620e-04,  1.4329e-03,
         -1.0595e-03,  9.4251e-05, -8.6390e-04, -1.3202e-03, -3.5378e-03,
         -1.5783e-03,  1.5174e-03,  2.2656e-03],
        [-1.0021e-01, -2.6114e-05,  1.1746e-04, -2.9101e-02,  3.8544e-04,
         -3.4219e-05, -2.0918e-02,  1.1538e-03,  3.0318e-05, -3.7374e-04,
         -2.3979e-05, -9.7078e-04, -1.5111e-03],
        [ 1.4855e-03,  6.1414e-04,  5.4937e-04,  4.8560e-04,  1.9499e-04,
          6.7180e-04, -2.0634e-03,  1.5974e-03,  3.7913e-04, -8.9652e-04,
          5.1292e-04,  1.3254e-03,  2.0497e-03],
        [-6.2163e-04,  4.1569e-04, -2.2348e-04, -6.3437e-04, -1.4200e-04,
          1.2136e-03, -6.1553e-05, -1.5264e-03,  9.7012e-04, -1.5222e-03,
         -5.3539e-04, -1.1923e-03,  2.9258e-05],
        [ 1.3002e-03,  1.5080e-04, -1.1162e-03, -1.1749e-03, -4.7510e-04,
         -6.2998e-04, -1.1280e-03, -1.3153e-03, -2.9209e-04,  1.2467e-03,
         -8.0333e-04, -2.2046e-04, -6.7145e-04],
        [-1.1666e-03, -1.0664e-03, -1.4773e-03,  1.0785e-03, -1.5146e-03,
         -7.4984e-04,  1.4411e-03, -6.6079e-04,  5.3219e-04,  1.1150e-04,
          3.1433e-03, -4.6276e-04, -1.8283e-04],
        [ 4.9922e-04,  4.0088e-04, -7.6545e-04,  8.9001e-05,  1.4097e-03,
         -1.1417e-03, -1.8045e-04, -1.3827e-03, -1.3391e-03,  2.0125e-03,
          4.6020e-04,  1.5020e-03, -6.8297e-04],
        [ 2.3999e-05,  6.0439e-04, -2.7355e-04,  7.5637e-05,  1.6022e-04,
         -1.9504e-05,  1.2724e-05, -3.9412e-04, -4.4133e-04, -2.9793e-04,
          4.8257e-04,  8.6700e-04, -1.2715e-03],
        [ 4.7785e-04, -2.1325e-04, -8.3491e-04, -3.9654e-04,  5.6826e-04,
         -1.4274e-04, -1.2525e-03, -8.5843e-04,  1.5634e-03,  4.0523e-06,
          6.7388e-04, -4.7522e-04, -6.6511e-04],
        [-5.0542e-04,  2.5226e-04, -8.7122e-04,  5.8688e-04, -3.1915e-04,
          2.7952e-04, -1.3755e-03, -5.2363e-04, -1.1571e-04, -5.7339e-04,
         -6.1734e-04,  4.0246e-04,  2.0515e-03],
        [-9.8264e-05,  1.5777e-04,  9.8641e-04,  3.2991e-04, -2.3714e-04,
         -5.3529e-04, -1.5384e-03,  1.1967e-03,  1.0033e-03,  2.1508e-03,
         -8.4658e-04,  5.4571e-04,  8.8362e-04],
        [-2.1270e-04,  5.0865e-06, -3.0985e-04, -5.2871e-05,  1.7334e-04,
         -1.3395e-04, -5.7143e-05, -2.0199e-03, -5.1914e-04,  1.2940e-03,
         -3.6681e-04,  9.0654e-05, -1.2504e-03],
        [-4.0517e-05, -6.5842e-04,  9.8846e-04, -6.5300e-04,  1.2116e-03,
          1.4571e-03,  3.6647e-04,  5.7814e-04, -8.4247e-04, -6.7398e-04,
         -1.7025e-03,  1.7266e-03, -1.9377e-03],
        [ 2.0696e-04, -4.0585e-04, -2.5740e-04, -7.8936e-05, -5.2155e-04,
         -5.4751e-04, -9.8568e-05, -3.4975e-05, -5.5862e-04,  3.1495e-04,
          2.5738e-04, -1.1112e-03, -9.0370e-04],
        [ 1.1684e-04, -2.1152e-05, -1.3779e-04,  3.5861e-05, -3.6243e-05,
          1.1684e-04,  5.0384e-05, -8.8916e-04,  4.4376e-04,  6.5516e-04,
         -1.0964e-04, -2.2172e-04,  1.2850e-03],
        [-7.1222e-05,  2.1513e-05,  2.2137e-04, -1.2466e-04,  1.5056e-04,
          6.1478e-04,  2.5871e-04, -1.3864e-03,  9.5130e-04,  1.4952e-03,
          9.5344e-04, -1.8946e-03,  5.6475e-04],
        [-6.6193e-04, -2.3084e-06, -9.0197e-04, -2.8219e-05,  1.1333e-04,
         -1.8022e-04, -1.2892e-06, -6.1971e-04,  7.8521e-04,  1.4256e-03,
         -2.6228e-04, -8.2684e-04,  3.9349e-04],
        [ 3.6600e-04, -1.1941e-04,  1.0221e-04, -3.0094e-04,  4.0974e-04,
          2.7199e-04, -9.5586e-05,  5.9232e-05,  4.7230e-04, -1.2848e-03,
          1.7901e-03,  7.9563e-04, -2.1176e-03],
        [ 1.4041e-04, -1.2018e-03,  1.8220e-03, -7.3515e-04, -3.5689e-04,
          7.1498e-04,  3.3890e-04,  9.6772e-04, -1.5044e-03, -2.4257e-03,
          6.9772e-04, -1.8585e-04,  2.1166e-03],
        [ 3.8979e-04,  4.1576e-04, -3.5999e-04, -4.9764e-04,  5.3763e-04,
          8.8026e-04,  2.0063e-04,  1.2199e-03,  1.1215e-03, -9.1749e-04,
          4.7593e-04,  6.0823e-04,  1.2861e-03],
        [-3.7141e-02,  5.5030e-05, -6.8230e-05, -6.2572e-05,  9.1336e-04,
         -5.8461e-04,  5.6361e-05,  2.9414e-05, -1.3892e-04,  1.1413e-03,
          1.3644e-05,  5.1999e-04,  8.8582e-04],
        [ 2.6660e-04,  1.6809e-04,  1.0575e-03,  6.5981e-04,  8.6393e-04,
         -9.9490e-04,  8.7468e-04,  1.2249e-03, -1.3571e-03,  8.0860e-04,
          2.1242e-03,  1.7674e-04, -2.4613e-04],
        [-8.2400e-04,  4.7457e-04,  1.8549e-03, -6.4116e-04, -4.2283e-04,
          2.2736e-03, -7.2294e-04,  2.3013e-04, -7.2384e-04, -1.2788e-03,
          5.4539e-04,  1.7221e-03,  3.5298e-04],
        [-1.3986e-03, -6.6048e-04,  1.5738e-03,  7.8171e-06, -1.2887e-04,
         -9.3105e-04,  1.2420e-03, -1.1952e-03,  1.7378e-03,  6.5317e-04,
         -1.3722e-03, -9.6081e-04,  6.4769e-04],
        [ 3.9715e-04, -3.1973e-04, -1.5288e-03, -5.2851e-04,  3.1141e-04,
          5.5844e-04,  7.0931e-04,  2.8447e-03, -1.4898e-04, -1.2302e-03,
          7.8607e-04, -2.1469e-05, -1.1129e-03],
        [ 1.6369e-03,  4.3428e-04, -5.4124e-04,  9.2648e-04,  4.3747e-04,
          4.8361e-04, -2.6693e-03,  1.9251e-03,  1.7554e-03, -1.6753e-04,
         -1.4574e-03, -3.2732e-03, -2.3915e-03],
        [-6.2385e-04,  4.9895e-04,  9.4871e-05,  1.7752e-03,  3.4260e-04,
         -3.5878e-04,  3.4357e-03,  1.6418e-03,  1.3823e-03,  6.5646e-04,
          6.1954e-04,  1.5292e-03,  5.4845e-04],
        [-3.2868e-04,  1.2251e-04,  5.0233e-04,  1.7981e-04,  3.7944e-05,
         -2.0555e-04,  1.6360e-03, -1.2496e-03, -1.1177e-03,  1.2726e-03,
         -6.8769e-05,  5.3435e-04,  8.2295e-04],
        [ 5.1252e-04,  3.6645e-04, -1.8953e-03,  5.6773e-04, -1.9645e-03,
         -1.1904e-03,  5.6484e-04, -1.6125e-03, -1.3037e-03, -5.1501e-04,
          1.8580e-03, -1.0587e-03, -2.2975e-03],
        [ 7.6440e-06,  2.7854e-04,  1.1105e-03, -1.6649e-04,  1.3980e-03,
          2.6249e-04,  6.1662e-04,  6.4289e-04,  1.7053e-04, -2.1022e-03,
          2.5312e-03, -5.9473e-04,  1.3688e-03],
        [-1.4316e-03, -8.5461e-04, -9.9985e-04, -2.0478e-03,  9.9767e-04,
          1.7723e-04, -6.2197e-04, -6.3459e-04,  6.4346e-04, -4.3703e-04,
         -5.2492e-04, -1.2641e-03, -6.7757e-04],
        [-9.7801e-04, -7.3500e-04, -5.2624e-04, -1.0949e-03, -1.1526e-04,
          3.1913e-04,  8.1947e-04, -9.4815e-04,  1.2270e-03, -7.4730e-04,
          5.7403e-04,  1.3363e-03,  6.3370e-04],
        [ 1.5055e-03,  9.6651e-04, -6.4999e-04, -1.1179e-03,  7.7531e-04,
         -5.9539e-04, -5.7291e-05, -7.3029e-04,  6.4435e-04, -3.9711e-04,
          1.9116e-03, -9.0893e-04,  8.6052e-04],
        [ 8.3971e-04,  8.5644e-04, -9.8034e-04,  3.3603e-03,  1.1634e-03,
         -7.3279e-04, -1.4839e-03,  4.6725e-04, -9.2254e-04,  5.2919e-04,
         -7.8827e-04, -2.3607e-03,  1.0805e-03],
        [ 3.3448e-04,  8.9207e-04, -3.5669e-04, -1.5017e-03,  1.7404e-05,
          8.9845e-04,  6.3803e-04,  1.5427e-04,  1.2023e-03, -2.6381e-03,
          1.3885e-03,  9.1928e-04, -6.1713e-04],
        [-7.3848e-02, -4.0253e-05,  1.1143e-04,  1.2266e-03, -5.2661e-06,
          5.7935e-04, -2.2141e-02,  2.5384e-04,  1.3822e-04, -4.6988e-04,
          1.6433e-03, -2.8802e-04,  9.9600e-04],
        [-2.8922e-05,  1.2695e-05,  7.8884e-04, -1.3935e-03, -5.0909e-05,
         -7.9566e-04,  2.3693e-04, -1.1846e-04, -9.2813e-04, -2.3339e-04,
         -5.0568e-04,  8.1418e-04,  4.5189e-04],
        [ 1.5288e-03,  8.6412e-05, -1.4216e-04, -2.6246e-03,  8.1463e-04,
         -1.0891e-03,  9.6831e-04, -1.1311e-03,  1.7719e-04, -1.1208e-03,
          1.1844e-03,  1.6895e-03,  4.8298e-04]], device='cuda:0')), ('fcs.0.bias', tensor([ 1.2804e-05, -9.3361e-02, -2.8878e-05, -1.9497e-03,  1.0316e-03,
        -1.5438e-04,  6.3331e-05,  1.8820e-03, -1.4333e-04,  1.7227e-04,
        -7.4165e-04,  1.6658e-03, -1.1334e-04,  5.0895e-04,  3.6141e-03,
         6.1118e-04,  7.7585e-04,  6.9196e-04,  2.0127e-03, -1.3188e-01,
        -6.5226e-05,  5.9241e-04, -2.8892e-05, -4.6860e-04, -1.5589e-03,
         1.5210e-04, -2.9783e-04, -1.1942e-01, -4.5549e-04,  5.3824e-04,
         3.1475e-06, -9.4588e-04,  6.3764e-04, -3.0298e-05,  5.4757e-04,
        -1.0084e-03, -2.4597e-03, -1.6691e-04,  8.0473e-04, -3.7806e-05,
        -9.6034e-05,  1.1865e-04,  4.8398e-05, -1.0775e-03,  3.2011e-04,
        -8.1431e-04, -9.8385e-06, -4.1530e-05, -1.0086e-03, -1.4511e-03,
        -1.5653e-04,  7.3852e-04,  6.3614e-04, -2.1431e-03, -3.5078e-04,
         3.1282e-04, -6.1167e-04, -8.6794e-04,  1.9846e-04,  1.7708e-03,
        -6.1688e-04, -9.8569e-02, -4.1085e-04,  1.4616e-03], device='cuda:0')), ('fcs.1.weight', tensor([[-1.8996e-06,  4.4435e-06,  2.2136e-05,  3.4452e-04, -3.5487e-04,
          9.0385e-06, -1.7253e-04,  3.8505e-04, -1.4712e-04, -1.1210e-04,
         -7.4558e-04,  1.5433e-04,  3.0468e-05,  1.3019e-04,  4.2264e-01,
          1.8833e-04,  2.8434e-04, -6.7489e-04,  7.9210e-05, -3.0612e-04,
         -5.5167e-02,  3.7703e-04,  6.8841e-05,  4.3900e-05, -7.7945e-04,
         -5.3861e-04,  7.1157e-05,  2.0567e-05,  2.5397e-05, -2.2474e-04,
          1.4859e-04, -4.8210e-04,  1.3836e-03,  1.3457e-04, -9.1163e-04,
         -5.7666e-05,  2.1591e-04, -2.9847e-04,  1.3663e-04, -1.2180e-04,
         -6.9747e-06, -2.1790e-05,  2.0233e-05, -4.1227e-05, -1.2290e-04,
          3.0268e-05,  1.9737e-05, -7.0160e-05,  4.2286e-05,  7.7183e-04,
         -4.4485e-06,  2.1439e-04, -1.6862e-04,  1.8108e-04,  3.3486e-04,
         -3.7467e-04, -3.1809e-04, -2.2758e-04, -1.0902e-03,  3.8888e-04,
          9.0556e-04, -1.1330e-04, -2.5240e-04, -8.8584e-05]], device='cuda:0'))])
end of epoch 4: val_loss 0.0011687074601374192, val_acc 1.0
trigger times: 0
saving model weights...
Weights: OrderedDict([('fcs.0.weight', tensor([[ 1.0800e-04,  3.6611e-05, -4.4265e-04, -5.0609e-04, -4.8420e-05,
          8.1699e-05, -5.7813e-05, -2.0890e-04,  5.9727e-05,  6.7063e-04,
         -9.3666e-05, -6.3739e-04,  3.0508e-03],
        [ 4.5287e-05, -7.7027e-05,  5.3055e-04,  4.3188e-05, -2.3697e-04,
          1.4030e-04, -3.2823e-05, -1.3547e-03, -6.6231e-04, -3.4164e-04,
          2.9434e-04, -8.2766e-05, -1.6295e-03],
        [ 7.2299e-05,  3.2556e-05,  3.4042e-04, -1.2096e-04, -1.4298e-04,
         -3.1288e-05,  3.6462e-06, -9.8752e-04, -1.2719e-03,  5.4753e-04,
         -3.3857e-04,  3.5201e-04,  1.7613e-04],
        [ 5.3241e-05, -2.7375e-06, -5.1131e-05, -1.0907e-04, -2.3263e-06,
          2.1538e-02, -5.9498e-05,  8.4857e-05, -8.5173e-05,  1.9437e-04,
         -2.2831e-04, -2.3832e-04, -1.0618e-04],
        [-2.8728e-06, -1.2911e-06,  7.5104e-05, -2.9132e-01, -2.1550e-05,
          6.0188e-05, -3.7271e-06,  5.3530e-04,  2.3184e-04,  4.5860e-04,
          7.1811e-05,  5.7925e-04,  1.1702e-03],
        [-2.0286e-04, -2.6792e-05,  2.6660e-04,  1.9512e-04,  2.1138e-04,
          5.0960e-05,  2.5754e-04,  3.8216e-04, -3.9737e-04, -5.9734e-04,
         -4.4637e-05, -6.2591e-04, -1.0182e-03],
        [-4.4579e-04,  1.9764e-04,  4.2199e-04, -1.5109e-04,  1.1135e-04,
         -5.3956e-04,  1.4887e-04, -1.3023e-03, -9.5283e-04, -1.2954e-03,
         -1.0319e-03, -2.1164e-03, -1.2535e-03],
        [-7.4658e-05, -2.7398e-05,  9.0246e-05, -1.5996e-04, -5.6360e-05,
          5.9171e-04,  6.3757e-05,  8.1559e-05, -1.7614e-06, -2.2947e-04,
         -7.7728e-05, -4.4005e-04, -3.8299e-04],
        [-1.2737e-04,  4.0863e-06,  1.4821e-04, -8.6428e-05, -9.2632e-04,
         -5.7286e-04, -1.0861e-04,  9.6876e-04,  5.8430e-04, -6.7237e-04,
         -5.3544e-04, -7.1967e-04, -2.4439e-03],
        [-4.6575e-04,  2.1531e-05, -1.5294e-04, -3.8872e-05, -1.6583e-03,
         -2.3320e-04,  2.8912e-05, -1.6720e-04, -2.2866e-05,  2.1721e-03,
         -1.8232e-04, -6.3967e-04, -5.2713e-05],
        [ 1.5619e-01,  6.2664e-02,  6.8669e-06, -3.5745e-05,  2.5787e-01,
          5.5204e-02,  1.9998e-01,  1.5314e-04,  1.1962e-04,  1.3859e-05,
         -6.5539e-05,  7.6686e-06,  4.8953e-05],
        [ 6.7804e-05,  1.7450e-04,  5.0354e-04,  5.5347e-04,  1.4542e-03,
         -9.3441e-04, -1.9826e-04, -5.4450e-04,  7.4813e-04, -1.8154e-03,
         -2.9632e-04, -1.2501e-03,  6.7594e-04],
        [-3.9043e-04,  8.3320e-05,  7.1519e-04, -1.7808e-05, -1.6535e-05,
          2.1754e-06,  2.4271e-04,  2.6883e-04, -1.2616e-04,  3.6774e-04,
         -1.8222e-04, -6.1005e-04,  6.6393e-05],
        [ 4.2202e-04,  8.6688e-03, -1.1989e-03, -1.7360e-04, -3.0543e-06,
          4.6896e-04, -2.1534e-04, -6.1614e-05,  3.2990e-04, -7.8892e-04,
         -7.1694e-04, -5.6833e-04,  7.6646e-05],
        [ 1.0066e+00, -8.1551e-02,  5.9311e-01,  3.7134e-01, -2.2304e-06,
          1.9875e-01,  3.2382e-01,  7.8477e-02,  7.5764e-01,  2.7049e-01,
         -1.5341e+00,  2.2009e+00, -7.0211e-01],
        [ 2.3805e-04, -8.1329e-06,  3.7466e-05, -1.2302e-04,  2.5463e-06,
          1.6420e-05, -6.8294e-05, -1.5458e-05,  1.1825e-04, -3.8729e-04,
          5.1055e-05, -2.7727e-05,  6.0902e-04],
        [ 2.5165e-04,  5.1979e-05,  2.9791e-04, -3.6950e-04, -4.7959e-05,
         -4.2805e-05,  1.3771e-04,  1.6198e-04,  1.2921e-05, -2.7729e-04,
          6.7887e-06, -1.2006e-04,  4.2543e-04],
        [-5.2878e-06, -3.0682e-05,  2.9849e-04, -5.7086e-05, -9.5519e-05,
         -3.0965e-05,  5.2328e-05, -1.4819e-04, -2.1908e-05, -1.3822e-03,
         -8.2223e-05,  1.4702e-04,  1.1312e-04],
        [-5.7343e-01, -2.3491e-01, -7.6634e-03, -1.4962e-01,  2.0516e-06,
         -1.4500e-04, -2.6013e-01, -1.4962e-04,  1.3234e-01,  5.3613e-04,
         -7.8814e-04,  2.5072e-04,  1.3117e-04],
        [-3.2771e-05, -9.1806e-04,  4.8037e-04,  1.5999e-04,  2.2084e-04,
          2.8358e-04,  4.3957e-05, -2.0950e-04,  4.8007e-04,  1.5988e-03,
         -5.0941e-04, -5.2241e-04,  2.7701e-04],
        [ 1.0575e-04,  1.9171e-05,  2.1607e-06,  1.0264e-04, -4.3340e-05,
          2.7915e-05,  2.4760e-05,  4.2264e-04,  1.2772e-04, -1.9694e-04,
         -1.3255e-04,  1.2573e-03,  9.3426e-04],
        [ 3.7082e-04, -1.9251e-04, -7.5616e-04,  9.3863e-04, -5.2947e-06,
         -1.7990e-04, -3.7526e-04,  3.9444e-04, -2.5865e-03, -1.0075e-03,
          1.6640e-04, -1.2955e-03,  9.0116e-04],
        [ 1.3761e-05, -2.2856e-04,  7.1256e-04,  2.8296e-04, -1.6556e-04,
          6.6929e-04,  1.4767e-04,  3.9453e-04,  1.0106e-04,  8.0105e-04,
         -2.3718e-04, -5.4686e-04,  1.2034e-03],
        [-3.1259e-04, -8.4510e-05, -3.1715e-04,  2.5852e-04, -6.6885e-04,
         -2.1087e-04, -1.2462e-03, -1.3196e-03,  1.5914e-03,  6.6396e-04,
         -3.9032e-04, -1.8831e-03,  1.3273e-03],
        [-2.7031e-02, -1.9927e-04,  1.8165e-04,  1.2569e-04, -3.2271e-05,
         -1.7415e-04, -2.3039e-04,  7.1593e-04,  2.8526e-04, -7.2307e-04,
          2.4828e-04,  1.5214e-03,  5.4047e-04],
        [-1.1958e-01, -4.8685e-05,  8.5016e-05, -5.6315e-02,  2.0683e-03,
         -1.7224e-05, -8.6513e-02, -2.6663e-04,  1.2574e-04,  1.3011e-03,
          3.1676e-04, -2.8672e-04, -1.6934e-04],
        [-2.1824e-01,  1.0865e-07, -4.5801e-05, -7.8068e-02, -1.1455e-01,
         -2.5531e-03, -1.8879e-01,  1.1191e-03, -1.4819e-04,  5.4222e-04,
          5.0429e-04,  4.4372e-04,  2.8818e-04],
        [ 8.3758e-05,  1.6147e-04,  2.3972e-04,  6.3123e-05,  1.6052e-04,
          1.4321e-04,  8.3196e-05,  1.1670e-03,  1.0883e-04,  7.1708e-04,
         -2.0423e-04,  1.2462e-03,  3.8442e-04],
        [-2.0000e-04, -1.2222e-05, -3.2001e-04, -1.5783e-05, -3.8579e-04,
          4.0067e-05,  2.4395e-04,  2.3248e-04,  6.7869e-05,  4.2539e-04,
          2.0856e-04, -1.6820e-04,  4.8805e-04],
        [ 1.4490e-04,  5.2060e-06,  2.4105e-04,  1.5064e-04, -2.0590e-04,
         -2.6790e-07, -1.9962e-04, -1.3590e-04,  8.8985e-06,  1.2814e-04,
          6.2349e-05, -1.8582e-04,  3.6958e-04],
        [ 2.8014e-04, -5.3683e-04,  7.5596e-04, -9.3741e-04,  1.2924e-03,
         -6.4878e-04,  1.1954e-03, -2.5902e-03, -9.0440e-04, -1.2876e-03,
         -7.9737e-05, -4.9702e-04, -6.6267e-04],
        [-8.3405e-02, -2.0954e-02, -1.3173e-01,  9.5404e-05, -4.1978e-04,
         -3.0667e-05, -3.1927e-06, -4.8374e-05, -1.0957e-04,  8.4792e-05,
          1.3383e-01, -3.0366e-04, -4.9357e-04],
        [ 3.4176e-05,  1.2856e-01, -5.8316e-08, -2.9857e-02, -6.7832e-05,
         -2.3543e-05, -8.3184e-05, -6.9242e-05, -2.2694e-04, -2.1026e-04,
         -2.5045e-04, -3.7119e-04,  3.0125e-06],
        [-2.9918e-04, -5.1551e-05,  9.0188e-06,  1.4235e-04, -1.1913e-04,
         -1.7746e-04, -2.2596e-04, -7.1533e-04, -2.3850e-04, -5.1458e-04,
         -5.6237e-04, -2.0528e-04, -1.1737e-03],
        [ 1.9336e-01, -2.0603e-01,  2.0668e-04,  1.0655e-01, -2.7891e-06,
         -6.7794e-02,  1.1839e-01,  1.5415e-04, -6.6772e-06, -4.8828e-04,
         -7.1512e-05, -6.4017e-05,  5.0180e-04],
        [-3.8511e-04,  1.4225e-04, -1.1623e-03, -6.0552e-05,  6.8144e-04,
          2.5917e-04,  2.3607e-04,  1.0408e-03,  1.9187e-04,  7.9762e-05,
          5.4112e-04, -1.1626e-03, -5.4699e-04],
        [ 2.7487e-02,  4.6537e-02, -2.4073e-04, -7.3144e-05, -6.3991e-05,
          8.6063e-03,  8.7302e-03,  2.5456e-04, -1.6848e-03,  4.9870e-05,
         -3.8182e-02, -1.7469e-04, -9.1059e-05],
        [ 3.9912e-04,  1.0603e-04, -5.7341e-05,  2.0934e-04,  2.9226e-05,
         -1.1276e-04,  4.0219e-04,  1.9346e-03, -7.1586e-05,  2.7958e-04,
         -1.9356e-03, -5.1117e-04, -4.9536e-04],
        [-5.3181e-02, -2.5714e-04,  9.8807e-05, -2.7877e-02,  1.7141e-04,
          8.0585e-05, -6.9356e-02, -1.2716e-04,  1.4298e-04, -2.9546e-04,
         -4.2211e-06,  7.8934e-05, -1.0291e-03],
        [-1.0583e-04,  1.9725e-04, -1.5090e-03,  1.9175e-04,  1.2027e-04,
         -1.1864e-03, -2.2060e-04,  1.0389e-03, -5.6720e-04,  4.9514e-04,
          7.0090e-04,  2.4229e-03,  7.2931e-04],
        [ 6.7161e-05, -7.4168e-05,  1.8799e-04,  1.1142e-04,  4.1416e-07,
          1.1120e-04,  4.6100e-04,  7.0961e-04,  5.1002e-04,  7.2252e-04,
         -3.3749e-04, -1.8077e-03,  1.7990e-03],
        [-2.4795e-01, -8.0796e-06, -2.9000e-05, -1.3851e-01,  1.1231e-04,
         -1.3090e-04, -1.2651e-01,  3.4788e-04,  1.6334e-04, -2.7989e-04,
         -6.7501e-08, -2.2689e-04, -8.8686e-04],
        [-2.3733e-05, -1.0311e-04, -8.9118e-04, -8.2643e-05,  2.1116e-04,
          2.8621e-04,  2.1953e-05,  2.7396e-04, -1.6748e-04, -2.1211e-03,
          7.2396e-04, -7.2323e-04,  5.1911e-04],
        [-4.9671e-04,  4.3513e-04,  8.5584e-04, -4.4783e-03, -9.3240e-04,
          1.6773e-03, -2.2465e-03, -1.2852e-03,  2.7586e-04,  6.4825e-04,
         -1.9657e-03, -1.2917e-03,  1.3048e-03],
        [-6.6698e-05,  6.3246e-05,  1.2085e-03, -3.4371e-05,  4.7381e-05,
         -1.4119e-05,  3.6390e-06, -4.0870e-04,  6.6243e-04,  5.3481e-04,
          1.2776e-04,  3.9661e-04, -4.0004e-05],
        [-6.1744e-02,  1.1301e-01,  1.1006e-04,  3.4124e-05, -4.9443e-04,
          5.6795e-05, -4.8655e-02, -4.0750e-04, -1.7370e-04,  4.3483e-04,
         -2.0963e-04, -1.2527e-03, -1.2596e-03],
        [ 4.6628e-05, -1.2209e-05, -5.9034e-04,  1.9387e-04,  3.2430e-04,
         -8.8575e-04, -3.0308e-05, -3.2269e-04,  4.3526e-04,  4.8575e-04,
          4.7247e-04,  1.1603e-03,  8.9297e-04],
        [-5.6886e-05, -2.9641e-05,  2.7630e-04, -2.3280e-04, -2.1312e-05,
         -6.6689e-06, -7.0078e-05, -1.9351e-05, -5.5405e-05, -4.0804e-04,
          3.9428e-05,  2.1392e-04, -5.4754e-04],
        [-1.1991e-04, -1.2228e-04,  6.4375e-04,  1.6635e-04, -1.7928e-04,
         -1.9577e-04, -3.3505e-04, -5.6917e-04,  6.6618e-04,  1.4610e-03,
         -3.3615e-04,  5.5038e-04,  1.2401e-03],
        [-1.8088e-01, -1.2309e-04, -3.3163e-04, -3.3990e-01, -1.3058e-05,
          5.2768e-06, -1.7557e-01,  2.2486e-04,  8.2167e-02, -2.4949e-04,
         -1.0522e-01,  2.1112e-04,  1.7688e-05],
        [ 1.2824e-03, -1.1236e-04, -5.3880e-04,  8.5882e-04, -3.4495e-04,
         -6.2483e-04,  5.4972e-04, -4.8957e-04,  3.9480e-04,  9.8437e-05,
          6.4385e-04,  1.9534e-03, -8.6036e-04],
        [-6.6564e-05,  8.1578e-02,  1.3023e-05, -7.7463e-02, -4.9637e-06,
         -2.2547e-05, -9.8601e-02,  1.3039e-04,  1.0569e-05, -4.9402e-05,
         -2.5738e-05, -4.3484e-04,  4.0483e-04],
        [-1.0971e-04, -3.8478e-05, -3.9075e-04,  2.3888e-05,  1.2833e-03,
         -2.0437e-04,  8.6137e-05,  7.0091e-04,  1.1153e-03, -1.3042e-03,
         -1.1526e-03,  2.3798e-03,  1.2597e-03],
        [ 1.2061e-03,  6.4342e-04, -8.6718e-04,  1.0258e-03,  1.3436e-03,
          6.5234e-04, -7.6482e-04,  2.7807e-04, -1.9151e-03,  2.6233e-04,
          6.0222e-04,  2.4242e-03, -1.3002e-03],
        [-3.1003e-01, -3.8186e-06, -8.0935e-02, -2.3756e-01, -1.6464e-05,
          1.6726e-05, -3.3643e-01, -7.9766e-04, -5.1069e-05,  1.9165e-04,
          4.9444e-06, -3.8911e-04,  4.8393e-04],
        [ 3.3755e-05, -4.2193e-03,  9.1060e-05,  6.6005e-02,  3.5799e-05,
         -1.3560e-03, -1.1594e-04, -2.7295e-04, -2.7201e-05, -7.3703e-04,
          9.1340e-05,  9.5385e-05, -4.5638e-04],
        [-1.2496e-04,  3.5634e-04, -3.9584e-04, -4.6875e-06, -1.3248e-04,
         -6.1492e-04, -7.3497e-04, -1.3219e-03,  1.2502e-03, -1.2989e-03,
         -7.2633e-04,  1.0256e-03,  2.4339e-03],
        [ 4.3058e-04,  5.9318e-05,  5.0038e-04, -1.1199e-04,  9.3760e-04,
          1.1662e-03,  3.4913e-04,  4.6250e-04,  3.9170e-04, -1.3173e-03,
          1.7812e-03, -5.9956e-06,  2.2708e-04],
        [ 4.0367e-04,  1.4033e-05, -2.2986e-03,  4.1817e-04,  3.4959e-04,
         -1.3132e-03,  9.7228e-04, -1.1543e-03, -1.1375e-04, -6.6345e-04,
          1.2461e-03, -1.3131e-03, -1.9620e-03],
        [-8.8488e-05,  6.6993e-06,  1.5595e-04,  1.0086e-04,  4.5327e-05,
         -3.9145e-06,  5.8255e-04,  2.7382e-05, -1.4331e-04, -4.1068e-04,
         -1.1403e-04, -4.3262e-05,  9.3247e-04],
        [-4.5645e-06, -7.6971e-02,  3.5558e-05, -1.0981e-04,  5.2243e-03,
          1.9832e-01, -5.7529e-05, -1.2466e-04, -3.6644e-04, -1.4601e-04,
          1.2127e-04, -3.4362e-04,  3.4739e-05],
        [-4.7461e-05,  1.8127e-05,  1.2393e-04, -2.0004e-04, -1.9538e-04,
          4.0824e-04,  8.0217e-05,  1.5454e-03,  8.2640e-04,  1.3056e-03,
         -1.9255e-03, -1.1260e-04,  7.0088e-04],
        [-1.7642e-01,  6.8725e-06, -1.6964e-04, -1.0953e-01,  1.7542e-05,
          2.5133e-05, -1.2824e-01,  3.2281e-04,  1.5929e-04, -2.0398e-03,
          4.7550e-04,  6.7244e-04, -1.6659e-03],
        [ 6.4288e-04, -1.5774e-03,  1.5185e-03,  9.2792e-04,  9.8863e-04,
         -8.9333e-04,  6.9531e-04,  6.6679e-04,  4.9401e-04,  8.3534e-04,
         -5.4182e-04, -1.2990e-03,  8.0710e-05]], device='cuda:0')), ('fcs.0.bias', tensor([ 8.0643e-05, -3.6081e-05,  3.7233e-05,  1.4996e-04, -1.7954e-01,
        -8.6282e-04,  1.3243e-04, -7.7215e-05,  5.6321e-06, -1.4534e-05,
         1.7504e-01,  1.9142e-03, -5.6978e-04, -4.6920e-04,  1.7232e-01,
        -1.6381e-04,  2.6940e-04, -1.3426e-04, -1.1554e-02,  4.0340e-05,
        -3.5408e-04,  5.3778e-04,  1.0416e-04,  5.2992e-04, -3.3744e-02,
        -1.4251e-01, -2.2616e-01, -6.3186e-06,  4.3654e-05,  2.0648e-04,
        -5.7464e-04, -1.3380e-05,  8.3551e-05, -1.1478e-04,  2.1451e-01,
         1.9356e-04, -1.4049e-05, -5.1033e-04, -1.3493e-01, -2.6633e-04,
         2.4677e-04, -1.3107e-01,  3.3515e-05, -2.0960e-04,  3.6612e-05,
        -7.4231e-02, -9.2978e-06,  9.8286e-05,  2.1612e-04, -1.8555e-01,
        -7.8118e-04, -1.8966e-01,  4.2490e-05,  2.3563e-03, -1.2175e-01,
        -2.8621e-04,  8.2021e-05, -2.6189e-04, -4.8968e-04,  3.3325e-03,
         2.2978e-02, -2.8883e-05, -1.7570e-01, -1.6604e-03], device='cuda:0')), ('fcs.1.weight', tensor([[-2.0035e-05, -6.0220e-06, -1.1475e-06,  2.6182e-02, -2.6402e-06,
          4.1871e-05, -3.2777e-04, -1.2924e-04, -1.0499e-04, -1.9773e-05,
          1.2623e-01,  8.2224e-05,  3.4495e-05,  3.9289e-04,  1.4344e+00,
          2.4197e-02, -2.3698e-05,  5.7518e-03, -1.6013e-01, -2.9905e-04,
         -1.9684e-05, -1.5301e-05,  1.7307e-05,  1.5298e-04,  1.1126e-01,
         -6.1396e-05, -3.0138e-05, -2.7098e-05,  1.9317e-02, -1.8287e-05,
          5.7952e-06, -6.5233e-02,  1.4829e-01, -2.8772e-04,  1.1307e-01,
          3.8001e-04,  9.2603e-02, -1.5210e-04, -6.9621e-05,  7.6127e-04,
          7.3280e-05,  7.9602e-02, -3.2680e-05,  1.1491e-05, -1.7212e-05,
          1.3796e-04,  5.4808e-04, -4.2626e-06, -1.0750e-03,  1.0093e-01,
          5.4606e-04, -8.3263e-06, -1.7584e-05,  2.2442e-04,  1.4695e-05,
         -9.7245e-02,  1.2784e-03, -2.2603e-04, -2.6552e-04,  1.8114e-05,
         -1.5293e-05,  2.3735e-05, -1.2304e-04, -1.1075e-04]], device='cuda:0'))])
end of epoch 5: val_loss 1.1326324913625286e-05, val_acc 1.0
trigger times: 0
saving model weights...
Weights: OrderedDict([('fcs.0.weight', tensor([[-4.4467e-04, -2.4295e-05, -9.2478e-04, -1.1455e-03,  6.6554e-04,
         -3.0280e-04,  1.0075e-03, -1.5608e-03, -1.9653e-04,  8.3463e-04,
          1.8558e-04, -1.2103e-03,  3.1263e-03],
        [ 2.2290e-05,  1.7396e-04,  6.5725e-04,  4.4134e-05,  4.5617e-04,
          3.4452e-04, -8.3934e-05, -1.2989e-03,  3.5648e-04, -4.6049e-04,
          7.1666e-04, -4.7945e-04, -1.8818e-03],
        [-3.3046e-04, -5.0002e-05,  7.6950e-04, -8.9361e-06,  7.0631e-05,
          2.7609e-04, -2.3230e-04, -5.4469e-05,  1.7357e-03, -1.0526e-03,
         -6.0536e-04,  4.8142e-04,  2.4922e-04],
        [-1.1066e-04, -3.9522e-05, -1.6134e-04,  2.5393e-04,  1.3677e-06,
          1.4654e-05, -1.1627e-03,  1.4242e-04, -1.9097e-04, -5.4744e-04,
          1.1067e-04,  4.8669e-04, -4.9687e-04],
        [ 5.0472e-05,  4.2751e-05,  1.4112e-04,  2.3271e-06, -6.1539e-05,
         -1.8662e-04, -1.3433e-04,  6.4265e-04,  5.3293e-05, -1.6433e-04,
          1.1167e-04,  1.2572e-03,  1.2791e-03],
        [-3.8411e-04, -1.7471e-04,  7.7801e-04, -3.9488e-04,  4.7115e-04,
         -1.6464e-04,  1.1045e-03,  5.6378e-04, -8.5355e-04, -8.1175e-04,
         -1.2075e-04, -8.3352e-04, -1.3146e-03],
        [-1.4495e-04, -6.8339e-04, -2.3290e-03,  7.4786e-04, -7.7017e-05,
         -7.4477e-04,  2.4605e-04, -8.4844e-04,  1.6868e-03, -7.6978e-04,
         -7.1040e-04, -5.1734e-04,  8.8484e-04],
        [-1.8699e-04,  5.3443e-05,  2.0999e-04,  1.1948e-04, -6.9467e-05,
          4.9253e-05,  1.6675e-04,  3.9068e-04,  2.8324e-04, -3.4648e-04,
          4.0545e-05, -1.0483e-03, -7.7316e-04],
        [-3.6470e-04, -2.3225e-04, -9.6430e-04, -1.0137e-04, -1.5706e-03,
          2.0034e-04,  1.4405e-04, -6.7269e-04, -8.6187e-04, -6.1463e-04,
         -3.6594e-04, -7.2672e-04,  9.2297e-04],
        [-2.0927e-04,  1.2125e-04,  5.8028e-04,  1.5577e-04,  1.1016e-06,
         -9.5037e-04, -6.5835e-05, -2.0508e-03,  6.0285e-04,  2.1901e-03,
          1.1674e-03,  8.7612e-04, -7.6619e-04],
        [ 4.9035e-05, -8.1687e-05,  9.3635e-05, -5.7800e-05,  5.9190e-06,
         -7.5267e-05, -1.4985e-05, -3.7847e-05, -3.1124e-04,  2.1702e-04,
          1.7561e-04, -2.4382e-04, -5.4859e-06],
        [-2.3532e-03,  8.3548e-04,  3.3079e-03, -2.4177e-03,  6.3537e-04,
         -1.0128e-03,  4.9918e-04,  7.5319e-04,  6.0680e-04, -1.1745e-03,
          6.8533e-04,  8.8651e-04,  7.3023e-04],
        [ 2.6974e-04, -6.3997e-05,  3.3998e-04,  6.0379e-04,  3.1621e-05,
         -1.4352e-04,  3.4968e-04, -8.6538e-04,  8.7936e-04,  4.3792e-04,
         -3.8803e-04, -8.4355e-04, -1.4192e-03],
        [ 5.7525e-04, -5.3234e-04,  7.4853e-04, -3.9373e-04,  2.3941e-04,
          1.1436e-04,  6.7386e-04,  5.6576e-04,  1.2016e-03, -2.9834e-03,
         -1.8753e-04,  1.3405e-03,  8.4387e-04],
        [ 5.9866e-01, -2.0070e-02,  1.7102e-01,  3.0366e-01, -3.0664e-02,
          2.3570e-01, -1.1383e-02,  1.7039e-02,  5.0709e-01, -9.2163e-05,
         -1.2413e+00,  1.7018e+00, -1.7258e-01],
        [-1.3248e-04, -1.0922e-05,  1.6086e-04,  3.3622e-04,  5.4753e-05,
          6.8903e-05, -6.8503e-04,  2.7309e-04,  2.2851e-04,  1.4445e-04,
         -8.9888e-05,  4.5602e-04,  1.4142e-04],
        [ 6.8967e-04,  1.4971e-04, -6.5436e-05, -6.8200e-04,  1.8652e-04,
         -6.0952e-05,  5.2440e-04,  3.5678e-04, -1.7498e-04, -4.2514e-04,
          3.4284e-04, -9.2951e-04,  5.2124e-04],
        [ 4.3119e-04, -8.5663e-05,  7.5535e-04,  2.1910e-04, -5.3795e-05,
         -2.2251e-05, -6.1304e-05, -3.4487e-04, -1.7589e-04, -2.8687e-03,
         -2.7763e-04, -6.2097e-04,  2.9344e-04],
        [-3.4741e-01, -3.4360e-05, -3.8655e-05, -4.6753e-05, -1.2379e-06,
          9.1937e-05, -2.5110e-02,  6.9593e-04,  1.1487e-04,  6.6444e-04,
         -1.6579e-04, -5.9179e-04,  9.7996e-04],
        [ 6.3774e-05, -1.0178e-03, -9.8974e-04,  3.0329e-04,  7.6930e-04,
         -5.0296e-04, -1.1031e-04, -2.1005e-03, -2.1638e-03, -1.9492e-03,
          2.1650e-04, -1.2517e-03, -1.3173e-03],
        [ 4.5081e-04,  8.1902e-05, -4.6832e-04, -2.2403e-06,  5.1097e-05,
         -3.1045e-04, -3.1483e-04, -3.8250e-04,  3.7000e-04, -9.8725e-05,
         -3.8967e-04,  2.3707e-03,  1.6432e-03],
        [ 5.5432e-04, -4.1157e-04, -1.1017e-04,  2.0770e-03,  5.5314e-06,
         -1.0045e-03, -2.1591e-03,  1.8911e-03, -2.2056e-04, -8.8710e-04,
          1.1562e-03, -8.7429e-04,  2.1954e-05],
        [-3.0686e-04,  1.6296e-05, -5.0800e-04, -3.3152e-05,  2.3521e-04,
          1.1323e-04, -1.2798e-04, -6.9234e-04,  5.1350e-04,  8.2676e-04,
          5.7779e-04, -5.4762e-04,  9.3187e-04],
        [-4.6767e-04, -2.4882e-04, -6.7478e-04,  3.3168e-05, -2.7655e-04,
          2.2109e-04, -8.0628e-04,  1.1253e-04,  1.4910e-03, -9.2724e-04,
          3.5434e-04, -2.1402e-03, -1.7270e-06],
        [-1.0961e-04,  6.0672e-04, -5.6073e-04,  3.2339e-06,  2.1597e-04,
         -3.0716e-05,  6.1769e-04, -8.8379e-04, -9.7413e-04, -1.2924e-03,
          9.5116e-04,  1.8342e-03, -1.2510e-03],
        [-3.0961e-05, -7.0231e-05,  2.9685e-04,  1.9528e-05,  1.0999e-03,
          5.8181e-04,  5.4732e-05, -6.2686e-05,  4.6257e-04,  1.3111e-03,
          2.7020e-05,  5.8229e-04, -2.1428e-04],
        [-2.4035e-05,  3.6956e-05, -1.5730e-04,  3.3586e-05, -6.3424e-05,
         -4.2092e-04, -4.2831e-05,  4.1703e-04,  5.4641e-04,  1.1391e-03,
          1.1523e-03,  1.0075e-03,  4.6537e-04],
        [-1.2470e-04,  6.7621e-04,  6.4871e-04,  9.0541e-05,  1.9798e-04,
          2.1330e-04, -2.9163e-05,  1.1425e-03, -4.8877e-04, -4.9334e-04,
          4.9040e-04,  1.3383e-03, -1.4781e-03],
        [-7.9719e-06, -1.4707e-04, -7.6503e-04, -3.5328e-04, -8.8698e-04,
          1.3878e-04,  1.6060e-04,  1.5247e-03,  3.8746e-04,  5.0661e-04,
         -3.3216e-04,  3.3612e-04,  5.0425e-04],
        [ 2.4477e-04, -1.3829e-04,  1.1637e-03,  3.8141e-04, -5.0645e-04,
          7.0085e-05,  6.4088e-04, -3.1600e-04, -2.0390e-04,  1.9601e-04,
          3.0986e-04,  3.4391e-04,  4.3050e-04],
        [ 1.2112e-03,  2.3426e-03, -1.2798e-03, -7.6182e-04, -1.0060e-03,
         -3.8662e-04,  5.6990e-04,  1.4192e-03,  1.2358e-03, -1.3171e-03,
         -5.6392e-04,  1.7891e-03, -5.2340e-04],
        [-1.4755e-04, -6.7174e-06, -8.9894e-05, -1.1164e-04, -2.4831e-05,
         -3.5894e-05, -2.3292e-04, -1.9825e-04,  1.1272e-04,  5.8149e-04,
          3.7130e-04, -1.7958e-04,  9.4038e-04],
        [ 8.9273e-03,  1.4160e-01, -5.3473e-05,  3.1371e-06, -1.2654e-05,
          7.0848e-05,  1.7453e-02, -4.4573e-04, -3.0542e-04,  1.7192e-04,
         -7.0585e-05, -5.2520e-04, -6.4533e-04],
        [-7.5057e-05, -8.1370e-05, -6.0182e-04, -4.4852e-05,  1.1165e-03,
         -4.2357e-04,  4.6460e-04,  1.2366e-03,  3.5546e-04, -5.6494e-04,
          3.7037e-04, -4.2088e-04, -1.3068e-03],
        [ 5.7711e-05, -4.0986e-05, -5.8504e-05,  1.3612e-04,  9.7114e-05,
         -4.4530e-05,  1.1177e-04, -4.7146e-04,  3.6482e-05,  7.1409e-04,
          1.7625e-04, -3.9483e-04,  1.3580e-05],
        [-4.2321e-04,  2.9588e-04, -5.3498e-04, -4.6143e-04, -5.9526e-04,
         -1.2004e-03,  3.3207e-04, -4.7032e-04,  1.2060e-03, -3.3163e-03,
         -5.9921e-04,  2.4933e-03,  2.0972e-03],
        [ 6.1314e-05, -6.1243e-06, -3.2116e-04, -1.7134e-04,  3.5623e-05,
         -2.4810e-05,  8.5191e-06, -1.6786e-04, -4.3302e-04,  3.3258e-06,
         -4.1852e-05,  2.7266e-04,  3.1066e-04],
        [ 3.1130e-04, -9.3143e-05,  3.2218e-03,  8.0322e-04, -7.5128e-05,
         -8.7056e-04,  6.5342e-04, -3.3340e-04, -1.3294e-03,  1.0684e-06,
         -1.2445e-03,  1.0518e-03, -5.0257e-04],
        [-6.1291e-05,  4.3773e-04,  7.7538e-05, -8.7352e-05, -2.4059e-04,
          6.6680e-05, -1.3482e-04,  7.7161e-04, -2.7568e-05, -8.4160e-04,
          2.8893e-05,  8.4764e-05, -1.3909e-03],
        [ 1.3433e-04,  7.8249e-05,  2.8494e-04, -9.2312e-04,  2.3647e-04,
         -4.5102e-04,  8.6552e-04, -1.7106e-03, -1.5589e-03, -6.6320e-04,
          6.5242e-04,  2.1870e-03,  7.5505e-04],
        [-1.8191e-04,  1.8095e-04,  8.2605e-04, -5.8240e-04, -6.4232e-04,
         -3.9240e-05, -3.6194e-04,  8.4489e-04,  6.9286e-04,  7.6781e-04,
         -6.4650e-04, -1.8876e-03,  1.9260e-03],
        [ 2.4644e-04,  6.6198e-05,  3.9927e-04,  6.3076e-05,  3.8921e-04,
         -1.0550e-04, -1.5679e-05, -7.4562e-04,  9.8564e-05, -6.7200e-04,
          1.8796e-04, -2.0337e-04,  1.0926e-03],
        [-3.4826e-04, -3.6166e-04, -3.1855e-03, -5.0132e-04,  1.2585e-03,
         -1.5221e-03,  1.7575e-04, -5.8117e-04, -6.9380e-04, -6.5014e-04,
          8.9123e-05, -7.4720e-04,  5.3563e-04],
        [-2.6504e-04,  2.7366e-04,  1.3172e-03, -8.7603e-04, -6.0826e-04,
          7.1550e-04, -2.0939e-03, -1.0158e-04, -7.8139e-04,  2.4516e-03,
         -2.1140e-03, -1.3308e-03,  1.3198e-03],
        [ 1.7896e-05,  1.4393e-04, -2.1426e-03, -5.2043e-05, -3.1178e-04,
          1.4415e-04,  1.0494e-04, -5.9484e-04,  1.5424e-03,  6.4221e-04,
          6.3337e-04,  5.2075e-04, -2.1120e-03],
        [ 4.5648e-06, -1.7726e-05,  4.3041e-04,  1.2154e-04,  3.1402e-04,
         -1.0937e-05, -8.1095e-05, -3.5796e-04,  8.5219e-04,  1.9903e-03,
         -5.4830e-05, -1.0390e-03,  6.3421e-04],
        [-2.2968e-04, -9.2139e-06,  2.0870e-05, -3.2749e-05, -3.8597e-04,
          1.3533e-03, -2.0927e-04,  2.0419e-03, -4.5489e-04, -1.4995e-04,
         -8.6271e-04,  1.0071e-03,  8.9481e-04],
        [-2.9443e-04,  5.2368e-05,  6.8231e-04, -5.6038e-04, -4.3176e-05,
          3.5797e-05,  1.3329e-06, -5.9157e-05,  3.8147e-05, -9.9296e-04,
         -1.8087e-04,  3.8769e-04, -1.1090e-03],
        [ 1.4062e-04, -1.2124e-04,  3.3666e-04, -4.6598e-04,  1.0772e-04,
         -6.8236e-04,  4.4527e-04, -7.0526e-04,  2.3472e-04,  1.4578e-03,
          4.9309e-04,  5.8525e-04,  1.3004e-03],
        [-6.8711e-05,  6.3259e-06, -7.4475e-05,  4.8386e-06,  4.6657e-05,
          1.2169e-04,  1.1115e-05,  9.3248e-04, -9.2061e-05, -1.0135e-04,
         -6.5422e-05,  6.9363e-04, -7.8558e-04],
        [ 1.5511e-04,  4.3801e-04,  2.0420e-04,  6.4696e-04,  6.5906e-04,
          2.7393e-04,  2.7958e-03, -5.4350e-04, -8.4739e-04,  1.2151e-03,
          5.4906e-05,  1.6359e-03, -1.5751e-04],
        [ 9.4053e-05, -8.6040e-05, -7.4981e-05,  1.7908e-05,  4.2591e-05,
         -6.0304e-05,  5.2015e-05,  6.4463e-04,  9.7758e-05, -5.9531e-04,
          3.4292e-05, -6.4072e-04,  6.3851e-04],
        [-6.1250e-05, -2.7361e-04, -6.3136e-04, -3.7818e-04, -4.4839e-04,
         -2.1295e-04, -1.0321e-04,  6.9696e-04,  1.2761e-03, -6.6880e-04,
         -1.3481e-03,  3.0942e-03,  1.3031e-03],
        [-1.2689e-03,  5.1376e-04, -7.9235e-04,  7.0164e-04,  9.8426e-04,
         -7.0250e-04, -3.7134e-04,  4.2710e-04, -4.5537e-04, -1.8002e-03,
         -2.3152e-04,  2.0228e-03,  9.6125e-04],
        [ 5.0953e-04,  2.0702e-05, -6.3500e-06,  3.5228e-06, -6.4726e-05,
          4.9132e-05,  5.8212e-05, -1.2135e-03, -1.8892e-04, -4.0687e-05,
          6.3842e-06, -5.7375e-04,  7.9631e-04],
        [-1.6048e-04, -1.7935e-05, -1.9847e-04, -1.2688e-04,  2.8288e-05,
          9.1169e-06, -8.3839e-05,  5.1457e-04, -2.3326e-04,  1.1715e-04,
          8.3480e-06,  6.5922e-04,  2.9654e-04],
        [-5.8372e-04,  1.1778e-05, -1.7927e-03,  8.3855e-04,  6.2768e-05,
          4.7410e-04, -5.8543e-04, -1.1054e-03, -8.7608e-04,  8.8686e-04,
         -1.0504e-03,  2.5137e-03, -7.4824e-04],
        [-1.3665e-03,  1.1863e-03,  4.8340e-04,  1.8463e-03,  2.9237e-03,
          1.1710e-03,  3.7917e-04,  1.3000e-03, -1.1888e-04,  1.3133e-03,
         -8.5979e-04,  6.7226e-04, -1.0016e-03],
        [ 2.0739e-03,  9.5140e-04,  2.0316e-03,  1.3016e-03, -1.1867e-03,
          2.1363e-04, -3.7477e-03, -1.1937e-03,  9.6541e-04, -1.9959e-03,
         -1.3537e-03, -5.3445e-04,  9.6729e-04],
        [ 5.2614e-06, -7.2825e-07, -3.5678e-04,  2.9601e-04,  2.6427e-05,
         -1.2510e-04,  9.2064e-05, -4.3725e-04, -3.4053e-04, -3.5681e-04,
         -2.8694e-04,  4.6135e-04,  1.0529e-03],
        [-8.7081e-05,  2.8203e-05,  2.5947e-04, -1.3867e-04,  7.4129e-05,
         -2.4931e-07, -6.9870e-06,  1.1548e-04, -1.3342e-04, -1.5845e-04,
         -3.4148e-04,  1.9372e-04,  4.2731e-04],
        [-1.8520e-04, -4.6984e-04,  2.7585e-04,  1.6912e-04,  7.3087e-04,
          1.2142e-03, -5.8745e-04, -8.6049e-04, -1.5026e-03, -1.5672e-03,
          5.0536e-04,  3.4546e-04,  3.8323e-04],
        [-3.7341e-05,  7.3600e-05,  6.8690e-05, -3.0023e-06,  8.4366e-04,
          1.8116e-04,  5.5967e-05,  4.7768e-04, -5.4953e-04, -7.7963e-04,
         -1.2834e-03,  2.9532e-04, -1.8388e-03],
        [ 1.8238e-03, -5.2560e-04, -2.3214e-04, -1.2279e-03,  1.3101e-03,
          3.7075e-04, -1.7850e-03,  1.3879e-03,  1.0462e-04, -7.3701e-04,
          1.4517e-03, -8.5002e-04,  3.8763e-04]], device='cuda:0')), ('fcs.0.bias', tensor([-2.3654e-04, -8.8122e-05,  1.3261e-04,  3.9907e-04,  1.8971e-05,
         1.5134e-03, -6.5140e-04, -1.0882e-04,  2.7108e-04, -2.1453e-04,
         6.7362e-04,  1.1714e-03, -1.0492e-03, -2.5009e-03,  5.3606e-02,
        -2.9003e-04, -3.0181e-04,  7.9019e-06,  5.8311e-05, -1.6120e-04,
         2.3724e-04, -4.5571e-04,  9.0865e-04,  3.1718e-04,  2.2725e-05,
         2.5841e-06, -3.4453e-05, -3.0561e-05, -9.9062e-05, -1.9407e-05,
         7.6745e-04,  9.2941e-05,  3.6879e-02, -8.1655e-05, -7.7908e-05,
        -1.5642e-04, -1.6730e-05, -1.9666e-04, -3.8904e-05,  1.8772e-04,
         2.8302e-04, -1.1635e-04, -8.3216e-04,  8.5391e-04,  3.9213e-06,
        -1.0627e-04, -3.2547e-05, -9.0621e-05,  1.0265e-04, -2.7118e-05,
        -1.5029e-03,  9.3527e-06,  3.7120e-05, -5.9988e-04, -2.0750e-05,
        -1.7980e-04,  1.6267e-03,  1.0314e-03,  5.4620e-04, -4.7480e-04,
         5.8266e-05, -2.8930e-06, -3.7841e-05,  1.0421e-03], device='cuda:0')), ('fcs.1.weight', tensor([[ 2.5832e-05,  4.0999e-05,  4.0129e-05, -1.5774e-05,  2.6430e-06,
         -3.7942e-05, -4.6604e-04, -5.3494e-06,  3.0847e-04, -3.9458e-05,
          1.1656e-02,  1.8519e-03, -1.1691e-05, -3.4246e-04,  1.0780e+00,
          1.0166e-05, -4.1645e-06,  1.7825e-05,  3.9411e-05,  1.4502e-03,
          4.7220e-05,  2.4923e-03,  1.3984e-04,  4.8663e-04,  3.4398e-05,
         -4.1179e-05, -7.1398e-05, -5.3580e-05, -1.2514e-04,  3.8058e-05,
         -1.1250e-03, -4.7422e-07, -1.2519e-01, -1.2503e-04, -2.7091e-07,
         -4.5815e-04,  4.3953e-06, -1.0490e-03,  9.2275e-05,  7.5422e-04,
          2.4234e-06, -9.4919e-06, -3.6813e-05,  8.0385e-04, -4.3942e-05,
          1.7699e-04, -1.0789e-03,  6.1065e-06, -1.2808e-04, -9.7025e-06,
         -4.7724e-04,  6.6467e-06,  8.0127e-05,  2.5375e-04, -1.0054e-04,
         -2.7566e-05, -5.7691e-04, -2.5946e-04, -7.6023e-04,  1.5655e-05,
          1.5847e-05, -8.2326e-04, -2.2917e-04,  1.3839e-03]], device='cuda:0'))])
end of epoch 6: val_loss 0.0021564961030735574, val_acc 1.0
trigger times: 1
end of epoch 7: val_loss 6.23850151892924e-06, val_acc 1.0
trigger times: 0
saving model weights...
Weights: OrderedDict([('fcs.0.weight', tensor([[ 4.1852e-05,  1.2184e-04,  1.4914e-04, -3.9207e-04, -2.6635e-04,
          9.7828e-05,  5.1246e-05,  5.6980e-04,  1.0746e-03, -1.2280e-03,
          6.9207e-04, -6.2747e-05, -1.1783e-04],
        [-3.7878e-05,  3.5321e-05,  2.4279e-04, -1.0356e-06,  1.8681e-04,
          1.7500e-04, -1.5144e-04,  5.2941e-06, -4.4551e-04,  1.0830e-03,
         -5.5557e-05,  4.3423e-04, -4.5461e-04],
        [-1.6536e-04,  4.9289e-06,  5.1657e-05,  2.4304e-05, -1.0494e-03,
         -2.9594e-05,  9.9973e-05, -1.8662e-05,  1.0039e-01, -2.0844e-05,
         -1.5784e-01,  2.0678e-04,  1.9479e-04],
        [ 4.6324e-04,  2.1223e-04, -2.0290e-03, -1.5394e-03, -1.2597e-03,
         -4.9714e-04,  2.5489e-04, -9.1709e-05, -4.7293e-04,  4.8647e-04,
          6.5573e-04,  6.2712e-04, -1.3154e-03],
        [ 6.5275e-05,  8.3700e-05,  3.3657e-04,  4.5290e-05,  9.4568e-05,
         -6.3445e-05,  4.1293e-04,  1.9873e-03, -3.0565e-04,  9.6503e-04,
          2.5990e-04,  6.7366e-04,  4.6017e-04],
        [ 1.4407e-01,  3.0813e-04,  3.4735e-05,  1.2223e-04,  8.6540e-06,
         -5.0821e-02,  2.6340e-02, -1.2990e-04,  5.1592e-03, -4.2852e-05,
         -6.2331e-02,  3.4103e-04, -2.5084e-04],
        [ 2.3651e-01,  6.5446e-06,  2.7540e-01, -2.2697e-04, -4.4309e-06,
          3.5065e-02, -1.7819e-05,  1.2365e-01,  3.6231e-01,  1.0194e-05,
         -4.2956e-01, -4.3562e-04,  3.2018e-04],
        [ 9.7128e-04,  2.7987e-04,  6.6353e-04,  1.0920e-03,  6.1060e-05,
          4.2788e-05,  3.7923e-04, -1.1686e-03, -6.1286e-04,  2.0778e-03,
          1.6241e-03,  1.0848e-03, -6.3325e-04],
        [-5.9374e-05,  5.4098e-03,  1.3331e-04, -4.7734e-05,  3.2743e-05,
          1.8204e-02,  4.1886e-03, -2.3790e-05, -7.9053e-01,  6.3607e-06,
          9.2260e-01,  1.7576e-04,  3.0839e-02],
        [-7.4917e-02,  2.4164e-04,  7.8474e-05, -8.1094e-05, -2.5619e-04,
         -1.8859e-04,  1.3859e-05,  3.5774e-04,  4.4067e-05, -5.1004e-04,
         -1.5253e-04, -6.0344e-04, -1.7221e-04],
        [ 9.4933e-05,  9.5689e-05, -5.6809e-04, -1.9154e-04, -1.0335e-04,
          1.0237e-04,  2.3485e-04, -1.7721e-03,  4.9592e-04,  7.8271e-04,
          7.3286e-04, -1.2162e-03,  1.7703e-03],
        [ 2.0171e-01, -2.2223e-05,  1.8120e-01,  4.9370e-05, -4.4970e-06,
          2.8793e-02, -8.7182e-06,  1.4991e-01,  2.4442e-01, -7.2704e-05,
         -2.9601e-01, -9.5022e-05, -4.3034e-05],
        [ 3.7101e-01, -1.1862e-05, -2.0413e-04, -3.3057e-05,  2.9491e-05,
          4.2543e-06,  1.1416e-01, -2.8564e-04, -1.4963e-05, -2.4991e-04,
         -1.2021e-04, -1.9971e-04,  3.6572e-04],
        [-2.1303e-03, -2.1239e-03, -8.7591e-04, -5.6754e-04,  1.0524e-03,
          2.3688e-03,  1.1370e-03, -1.1749e-04, -2.4657e-03, -1.3932e-03,
          4.8648e-04, -2.5964e-04, -5.9791e-04],
        [ 5.6905e-01,  2.4301e-02,  1.1869e-01,  4.3286e-01,  4.5575e-02,
          1.9091e-01,  8.1440e-06, -8.7798e-03,  1.0565e+00, -2.1158e-06,
         -1.7432e+00,  1.6796e+00, -6.9376e-01],
        [ 7.5569e-05, -3.1828e-05, -4.2948e-05,  1.9358e-04,  1.2809e-03,
         -3.4005e-04,  4.3239e-05,  1.0169e-03,  2.6400e-04,  2.1856e-04,
          5.4402e-05,  1.0684e-03, -8.7537e-04],
        [-1.1976e-03, -3.0102e-04,  1.9073e-03, -3.5948e-04, -6.2448e-04,
          1.0485e-03,  6.1039e-04,  2.1401e-03, -1.1691e-03,  6.7016e-04,
          1.8819e-03, -3.6349e-04,  6.7197e-04],
        [ 6.6350e-04,  4.0884e-04,  1.1189e-03, -4.2754e-04, -8.1170e-04,
         -1.9032e-04, -8.1779e-04,  1.0662e-04, -4.1878e-04,  1.4675e-03,
          1.8410e-03,  2.6995e-04,  4.8474e-04],
        [ 1.5140e-04, -6.3524e-05, -4.2481e-04,  2.1929e-04,  1.9937e-03,
         -5.9305e-04,  2.3707e-04,  2.1825e-03, -3.3038e-04, -3.1439e-03,
          5.6205e-04,  2.1180e-03,  2.1570e-03],
        [-2.2933e-05,  2.1357e-04, -2.6004e-04, -4.1745e-05, -2.4489e-04,
          3.7516e-04, -3.2025e-04,  8.8055e-04, -1.3780e-03,  1.6090e-03,
          3.2519e-04, -1.1832e-03, -1.2629e-04],
        [ 2.4719e-04, -2.7079e-04, -5.2041e-04, -4.8684e-04,  1.1772e-03,
          3.2691e-04,  7.6066e-04, -1.0277e-03, -4.6661e-04, -1.5550e-03,
         -6.1655e-04, -1.1277e-03,  6.5639e-04],
        [-4.8782e-05,  3.2906e-03, -4.5805e-05, -7.2826e-05,  3.0880e-04,
         -1.2721e-05,  1.4237e-04,  3.9152e-04, -3.0919e-04, -5.9953e-05,
         -3.4147e-04, -9.4782e-05, -1.0226e-03],
        [ 8.6631e-06,  1.2241e-04, -1.6172e-04,  1.9108e-04,  4.1625e-05,
         -1.4865e-02,  2.2611e-05,  4.3806e-04, -2.7267e-04, -4.9600e-04,
         -5.7626e-05, -7.0044e-05, -2.5328e-04],
        [-1.8338e-01, -4.4928e-05,  1.1418e-04, -1.5421e-01, -5.8583e-05,
          4.4349e-05, -1.2610e-01, -1.2973e-04, -1.7284e-04, -1.1823e-03,
         -2.6574e-04, -2.7519e-04,  5.2480e-05],
        [-1.4348e-04, -3.9104e-05, -1.9934e-04, -1.6825e-04, -7.2423e-06,
         -1.0106e-03,  3.8715e-04,  9.8858e-05,  9.2173e-05,  5.2773e-05,
         -6.8123e-06, -6.6375e-04, -5.7285e-05],
        [ 2.1653e-01, -3.0282e-05,  2.4362e-01, -9.4671e-05, -1.9223e-05,
          4.8758e-02,  5.5984e-06,  8.5390e-02,  3.2843e-01, -7.9215e-05,
         -3.8706e-01,  1.5933e-04,  1.2973e-04],
        [ 1.9533e-04,  7.9254e-04, -3.9322e-04,  2.3581e-04, -4.5710e-04,
          6.0515e-04, -2.2729e-04,  2.9097e-04, -4.7095e-04, -7.5649e-04,
          4.1742e-04, -1.9040e-03, -1.2997e-03],
        [ 3.0155e-05,  1.7128e-05,  2.4534e-04,  9.9258e-05,  9.2208e-03,
          1.9862e-01, -1.3588e-05,  1.2191e-04, -8.7292e-03,  1.9922e-04,
          3.4725e-02,  1.9486e-04,  2.1525e-04],
        [ 5.9626e-04, -9.3839e-05, -5.8414e-04,  1.1253e-04, -5.7282e-04,
          8.2002e-04,  3.2368e-04, -4.9250e-04, -1.0510e-04,  6.0596e-04,
          1.0253e-03, -2.8104e-04, -1.9546e-03],
        [ 1.3223e-06,  2.2986e-05,  3.9447e-04,  9.5428e-06, -2.2115e-05,
         -7.6452e-05,  7.9761e-06,  1.8557e-04, -5.4278e-04, -5.2158e-05,
         -1.5131e-04, -4.4059e-04, -1.6686e-04],
        [-4.2869e-04,  1.7062e-03, -1.9414e-03, -6.5208e-04, -9.2701e-04,
         -4.9500e-04, -8.0016e-04,  6.5307e-04,  9.8515e-04,  9.1186e-04,
         -8.8776e-04,  1.3353e-03, -2.1978e-03],
        [ 3.0942e-04,  1.3242e-04, -7.7976e-04, -5.7754e-04,  1.0685e-04,
          6.9317e-05,  6.0234e-04, -4.8489e-04, -1.6573e-04, -1.1516e-03,
          9.4852e-04,  6.7572e-04,  9.5490e-04],
        [ 1.1701e-04,  3.7553e-05,  1.2847e-04, -1.0638e-04,  1.6969e-04,
         -1.5098e-04, -1.0651e-04, -2.0764e-03, -9.5658e-04, -6.0618e-04,
         -8.4690e-05,  7.9142e-04,  6.1177e-04],
        [-1.8707e-02, -2.4634e-05,  1.4690e-04, -1.5795e-04, -4.8100e-04,
         -1.4234e-04,  8.3726e-06,  2.5144e-05, -7.4166e-05,  2.7669e-05,
          2.2963e-04,  5.0413e-07,  2.8333e-04],
        [-8.8727e-05, -6.4563e-05, -5.0551e-04,  6.8681e-04,  5.3180e-04,
          1.4803e-04,  1.2970e-04, -1.7507e-03,  4.7336e-04,  1.1201e-03,
          2.0640e-04, -8.5025e-04,  2.1262e-03],
        [-4.9774e-01,  1.4768e-01, -3.2955e-01,  2.3182e-05, -4.8468e-05,
         -4.9060e-06, -2.8064e-01,  4.5210e-05,  2.6464e-05, -3.5379e-04,
          5.4441e-05, -8.8595e-05,  1.3609e-04],
        [ 5.2692e-04, -1.3310e-04, -6.9064e-04, -2.8719e-04, -3.6412e-04,
         -6.5734e-05,  1.0402e-03,  7.2418e-05, -3.1338e-04,  6.1574e-04,
         -7.2976e-04,  1.7180e-03, -8.5550e-04],
        [ 1.0309e-05, -1.3881e-01,  1.0833e-01, -2.0081e-05,  5.0767e-02,
          1.4352e-01,  6.3578e-02,  2.4649e-05, -7.3974e-01,  4.4458e-05,
          8.2901e-01, -5.4730e-05,  1.6533e-01],
        [ 3.9943e-04,  2.0235e-06, -5.4040e-05,  1.3802e-06,  1.0985e-02,
         -2.7585e-05,  2.2719e-05, -4.8483e-05,  2.2057e-01,  2.1772e-05,
         -2.5567e-01,  1.1388e-04,  5.4647e-05],
        [ 1.6152e-01,  1.4772e-05,  1.2862e-01, -9.6754e-06,  2.7460e-05,
          3.6891e-02,  1.0524e-04,  6.9718e-02,  2.5872e-01, -3.2391e-05,
         -3.1921e-01, -3.2735e-04, -3.2392e-05],
        [ 2.2324e-03, -4.1566e-04,  2.3520e-03,  6.9283e-04, -2.5589e-04,
         -1.1581e-03, -6.7315e-04, -1.1741e-03,  4.5735e-04,  1.3024e-03,
         -2.4598e-03, -1.6375e-03, -9.1039e-04],
        [-4.6883e-05, -9.5021e-05, -4.6403e-04, -4.6949e-04, -8.8102e-04,
          6.6530e-05,  5.8413e-04,  6.5477e-04, -6.1533e-04, -8.8095e-04,
          9.8454e-04,  4.6914e-04,  1.2843e-03],
        [ 1.4298e-01, -5.9453e-06, -1.3248e-04, -1.6737e-05,  3.1610e-05,
          1.4150e-04, -7.7471e-05,  1.6144e-04,  3.2778e-02,  2.0461e-04,
         -7.5617e-02, -1.9641e-04, -8.1404e-04],
        [-5.3305e-02,  7.5310e-06, -3.5687e-04, -1.2922e-05, -1.8829e-04,
          2.8866e-04, -6.1417e-05,  9.7935e-04,  1.6470e-04,  8.3564e-04,
         -2.0505e-04,  2.5640e-04, -6.5522e-04],
        [ 1.2369e-03,  2.3889e-04,  6.5333e-04, -8.2270e-04,  9.6388e-04,
         -1.6227e-03, -9.5954e-04,  6.7114e-04, -1.3292e-03,  2.6249e-04,
          1.3370e-03, -1.1883e-03, -8.9084e-04],
        [ 4.2561e-01,  6.0289e-07, -5.6249e-05, -1.6797e-04,  1.3881e-05,
         -1.4763e-05,  1.9588e-01, -1.3996e-04,  5.2379e-02,  4.9761e-06,
         -1.0739e-01,  2.1446e-04,  2.9508e-04],
        [-5.8647e-01, -1.4184e-06, -1.7482e-01,  5.2599e-07,  4.1854e-05,
         -1.2865e-02, -1.4625e-01, -8.7359e-02, -4.3235e-01,  4.8828e-05,
          4.9172e-01, -5.7880e-04,  6.5662e-05],
        [ 7.9141e-04,  1.9575e-04, -4.5793e-04,  4.8263e-04,  4.3262e-04,
         -1.2728e-04,  1.5956e-03, -1.0733e-03,  1.0342e-03, -4.7878e-04,
          7.0530e-04, -5.9964e-04, -1.2740e-03],
        [-9.7312e-02, -2.3432e-04,  8.4417e-05, -4.8828e-02,  1.9659e-05,
          1.3863e-05, -3.0200e-02, -3.3257e-04, -6.3665e-04, -3.6150e-04,
          4.1556e-05, -8.8657e-04, -1.2932e-03],
        [-1.9395e-04, -2.2765e-04, -2.0482e-04,  3.1055e-04, -3.0656e-04,
         -2.4304e-04,  5.5646e-05,  5.1637e-04, -3.5938e-04, -5.3219e-04,
          5.3072e-04,  6.4202e-04,  6.5496e-04],
        [-6.3541e-01, -3.5156e-06, -1.0345e-01, -1.6116e-02, -4.5021e-06,
         -3.7111e-02, -9.6445e-02, -7.4221e-02, -5.4337e-01,  3.1612e-05,
          6.2163e-01,  4.4714e-04,  3.3444e-04],
        [-6.3435e-04,  7.1939e-05,  2.3071e-04,  1.0292e-04, -2.2680e-04,
          7.8557e-04,  5.7757e-04, -2.0221e-03,  9.6574e-04,  1.6715e-03,
         -1.6365e-05, -1.1797e-03, -1.2271e-03],
        [-1.9367e-04, -2.4639e-04, -1.1199e-03,  4.7701e-04, -6.4759e-04,
         -1.1940e-03, -2.5851e-04,  1.8120e-03, -6.6887e-04,  1.0926e-03,
         -6.8589e-04, -1.2480e-04, -1.3105e-03],
        [ 2.6840e-04,  6.0957e-02,  1.8196e-01,  9.8980e-05,  1.0027e-01,
          6.5036e-02,  1.6525e-06,  4.7193e-04,  2.1349e-01, -1.0059e-04,
         -2.6979e-01,  1.7412e-04,  1.4176e-04],
        [-1.0462e-04, -4.4464e-05,  2.8216e-04, -6.3273e-05, -1.9727e-04,
          1.6105e-02,  3.1110e-06, -5.3777e-04,  4.0314e-04, -8.6777e-05,
         -8.4662e-04, -4.2174e-04, -1.9337e-04],
        [ 7.5284e-04, -2.3492e-04,  1.8307e-03,  4.4025e-04, -1.7207e-04,
         -1.9245e-04, -9.2196e-04, -9.7736e-04,  1.4779e-03, -1.1851e-03,
         -1.7992e-04,  1.7463e-03,  1.2387e-03],
        [-7.6250e-05, -5.0336e-05,  5.6801e-04, -5.2119e-05,  9.6128e-04,
          8.1522e-05,  2.7079e-04,  1.3462e-03, -7.5311e-05,  1.0853e-03,
         -4.6728e-04,  2.0313e-03,  8.5308e-04],
        [-3.7954e-05,  1.2333e-04, -1.6098e-04, -2.5035e-04, -1.0337e-04,
          2.5482e-04,  1.3581e-05, -1.8685e-03,  9.7625e-05, -9.8326e-04,
         -9.3148e-05, -3.5467e-04,  8.8905e-04],
        [-8.8726e-05, -3.5922e-05, -4.3991e-04,  1.9996e-04,  9.9176e-04,
          1.7799e-04, -1.8867e-04,  1.2930e-03,  1.0526e-03, -1.1991e-03,
         -4.6747e-04,  1.6507e-04,  1.7745e-03],
        [-6.6963e-04, -9.5518e-05, -4.7053e-04, -6.6253e-04,  3.6724e-04,
         -5.8105e-04, -2.1089e-03, -1.9949e-03,  6.0936e-04, -1.2654e-03,
          2.5322e-04, -1.8930e-03,  1.0626e-03],
        [-3.3520e-04, -1.3613e-04,  3.5806e-04,  6.0316e-04,  4.2919e-04,
          1.0278e-04, -4.5695e-04, -1.8361e-03,  4.1377e-05, -4.4836e-04,
          1.4141e-03,  7.7274e-04,  1.1846e-03],
        [-1.3894e-01, -4.1620e-05, -1.3974e-04, -4.8634e-02, -1.2720e-03,
         -7.1689e-05, -9.3104e-02,  2.0166e-04, -1.4320e-04,  1.2872e-03,
         -2.9657e-04, -1.4931e-03, -3.7337e-04],
        [-8.7882e-05,  2.2221e-03, -5.0349e-04, -1.1398e-04,  5.9687e-05,
         -5.5752e-04, -1.3159e-04, -8.3968e-05, -5.9288e-05, -6.7286e-04,
          6.1030e-04, -1.3822e-03,  1.3266e-03],
        [-2.0885e-02,  1.6604e-05, -1.7039e-05, -6.1284e-05,  9.5983e-05,
         -3.9223e-04, -3.4072e-05, -6.8186e-05,  9.6604e-05,  2.2218e-04,
         -2.6880e-05, -9.2044e-05,  2.4249e-06]], device='cuda:0')), ('fcs.0.bias', tensor([-2.8633e-05,  3.8818e-05,  3.2670e-04,  2.5853e-04,  1.2285e-04,
         8.2380e-05,  2.2215e-04, -4.9724e-05,  1.2770e-04, -5.0825e-02,
         1.1791e-04, -1.1561e-03, -1.5120e-04,  2.8964e-03,  1.7799e-01,
         1.3504e-04, -1.8842e-03,  4.0736e-04, -1.9281e-06, -9.1717e-05,
         3.3406e-04, -1.4468e-04, -1.2837e-02, -1.9669e-01, -2.7488e-04,
        -3.5250e-05, -6.8878e-05,  2.4887e-05,  2.8496e-04, -2.5970e-04,
         9.0667e-04,  5.6101e-04,  4.2454e-05, -6.1878e-03,  1.0973e-04,
        -4.5400e-02, -3.9430e-04,  1.0971e-04, -5.9574e-04, -9.5490e-04,
         7.8176e-04,  1.7589e-04, -1.9231e-04, -2.3019e-02, -1.0669e-03,
        -4.6000e-05, -1.1269e-01, -8.9117e-04, -1.4102e-01, -6.6663e-05,
         7.1788e-05,  2.7764e-04, -1.0220e-03,  9.2546e-05,  1.1591e-04,
         4.1143e-05,  2.7524e-04, -6.8442e-05, -1.6745e-05,  7.4724e-04,
        -9.7135e-04, -1.4535e-01,  2.7339e-05, -1.7525e-02], device='cuda:0')), ('fcs.1.weight', tensor([[ 2.4800e-05,  6.7387e-03, -1.3974e-01,  8.0413e-05, -1.5885e-04,
          9.5402e-02,  3.1646e-06,  7.8774e-05, -2.5260e-01, -1.2243e-04,
          3.5800e-05,  5.3746e-06,  4.8957e-06,  4.1396e-04,  1.4019e+00,
         -1.4485e-04,  1.6441e-04,  2.7818e-04, -3.2279e-05, -3.6412e-05,
         -1.0131e-03,  7.5342e-02, -1.4695e-02, -8.1024e-05, -4.0541e-02,
         -3.9248e-04, -9.1937e-04, -8.0739e-02,  1.7294e-04,  1.3450e-05,
         -4.8504e-04, -1.1658e-04, -2.6383e-05, -2.6373e-05,  4.3879e-05,
         -8.4461e-06,  7.5356e-05, -4.1558e-01, -3.5477e-02, -3.4597e-02,
          4.5965e-04, -2.2615e-04, -6.1005e-02, -2.8020e-06, -2.5431e-04,
          5.1277e-02, -1.3745e-01,  5.1442e-05, -1.4582e-04, -4.2736e-05,
         -2.2094e-01,  1.8538e-04, -2.8032e-04,  1.0735e-05, -4.2219e-05,
          3.2889e-05, -8.0979e-05,  3.1993e-05, -1.8711e-04,  2.8900e-05,
          5.1879e-05,  3.0751e-06,  7.9685e-04,  9.4975e-07]], device='cuda:0'))])
end of epoch 8: val_loss 1.1467646070855152e-05, val_acc 1.0
trigger times: 1
end of epoch 9: val_loss 0.002117837194579124, val_acc 1.0
trigger times: 2
end of epoch 10: val_loss 0.010983085540864508, val_acc 0.995
trigger times: 3
end of epoch 11: val_loss 0.0010431422090877262, val_acc 1.0
trigger times: 4
end of epoch 12: val_loss 0.2869212472438801, val_acc 0.99
trigger times: 5
end of epoch 13: val_loss 0.0037920253205811607, val_acc 0.995
trigger times: 6
end of epoch 14: val_loss 0.18751776751964339, val_acc 0.965
trigger times: 7
end of epoch 15: val_loss 0.01936244958996042, val_acc 0.995
trigger times: 8
end of epoch 16: val_loss 0.0005307015870286591, val_acc 1.0
trigger times: 9
end of epoch 17: val_loss 0.00043881152336055606, val_acc 1.0
trigger times: 10
Early stopping.
0 -0.4107570232354192 -191.10004520678868
1 0.5921521106001819 -189.05007017278314
2 4.55649811180956 -187.50220085194994
3 4.1579559946229665 -180.24009179391223
4 12.107415983262399 -171.9613792356186
5 14.239918074127672 -169.3817016847894
6 5.313194325353834 -167.87631268052303
7 0.6660887633041739 -164.27567046290412
8 10.600227210354205 -163.76742236654098
9 16.68676809546014 -156.0786895876365
10 8.60498167971673 -155.22804551507866
11 1.7221141189872924 -145.29002069283715
12 4.654899526850386 -142.86657280197298
13 32.25744117796421 -142.75441848091938
14 21.31385401409716 -136.98962801176134
15 10.673555509887592 -132.4813576990395
16 34.531808173283935 -130.98347157271724
17 10.553692509659868 -118.2436222554584
18 35.94376639649272 -117.38411415155902
19 12.57531525174636 -116.97382686219106
20 27.746512304001953 -115.06704102317899
21 64.76181485131383 -112.47832645551227
22 25.141874996188562 -103.24187681049156
23 51.47929522278355 -99.7422752992134
24 76.9740768847987 -98.18526661663928
25 55.882432468364286 -88.94674758091466
26 69.8217568937689 -85.88346861832474
27 83.63746675848961 -79.38307722218848
28 71.94783444702625 -79.25112655387144
29 50.92260680143954 -73.50697855948762
30 49.75364166498184 -72.69803191552006
31 72.40971378050745 -71.37326168319514
32 63.87366968020797 -68.27187815304366
33 70.46023521572351 -65.42298162776466
34 74.1103694587946 -65.35816021006309
35 80.9954451128433 -49.3186741604369
36 35.24567411656608 -17.325441617065966
37 71.03800627670716 -4.374511275254108
38 81.98556073382497 -0.4258658969524013
39 56.54265653020411 9.108146753357724
40 73.11411449261504 17.732630180500013
41 87.99164923516219 40.64550156746333
42 85.49856565194204 41.11774838972275
43 76.22074357420206 48.64917674484657
44 86.34486383013427 52.50260039838799
45 84.87341584265232 52.54502852695255
46 89.54332397831604 59.52827491841281
47 87.62373678386211 63.45606316769021
48 85.68504232913256 66.31570758515764
49 60.67124725220492 67.13050507695384
50 99.94069421291351 72.16624272108386
51 58.903109851671616 79.16074531670823
52 76.87733072414994 84.19837606184075
53 70.28749028744642 89.30707154325768
54 72.09794633835554 90.2698850730257
55 72.04485498834401 90.28646231697512
56 90.846345568978 90.32667007477052
57 97.48688361048698 91.18021498086692
58 93.19544392824173 92.38187517969644
59 74.42971600219607 92.67153902025292
60 70.06823796220124 93.69474938898811
61 93.13617432687897 93.86112859581364
62 71.26663450803608 95.24073532592021
63 75.62151512131095 95.3630101766082
64 76.01372251144494 96.09581961281374
65 76.41367022320628 97.90553231413178
66 76.99146793410182 98.07644230926206
67 77.1952429190278 98.35872828331676
68 76.35584479942918 98.57334710000995
69 78.40802997490391 98.77895390936838
70 73.52399080485338 99.10163703819775
71 80.24894651025534 99.47183807834362
72 77.55223809182644 101.36707045382526
73 82.54604499042034 102.70820969163083
74 82.39847814291716 103.61971441966246
75 81.96274061501026 104.00039883786899
76 87.89400782901794 104.94014608739957
77 86.71878073737025 105.28448326377394
78 89.79403137415648 105.60678192821229
79 86.36646307259798 106.95774051225432
80 78.92094178957632 107.03525723063939
81 88.08046026527882 107.05410485829283
82 84.84904548333725 107.36477417456501
83 81.75862187892199 107.72369032284489
84 82.35041362885386 107.78006757763964
85 84.86890909459908 107.99397435655325
86 84.12010798754636 108.08910889221833
87 82.62559062833316 108.09776529440465
88 90.38394120335579 108.24033506535473
89 86.25603490881622 109.15712102315346
90 91.55724588781595 109.71287331230647
91 81.91955447540386 110.25063890779474
92 92.62733108997054 110.45880856467717
93 87.03083054721355 110.48639228144049
94 90.42187369934982 111.92877271779909
95 84.75599730014801 112.29467419620224
96 84.1132432235172 112.73910566375015
97 90.9809955433011 112.98274531176438
98 91.35371798835695 113.84616479719523
99 92.82439644634724 114.84612239587612
100 90.38141778111458 115.08707834021696
101 94.18199423700571 115.41025719446112
102 101.56802013516426 115.5646624637931
103 96.87972262501717 115.87882502857741
104 90.60477984830504 116.51927592390606
105 99.10977564007044 116.69939038222442
106 93.65516968816519 117.18809854794453
107 99.42090251133777 117.29357601720739
108 96.31229895353317 117.43241923864416
109 97.53793088719249 119.84073495876005
110 96.7325109988451 122.74776106687673
111 103.16652912646532 124.10172315382671
112 103.25988175719976 124.42382576156477
113 106.58218103647232 124.48179570258212
114 101.47208771109581 125.2590893824027
115 103.27527135703713 125.30457667780085
116 101.52532810717821 125.43458549438884
117 106.77138460427523 129.13346806288703
118 103.27610842511058 129.67718524437547
119 109.50722962617874 131.40806576766226
train accuracy: 0.9994444444444445
validation accuracy: 1.0
