demo lengths 200
demos: (120, 200, 3)
demo_rewards: (120,)
[-191.10004521 -189.05007017 -187.50220085 -180.24009179 -171.96137924
 -169.38170168 -167.87631268 -164.27567046 -163.76742237 -156.07868959
 -155.22804552 -145.29002069 -142.8665728  -142.75441848 -136.98962801
 -132.4813577  -130.98347157 -118.24362226 -117.38411415 -116.97382686
 -115.06704102 -112.47832646 -103.24187681  -99.7422753   -98.18526662
  -88.94674758  -85.88346862  -79.38307722  -79.25112655  -73.50697856
  -72.69803192  -71.37326168  -68.27187815  -65.42298163  -65.35816021
  -49.31867416  -17.32544162   -4.37451128   -0.4258659     9.10814675
   17.73263018   40.64550157   41.11774839   48.64917674   52.5026004
   52.54502853   59.52827492   63.45606317   66.31570759   67.13050508
   72.16624272   79.16074532   84.19837606   89.30707154   90.26988507
   90.28646232   90.32667007   91.18021498   92.38187518   92.67153902
   93.69474939   93.8611286    95.24073533   95.36301018   96.09581961
   97.90553231   98.07644231   98.35872828   98.5733471    98.77895391
   99.10163704   99.47183808  101.36707045  102.70820969  103.61971442
  104.00039884  104.94014609  105.28448326  105.60678193  106.95774051
  107.03525723  107.05410486  107.36477417  107.72369032  107.78006758
  107.99397436  108.08910889  108.09776529  108.24033507  109.15712102
  109.71287331  110.25063891  110.45880856  110.48639228  111.92877272
  112.2946742   112.73910566  112.98274531  113.8461648   114.8461224
  115.08707834  115.41025719  115.56466246  115.87882503  116.51927592
  116.69939038  117.18809855  117.29357602  117.43241924  119.84073496
  122.74776107  124.10172315  124.42382576  124.4817957   125.25908938
  125.30457668  125.43458549  129.13346806  129.67718524  131.40806577]
maximum traj length 200
num training_obs 1800
num training_labels 1800
num val_obs 200
num val_labels 200
ModuleList(
  (0): Linear(in_features=3, out_features=128, bias=True)
  (1): Linear(in_features=128, out_features=1, bias=False)
)
device: cuda:0
end of epoch 0: val_loss 0.010910554760550042, val_acc 1.0
trigger times: 0
saving model weights...
Weights: OrderedDict([('fcs.0.weight', tensor([[ 1.7171e-04, -5.8005e-04,  8.0377e-04],
        [-1.4007e-03,  2.4045e-05,  1.0334e-03],
        [ 6.0498e-04,  1.9376e-03,  2.0466e-04],
        [-9.0582e-04, -5.3086e-04, -1.4871e-03],
        [ 1.3152e-04,  5.9918e-04, -1.3694e-03],
        [ 1.5554e-03,  4.8634e-04, -8.5109e-04],
        [-1.4882e-04, -1.1744e-03, -5.4904e-04],
        [ 1.0413e-03,  1.5854e-03, -8.0101e-04],
        [-1.4352e-03, -1.8123e-03, -1.2444e-04],
        [-1.3954e-04, -1.1067e-03,  1.3819e-04],
        [ 3.2860e-04,  1.6961e-03, -1.7679e-03],
        [-3.8958e-04,  6.4703e-04,  1.3399e-03],
        [-2.6251e-04,  1.3119e-03, -2.0730e-03],
        [-1.0140e-03,  2.0324e-03, -6.1762e-04],
        [-4.5517e-04,  1.7529e-03,  4.0985e-04],
        [-7.8745e-04, -2.4056e-03, -5.3658e-04],
        [-6.6931e-06,  1.6742e-03,  5.4133e-05],
        [-6.3416e-04,  1.1721e-03,  5.9747e-04],
        [-2.6488e-04,  2.1338e-03, -1.4777e-03],
        [-4.5648e-04, -1.3901e-03,  5.1413e-05],
        [-5.2737e-04,  1.7132e-04,  9.1354e-04],
        [-5.9239e-04, -1.3637e-03,  2.0658e-04],
        [-4.7585e-04, -1.0290e-03, -2.2308e-03],
        [ 8.1044e-05, -6.8817e-04, -7.9585e-04],
        [ 3.5446e-04,  1.0786e-03,  1.2167e-03],
        [-8.2754e-04,  9.3234e-04, -1.2687e-05],
        [-1.0731e-03,  1.2872e-03, -7.1524e-04],
        [-1.4332e-03,  7.5884e-04,  1.2767e-03],
        [ 5.7772e-04,  1.2621e-03,  3.4727e-04],
        [-1.3241e-04,  1.2194e-03,  3.2181e-03],
        [-1.0934e-03, -5.3722e-04,  1.3558e-03],
        [-1.1275e-03, -2.0405e-04,  8.1534e-04],
        [-6.5038e-04,  5.4488e-04, -6.8664e-04],
        [-2.2035e-01,  5.7994e-01, -1.0228e-01],
        [ 1.2942e-03,  5.2259e-04,  4.4537e-04],
        [-1.5205e-03,  8.8385e-04, -1.4199e-03],
        [-5.4730e-04, -9.2732e-04, -6.7705e-04],
        [-1.7609e-03, -2.8369e-03, -7.9478e-04],
        [ 3.1552e-04, -1.3733e-03, -3.2180e-04],
        [-1.9045e-03,  2.2134e-03, -2.2206e-04],
        [ 1.1464e-03, -1.0234e-03, -9.7332e-04],
        [ 1.2081e-03,  2.4403e-03,  4.9688e-04],
        [ 8.0807e-04,  1.3980e-03, -2.8063e-04],
        [ 1.3918e-03, -1.1790e-03,  6.7241e-04],
        [-2.6523e-03, -8.0015e-04, -1.0423e-03],
        [-5.5218e-04, -4.9636e-04,  3.3513e-04],
        [ 1.5090e-03,  8.1186e-04, -1.7470e-03],
        [ 6.4532e-04, -1.5059e-04, -1.9336e-03],
        [-1.1445e-05,  6.4603e-04, -2.9926e-03],
        [-1.2290e-03,  2.8578e-04, -8.6689e-04],
        [-1.3137e-03,  1.0225e-03,  5.0315e-04],
        [-5.1259e-04, -4.9141e-04, -9.5040e-04],
        [ 6.1481e-04,  6.3086e-04,  1.3698e-03],
        [ 5.4732e-04, -8.0106e-04, -9.3729e-04],
        [-2.9335e-03,  5.2501e-04,  2.1862e-03],
        [ 1.4095e-03, -2.6987e-03, -2.7957e-03],
        [ 2.6079e-03, -1.0772e-03,  1.4757e-03],
        [ 2.9067e-04,  2.4240e-03, -6.7367e-04],
        [-1.8491e-05, -7.6811e-04,  2.9805e-04],
        [-3.5861e-04, -6.3630e-04, -1.9322e-03],
        [-1.2434e-03,  3.7779e-04, -1.3392e-03],
        [ 4.1425e-04, -1.5515e-03,  1.2418e-03],
        [-2.3259e-03, -2.1631e-03,  3.4199e-05],
        [ 1.0898e-03, -9.9040e-04,  1.0184e-03],
        [ 1.7571e-03,  1.5157e-03, -2.4225e-03],
        [-3.0981e-03, -4.9929e-05,  6.3180e-04],
        [-7.1245e-04, -8.0077e-04,  1.8514e-03],
        [ 1.6370e-04, -7.0984e-04, -3.1114e-03],
        [ 1.2558e-03,  9.1212e-04, -6.3456e-04],
        [-8.1176e-04, -2.0533e-03,  2.6706e-04],
        [-1.1511e-03,  1.3559e-03,  1.3052e-03],
        [-1.6515e-03, -6.8175e-04,  1.5004e-03],
        [ 1.3680e-03, -1.2387e-03, -5.3880e-04],
        [-3.8219e-04,  1.2338e-03, -6.7727e-04],
        [-3.9433e-04,  1.8418e-03, -9.9338e-04],
        [-1.2667e-03,  3.4762e-05, -1.2842e-03],
        [-2.0685e-03,  6.9921e-05, -1.4919e-03],
        [ 1.2477e-03, -1.8649e-03, -1.2069e-03],
        [-6.6796e-04, -1.7736e-04, -1.3254e-03],
        [ 3.7682e-04, -1.2317e-03,  9.4222e-04],
        [-4.1027e-04,  2.6107e-03,  1.1061e-03],
        [ 1.5458e-04, -1.2064e-03,  6.1427e-04],
        [-1.5026e-05, -7.3620e-04, -1.2853e-03],
        [ 6.4896e-04,  1.2003e-03,  2.8626e-05],
        [ 7.8232e-04, -9.6079e-04,  1.2484e-03],
        [ 3.1183e-04,  2.3439e-03,  5.2082e-04],
        [-3.6770e-04,  5.7360e-04,  8.3637e-04],
        [ 6.8652e-04,  6.5623e-04,  7.6831e-04],
        [ 5.7384e-04,  1.0107e-03, -5.7953e-04],
        [ 5.8675e-04,  5.8354e-04, -8.0571e-04],
        [ 1.1941e-03,  5.5324e-04,  6.0298e-04],
        [-3.7694e-04, -6.6643e-04,  3.5389e-05],
        [ 1.5143e-04, -8.4852e-04,  2.9829e-04],
        [-1.6714e-03,  1.1389e-03, -2.2742e-03],
        [-1.8174e-03, -9.4417e-05,  9.3344e-04],
        [ 9.6874e-04,  1.8860e-03,  1.1975e-03],
        [ 1.4278e-03, -9.4786e-04,  7.2967e-04],
        [-2.3394e-03,  5.8240e-04, -1.3777e-03],
        [-1.2138e-03, -1.2185e-03, -6.8004e-04],
        [-1.7300e-03,  6.1415e-04,  6.5337e-04],
        [-5.4827e-04, -1.9450e-03, -1.2877e-03],
        [ 1.2749e-03,  6.9973e-04, -8.2768e-04],
        [-1.9585e-04,  5.0289e-04, -1.3228e-03],
        [ 1.4160e-03,  9.4745e-04, -1.1277e-03],
        [ 6.0597e-04, -4.3190e-04,  2.2161e-03],
        [ 1.8465e-03,  1.1489e-03, -5.7835e-04],
        [-1.1822e-03,  1.8909e-03, -1.6595e-03],
        [-3.2529e-04,  2.9504e-04,  5.9795e-04],
        [ 1.0485e-03, -1.2224e-04, -7.5412e-04],
        [ 1.7111e-03,  1.4490e-03, -4.0221e-05],
        [ 1.2454e-03, -5.5195e-05, -1.2315e-03],
        [-5.8663e-04,  6.9241e-04, -9.8097e-04],
        [ 1.1107e-03, -4.9392e-04, -1.1625e-04],
        [-1.0689e-03, -3.9665e-04,  1.3432e-03],
        [-4.2616e-04,  4.8553e-04,  8.3796e-04],
        [-1.2805e-03,  4.0199e-04,  4.8982e-04],
        [-4.2440e-04,  1.7116e-03, -1.7056e-03],
        [ 5.9910e-04,  8.1884e-04,  1.9761e-03],
        [ 8.6395e-04,  1.1055e-03, -1.3858e-04],
        [-9.1024e-04,  2.4669e-04, -1.6824e-03],
        [ 1.2166e-03, -6.3514e-04,  1.8366e-04],
        [ 5.2908e-04,  1.7679e-03,  6.7019e-04],
        [-5.8170e-04, -3.2186e-03, -1.3214e-03],
        [-1.4009e-03, -7.6946e-04, -2.3783e-03],
        [ 9.8544e-04, -6.4649e-04, -1.1181e-03],
        [-1.4312e-03, -1.2345e-04,  8.1537e-04],
        [-3.5194e-04, -1.3872e-03,  2.0888e-03],
        [ 1.5564e-03,  2.1438e-03, -4.2978e-05]], device='cuda:0')), ('fcs.0.bias', tensor([ 5.6937e-04,  3.1383e-03, -1.8552e-03, -1.2960e-03,  1.9944e-03,
         1.9521e-03, -6.2921e-04,  3.1494e-03, -1.1263e-03,  7.1723e-04,
         1.4539e-03, -1.3177e-03,  9.3623e-04,  4.2871e-04, -1.7217e-03,
        -7.1535e-04, -1.0627e-03,  6.8721e-04,  1.8451e-04, -1.0781e-03,
         6.1842e-04,  2.8192e-03,  5.4213e-04, -3.2194e-03, -9.5776e-04,
         6.0240e-04, -1.2699e-03, -8.8649e-04,  1.3417e-03, -8.9665e-04,
        -3.0336e-04, -1.9192e-03, -1.0434e-03,  1.7312e-01,  6.4474e-04,
        -1.0907e-03, -6.3976e-04, -7.1658e-04,  7.3628e-05,  1.7166e-03,
        -4.0214e-04, -3.4765e-04, -4.9049e-04,  9.1933e-04,  8.7766e-05,
         1.9077e-03, -2.3365e-03, -7.7838e-04,  8.0064e-04,  5.7410e-04,
        -1.3722e-03,  1.5899e-03,  1.6445e-03, -1.3670e-04, -1.9767e-03,
        -9.8797e-04,  3.5249e-03,  5.1945e-04,  3.1077e-04, -1.2851e-03,
         8.3477e-04, -8.3167e-04, -2.1061e-03, -1.8007e-03,  6.1475e-04,
         5.1631e-04,  5.9211e-04, -1.2737e-03, -1.2949e-03,  3.6019e-04,
        -8.4411e-04, -8.1125e-05, -1.2941e-03, -5.5852e-04, -1.6137e-03,
        -5.7869e-04, -1.5903e-03, -8.2242e-04, -6.5944e-04,  1.0632e-03,
        -2.5014e-03, -5.7736e-04,  6.9094e-04,  1.7353e-03,  1.9173e-03,
        -2.3737e-03,  2.5033e-03, -3.1396e-03, -4.5251e-04,  7.4307e-04,
         6.1259e-04, -5.7377e-04,  1.4787e-03, -7.0170e-04, -1.6202e-03,
         1.0322e-03,  2.5868e-04, -7.3654e-04, -7.6126e-04,  1.0486e-04,
         1.5131e-03,  2.1234e-03,  1.9269e-03,  3.4811e-04,  9.2655e-04,
        -1.8231e-04, -3.3855e-04,  3.3998e-04, -6.0693e-04,  2.7070e-03,
         1.8851e-03,  1.2694e-04, -2.1086e-03,  5.0679e-04, -5.8734e-04,
         9.5985e-04,  2.3405e-03,  9.6045e-04,  8.9520e-04,  7.5998e-04,
        -3.4463e-04,  1.0923e-03,  8.1229e-04, -4.4929e-04,  2.3204e-03,
        -4.3166e-06,  1.7811e-04, -1.4423e-03], device='cuda:0')), ('fcs.1.weight', tensor([[-4.5178e-04,  2.1520e-04, -2.8075e-04,  3.2842e-04, -1.1120e-03,
         -8.2124e-04,  9.8556e-04,  1.3565e-04, -1.9419e-04,  1.6485e-03,
          1.9302e-03,  8.6163e-05, -2.3664e-04,  8.5102e-05,  1.1350e-03,
         -2.8844e-05, -1.9455e-05,  1.7513e-05, -1.0845e-03, -8.9085e-05,
         -1.5257e-05, -2.5308e-04,  1.3707e-04, -5.8838e-05, -4.1986e-04,
          2.2583e-04, -6.2074e-04,  1.1186e-04,  9.0386e-05,  7.7488e-04,
          2.2151e-03,  8.6643e-04,  2.0529e-04,  7.1187e-01,  1.3044e-04,
         -9.2908e-05,  1.4196e-05, -8.9384e-04, -1.0031e-04,  2.0112e-05,
         -7.2173e-04, -2.8068e-04, -1.0432e-03,  4.7431e-04, -1.5333e-03,
          9.2000e-04, -1.0203e-03, -1.5080e-04, -6.5842e-05,  6.1751e-04,
          3.6963e-04, -4.5682e-05,  1.6437e-04, -2.4899e-03,  2.2686e-04,
          1.5807e-04, -6.4005e-04,  2.6530e-04,  6.0140e-04,  3.0267e-04,
          2.0726e-03,  2.9575e-04,  8.7190e-05, -1.6921e-04, -1.9408e-03,
          4.9989e-04, -2.2106e-04, -2.8474e-05, -2.4111e-05, -2.4535e-04,
          5.3853e-04, -3.4760e-04,  8.5642e-04, -2.3753e-04, -3.0131e-04,
         -3.5281e-05,  6.2844e-04, -3.3350e-04,  9.2860e-05, -7.2919e-04,
          4.0287e-05, -2.9509e-04, -2.3425e-05, -1.3687e-03, -1.2941e-03,
          2.9725e-04, -6.0672e-05, -1.1287e-04,  2.5725e-04, -3.5713e-04,
         -7.1870e-04, -5.5696e-04, -9.4094e-04, -2.3154e-05,  1.1456e-03,
         -7.6424e-05,  2.0249e-03,  1.2382e-03,  7.4243e-04, -2.0455e-04,
          4.2843e-04,  5.6868e-04,  3.7967e-04, -6.5777e-04,  2.7746e-05,
         -2.9044e-05, -4.1445e-04,  8.8633e-05,  1.1523e-04, -7.8594e-04,
          1.3499e-04,  4.2880e-04,  6.9773e-04,  3.8983e-04,  1.8788e-04,
         -2.1323e-04, -1.4743e-03,  7.0268e-05,  2.6036e-04, -2.5340e-04,
          5.9144e-05,  1.1674e-04,  1.0993e-04, -2.2465e-04,  6.6950e-04,
         -1.0300e-04,  6.6023e-05, -2.6010e-04]], device='cuda:0'))])
end of epoch 1: val_loss 0.012605078778571723, val_acc 1.0
trigger times: 1
end of epoch 2: val_loss 0.011454963371206084, val_acc 1.0
trigger times: 2
end of epoch 3: val_loss 0.007528979263175763, val_acc 1.0
trigger times: 0
saving model weights...
Weights: OrderedDict([('fcs.0.weight', tensor([[ 2.8032e-04, -6.3505e-04,  1.0352e-03],
        [ 1.0116e-03,  2.4103e-03, -1.6004e-03],
        [ 8.6901e-04,  8.8218e-04, -1.4905e-03],
        [-5.9176e-04, -1.4654e-03, -1.9258e-03],
        [-5.8727e-04,  6.0664e-06, -9.3428e-04],
        [-9.6273e-05,  2.0132e-03,  2.7726e-03],
        [ 9.0436e-04,  1.6997e-03, -1.4401e-03],
        [-1.6469e-03, -4.7175e-05,  3.1669e-03],
        [-2.8257e-03,  5.5368e-04,  2.4843e-04],
        [-1.3530e-03, -7.9606e-04, -2.9165e-03],
        [ 1.5568e-03,  6.2541e-04,  6.7469e-05],
        [ 1.0703e-03,  2.3961e-03, -1.3413e-03],
        [ 1.6487e-04,  7.5581e-04, -2.1862e-04],
        [-3.2282e-03,  6.4921e-04,  7.0797e-04],
        [ 1.7172e-04,  1.0923e-03,  1.7441e-03],
        [-1.5988e-03, -2.5884e-03,  1.5507e-03],
        [-4.0018e-04, -7.9023e-04, -2.6454e-04],
        [ 8.5462e-04,  1.2885e-04,  1.1926e-05],
        [ 2.5217e-03,  8.5035e-04, -1.2010e-03],
        [-1.2582e-04,  5.4260e-05,  1.2677e-03],
        [-5.9575e-04,  7.2294e-04, -2.3477e-03],
        [ 1.9405e-03, -3.2872e-04, -2.5245e-03],
        [ 4.4053e-03, -1.2535e-03,  1.2836e-03],
        [ 1.6715e-03, -1.6175e-03,  3.9134e-04],
        [ 6.8716e-04,  1.6002e-03, -5.6604e-04],
        [ 6.3273e-04,  4.1400e-03, -7.7576e-04],
        [-1.0103e-04, -9.2586e-04,  3.2468e-03],
        [-1.4570e-03, -6.6933e-04,  1.1526e-03],
        [ 6.2874e-04,  2.2845e-04, -6.3987e-04],
        [ 1.3473e-03, -1.7848e-03,  1.1825e-04],
        [ 1.9816e-03,  1.3219e-03,  1.8464e-03],
        [ 4.6637e-05,  6.4073e-04,  1.2135e-04],
        [-1.7597e-03,  9.7589e-04,  2.4216e-04],
        [-2.2282e-01,  6.4471e-01, -8.4383e-02],
        [-1.2092e-03,  1.6404e-04,  7.3360e-05],
        [ 9.8216e-04, -3.2784e-03,  1.2020e-03],
        [-2.9284e-04, -1.1843e-03, -1.8658e-03],
        [ 1.2679e-03,  2.0768e-03, -1.6091e-03],
        [-1.6586e-04,  1.3266e-03, -1.0150e-03],
        [ 8.7735e-04,  1.4097e-03, -3.6396e-04],
        [-9.7563e-04,  7.6396e-04, -6.2908e-04],
        [ 7.7564e-04, -1.5092e-03,  4.3031e-04],
        [-1.7982e-04, -9.7591e-04, -1.1200e-03],
        [-8.7137e-04,  8.8663e-04,  1.2006e-03],
        [-2.6279e-04, -4.3726e-03, -1.1906e-03],
        [-3.4641e-03,  2.6058e-03, -1.2517e-03],
        [ 1.2846e-03,  9.3540e-04, -6.9172e-04],
        [-6.5719e-05,  2.3673e-03, -8.9324e-04],
        [ 1.0238e-03,  5.1893e-04, -8.6914e-04],
        [ 2.1220e-03, -1.1065e-03, -1.1782e-04],
        [ 1.9958e-04, -2.6000e-03, -8.7325e-04],
        [ 1.0255e-03,  6.9893e-04, -5.8684e-04],
        [-1.7827e-03, -2.2927e-03, -1.2633e-03],
        [ 2.0563e-03, -1.6833e-03, -6.0662e-04],
        [-1.9554e-04, -2.5752e-03,  1.0176e-03],
        [ 3.6339e-04,  4.2755e-04,  2.4308e-03],
        [-6.3810e-04,  8.5248e-04, -5.3800e-04],
        [-4.4669e-04, -4.4769e-04,  9.1780e-04],
        [ 6.2779e-04,  5.7348e-04,  6.3838e-04],
        [ 1.8258e-04, -5.7742e-04, -2.7049e-04],
        [ 1.3431e-03, -5.6345e-04,  1.1859e-03],
        [-5.1715e-04,  8.1159e-04, -1.9137e-03],
        [-1.9434e-03,  5.9496e-04,  9.6249e-04],
        [-7.9302e-04, -1.8221e-03, -1.2473e-03],
        [-1.5268e-03, -7.5686e-04, -9.1185e-04],
        [-1.7966e-04, -1.3081e-03,  1.6895e-04],
        [ 8.5032e-04, -1.5510e-03, -6.3485e-04],
        [ 9.6003e-04, -6.5598e-04,  1.2490e-03],
        [-2.0612e-03,  7.8057e-04, -2.8299e-05],
        [ 1.2148e-03,  4.3269e-03, -8.3114e-04],
        [-3.0981e-04, -2.5372e-03, -2.4872e-04],
        [ 1.6730e-03, -5.4553e-04, -2.8436e-04],
        [ 4.6367e-04,  1.3834e-05,  8.0306e-04],
        [-8.4266e-04, -1.0923e-03,  1.3885e-03],
        [-1.8180e-03, -7.7284e-04, -3.8467e-04],
        [-6.0784e-04,  1.2987e-03, -1.6174e-04],
        [ 1.6522e-03, -1.5922e-03, -2.7592e-04],
        [ 8.3563e-04, -1.6571e-03, -5.1583e-05],
        [-6.2584e-04, -2.7798e-03, -7.5611e-04],
        [-1.2405e-03,  3.2714e-04,  1.1762e-03],
        [ 9.7635e-04, -3.4716e-03, -5.5007e-04],
        [-8.6375e-04,  4.1015e-04,  8.8956e-04],
        [-5.2443e-04,  9.3190e-04, -4.2033e-04],
        [ 5.8322e-04, -4.3161e-04,  8.0515e-05],
        [-1.2646e-04,  6.2446e-04,  1.9993e-03],
        [-1.2410e-03, -4.7238e-04,  2.3571e-04],
        [ 1.4317e-03,  1.2271e-03,  1.6732e-03],
        [-6.8419e-04, -1.5795e-03,  8.8095e-05],
        [ 2.0881e-03,  1.0351e-03,  1.2468e-03],
        [-1.5520e-03,  5.1828e-05, -1.0202e-03],
        [-1.5354e-04, -1.6898e-03, -1.8658e-03],
        [-9.1268e-04, -1.6659e-03, -4.4508e-04],
        [-1.5035e-03,  9.7742e-04,  4.5767e-04],
        [ 1.1507e-03, -2.6290e-04,  2.6810e-04],
        [ 9.4149e-04, -1.1859e-03, -1.5347e-03],
        [ 1.3049e-03, -8.7488e-04, -1.0846e-03],
        [ 8.8144e-04, -5.9330e-04,  1.2865e-03],
        [ 2.7773e-03, -6.9284e-04,  8.0418e-04],
        [ 8.9813e-04,  2.1318e-04, -9.8687e-04],
        [-1.5758e-03, -2.2892e-03, -1.4774e-03],
        [-6.7986e-04, -4.5227e-05,  6.5408e-04],
        [-4.0431e-04, -3.3025e-03,  5.8407e-04],
        [ 1.1418e-04,  7.8585e-05,  9.1390e-04],
        [ 1.4605e-03, -7.3333e-04, -7.6126e-04],
        [ 4.2377e-04, -1.8993e-03, -7.2038e-04],
        [-1.8364e-03, -3.1127e-04,  3.7200e-04],
        [-2.0201e-04,  5.4982e-04,  1.1972e-03],
        [ 2.3472e-04,  1.2106e-03,  9.3807e-04],
        [-5.5797e-04,  7.6987e-05,  1.4658e-04],
        [ 1.4032e-03, -1.5225e-03,  5.3259e-04],
        [ 5.3210e-04, -4.0670e-04,  1.6782e-03],
        [-8.3544e-04, -6.6326e-04, -7.0235e-04],
        [ 1.0746e-03,  1.3136e-05,  1.2165e-03],
        [-2.0490e-03, -5.0145e-04,  7.3817e-04],
        [ 1.2611e-03, -5.7603e-04,  1.4936e-03],
        [ 1.2913e-03,  7.3598e-04, -4.2090e-04],
        [-3.8260e-04,  1.4700e-03,  1.0588e-03],
        [-9.4074e-04, -1.1374e-03,  1.0097e-03],
        [ 5.3493e-04, -6.5081e-04, -9.9834e-04],
        [ 3.0291e-03, -2.4235e-03, -5.1075e-04],
        [-1.5740e-03, -1.9163e-04,  5.2128e-04],
        [-7.1533e-04,  1.3476e-03,  1.1205e-03],
        [-9.5526e-04, -1.0705e-04, -1.6392e-03],
        [ 4.0635e-03,  7.1615e-04, -1.2917e-03],
        [ 1.3889e-03, -8.4262e-04, -1.3859e-03],
        [ 2.0532e-04, -1.6202e-03, -4.5581e-04],
        [ 1.0690e-03, -2.4183e-03,  2.1682e-03],
        [ 1.7752e-03,  1.5425e-03, -1.3032e-04]], device='cuda:0')), ('fcs.0.bias', tensor([-1.4400e-03, -1.0060e-03,  5.4118e-05, -1.1128e-03, -1.5126e-03,
        -2.9706e-04, -8.7403e-04,  9.7683e-04,  9.3176e-04, -1.4188e-04,
         9.3204e-04,  1.5628e-03,  1.4710e-03,  1.1082e-03,  2.3411e-03,
         1.5313e-03,  5.7127e-05, -1.0160e-03,  1.5215e-04,  3.0107e-04,
         2.9111e-03, -7.4958e-05,  6.6393e-04, -9.0974e-04, -7.6464e-04,
         6.7248e-05, -2.1215e-03,  5.8317e-04,  2.2376e-03, -1.1982e-03,
         2.9544e-03, -9.0834e-04,  9.4461e-04,  1.8021e-01, -1.8426e-03,
         1.1910e-03, -1.1024e-03,  6.3606e-04, -1.1535e-03,  1.1048e-03,
         1.4709e-03, -9.2830e-04,  5.9870e-04,  2.2347e-03, -8.2096e-04,
        -2.8132e-03, -1.2971e-03, -6.6817e-04,  2.0995e-03,  1.2816e-03,
         2.6649e-03, -7.1819e-04,  7.5046e-04,  9.8874e-04, -3.6925e-04,
        -1.4585e-03, -8.9361e-05, -1.0493e-03, -8.4578e-04, -4.7510e-04,
         9.5120e-04, -7.4416e-04,  5.8728e-04, -1.1449e-03, -7.0885e-04,
         3.0186e-05,  4.5196e-04, -1.5243e-04, -1.2933e-03,  1.4779e-03,
        -8.4450e-04,  1.6031e-03,  1.4563e-04, -1.6032e-03,  2.3784e-03,
        -3.5853e-04,  4.2426e-03, -2.0170e-03, -1.7106e-03, -1.3812e-04,
         2.1079e-04, -9.6173e-04, -1.0724e-03,  1.4680e-04,  4.5377e-04,
        -3.6142e-05, -8.9940e-04,  3.0119e-04, -1.1571e-03,  4.3075e-04,
         1.0071e-03, -4.7134e-04,  1.2391e-03, -1.7019e-04, -1.2384e-03,
        -7.4972e-04,  2.1860e-03, -1.6620e-03,  2.8459e-04, -1.7920e-03,
         1.3833e-05,  1.1645e-03,  1.8589e-03,  1.1696e-03, -9.2069e-05,
         2.4114e-03, -2.9869e-04, -2.3391e-03, -1.2514e-03, -1.3344e-03,
         8.9304e-04, -4.2315e-04, -1.1972e-03,  1.4925e-03, -4.9704e-04,
        -5.1873e-05,  9.5852e-04,  5.6046e-04,  1.7076e-04, -7.3605e-05,
        -2.0170e-04, -8.6891e-04, -3.6624e-03,  1.4382e-03,  1.4625e-03,
         2.2349e-03,  1.8189e-03, -8.6956e-04], device='cuda:0')), ('fcs.1.weight', tensor([[-1.0574e-03, -1.7457e-03,  5.9798e-06, -6.1515e-04, -1.2663e-03,
          2.6797e-03, -1.5573e-03,  2.5931e-03,  9.3941e-04,  5.2671e-04,
          2.1326e-05,  1.5780e-04,  5.9161e-04, -1.9968e-03, -3.6342e-04,
         -5.7535e-04,  7.5186e-04, -2.4228e-03,  7.4146e-04,  3.0886e-04,
          4.4305e-04,  8.0221e-04,  3.0854e-03,  7.2397e-05, -1.5168e-03,
          3.5821e-04, -1.4636e-03, -7.5920e-04,  1.3536e-03, -5.3177e-04,
          1.0328e-03,  1.5667e-04,  1.0177e-03,  8.1269e-01, -1.8161e-03,
          2.5426e-03,  9.9608e-04,  5.8754e-04, -1.3099e-03,  1.4361e-03,
          9.1535e-04,  5.4906e-04, -1.0932e-03,  1.6255e-03, -7.5843e-04,
          1.5381e-03,  1.7803e-03, -3.0502e-03, -2.5902e-04, -8.9362e-04,
         -1.5033e-03,  8.8002e-05, -1.0982e-03, -4.2882e-04, -1.5971e-03,
         -6.6393e-04,  3.3939e-05, -1.3241e-03,  1.5445e-03, -3.7323e-04,
         -8.0526e-04, -1.8844e-03,  6.6133e-04,  5.3620e-04,  2.7068e-04,
          4.0367e-03, -3.1215e-04,  1.3182e-03, -1.8066e-03,  7.9809e-04,
         -1.4173e-03, -1.6444e-03, -1.8938e-03, -1.1316e-03, -1.7185e-03,
         -1.7461e-04,  4.0852e-04, -8.2938e-05,  6.6963e-04, -7.6905e-04,
          8.4062e-04, -1.1908e-03,  1.2648e-03, -5.9934e-04,  1.4206e-03,
          5.2960e-05,  3.1036e-03, -6.8173e-04, -3.2107e-03,  1.0914e-03,
          1.0495e-03, -2.4466e-03, -1.4686e-03, -7.9018e-04, -7.1900e-05,
         -6.8760e-04, -1.4306e-03,  2.1483e-03, -8.3850e-05,  7.3721e-04,
          1.0648e-03,  2.3661e-04,  4.0509e-03,  8.1909e-04,  1.4738e-03,
         -1.1381e-03,  1.1811e-03,  7.4325e-04, -1.7776e-03,  5.6663e-05,
          1.2695e-03,  1.4487e-03,  1.6735e-03,  2.0873e-03,  7.3604e-04,
         -1.0190e-03,  2.6519e-03,  1.4136e-03,  2.5652e-03,  1.1869e-03,
         -8.9503e-04, -2.6613e-04, -7.4671e-04, -1.8097e-03, -3.3058e-04,
         -2.5766e-04,  1.2204e-04, -3.1947e-03]], device='cuda:0'))])
end of epoch 4: val_loss 0.01082933872684432, val_acc 1.0
trigger times: 1
end of epoch 5: val_loss 0.008712722755354037, val_acc 1.0
trigger times: 2
end of epoch 6: val_loss 0.00967221222193757, val_acc 1.0
trigger times: 3
end of epoch 7: val_loss 0.008409906705725447, val_acc 1.0
trigger times: 4
end of epoch 8: val_loss 0.009789929232464765, val_acc 1.0
trigger times: 5
end of epoch 9: val_loss 0.010445252516488495, val_acc 1.0
trigger times: 6
end of epoch 10: val_loss 0.008570591701134979, val_acc 1.0
trigger times: 7
end of epoch 11: val_loss 0.007069820388854567, val_acc 1.0
trigger times: 0
saving model weights...
Weights: OrderedDict([('fcs.0.weight', tensor([[-1.5001e-03,  8.7609e-05, -1.3800e-03],
        [ 2.4259e-05, -5.3574e-04,  1.7598e-03],
        [ 1.2809e-03,  1.7318e-03,  2.4513e-04],
        [-9.2838e-04,  7.1111e-04, -1.3155e-03],
        [ 7.4290e-05, -8.4905e-04,  9.7845e-04],
        [ 5.2995e-04,  2.7037e-03,  2.4926e-03],
        [ 2.0730e-03,  1.5605e-03,  3.7113e-04],
        [-6.3452e-04,  3.1519e-04, -4.8702e-04],
        [ 1.3598e-03, -7.4228e-04,  1.2511e-03],
        [-2.1416e-03,  2.6771e-04, -1.8929e-04],
        [ 1.5345e-03, -1.4194e-03, -7.0497e-04],
        [-1.2412e-03, -8.0024e-04, -1.7830e-03],
        [-3.9558e-04, -1.7803e-03,  1.5903e-03],
        [ 4.4695e-04, -5.1602e-05, -1.4190e-03],
        [-4.4183e-04, -5.7155e-04,  1.8060e-03],
        [ 7.2225e-04, -6.0110e-06, -2.0234e-04],
        [-1.8984e-03,  2.3455e-04, -1.2231e-03],
        [ 1.0993e-03, -5.4624e-04,  3.0687e-04],
        [-9.3562e-04, -1.0540e-03,  1.0975e-03],
        [ 1.1212e-05, -2.4653e-03,  1.4592e-03],
        [-4.5597e-04,  1.0563e-04,  2.1835e-04],
        [-8.0808e-04,  2.2963e-03, -1.5689e-03],
        [ 9.5389e-04,  6.1288e-04,  7.4673e-04],
        [ 1.4447e-03,  3.2364e-05, -2.2122e-03],
        [ 3.2553e-04,  1.1766e-03,  9.0456e-04],
        [-7.4222e-04, -1.2961e-03, -1.0342e-03],
        [ 1.8928e-03,  1.2609e-03, -9.8551e-04],
        [ 2.5234e-03, -3.0331e-04, -1.0763e-03],
        [ 1.5564e-03,  2.5891e-03,  1.0481e-04],
        [-1.0837e-03,  1.6732e-04, -1.7382e-04],
        [ 3.3157e-04, -1.0047e-04, -2.9953e-04],
        [ 2.5341e-03, -2.8644e-03,  6.0597e-04],
        [-7.8583e-04, -1.5002e-04, -4.1033e-04],
        [-3.0748e-01,  6.1609e-01, -7.9629e-02],
        [ 2.9309e-04, -1.4276e-03, -1.3787e-03],
        [-7.9778e-04, -3.2748e-05, -1.5420e-03],
        [ 2.5324e-03, -8.4534e-04,  7.7843e-04],
        [ 2.9173e-03, -1.1229e-03, -8.6444e-04],
        [ 1.1023e-03,  1.4748e-04,  2.9464e-05],
        [ 1.0350e-03, -7.9129e-04,  8.3576e-04],
        [-5.6769e-04, -2.5031e-03,  1.0694e-04],
        [ 1.0076e-03, -2.0216e-03,  2.2928e-04],
        [ 1.2276e-03,  2.1951e-03, -1.0049e-05],
        [ 1.2817e-03, -2.3870e-03, -4.9363e-04],
        [-1.0758e-03,  4.8460e-04,  1.3470e-03],
        [-7.1234e-04,  2.0104e-03,  8.4150e-04],
        [ 5.2343e-04,  1.5602e-03,  2.0880e-03],
        [-2.1242e-04,  4.2986e-04, -5.4765e-04],
        [-1.6512e-03,  8.9578e-04, -2.9376e-04],
        [-6.1286e-04, -4.8480e-04,  6.4217e-04],
        [ 1.0209e-03,  9.3044e-04,  3.8127e-04],
        [-1.6753e-03, -1.4692e-04,  5.7741e-04],
        [-1.1760e-03,  5.8279e-04,  1.7836e-04],
        [-1.4553e-03, -6.1424e-04,  1.8237e-03],
        [ 2.9799e-05,  8.1991e-04, -7.4940e-04],
        [ 9.1861e-04, -5.9466e-04, -2.1345e-03],
        [ 9.4140e-04, -4.3944e-04, -1.6460e-03],
        [-8.9971e-04,  2.3242e-03, -2.3194e-05],
        [ 1.8560e-03, -2.3019e-04, -9.2074e-04],
        [ 2.0514e-03, -2.5087e-03,  1.3930e-03],
        [ 2.9706e-04, -1.6136e-03,  9.4307e-04],
        [-5.9144e-04, -3.4213e-04,  8.8425e-04],
        [ 1.1453e-03, -1.0233e-03,  9.7619e-04],
        [ 1.1697e-04,  1.9394e-03, -2.1397e-04],
        [ 1.1954e-04,  5.8939e-04,  1.8692e-03],
        [-1.3977e-03,  8.9743e-04,  6.8697e-06],
        [ 1.3541e-03, -5.2542e-04,  1.0157e-03],
        [-2.8719e-03,  1.4948e-03, -1.2263e-03],
        [ 1.8026e-05,  1.8890e-04,  1.5014e-03],
        [-5.5798e-04, -9.2804e-04, -3.3652e-04],
        [ 1.3529e-03,  1.8184e-03,  5.2387e-04],
        [ 2.9329e-04,  2.2127e-04, -1.8870e-04],
        [ 4.1944e-04, -4.8599e-04,  1.4872e-04],
        [ 1.5316e-03, -3.9546e-04,  2.8209e-04],
        [ 9.2115e-04, -8.2185e-04, -3.3381e-04],
        [ 2.0918e-04,  1.8396e-03,  1.3347e-03],
        [-4.4738e-06,  8.2824e-04,  8.6609e-04],
        [-6.0613e-04, -3.9767e-03,  6.7409e-04],
        [ 5.5402e-04,  5.8383e-04, -2.7280e-03],
        [ 9.2146e-04,  1.8348e-03,  7.3195e-04],
        [-1.2498e-04, -4.0671e-04,  6.1351e-04],
        [-4.5798e-04, -2.2184e-04,  2.6105e-04],
        [-1.2748e-04,  2.5534e-03,  3.6857e-04],
        [-9.4363e-04,  4.3119e-04, -1.1176e-03],
        [ 1.4698e-03,  1.9823e-04,  1.4623e-03],
        [ 5.7639e-04, -6.9743e-04,  1.2920e-04],
        [-2.8248e-04,  1.2392e-03,  1.5319e-03],
        [-1.6407e-03, -6.0072e-04,  1.3757e-04],
        [ 4.2178e-04, -8.3489e-04,  1.1664e-03],
        [ 2.0312e-03,  2.1845e-04, -1.5940e-03],
        [-1.1099e-03,  1.1776e-03, -8.2989e-04],
        [ 1.5506e-03,  4.9887e-04, -1.0793e-03],
        [ 9.2960e-05,  1.3025e-03, -5.5775e-04],
        [ 5.4237e-04, -8.7350e-04,  6.3685e-04],
        [-5.8020e-04,  2.4211e-04,  3.2159e-03],
        [-7.0437e-04, -1.3184e-03, -1.3900e-03],
        [-2.2520e-03, -2.2006e-03, -9.0424e-05],
        [-8.2532e-04,  1.8839e-03, -5.5438e-04],
        [ 5.8795e-04,  6.1582e-04, -2.7404e-03],
        [-1.8187e-03,  4.6880e-04,  2.3223e-03],
        [ 6.5204e-04,  1.6857e-03, -4.3489e-03],
        [-2.1424e-04, -3.5763e-04, -1.3154e-04],
        [-1.2531e-04,  5.6967e-04, -1.1442e-03],
        [-2.5824e-03,  1.1981e-03, -9.9640e-04],
        [-1.2107e-04, -1.8017e-04, -3.8005e-03],
        [ 4.1848e-04, -1.2467e-03,  5.7839e-04],
        [ 3.2246e-03,  1.0443e-03, -1.3001e-03],
        [ 8.9805e-04, -1.6032e-03, -3.5321e-04],
        [ 1.7318e-03, -9.4503e-04, -5.5437e-04],
        [-1.5566e-03,  1.1444e-03, -1.3045e-03],
        [-9.9890e-04,  6.8605e-04,  9.5083e-04],
        [ 8.5131e-04,  1.2297e-03,  4.7847e-05],
        [-6.0655e-04, -1.0346e-03,  1.0961e-03],
        [ 2.4040e-03, -1.0940e-03,  7.2069e-04],
        [-2.6187e-03,  3.2819e-03, -4.5417e-04],
        [ 3.3038e-04, -1.2447e-03,  1.0308e-03],
        [ 8.5326e-04, -3.4718e-04, -9.9022e-04],
        [ 3.1069e-04,  1.1513e-03, -1.0680e-03],
        [ 1.3028e-03,  1.3498e-03, -1.6583e-03],
        [ 1.8144e-03, -1.9609e-03, -1.3448e-03],
        [ 1.8398e-03,  4.1917e-03, -1.0787e-03],
        [ 3.4351e-04, -4.3737e-03, -4.9339e-07],
        [ 1.1942e-03,  2.0761e-04,  4.0882e-04],
        [ 1.5749e-03,  5.9948e-04,  2.2011e-04],
        [-8.4875e-04,  3.4126e-04, -1.8568e-05],
        [-9.4130e-04, -1.7882e-04, -3.1896e-03],
        [-1.7321e-03, -5.4884e-04, -1.2566e-03],
        [ 1.4377e-03,  1.6802e-04,  2.2080e-04]], device='cuda:0')), ('fcs.0.bias', tensor([ 2.8158e-05,  5.6714e-04,  1.6912e-03, -1.1421e-03, -1.2593e-03,
         1.1147e-03,  1.3730e-03,  1.6041e-03,  8.4826e-04,  2.9539e-04,
        -1.3828e-03, -1.1705e-04,  1.9082e-03,  5.7429e-04, -2.4786e-03,
        -1.2530e-03, -2.3543e-03,  5.0978e-04, -8.3913e-04, -1.9346e-03,
         8.9567e-04, -2.6218e-03, -2.0245e-03, -1.0237e-03,  1.0780e-03,
        -8.2170e-04, -8.4353e-04,  2.2971e-03, -1.8061e-03,  1.4318e-03,
         3.1167e-04, -1.6450e-03, -6.3294e-04,  2.0539e-01, -6.4153e-05,
         2.2783e-03, -4.1220e-04, -7.3749e-04,  2.1115e-03,  5.3389e-04,
         2.8658e-03, -5.7829e-04,  1.1410e-04,  1.5071e-03, -3.6039e-04,
        -6.5995e-04,  1.9278e-03,  4.2035e-04,  1.6700e-04,  1.1084e-03,
         2.6134e-03, -9.9587e-04, -5.2883e-04,  1.2246e-04, -2.7392e-03,
        -3.4061e-04,  9.4294e-04,  1.1529e-03,  8.8250e-04,  2.9948e-04,
        -4.7966e-04, -4.7453e-03,  1.7802e-03,  1.2511e-03,  2.3280e-03,
         1.2536e-03,  2.1984e-03, -7.7566e-04,  6.0363e-04, -1.3301e-03,
         9.1299e-04, -1.6245e-04, -1.9583e-03, -2.8432e-04,  8.7921e-04,
         1.7264e-03,  4.8018e-04,  1.7843e-04, -7.1432e-04, -1.6252e-05,
        -1.6014e-03,  4.0786e-04, -3.6701e-03, -1.6669e-03,  6.1779e-05,
         3.0111e-04, -2.1621e-03, -1.5851e-03, -2.3877e-04,  6.4436e-04,
        -5.1676e-04,  8.9775e-04,  4.1005e-04,  2.0486e-03, -8.7943e-04,
        -1.3586e-04,  2.1732e-04, -3.0654e-04,  5.2717e-05, -2.4186e-03,
        -7.0141e-05, -1.8035e-03,  5.5325e-04, -2.8548e-04, -1.2023e-04,
         2.2331e-03, -2.5468e-04, -2.2498e-03,  7.9495e-04,  4.4736e-05,
        -2.5083e-04,  4.7963e-04,  5.1441e-04,  1.8937e-04,  5.6127e-04,
        -1.6988e-03, -1.2732e-04, -1.3220e-03, -5.1878e-04, -1.1208e-03,
         1.5336e-03, -1.2606e-03,  1.8201e-04, -4.6514e-04,  1.5430e-04,
         2.9508e-04, -1.1449e-03,  1.3041e-03], device='cuda:0')), ('fcs.1.weight', tensor([[-4.3961e-05,  4.7802e-04, -1.4953e-03,  1.3792e-03, -5.0857e-04,
         -5.5879e-04,  1.8520e-03,  1.9313e-03,  1.1418e-03, -4.2169e-03,
         -7.7171e-04,  3.8764e-03, -1.8856e-03,  5.9176e-05, -2.1458e-03,
         -1.4603e-03,  1.3476e-03,  1.9701e-03, -1.2020e-03,  7.4019e-04,
         -5.9193e-04,  1.9590e-03, -1.8005e-03,  1.1216e-03, -2.0268e-03,
          1.7685e-03, -1.5920e-05,  7.6726e-04, -2.7928e-03, -2.7688e-03,
         -7.6256e-04,  1.0783e-03, -4.0275e-03,  8.3869e-01,  1.8089e-03,
          4.6116e-04,  2.7555e-04,  2.2934e-03, -1.7727e-03,  6.1359e-04,
         -3.1735e-03,  1.3287e-03,  7.9355e-04, -3.0151e-03,  3.7202e-04,
         -1.5581e-03,  1.7984e-04,  3.2835e-04, -2.5703e-03,  5.8558e-04,
          9.9339e-04,  3.7843e-06,  1.6559e-06,  9.5489e-04, -1.3490e-03,
         -5.7919e-04,  2.1170e-03,  7.1422e-04, -8.2866e-05,  2.0975e-03,
         -3.4347e-03, -8.4735e-04,  1.1689e-03,  2.5173e-03,  1.1756e-03,
          5.4716e-04, -2.7470e-03, -1.7802e-04, -2.0858e-03, -7.8866e-04,
         -1.0108e-03, -1.8984e-03, -1.4314e-03,  8.0096e-04, -2.1309e-03,
         -1.2948e-03,  9.9496e-04, -1.3471e-03, -5.5060e-04,  2.8774e-03,
          1.0401e-03, -6.2340e-04,  1.6488e-03, -1.1801e-03, -5.2904e-04,
          1.5760e-03, -3.7393e-04,  8.7403e-05, -8.5869e-04, -8.0440e-04,
          4.5546e-05, -1.0745e-03, -1.0972e-03,  5.8147e-04, -1.5832e-03,
          8.8106e-04, -1.9721e-03, -4.0376e-04, -2.0920e-03, -2.5696e-03,
         -3.6841e-04,  1.7761e-03, -3.6397e-04,  5.6551e-04,  5.3134e-04,
          1.8289e-03, -3.2310e-04,  2.6328e-04,  6.3881e-04,  1.7593e-03,
          8.9752e-04,  2.3084e-04, -3.0083e-03, -1.1468e-03,  7.1490e-04,
         -1.3630e-03, -3.3447e-03,  1.7902e-03, -1.9068e-03, -1.3544e-03,
          9.6253e-04, -7.2159e-04,  2.0860e-03,  6.6139e-06,  1.2795e-03,
         -3.2045e-03,  1.2363e-03, -2.7207e-03]], device='cuda:0'))])
end of epoch 12: val_loss 0.017106336848522544, val_acc 1.0
trigger times: 1
end of epoch 13: val_loss 0.00765814972156452, val_acc 1.0
trigger times: 2
end of epoch 14: val_loss 0.010178927067690857, val_acc 1.0
trigger times: 3
end of epoch 15: val_loss 0.009626645480362904, val_acc 1.0
trigger times: 4
end of epoch 16: val_loss 0.009084856677513926, val_acc 1.0
trigger times: 5
end of epoch 17: val_loss 0.006966513586243685, val_acc 1.0
trigger times: 0
saving model weights...
Weights: OrderedDict([('fcs.0.weight', tensor([[-4.1234e-04,  6.4824e-05,  4.3944e-04],
        [ 1.2773e-03, -7.2388e-04,  2.9617e-04],
        [-1.4352e-03, -7.9691e-04,  1.4629e-03],
        [-4.0336e-04, -1.2797e-03,  2.2143e-03],
        [ 3.8225e-04, -3.6148e-04, -2.2820e-03],
        [-8.4777e-04,  1.6341e-03,  8.4865e-04],
        [-1.2077e-03, -3.2571e-03, -1.4462e-03],
        [-8.1451e-04,  1.0318e-03,  4.1165e-04],
        [-7.8851e-05,  1.2786e-03, -1.7372e-03],
        [ 2.1330e-03,  5.0809e-04, -4.4422e-04],
        [ 2.3087e-04, -1.9637e-03, -1.3533e-03],
        [ 7.1984e-04, -1.9334e-03,  8.1880e-04],
        [-1.1964e-03, -1.6851e-03,  4.8292e-04],
        [-2.4695e-04, -4.2073e-04, -2.6696e-03],
        [ 3.8921e-04,  7.7076e-04, -7.4061e-04],
        [ 1.5080e-03,  1.7284e-03,  1.2420e-03],
        [-8.7325e-04,  9.7235e-04,  1.0728e-04],
        [-7.2647e-05, -1.2387e-03, -1.9845e-03],
        [ 7.5613e-04, -2.1976e-03, -7.5269e-04],
        [ 1.1017e-03,  6.4983e-04,  3.7743e-04],
        [ 6.9921e-04, -7.9321e-04,  5.5401e-04],
        [ 7.6205e-04,  6.0871e-04,  4.0564e-04],
        [-1.1782e-03,  7.1228e-04, -9.7422e-04],
        [-6.7708e-04, -2.5502e-04,  1.3329e-03],
        [-9.7726e-04,  1.2353e-03,  5.6904e-04],
        [-9.9108e-04, -2.3711e-03,  4.2950e-04],
        [-3.9095e-04,  4.7951e-04,  8.0660e-04],
        [-1.0879e-04,  4.3035e-04,  1.0120e-03],
        [-7.5069e-04, -7.2572e-04,  2.0306e-03],
        [-2.3604e-04,  7.9574e-04, -2.8602e-04],
        [-3.9125e-05,  1.6021e-04, -1.5905e-03],
        [ 1.0528e-03,  2.9770e-03,  9.4715e-04],
        [ 1.5374e-03,  1.4127e-03,  2.2953e-03],
        [-2.7118e-01,  6.7364e-01, -5.5795e-02],
        [-2.2101e-03, -1.1700e-03, -5.3279e-04],
        [-5.3864e-04, -1.5534e-03, -1.8213e-03],
        [ 1.7843e-03,  1.2897e-03,  1.5171e-03],
        [ 1.1595e-03,  1.1543e-03,  1.2880e-03],
        [-9.1168e-04,  5.8866e-04,  1.2386e-03],
        [ 6.7339e-04, -3.6284e-05,  7.1078e-04],
        [-3.8050e-03,  9.2633e-04,  9.5452e-05],
        [ 5.9666e-04,  8.2943e-04, -2.1275e-04],
        [-3.7833e-04, -1.6358e-04,  4.8938e-04],
        [-1.2820e-03, -1.2784e-03, -1.2097e-03],
        [-1.0098e-03, -5.9738e-04, -1.1180e-04],
        [ 6.5802e-04, -2.3352e-04, -1.8561e-03],
        [ 1.5128e-03,  1.1779e-03,  5.3489e-05],
        [-1.8174e-03,  3.4968e-04, -6.4330e-04],
        [-3.5551e-04, -4.8203e-05,  7.7874e-04],
        [ 2.7252e-03,  1.5315e-03, -3.5127e-04],
        [ 2.0163e-03, -1.3813e-03, -1.4164e-03],
        [-2.2711e-04, -2.7487e-03,  2.4107e-04],
        [-2.1227e-03, -1.1716e-03,  1.1655e-03],
        [ 3.6148e-04,  1.8339e-03,  5.3630e-04],
        [-1.8349e-03,  3.1717e-04,  9.6061e-04],
        [-2.0826e-03,  8.1549e-04, -3.5369e-03],
        [-7.6740e-04,  6.4664e-04,  2.0590e-03],
        [ 1.3868e-03,  7.8214e-04,  1.1721e-03],
        [ 2.1170e-04, -2.0110e-03,  1.1107e-04],
        [ 1.9403e-03, -1.0654e-04,  2.7603e-04],
        [ 1.4942e-03,  1.1738e-03, -2.7275e-04],
        [ 1.3263e-04, -1.4522e-03, -8.4069e-04],
        [ 2.0732e-04, -1.7148e-03,  1.2608e-03],
        [ 1.5909e-03, -9.2570e-05, -1.1495e-03],
        [-7.7912e-04,  1.4690e-03,  3.8893e-04],
        [-2.5311e-05,  1.8080e-03, -9.5734e-04],
        [ 1.2561e-03,  4.0445e-04, -6.5480e-04],
        [ 6.2320e-04, -1.3645e-03,  3.0222e-04],
        [-1.8514e-04, -1.3751e-03, -1.6680e-03],
        [ 1.0155e-03,  2.1061e-03,  1.1976e-03],
        [-1.3453e-03, -7.5431e-04, -1.5798e-03],
        [ 1.6641e-03, -2.4240e-03,  6.0656e-04],
        [-5.9569e-04, -8.6753e-04,  7.1803e-04],
        [ 1.0942e-03,  1.2613e-03, -1.1321e-03],
        [-4.7213e-03, -1.0016e-03, -9.4605e-04],
        [ 4.2837e-04,  1.1399e-03,  1.2223e-03],
        [-2.8111e-03, -1.2214e-03, -6.1959e-04],
        [-1.8825e-03,  1.0132e-03,  2.8990e-03],
        [-1.1025e-03,  8.7128e-04,  1.4020e-03],
        [-6.7619e-04, -8.8512e-05,  1.2453e-03],
        [-1.0528e-03, -5.5757e-04, -1.3989e-04],
        [-9.5601e-04, -1.0134e-03,  9.0479e-05],
        [ 2.8652e-03,  1.4460e-03,  8.2806e-04],
        [-1.2754e-04, -1.5050e-03, -1.7735e-03],
        [-8.6518e-04, -1.4846e-03,  1.1750e-03],
        [-1.6133e-03, -1.7634e-03,  2.7743e-04],
        [-8.3635e-04, -1.0440e-03, -1.8043e-03],
        [-1.7344e-03, -1.3532e-03,  2.2762e-03],
        [-2.1263e-04, -1.3187e-03, -2.2198e-06],
        [ 1.5733e-03,  2.3528e-04, -1.7872e-03],
        [ 1.5092e-03, -5.0934e-04,  1.7398e-05],
        [ 2.3103e-04, -1.4541e-05,  2.0369e-03],
        [-1.6922e-03, -2.1116e-04,  6.0073e-04],
        [-9.6792e-04, -1.4823e-03,  2.0308e-03],
        [ 8.8974e-04,  1.9008e-04, -7.7461e-04],
        [ 2.1761e-04, -1.6032e-03,  8.5528e-04],
        [-5.8187e-04,  1.3489e-03, -1.2340e-03],
        [ 1.5683e-04, -7.4097e-05, -1.0503e-03],
        [ 1.2374e-03, -1.7330e-03,  2.1553e-03],
        [-6.7880e-04, -3.4799e-03,  6.0793e-04],
        [ 5.4661e-04, -8.5117e-05, -1.0646e-03],
        [-6.8750e-04,  6.4732e-04,  2.4843e-03],
        [-2.1960e-03, -3.4592e-04, -7.7344e-04],
        [-1.1528e-03,  1.2711e-03, -4.8452e-04],
        [ 1.2632e-03, -5.3514e-04,  1.6734e-04],
        [-1.3519e-03, -4.5444e-04,  1.8825e-03],
        [-1.6370e-03, -1.1367e-03, -1.5911e-03],
        [ 8.6603e-04, -1.9101e-03, -5.5150e-04],
        [ 1.7208e-03, -5.1299e-04,  1.6946e-03],
        [ 3.0072e-04,  1.2855e-03, -1.2222e-03],
        [-1.1124e-03,  1.4258e-03, -9.4227e-06],
        [-3.4795e-04,  4.8372e-04,  1.8623e-04],
        [-2.6154e-03,  1.2486e-03,  1.0541e-04],
        [ 7.5244e-04,  5.8153e-04, -8.6181e-04],
        [-1.7985e-03,  1.3128e-03, -4.4031e-05],
        [ 2.5320e-03, -5.9481e-04,  1.7569e-03],
        [ 1.9756e-03, -5.2969e-04, -1.1573e-03],
        [ 2.5837e-03, -1.2732e-03, -8.3771e-04],
        [ 4.3746e-04,  6.2854e-04, -9.9257e-04],
        [-9.0552e-04,  1.6405e-03, -7.8767e-04],
        [-8.6577e-04,  1.3363e-03, -1.1727e-03],
        [ 1.0272e-03, -1.2201e-03, -1.1207e-03],
        [-7.5621e-04, -2.3792e-03,  7.5910e-04],
        [-3.8606e-04, -9.2941e-04,  1.8732e-04],
        [ 1.1812e-04,  1.4682e-04,  2.3381e-03],
        [ 1.8191e-03,  7.4061e-04,  5.9731e-04],
        [ 9.7336e-04,  1.2941e-03, -8.0051e-04],
        [-1.9010e-03,  6.6227e-04, -1.3777e-03]], device='cuda:0')), ('fcs.0.bias', tensor([-1.0529e-03,  1.4761e-03, -2.9139e-04, -1.2949e-03,  6.1120e-05,
        -1.3361e-03, -1.4905e-03,  2.1051e-03,  8.4744e-04, -9.4670e-04,
        -2.5984e-03,  2.4010e-03,  5.5534e-04, -1.5079e-03,  6.1048e-04,
        -1.6495e-03, -7.4925e-04, -4.7137e-04, -6.2198e-04, -8.4085e-05,
         1.1575e-03, -4.0344e-04,  2.0697e-03,  1.8047e-03,  9.0833e-04,
        -2.5498e-04, -6.2074e-04, -4.9159e-04, -2.1604e-03,  1.2509e-03,
        -2.1567e-03, -1.2557e-03,  7.2454e-04,  1.0688e-01, -1.4736e-03,
        -9.3483e-04, -2.7827e-03,  1.1231e-03, -1.0753e-03, -4.1729e-04,
        -1.6572e-03,  2.0041e-03,  4.7260e-04,  4.7411e-04,  2.6349e-03,
         7.6498e-04,  1.6912e-03,  7.5943e-04,  4.3325e-04,  2.3614e-03,
         3.1530e-04,  5.9129e-04,  3.4167e-05,  1.1425e-03,  5.3218e-05,
         1.1961e-03, -2.9497e-03,  2.6615e-03, -1.0432e-03,  8.8218e-04,
        -6.1761e-04, -6.6408e-04,  3.2850e-04,  9.7912e-04,  7.4858e-04,
        -2.2735e-04,  1.2181e-03, -2.8022e-04,  5.4694e-04, -1.6096e-03,
        -1.8336e-03, -7.9481e-04,  2.2752e-03,  9.4179e-04, -4.8395e-04,
        -7.0338e-04,  2.0051e-03,  1.2693e-03,  2.9122e-04,  1.0707e-03,
         2.4591e-04,  3.7759e-04,  6.4971e-04,  2.3911e-03, -1.1577e-03,
         7.9530e-04, -1.2181e-03,  2.3894e-04,  7.1468e-04,  3.5386e-05,
        -2.1071e-03, -7.1516e-04,  2.0802e-04,  9.6438e-05, -9.9007e-04,
        -1.2649e-03, -1.2585e-03, -5.6220e-04, -9.2751e-04,  4.1898e-04,
         3.3773e-03,  1.8263e-05, -2.2954e-03,  1.5809e-03,  5.4615e-04,
        -1.1920e-03, -4.4271e-04,  2.4160e-03, -9.4502e-04, -3.6469e-04,
        -2.7928e-03,  2.0153e-03,  1.7554e-03,  1.0856e-03,  8.9564e-04,
         1.8827e-03, -2.3341e-04,  1.7076e-03, -7.8203e-04, -1.5355e-03,
         1.0295e-03,  1.1460e-03,  3.9834e-04,  1.3899e-04,  4.3791e-03,
         3.0480e-04, -3.1058e-04, -1.5540e-03], device='cuda:0')), ('fcs.1.weight', tensor([[-1.8185e-03, -8.1593e-04,  2.3190e-05,  8.3405e-05,  3.4926e-04,
          1.0943e-03,  2.2012e-03, -8.4142e-05, -7.1476e-04, -7.5311e-04,
         -7.1411e-04,  1.7137e-03,  1.3300e-03,  4.8023e-04, -2.1766e-03,
         -4.7560e-05, -1.0859e-03,  3.8413e-04,  2.2423e-04,  1.2637e-03,
          2.7810e-04,  1.0548e-03, -3.0751e-04,  6.2114e-04, -1.2891e-03,
          1.5505e-03, -1.3223e-04, -2.3453e-03,  1.3696e-03, -8.1837e-04,
          7.0344e-04, -5.1220e-04,  8.5138e-04,  8.5038e-01,  7.7780e-04,
          5.4634e-04, -2.2290e-03,  6.8289e-04,  2.2840e-03, -3.2552e-04,
          3.6312e-04, -3.1157e-04,  1.1994e-03,  7.0629e-04,  1.2816e-03,
         -1.8417e-03, -8.0434e-04, -2.4807e-03,  1.7814e-04, -1.8632e-03,
          5.1157e-04,  1.4971e-03, -7.2159e-04, -3.5645e-04, -2.6160e-04,
         -1.2996e-03,  8.3436e-04, -1.0611e-03, -1.3881e-03, -7.4175e-04,
         -1.3988e-03, -5.6691e-04,  8.5449e-04, -2.1517e-04, -2.8580e-04,
         -1.1535e-03,  2.1473e-04,  7.4847e-04, -8.7383e-04, -1.6701e-04,
         -4.4482e-04,  5.9508e-04, -1.0376e-03,  8.8019e-04, -9.6945e-04,
          1.0975e-03, -1.8153e-03,  6.8370e-04, -1.6573e-04,  7.6725e-05,
          3.1773e-04, -1.3002e-03, -2.1866e-03,  1.3394e-03,  6.8327e-04,
         -6.3427e-04, -4.5349e-04, -1.9335e-04, -5.4817e-04, -2.3677e-04,
         -1.0741e-03, -6.0762e-04,  1.7263e-04,  1.1732e-03, -2.1696e-03,
         -3.1404e-04, -1.0633e-03, -1.4913e-03,  3.3119e-04, -4.3683e-04,
         -1.7968e-03,  1.3481e-03, -5.6850e-04, -2.3984e-03,  8.6424e-04,
          3.0404e-04, -2.3193e-04,  7.4055e-04,  1.4465e-03, -9.9909e-04,
          2.6929e-04, -2.4136e-04,  3.6068e-05, -3.7472e-03, -1.1789e-03,
         -6.5722e-04, -1.2031e-03,  1.4546e-04,  5.3571e-04, -2.1987e-03,
          6.7498e-04, -2.3504e-03,  5.9211e-04, -1.5142e-03, -1.8916e-03,
          9.5907e-05, -1.7096e-03,  3.4217e-04]], device='cuda:0'))])
end of epoch 18: val_loss 0.010376172916145805, val_acc 1.0
trigger times: 1
end of epoch 19: val_loss 0.00803466051760104, val_acc 1.0
trigger times: 2
end of epoch 20: val_loss 0.008919641172425975, val_acc 1.0
trigger times: 3
end of epoch 21: val_loss 0.011035761680131024, val_acc 1.0
trigger times: 4
end of epoch 22: val_loss 0.018337878579013703, val_acc 1.0
trigger times: 5
end of epoch 23: val_loss 0.010319151737563885, val_acc 1.0
trigger times: 6
end of epoch 24: val_loss 0.012028016755023465, val_acc 1.0
trigger times: 7
end of epoch 25: val_loss 0.010812949446696649, val_acc 1.0
trigger times: 8
end of epoch 26: val_loss 0.009552153910003866, val_acc 1.0
trigger times: 9
end of epoch 27: val_loss 0.006511000519647751, val_acc 1.0
trigger times: 0
saving model weights...
Weights: OrderedDict([('fcs.0.weight', tensor([[ 2.0910e-04, -1.0101e-04, -6.4108e-04],
        [-7.4859e-04,  1.7914e-04,  2.6382e-03],
        [ 9.6850e-04,  3.6972e-05, -1.2607e-03],
        [ 7.0891e-04, -8.5654e-04, -1.0151e-04],
        [ 9.5191e-06,  1.1701e-03, -1.1231e-03],
        [ 1.0994e-03, -7.7426e-05,  9.0252e-04],
        [ 1.2159e-03,  2.9169e-04, -1.9877e-03],
        [-4.7903e-04, -2.5624e-04,  7.4165e-04],
        [-6.8667e-04, -7.0299e-04,  9.5402e-04],
        [-9.7905e-04, -2.7001e-03, -2.4227e-06],
        [-5.5760e-04,  1.2736e-03,  1.6069e-03],
        [-2.7958e-03,  8.2553e-04, -3.1306e-04],
        [ 1.5415e-03, -4.5111e-04,  2.6646e-03],
        [-7.1314e-04, -3.8219e-04, -1.1826e-03],
        [-1.0501e-03,  3.3032e-04, -1.9812e-04],
        [-1.1301e-03,  3.1784e-03,  1.0348e-03],
        [-2.8918e-03,  1.4722e-03,  9.6116e-04],
        [-3.5142e-04,  9.8476e-04,  1.5113e-03],
        [ 1.8767e-03,  2.7121e-05, -2.4448e-03],
        [ 7.8357e-04, -2.8035e-03, -8.8353e-04],
        [-1.1573e-04,  1.0301e-03,  4.2256e-04],
        [ 8.0683e-04,  9.3130e-04, -1.9499e-03],
        [ 2.3606e-03,  7.6958e-05,  6.9763e-05],
        [ 2.4251e-03,  1.1581e-03,  9.3997e-04],
        [ 4.5257e-04, -1.6866e-05,  1.4438e-03],
        [-6.3913e-04,  1.0929e-03,  2.9835e-04],
        [ 1.3253e-03, -1.1387e-03, -5.6418e-05],
        [ 9.8530e-04, -8.6328e-04,  2.0889e-03],
        [-4.0200e-04,  2.6472e-04, -3.8806e-04],
        [ 1.2728e-03, -1.0610e-03,  5.1913e-04],
        [ 1.0599e-04,  2.2767e-03,  2.6866e-04],
        [ 5.7220e-04, -2.3239e-04,  4.4662e-04],
        [ 9.4577e-04, -2.8748e-04, -1.2042e-04],
        [-2.5652e-01,  6.3221e-01, -1.6910e-01],
        [ 5.6402e-04,  9.3196e-04,  7.1617e-04],
        [-6.1000e-04, -1.5862e-03, -2.2988e-04],
        [ 4.6876e-05, -2.6987e-05,  2.9095e-04],
        [-1.9146e-03, -8.2911e-04,  2.7167e-05],
        [-5.9657e-04,  2.9162e-03, -2.1029e-03],
        [ 1.1635e-03,  5.5871e-04, -5.2763e-03],
        [-1.5636e-03,  1.3056e-03, -2.6872e-05],
        [ 1.0272e-03, -9.7282e-04, -1.6663e-04],
        [ 9.3234e-04, -1.3790e-03, -1.4253e-03],
        [-2.0637e-03,  1.8247e-03,  2.2492e-03],
        [-2.4963e-04,  1.3491e-03, -9.9218e-04],
        [ 8.4936e-04,  1.6563e-04,  6.8774e-04],
        [ 1.2676e-03, -1.8313e-03, -1.6692e-03],
        [-1.3103e-03, -6.4779e-04,  3.4634e-03],
        [ 9.1632e-04, -4.6449e-04, -1.2827e-03],
        [ 9.0656e-05, -2.5169e-04,  1.8331e-04],
        [ 2.4613e-03,  2.0764e-03,  3.9776e-04],
        [-1.7217e-03, -1.8138e-03, -2.4146e-04],
        [ 1.1673e-03, -1.7044e-03, -1.2276e-03],
        [-1.4162e-03,  3.2834e-03,  4.9492e-04],
        [ 1.7307e-03,  2.2445e-03,  1.7881e-03],
        [-1.1052e-03, -1.0895e-03, -3.0039e-04],
        [-9.7801e-04,  9.8771e-04, -3.3608e-03],
        [-4.5047e-04, -7.8598e-04, -3.3277e-04],
        [ 1.0354e-03,  3.6389e-03,  2.3970e-03],
        [-1.0206e-03, -1.0534e-03, -1.6723e-03],
        [-1.8474e-03,  1.4550e-03,  5.2879e-05],
        [-1.3641e-04,  1.5222e-03, -2.0598e-04],
        [-2.9507e-04, -6.0183e-04, -1.1372e-03],
        [ 9.4977e-04, -5.4095e-05, -4.7777e-04],
        [ 6.6961e-04, -9.0900e-05, -2.5828e-04],
        [ 1.0752e-03, -1.0135e-03, -1.6256e-03],
        [ 2.2447e-03,  9.0525e-04, -3.6238e-04],
        [-9.1461e-04,  8.7050e-04, -9.9505e-04],
        [-1.5840e-03, -4.9887e-04,  4.6464e-05],
        [ 1.7148e-04, -5.9364e-04, -1.4089e-03],
        [ 8.1488e-05,  2.8856e-03, -1.1821e-03],
        [-4.7981e-04, -1.5046e-05,  1.4209e-03],
        [-4.6303e-04, -1.7896e-03,  1.8379e-03],
        [ 5.4592e-04, -2.9157e-04,  8.7234e-04],
        [-6.5496e-04, -3.9693e-04,  1.4514e-03],
        [ 2.5642e-04,  9.3831e-04,  5.1580e-04],
        [ 3.6078e-04, -5.0015e-05, -1.9079e-03],
        [ 5.9806e-04, -1.2606e-03, -1.3692e-03],
        [ 4.6402e-04,  6.3342e-04,  4.1540e-05],
        [-5.7126e-04, -1.6555e-03,  1.0288e-03],
        [ 1.0009e-03, -1.9343e-04,  4.8395e-05],
        [-2.6686e-04, -1.0738e-03, -7.0483e-04],
        [ 2.8755e-03,  1.0477e-03, -1.0369e-03],
        [-2.8641e-03,  5.0745e-04,  1.8248e-03],
        [-1.7840e-03, -2.0172e-03, -1.0022e-03],
        [ 1.0264e-03,  5.3308e-04, -1.9216e-03],
        [ 8.8688e-04, -8.8366e-04, -5.1229e-04],
        [ 2.1996e-04,  3.5850e-04,  8.3660e-04],
        [ 1.8813e-04, -1.6618e-03,  1.3183e-03],
        [ 1.7519e-03, -1.2665e-03,  1.3127e-03],
        [-7.5418e-04, -1.2061e-04, -2.8598e-03],
        [ 3.4362e-05,  2.1108e-04,  2.8064e-03],
        [ 1.5495e-03, -3.6661e-04, -1.7930e-03],
        [-6.8877e-04, -7.1127e-04,  1.4284e-03],
        [ 7.9025e-04, -2.7202e-03,  5.5378e-04],
        [ 7.6208e-05, -8.4644e-04,  2.9661e-04],
        [ 1.3351e-03,  2.2230e-04, -2.2936e-03],
        [ 1.8588e-03,  1.9923e-03,  6.1738e-04],
        [ 3.9880e-04,  2.7403e-03,  9.1339e-04],
        [ 3.0256e-05,  6.4826e-04, -2.9209e-04],
        [ 1.5921e-03, -9.9146e-04, -4.3736e-04],
        [-1.5289e-05, -7.9787e-04, -2.2497e-06],
        [-9.1147e-04,  1.3793e-04,  6.3408e-04],
        [ 3.3000e-04, -1.4742e-03,  7.4441e-04],
        [-5.5648e-04,  1.3836e-03,  1.0493e-04],
        [ 4.3296e-04,  3.5807e-03,  1.3806e-03],
        [-3.6820e-05,  1.6609e-04,  1.4141e-03],
        [-8.7851e-04,  9.9540e-04,  3.0709e-04],
        [-1.3705e-03,  1.7282e-03, -1.5177e-03],
        [ 1.3899e-03, -1.4789e-03,  9.9893e-05],
        [ 1.3591e-03, -4.1699e-04, -8.7525e-04],
        [ 3.7681e-04,  7.4229e-04,  2.0118e-03],
        [-9.1977e-04, -7.3345e-04, -9.3198e-04],
        [ 9.2504e-04,  1.6415e-03, -1.6566e-04],
        [-1.4079e-03,  2.7488e-04, -1.5884e-03],
        [ 7.7924e-04,  2.3627e-03, -6.5446e-04],
        [-5.8790e-04, -2.4572e-04,  4.8668e-05],
        [-3.1393e-04, -1.2869e-03, -1.8347e-03],
        [ 1.0846e-04,  1.6611e-03,  1.6511e-04],
        [ 1.8172e-03, -1.3032e-03, -1.5101e-03],
        [ 1.2640e-03,  4.1706e-04,  3.4750e-05],
        [-3.4502e-04,  5.1779e-05,  1.5624e-04],
        [ 8.2504e-04,  1.2336e-03, -1.1957e-03],
        [ 8.8250e-04,  4.9904e-04,  1.8282e-03],
        [ 1.0613e-03,  1.3623e-03,  2.5891e-03],
        [ 8.5976e-04,  2.4856e-05, -8.6343e-05],
        [-1.1052e-03,  1.7794e-04, -1.3131e-03],
        [-5.9193e-04, -2.4211e-04, -1.2477e-03]], device='cuda:0')), ('fcs.0.bias', tensor([-6.5621e-05, -8.1631e-04, -1.7031e-03, -6.1586e-04,  3.2493e-03,
        -1.5949e-03,  1.5128e-03,  9.4682e-05, -1.1876e-03, -8.7877e-04,
         3.8232e-04,  1.0443e-03,  1.2072e-03, -5.6419e-04,  2.1301e-03,
         7.3884e-04,  3.8903e-04, -3.7441e-04,  3.7967e-04, -1.9930e-03,
        -2.6736e-03, -6.8325e-04,  6.2771e-04,  3.2022e-03,  6.5992e-04,
         4.3143e-05,  7.0956e-04,  6.0975e-04,  5.9048e-04,  8.8510e-04,
        -5.4810e-04, -1.7860e-03, -1.2172e-03,  1.6145e-01,  6.4471e-04,
        -8.2308e-04,  3.2433e-04,  1.8756e-03, -4.1523e-04,  1.3569e-04,
         6.2768e-04,  2.2436e-03,  9.0282e-05,  1.7294e-04, -6.2219e-05,
        -3.8993e-04, -8.7591e-04, -5.0333e-04,  1.3069e-03, -5.7583e-04,
         2.3877e-03,  6.6199e-04, -1.7625e-03,  7.9288e-04,  1.3857e-03,
        -1.2077e-04,  1.9817e-03, -6.4753e-04, -4.7082e-04,  1.7568e-03,
        -3.0301e-03, -3.7768e-03,  1.7925e-03, -1.5133e-03, -1.0998e-03,
        -5.9797e-04,  4.8243e-04,  1.3777e-04,  2.0628e-03, -1.8627e-03,
        -2.8067e-03, -2.6476e-03, -2.8078e-04,  6.6843e-04, -1.9559e-04,
        -3.8827e-04,  9.3060e-04, -7.9425e-04, -5.5552e-05, -1.5113e-03,
         4.2581e-04,  1.8151e-03, -1.5543e-03,  8.2911e-05, -1.3092e-03,
        -5.5580e-05,  1.6470e-03, -1.4794e-03, -7.9696e-04,  1.6208e-03,
         1.2708e-03, -3.1071e-04, -1.1747e-03,  1.3399e-03, -2.6823e-03,
         4.2324e-04, -1.4069e-03,  1.1037e-03, -9.7573e-04,  1.3132e-03,
        -5.8251e-04,  9.3589e-04, -6.3358e-04,  1.5500e-04, -7.3628e-04,
        -1.2338e-03, -4.1372e-04, -1.3196e-03,  1.0024e-03,  2.2501e-03,
        -1.4203e-03,  8.7415e-04,  2.2207e-03, -1.0748e-03,  1.2216e-03,
        -1.8093e-03,  1.3746e-04, -7.3531e-04,  4.1335e-04, -4.7140e-04,
        -7.9921e-04,  1.8251e-03,  5.3554e-04, -6.8716e-04,  2.0621e-04,
         1.5535e-03, -1.2971e-03, -1.4561e-05], device='cuda:0')), ('fcs.1.weight', tensor([[-1.7478e-03,  2.7053e-03, -2.8261e-03,  4.0617e-04, -1.2550e-03,
          8.0048e-04, -1.9021e-03,  2.5445e-04,  1.3433e-03,  5.9271e-04,
         -8.5823e-04, -7.3925e-04, -1.3081e-04, -9.8511e-04, -2.2241e-03,
         -9.6082e-04, -1.3674e-03, -2.6930e-04, -8.8856e-04, -5.2846e-04,
          5.4964e-04, -1.1572e-03, -2.6055e-03,  1.5683e-03, -1.2015e-03,
          1.0275e-03, -1.8701e-03, -1.1850e-03, -7.1046e-04, -7.1780e-04,
         -1.4280e-03, -7.2207e-04, -1.0434e-03,  8.3960e-01,  1.0351e-04,
         -2.2481e-03, -1.6762e-03, -7.2428e-04,  2.8617e-04,  1.0535e-03,
         -8.6186e-04,  7.5284e-04, -1.6829e-04, -5.3392e-04, -1.5572e-04,
          2.0374e-03,  1.7372e-03, -9.3763e-04, -1.9254e-03,  5.1382e-04,
          8.0441e-04, -9.5971e-05,  6.0543e-05, -8.8599e-04,  4.3216e-04,
         -2.9903e-06, -7.5052e-05,  8.3599e-06, -2.3403e-05, -1.5123e-03,
          3.9613e-05,  3.6580e-04, -2.0015e-04, -1.8593e-03, -6.7124e-04,
         -1.6376e-03,  9.8087e-04,  2.4100e-04, -1.0916e-04,  2.4427e-05,
          8.7307e-04,  3.5178e-04,  1.8707e-03,  1.2737e-03, -1.0566e-03,
         -1.6105e-03,  9.6590e-04,  1.6820e-03,  2.2574e-04,  2.1131e-03,
         -1.0545e-04, -8.8697e-04,  6.2398e-04,  7.0031e-05,  3.2625e-03,
         -3.3714e-04,  1.7963e-03, -4.6201e-04,  1.3474e-04,  7.0513e-04,
         -8.3214e-04,  1.5301e-03,  2.4071e-03, -6.1409e-06,  3.9194e-04,
          2.1657e-04, -2.7175e-04, -1.6723e-03, -7.8926e-05,  3.9957e-03,
          2.7954e-03,  5.4243e-04,  1.8680e-03, -1.8022e-03, -3.9403e-04,
          8.6730e-04,  3.5982e-04, -1.1155e-03,  4.0548e-03,  1.4119e-03,
          4.5879e-04, -2.3281e-03, -1.9819e-03,  2.6990e-04,  6.1148e-04,
          9.2695e-04, -9.5558e-04, -2.0491e-03,  1.5221e-03,  1.5510e-03,
         -3.4705e-03,  4.8648e-04, -2.8194e-04, -1.3019e-03, -1.2784e-03,
         -1.8658e-03, -4.2626e-04,  1.6697e-03]], device='cuda:0'))])
end of epoch 28: val_loss 0.00819887970535504, val_acc 1.0
trigger times: 1
end of epoch 29: val_loss 0.009636434112746315, val_acc 1.0
trigger times: 2
end of epoch 30: val_loss 0.012204891975213385, val_acc 1.0
trigger times: 3
end of epoch 31: val_loss 0.007459295391600484, val_acc 1.0
trigger times: 4
end of epoch 32: val_loss 0.0052714470284180946, val_acc 1.0
trigger times: 0
saving model weights...
Weights: OrderedDict([('fcs.0.weight', tensor([[-4.4064e-04,  5.4013e-04, -1.3793e-03],
        [ 8.2154e-06, -1.7170e-04, -1.4855e-03],
        [-1.6019e-03, -1.6051e-03,  9.9903e-04],
        [ 4.9129e-04, -2.7012e-04, -1.0659e-03],
        [-9.4617e-04, -2.5353e-04, -1.4697e-03],
        [-9.6145e-04, -9.9075e-04, -1.3375e-03],
        [-2.8529e-03, -7.8081e-04, -1.5897e-04],
        [-1.1399e-03,  8.8271e-04,  7.0298e-04],
        [-1.6505e-03,  5.6063e-04,  9.5013e-04],
        [-9.4192e-04, -9.9596e-04, -6.6069e-05],
        [-5.0717e-04, -2.7474e-04, -5.0345e-04],
        [ 3.0284e-04,  2.2011e-03, -1.5187e-03],
        [ 1.5513e-04,  9.0134e-04, -3.2530e-03],
        [ 4.0541e-04,  1.0758e-03,  1.7338e-03],
        [-5.6033e-04,  9.4569e-04,  1.9062e-03],
        [-9.6732e-04, -1.5123e-03,  3.0360e-05],
        [ 6.3835e-04,  1.1496e-03, -5.9492e-04],
        [-1.1485e-03,  1.5701e-03, -7.8136e-04],
        [-4.6934e-05,  3.9120e-03,  8.3359e-04],
        [ 3.2710e-03,  2.8959e-04,  6.2070e-04],
        [-5.2351e-06,  4.3517e-04, -7.8075e-04],
        [-1.5073e-03, -2.1962e-04, -3.1518e-04],
        [ 2.6006e-03,  1.7542e-03,  1.0860e-04],
        [ 1.1678e-03, -1.0709e-03, -2.4241e-03],
        [ 1.8319e-03, -8.1464e-04,  3.6403e-04],
        [-2.1563e-03,  8.6856e-05, -2.8802e-03],
        [ 1.5263e-03, -1.6791e-03,  3.0991e-04],
        [ 9.5227e-04,  2.0610e-03,  1.7221e-03],
        [ 2.4343e-03, -9.0358e-04,  2.8837e-03],
        [ 7.2523e-04, -3.1279e-03,  1.9707e-03],
        [-5.0937e-04,  1.1665e-03, -6.4424e-04],
        [-5.4700e-04,  1.5279e-04, -1.0165e-03],
        [-1.8803e-04,  1.8876e-04, -9.1435e-04],
        [-2.5001e-01,  6.6425e-01, -2.4292e-01],
        [-4.3565e-04, -1.4008e-03,  2.7244e-03],
        [-6.9727e-04,  2.9552e-04,  1.9265e-04],
        [ 9.3230e-04,  5.1981e-04,  1.3719e-03],
        [-6.2719e-04,  1.1914e-03, -3.6280e-04],
        [ 6.6245e-04, -1.9512e-04,  1.4385e-04],
        [-3.0466e-03,  1.0499e-03,  2.1658e-04],
        [ 1.4437e-04,  9.5773e-04,  1.7056e-03],
        [ 3.4712e-04,  4.2779e-05, -1.0751e-03],
        [-9.4768e-04, -1.3707e-04,  3.9419e-04],
        [-8.1719e-04,  5.7441e-04,  6.4721e-04],
        [ 8.2614e-04,  1.0332e-03, -9.5981e-04],
        [-1.5988e-03, -9.8486e-04, -1.1507e-03],
        [-1.1647e-03,  1.3289e-03,  2.0376e-04],
        [ 2.2302e-04,  1.1425e-03, -9.0738e-04],
        [ 1.4580e-06, -7.6501e-04,  1.5378e-03],
        [ 8.5294e-04, -2.0998e-04,  3.3298e-04],
        [ 1.7787e-03,  1.7211e-03, -1.6508e-03],
        [-8.1115e-04, -2.2440e-03, -2.0968e-03],
        [ 3.5285e-03,  4.0095e-04, -1.0129e-03],
        [ 2.4289e-03, -1.9070e-04,  1.0541e-03],
        [-3.3241e-04, -1.2543e-03, -6.8888e-04],
        [-2.3423e-04,  3.8676e-04, -1.5070e-03],
        [ 7.1656e-04, -2.6442e-03,  9.7193e-04],
        [-9.7361e-04, -1.8184e-03,  1.8920e-03],
        [-2.7233e-03, -8.1963e-04,  1.8885e-03],
        [ 1.1860e-03, -1.2952e-03, -7.9084e-05],
        [ 4.8003e-04,  1.4687e-03, -3.4352e-04],
        [-3.4423e-04,  1.1526e-03, -3.2193e-04],
        [-1.8381e-03,  8.4584e-04,  1.6180e-03],
        [ 1.2668e-03,  1.1391e-03,  2.3380e-03],
        [-5.5352e-04,  3.8034e-04, -1.9351e-03],
        [-1.0963e-03, -2.3456e-04, -8.7642e-04],
        [-1.2741e-03,  1.7749e-03, -5.6986e-04],
        [-1.7348e-04, -6.7891e-04,  8.6940e-04],
        [-8.4444e-04,  1.0808e-03,  1.5174e-03],
        [ 1.3635e-04, -1.4012e-03,  7.0225e-04],
        [-1.3429e-03, -8.1536e-04,  2.2666e-03],
        [-6.7431e-04, -1.8519e-03, -2.0692e-03],
        [-5.2056e-04,  5.6877e-04,  1.6675e-03],
        [-8.3517e-04,  1.3512e-04, -9.6503e-04],
        [-1.6828e-03,  4.2660e-03,  2.0797e-03],
        [-1.6883e-03, -4.9774e-04, -1.6465e-03],
        [ 1.2596e-05,  4.5615e-04,  8.1444e-04],
        [ 1.8185e-04, -2.0868e-03,  8.8662e-05],
        [-3.8310e-03, -1.5578e-03,  5.2841e-04],
        [ 1.5021e-03,  1.9610e-04, -1.8566e-03],
        [ 1.2143e-03, -2.3145e-04, -1.4950e-04],
        [ 1.7893e-03,  6.3999e-04,  2.4302e-04],
        [ 2.7661e-04,  6.4152e-04, -1.1969e-03],
        [-1.9120e-03,  2.0993e-03, -7.9284e-04],
        [-2.0353e-04,  2.1763e-03,  1.2180e-03],
        [ 1.5893e-03,  1.2665e-03,  2.6440e-03],
        [ 1.7895e-03,  1.1148e-03, -4.2322e-04],
        [ 1.5284e-04, -2.3686e-04,  2.2406e-03],
        [ 1.5527e-03, -1.2552e-03, -1.3742e-03],
        [ 1.2043e-03, -5.3098e-04, -5.9334e-04],
        [-1.4082e-03, -1.4013e-03, -2.0112e-03],
        [ 4.3515e-04,  2.8933e-04,  1.4449e-03],
        [ 2.0725e-04, -2.5473e-03,  1.2070e-03],
        [ 1.0587e-03, -1.3308e-03, -1.4139e-04],
        [ 3.4360e-04, -2.0243e-03,  1.3587e-03],
        [ 1.3184e-03, -2.5264e-03, -7.5238e-04],
        [ 1.5750e-03,  8.9365e-04, -9.4635e-04],
        [-2.8581e-04, -6.5597e-04, -1.9851e-03],
        [-4.2846e-04, -8.2764e-04, -1.7297e-03],
        [-4.9360e-05,  8.2880e-05,  3.7232e-04],
        [-4.6951e-04,  1.4416e-03,  1.0934e-03],
        [-1.0551e-03,  2.0972e-03, -1.3658e-03],
        [ 1.5200e-03,  5.0973e-04,  1.4410e-03],
        [-4.7112e-04,  6.5400e-04,  6.4459e-04],
        [-4.2357e-04, -1.8982e-03, -1.4206e-03],
        [ 2.4690e-03, -4.8200e-04,  1.5348e-03],
        [-6.4334e-04,  4.9852e-04,  2.7692e-03],
        [-5.5258e-04,  4.9173e-05,  1.8817e-03],
        [ 7.8123e-04, -1.9471e-03,  2.4459e-03],
        [-2.5079e-03,  3.2275e-04, -7.6934e-04],
        [ 5.5153e-04, -8.3764e-05, -8.2539e-04],
        [ 2.3937e-03,  2.9602e-05, -6.1665e-04],
        [-1.7214e-04,  4.3390e-04,  3.2652e-04],
        [-8.2213e-04, -6.7438e-04, -1.0133e-03],
        [-7.1055e-04,  2.0715e-03, -1.3486e-03],
        [ 4.9581e-04, -9.3399e-04, -1.1043e-03],
        [-2.4324e-03, -4.2500e-04, -1.1716e-03],
        [-1.0706e-03,  1.6505e-03,  8.3619e-04],
        [-6.3992e-04,  2.1230e-03, -1.5298e-03],
        [-1.1228e-03, -1.4740e-03,  6.1941e-04],
        [ 6.9293e-04, -1.4342e-03,  4.8923e-04],
        [ 1.7089e-03, -8.1474e-04,  5.5380e-04],
        [ 8.4930e-05, -8.4246e-04,  1.3698e-03],
        [ 3.2602e-03,  8.9836e-04, -9.2213e-04],
        [-9.0529e-04,  5.0924e-04, -1.2386e-03],
        [-5.1746e-04,  7.3628e-04,  6.3970e-05],
        [ 9.6704e-04, -1.1473e-03,  9.4119e-04],
        [-2.3862e-03,  2.5734e-04,  1.4486e-03]], device='cuda:0')), ('fcs.0.bias', tensor([ 1.3445e-03,  6.7114e-04,  2.6451e-04, -3.3728e-03,  5.5969e-04,
         3.7172e-03, -2.2351e-03, -1.5277e-04,  5.0791e-04,  1.3447e-03,
         1.0487e-03,  5.3716e-04, -2.3710e-03, -1.2201e-04, -1.0351e-03,
         7.6321e-05,  2.7720e-05, -1.2955e-03, -5.0585e-04, -9.9243e-04,
         1.1356e-03,  8.2003e-04,  3.1099e-03,  2.3475e-03,  9.3610e-04,
        -6.7009e-04, -1.3558e-03,  1.3761e-03, -3.0320e-04,  1.8923e-04,
         1.0221e-03,  2.0347e-03,  9.9528e-04,  2.0780e-01,  1.7131e-03,
         1.0459e-03, -1.1185e-03, -1.3919e-04, -1.3874e-03, -9.3528e-04,
        -5.4106e-04,  3.0922e-05, -1.5067e-03, -1.5794e-03, -1.1880e-03,
        -2.1553e-03,  7.9370e-04,  1.5181e-03, -4.9597e-04,  1.4156e-03,
         5.7307e-04, -4.4767e-04,  1.0822e-03, -1.0662e-03,  1.3518e-03,
         1.3504e-03, -1.2082e-03,  1.3288e-03,  6.8835e-04,  6.1261e-04,
         6.2505e-04,  8.6451e-04,  2.7884e-03, -1.4251e-03, -2.3189e-03,
        -1.7691e-03,  4.2810e-04, -1.0077e-03,  2.0750e-03,  1.1142e-03,
        -6.4707e-04,  1.1436e-03, -1.3165e-04, -3.4195e-03, -1.8993e-03,
        -1.3412e-03, -1.5010e-03, -6.1382e-04, -1.5171e-03,  3.7954e-04,
        -7.9164e-04,  1.5056e-03, -7.9746e-04,  5.1557e-04,  1.0652e-03,
        -4.2767e-03, -1.7737e-03, -8.9384e-04, -1.7639e-03,  9.4868e-04,
        -1.6973e-03,  9.8838e-04, -5.1921e-04,  7.9644e-05, -3.6981e-04,
         1.0948e-03, -9.4354e-04, -2.0160e-03, -1.2549e-03, -1.8844e-03,
         1.0362e-03, -2.0096e-03,  1.5795e-03,  4.0878e-04,  2.0310e-03,
        -3.8640e-04, -2.5290e-03,  1.1673e-03,  1.3875e-03, -3.2536e-03,
         1.4836e-03, -1.3386e-03,  4.2394e-03,  4.5110e-04, -4.3693e-04,
        -1.0937e-03, -3.5006e-05,  2.3352e-03,  6.3536e-04,  7.0219e-04,
         7.5172e-04, -2.8775e-03, -1.1321e-03, -1.8924e-03, -3.7034e-03,
         2.6577e-03, -9.3575e-04,  4.3383e-04], device='cuda:0')), ('fcs.1.weight', tensor([[ 1.9043e-03,  1.2591e-03, -6.8607e-04, -4.0733e-04,  7.4256e-04,
         -7.0654e-04,  1.3980e-04,  8.9743e-04, -2.5996e-03, -1.3976e-03,
          1.0957e-03,  9.1484e-04, -5.8819e-04, -1.1234e-03, -4.5424e-04,
         -2.1621e-04,  1.5764e-03, -1.0871e-03, -6.4913e-04,  1.6443e-04,
          9.7423e-05,  1.9198e-03,  8.5770e-04,  6.1498e-04,  1.5022e-03,
          7.4513e-04,  2.7216e-04, -9.9955e-04,  8.9078e-04, -1.0868e-03,
         -7.9511e-05,  2.3103e-04,  2.4251e-03,  8.6474e-01, -1.9959e-03,
         -5.8552e-04,  2.6222e-03, -3.8757e-04,  1.4032e-03,  1.0074e-03,
          2.5980e-03, -7.1427e-04, -2.3669e-03, -1.3801e-03,  4.7463e-04,
          5.9181e-04,  2.2933e-04, -9.6766e-04,  7.1907e-04, -2.1183e-04,
         -1.1312e-03, -4.1927e-04,  3.9468e-03, -7.9793e-04, -1.2958e-04,
         -7.3892e-04, -1.9753e-04, -9.9900e-04, -5.9662e-04,  1.8531e-03,
          5.4800e-04,  9.6850e-04,  1.3070e-03, -1.3895e-03, -9.2076e-04,
         -1.1008e-04, -1.7469e-03, -7.9336e-04,  1.5740e-03, -3.3097e-03,
          8.2974e-04, -1.1111e-03, -1.0555e-03,  3.9701e-04,  2.3670e-03,
          1.3287e-03,  6.4197e-04,  2.6177e-03,  1.1570e-03,  1.1969e-03,
          9.8602e-04,  7.6051e-04,  1.7776e-03,  8.7932e-04, -3.5577e-04,
          2.3240e-03, -1.9183e-03, -1.8672e-03, -1.4103e-03, -9.2552e-04,
         -4.7035e-04, -6.8932e-04, -1.0592e-03,  1.4418e-03,  1.4694e-03,
         -7.4146e-04, -6.1319e-04,  1.0321e-03,  2.6479e-03,  2.6779e-04,
         -1.4151e-03, -1.0642e-03,  1.1027e-03,  1.8972e-04, -2.0704e-05,
         -9.6920e-05, -1.1900e-03,  2.0019e-03, -1.8569e-04,  1.4174e-03,
          5.2710e-04,  7.2202e-04,  2.1298e-04, -4.9889e-04,  4.4558e-04,
         -1.6103e-03,  1.0118e-03, -1.0912e-03, -3.0845e-04, -8.1897e-04,
          8.3434e-04, -6.5771e-04,  1.1271e-03, -1.1389e-03,  8.6292e-04,
          7.4805e-04,  6.7533e-05,  4.1755e-04]], device='cuda:0'))])
end of epoch 33: val_loss 0.007042810018644659, val_acc 1.0
trigger times: 1
end of epoch 34: val_loss 0.008285101191675146, val_acc 1.0
trigger times: 2
end of epoch 35: val_loss 0.011710715694332912, val_acc 1.0
trigger times: 3
end of epoch 36: val_loss 0.009920141707249997, val_acc 1.0
trigger times: 4
end of epoch 37: val_loss 0.006319793282945127, val_acc 1.0
trigger times: 5
end of epoch 38: val_loss 0.007977432561152327, val_acc 1.0
trigger times: 6
end of epoch 39: val_loss 0.011434810865755408, val_acc 1.0
trigger times: 7
end of epoch 40: val_loss 0.009559513000166149, val_acc 1.0
trigger times: 8
end of epoch 41: val_loss 0.00985011071814931, val_acc 1.0
trigger times: 9
end of epoch 42: val_loss 0.006869113086766738, val_acc 1.0
trigger times: 10
Early stopping.
0 0.8051347207183426 -191.10004520678868
1 1.0442767299100524 -189.05007017278314
2 1.5282874636868655 -187.50220085194994
3 2.930400989134796 -180.24009179391223
4 4.407674096986739 -171.9613792356186
5 4.125878968498 -169.3817016847894
6 3.732534176167974 -167.87631268052303
7 1.4499047627396067 -164.27567046290412
8 3.4202672084065853 -163.76742236654098
9 6.294667226398815 -156.0786895876365
10 4.594186754889961 -155.22804551507866
11 3.8164303401717916 -145.29002069283715
12 4.338905998622067 -142.86657280197298
13 9.653699054280878 -142.75441848091938
14 8.912678301530832 -136.98962801176134
15 4.42026067486222 -132.4813576990395
16 10.50068849278614 -130.98347157271724
17 5.606469611469947 -118.2436222554584
18 13.378853392627207 -117.38411415155902
19 6.842814877403725 -116.97382686219106
20 11.703923040622612 -115.06704102317899
21 15.819983206441975 -112.47832645551227
22 8.723543636500835 -103.24187681049156
23 16.622862249205355 -99.7422752992134
24 19.879800364375114 -98.18526661663928
25 16.840825770050287 -88.94674758091466
26 19.806752572127152 -85.88346861832474
27 21.855916989967227 -79.38307722218848
28 20.54245593212545 -79.25112655387144
29 14.97529662004672 -73.50697855948762
30 15.843810796737671 -72.69803191552006
31 20.185189486132003 -71.37326168319514
32 17.757449109107256 -68.27187815304366
33 18.6972322948277 -65.42298162776466
34 20.088335555046797 -65.35816021006309
35 21.196198089048266 -49.3186741604369
36 13.570403054356575 -17.325441617065966
37 22.41105283243087 -4.374511275254108
38 21.5648845397518 -0.4258658969524013
39 18.761246223002672 9.108146753357724
40 19.72814736654982 17.732630180500013
41 26.049401460019 40.64550156746333
42 25.705626282840967 41.11774838972275
43 22.145931603874487 48.64917674484657
44 24.37489553168416 52.50260039838799
45 24.726196378469467 52.54502852695255
46 25.224684704560786 59.52827491841281
47 25.709871595725417 63.45606316769021
48 26.758633619290777 66.31570758515764
49 20.936600715765962 67.13050507695384
50 28.294452253729105 72.16624272108386
51 20.53715055808425 79.16074531670823
52 22.515797523781657 84.19837606184075
53 22.503995852544904 89.30707154325768
54 22.475653732195497 90.2698850730257
55 23.140024414286017 90.28646231697512
56 26.492693684995174 90.32667007477052
57 28.266022328287363 91.18021498086692
58 27.20058948546648 92.38187517969644
59 22.69820750877261 92.67153902025292
60 22.88812280446291 93.69474938898811
61 27.30587311089039 93.86112859581364
62 23.49475012347102 95.24073532592021
63 23.461014211177826 95.3630101766082
64 23.796255016699433 96.09581961281374
65 24.829094868153334 97.90553231413178
66 24.055407665669918 98.07644230926206
67 24.376890689134598 98.35872828331676
68 23.508146652951837 98.57334710000995
69 24.131973583251238 98.77895390936838
70 23.867089280858636 99.10163703819775
71 24.211672093719244 99.47183807834362
72 24.33918310329318 101.36707045382526
73 24.671160243451595 102.70820969163083
74 24.402474232017994 103.61971441966246
75 25.17273148149252 104.00039883786899
76 25.208971329033375 104.94014608739957
77 24.57340693846345 105.28448326377394
78 25.588336776942015 105.60678192821229
79 26.37100873142481 106.95774051225432
80 25.302677273750305 107.03525723063939
81 25.823100719600916 107.05410485829283
82 26.71795547939837 107.36477417456501
83 26.58416996896267 107.72369032284489
84 25.10923657938838 107.78006757763964
85 25.42141468822956 107.99397435655325
86 26.07304736226797 108.08910889221833
87 25.464769069105387 108.09776529440465
88 26.50001423433423 108.24033506535473
89 26.39259957149625 109.15712102315346
90 26.101701766252518 109.71287331230647
91 26.247864995151758 110.25063890779474
92 26.396365279331803 110.45880856467717
93 26.9431081302464 110.48639228144049
94 26.599900916218758 111.92877271779909
95 26.512049667537212 112.29467419620224
96 26.744737032800913 112.73910566375015
97 26.919821286574006 112.98274531176438
98 27.12051320821047 113.84616479719523
99 28.388192784041166 114.84612239587612
100 26.67796053737402 115.08707834021696
101 28.185598112642765 115.41025719446112
102 27.862643606960773 115.5646624637931
103 28.07824981585145 115.87882502857741
104 27.151670010760427 116.51927592390606
105 26.969241473823786 116.69939038222442
106 27.91675105690956 117.18809854794453
107 27.76725465990603 117.29357601720739
108 28.371390763670206 117.43241923864416
109 27.723987635225058 119.84073495876005
110 28.89760983362794 122.74776106687673
111 28.788317188620567 124.10172315382671
112 29.50061260908842 124.42382576156477
113 28.911943394690752 124.48179570258212
114 28.97285832837224 125.2590893824027
115 29.102557323873043 125.30457667780085
116 29.113461028784513 125.43458549438884
117 30.548821590840816 129.13346806288703
118 30.45614915341139 129.67718524437547
119 31.125317811965942 131.40806576766226
train accuracy: 1.0
validation accuracy: 1.0
