demo lengths 200
demos: (120, 200, 13)
demo_rewards: (120,)
[-191.10004521 -189.05007017 -187.50220085 -180.24009179 -171.96137924
 -169.38170168 -167.87631268 -164.27567046 -163.76742237 -156.07868959
 -155.22804552 -145.29002069 -142.8665728  -142.75441848 -136.98962801
 -132.4813577  -130.98347157 -118.24362226 -117.38411415 -116.97382686
 -115.06704102 -112.47832646 -103.24187681  -99.7422753   -98.18526662
  -88.94674758  -85.88346862  -79.38307722  -79.25112655  -73.50697856
  -72.69803192  -71.37326168  -68.27187815  -65.42298163  -65.35816021
  -49.31867416  -17.32544162   -4.37451128   -0.4258659     9.10814675
   17.73263018   40.64550157   41.11774839   48.64917674   52.5026004
   52.54502853   59.52827492   63.45606317   66.31570759   67.13050508
   72.16624272   79.16074532   84.19837606   89.30707154   90.26988507
   90.28646232   90.32667007   91.18021498   92.38187518   92.67153902
   93.69474939   93.8611286    95.24073533   95.36301018   96.09581961
   97.90553231   98.07644231   98.35872828   98.5733471    98.77895391
   99.10163704   99.47183808  101.36707045  102.70820969  103.61971442
  104.00039884  104.94014609  105.28448326  105.60678193  106.95774051
  107.03525723  107.05410486  107.36477417  107.72369032  107.78006758
  107.99397436  108.08910889  108.09776529  108.24033507  109.15712102
  109.71287331  110.25063891  110.45880856  110.48639228  111.92877272
  112.2946742   112.73910566  112.98274531  113.8461648   114.8461224
  115.08707834  115.41025719  115.56466246  115.87882503  116.51927592
  116.69939038  117.18809855  117.29357602  117.43241924  119.84073496
  122.74776107  124.10172315  124.42382576  124.4817957   125.25908938
  125.30457668  125.43458549  129.13346806  129.67718524  131.40806577]
maximum traj length 200
num training_obs 1800
num training_labels 1800
num val_obs 200
num val_labels 200
ModuleList(
  (0): Linear(in_features=13, out_features=128, bias=True)
  (1): Linear(in_features=128, out_features=1, bias=False)
)
device: cuda:0
end of epoch 0: val_loss 0.0018608919520488598, val_acc 1.0
trigger times: 0
saving model weights...
Weights: OrderedDict([('fcs.0.weight', tensor([[ 2.9763e-05, -2.8982e-05,  4.8886e-04,  ..., -2.2773e-04,
          1.8773e-03, -4.6410e-04],
        [-5.6480e-05, -1.7882e-05,  1.9739e-04,  ...,  6.1349e-05,
          2.0939e-04, -1.7196e-04],
        [ 8.2117e-02,  5.8786e-05, -1.5115e-04,  ...,  1.3279e-04,
         -1.8076e-04, -2.5199e-04],
        ...,
        [ 5.0154e-05,  8.3206e-06, -1.9332e-04,  ..., -1.0170e-04,
         -5.2309e-05,  1.6435e-04],
        [-3.5162e-04,  1.1309e-04, -1.5243e-05,  ..., -1.9136e-04,
          7.1609e-04, -7.2743e-04],
        [ 1.2739e-02, -4.2942e-02, -7.0553e-03,  ..., -5.9151e-02,
          2.5883e-04, -2.4237e-04]], device='cuda:0')), ('fcs.0.bias', tensor([ 7.7710e-05,  5.4650e-05,  1.4595e-04, -7.3456e-04,  2.3245e-02,
         1.0702e-04,  3.1932e-04,  2.0299e-04,  1.9727e-05,  3.3148e-06,
        -6.1599e-04, -1.6342e-05, -1.8326e-04,  4.7040e-04,  8.1326e-05,
        -2.0542e-02, -2.1041e-04, -6.8043e-05,  1.1114e-04, -1.5778e-01,
         3.7177e-04, -1.8559e-04,  1.6118e-04, -6.9976e-06,  2.3729e-02,
        -1.4465e-04,  2.7983e-04,  1.6762e-04, -9.3725e-05, -1.7997e-04,
        -1.3170e-01, -4.8386e-05,  6.6826e-05,  1.7112e-04, -1.0404e-04,
        -7.5299e-05, -1.0335e-04,  1.1681e-05, -5.5981e-05, -1.0062e-02,
         5.6322e-05, -1.8049e-05,  2.0737e-04, -1.2405e-04,  5.9093e-07,
         5.9345e-05,  3.9543e-05,  4.5331e-05, -8.9320e-07,  1.1841e-04,
        -8.2377e-04,  7.1389e-04,  3.2371e-04, -3.1005e-04,  3.6690e-04,
         2.0960e-04,  8.6332e-06,  1.0336e-04,  1.0317e-04,  1.4800e-04,
        -3.2841e-05, -5.5466e-05,  4.1850e-03,  9.0949e-05, -1.8408e-04,
         1.7618e-04,  9.3297e-05, -1.4137e-05, -4.5159e-05, -5.5817e-05,
        -4.9993e-05,  1.1015e-04, -4.2687e-04,  3.2881e-04,  5.4640e-04,
        -7.5107e-05,  1.9752e-04,  1.0233e-04, -3.9581e-04, -4.7684e-04,
         1.9386e-04,  4.5370e-05, -2.4614e-05,  1.3025e-03,  1.6456e-04,
        -4.0153e-05,  9.4482e-05, -2.0722e-05,  2.6186e-04,  1.1679e-05,
        -5.8310e-06, -9.1791e-05, -4.0194e-05, -1.3497e-05,  2.6552e-04,
        -6.9913e-02, -9.4368e-02, -2.3414e-04, -7.6829e-05, -4.5324e-04,
        -3.1049e-02, -4.7246e-05,  4.8459e-05,  1.8840e-04,  9.3759e-05,
        -1.5950e-04,  5.8302e-05, -1.0115e-01,  6.0525e-04,  1.0257e-04,
        -4.4701e-04,  1.5786e-05, -1.9289e-05, -7.9131e-05, -5.0521e-04,
         3.1037e-04,  1.2812e-04, -3.2732e-04, -1.6210e-03,  1.0142e-04,
         1.2366e-04,  3.2537e-06,  4.2986e-05, -1.6439e-04, -1.6506e-04,
        -1.3208e-04,  2.3900e-05,  2.1027e-02], device='cuda:0')), ('fcs.1.weight', tensor([[ 3.0289e-05, -1.3403e-04, -2.1790e-03,  2.9636e-05,  3.9775e-01,
          4.9968e-05,  7.4469e-08,  6.5004e-05,  1.1629e-05,  1.7775e-05,
         -3.4534e-04, -7.6103e-05,  6.8962e-06,  7.2652e-06,  1.8091e-04,
         -2.6071e-01,  2.1109e-05,  1.4380e-05,  2.6532e-06, -2.7852e-02,
         -8.3168e-04, -1.2441e-05, -9.1511e-06,  3.3800e-05,  4.0867e-02,
          1.0694e-05, -1.3881e-05, -4.3209e-05, -2.9027e-05,  1.4271e-05,
          2.1152e-02, -2.1417e-05, -1.7073e-05,  1.2761e-05,  7.4526e-05,
          1.8395e-04, -4.7124e-05,  2.0676e-05,  1.7015e-05,  4.3784e-06,
         -6.6776e-05, -4.1206e-06,  4.6023e-05, -1.9613e-05,  5.4564e-06,
          4.8577e-05, -2.8956e-06, -3.0772e-05, -3.1507e-05, -6.7462e-04,
         -3.7337e-05, -1.0712e-05, -4.5616e-06, -2.4286e-05,  8.7917e-05,
          9.0917e-04,  1.3051e-05,  9.7775e-07, -4.8038e-05, -1.7509e-05,
          2.0710e-04,  7.0544e-06,  1.6653e-02,  5.1641e-05, -2.3592e-06,
         -4.6694e-05,  5.5742e-05, -1.8450e-06,  1.5477e-05, -5.4948e-06,
         -7.0569e-06, -3.7052e-06,  4.4259e-07,  8.4593e-04, -1.3086e-05,
          1.7180e-05,  4.6808e-05,  6.5532e-03,  1.2341e-05,  4.8816e-05,
          5.5259e-06, -7.3342e-06,  1.1630e-05,  2.3495e-05, -2.4364e-04,
         -1.6999e-05,  6.1771e-04, -5.7095e-05, -1.2143e-06,  2.4398e-05,
          6.1081e-06, -1.5164e-04, -1.0679e-05, -3.2500e-05,  2.0761e-03,
          5.5983e-05, -2.7669e-02,  1.7337e-05,  9.0179e-06, -3.0669e-05,
         -1.0339e-02, -6.2953e-06, -1.8297e-01,  2.8647e-05,  8.9889e-06,
         -2.3485e-06, -2.5449e-07,  3.3704e-01, -2.1693e-04, -5.6005e-06,
         -1.4910e-05, -2.0547e-04, -1.2902e-05, -7.1642e-02, -4.6771e-06,
          2.3405e-06,  2.6176e-04, -4.9744e-05, -3.3441e-05,  5.5539e-04,
         -1.3344e-04,  8.0688e-05, -1.0673e-05, -8.8232e-04, -1.4576e-04,
         -1.7032e-05,  3.9404e-05,  5.4591e-02]], device='cuda:0'))])
end of epoch 1: val_loss 0.037131850926986516, val_acc 0.99
trigger times: 1
end of epoch 2: val_loss 1.1299887655907126, val_acc 0.89
trigger times: 2
end of epoch 3: val_loss 0.34502529993187636, val_acc 0.98
trigger times: 3
end of epoch 4: val_loss 0.0025680427526264893, val_acc 1.0
trigger times: 4
end of epoch 5: val_loss 0.03339022338351242, val_acc 0.99
trigger times: 5
end of epoch 6: val_loss 0.06270608950406281, val_acc 0.995
trigger times: 6
end of epoch 7: val_loss 0.0321226640008777, val_acc 0.995
trigger times: 7
end of epoch 8: val_loss 0.49793998718261717, val_acc 0.985
trigger times: 8
end of epoch 9: val_loss 0.00012207279046293706, val_acc 1.0
trigger times: 0
saving model weights...
Weights: OrderedDict([('fcs.0.weight', tensor([[ 6.5755e-05,  5.4025e-07, -1.0706e-04,  ...,  6.6361e-04,
         -3.6542e-04, -8.6862e-04],
        [ 1.8602e-04,  3.7506e-04,  3.9063e-04,  ...,  3.1835e-04,
         -3.0477e-04, -9.0294e-04],
        [-2.1775e-04, -7.6832e-05,  6.8782e-04,  ..., -2.2548e-03,
          1.2828e-03, -6.8992e-04],
        ...,
        [-6.2956e-07,  8.7555e-04,  8.9552e-04,  ..., -7.4893e-04,
          2.3726e-03,  2.1576e-04],
        [-2.0349e-05, -9.8979e-06, -1.6241e-04,  ...,  4.8794e-05,
         -5.9396e-05,  6.4577e-04],
        [-5.7221e-04,  2.5159e-04, -5.8927e-04,  ..., -2.2649e-04,
          6.9728e-04,  1.2718e-03]], device='cuda:0')), ('fcs.0.bias', tensor([-4.8873e-05,  1.5736e-04,  1.0910e-04, -2.1335e-04, -1.0345e-04,
        -1.6290e-04,  3.3493e-05,  1.2448e-04, -5.0702e-04,  7.5014e-05,
         7.7689e-04,  9.8177e-05,  4.9141e-04,  2.7092e-05, -1.0723e-04,
        -3.2509e-05, -2.4146e-04, -3.6393e-05,  9.7135e-04, -1.2754e-04,
         4.6749e-04, -4.3579e-05, -2.4122e-04, -4.5043e-04,  1.7203e-04,
         6.2446e-04, -1.0574e-04, -1.7719e-04, -2.2261e-03,  4.7770e-02,
         1.5605e-02,  3.1894e-05,  8.9188e-05, -4.7653e-04,  3.4950e-04,
         1.8728e-04,  2.3622e-04, -1.6358e-04, -1.9666e-05,  1.7428e-04,
         3.0882e-04, -1.4662e-04, -1.7641e-05,  1.5238e-04,  5.9481e-04,
        -4.6336e-04,  1.1057e-03, -2.2768e-04,  3.1542e-04,  4.0924e-04,
        -3.1500e-01, -8.1255e-04,  8.1169e-06, -1.5267e-04, -3.7995e-05,
        -6.7035e-05,  8.0767e-04,  4.2889e-05,  9.9792e-05, -3.2979e-04,
         9.7569e-04,  5.5728e-04, -1.9393e-05, -1.7330e-05, -7.4102e-04,
         4.0201e-06, -8.7943e-04, -1.4006e-03,  8.4556e-04, -1.6748e-01,
        -1.5770e-03, -1.5472e-04,  1.2087e-04, -2.4416e-01, -4.9167e-04,
        -7.7701e-05, -2.1417e-04, -2.0215e-05,  1.3389e-04,  1.7637e-04,
        -1.8188e-03, -8.7990e-05, -3.3322e-05, -3.5137e-05,  1.3646e-05,
         1.2890e-05, -2.9358e-04, -7.1962e-04, -2.6861e-05, -9.8333e-06,
        -6.7000e-02,  3.9772e-04,  1.3856e-04, -2.8832e-04,  1.6853e-03,
        -5.3448e-05,  1.4906e-04, -9.2967e-02,  7.7912e-04, -4.4301e-04,
         1.0574e-04, -2.2960e-04,  8.9954e-05,  1.0335e-04,  2.5113e-04,
         7.3144e-07,  2.5885e-04,  1.1401e-01, -1.0894e-05, -1.8460e-01,
        -1.0114e-03, -3.5866e-04,  6.3746e-05,  1.1891e-05,  2.0113e-04,
         9.5416e-06,  3.2866e-05, -1.2711e-04, -4.7749e-04, -1.9019e-06,
        -6.2396e-05,  6.0937e-05,  6.4854e-06,  2.5026e-04, -4.5120e-04,
        -2.1133e-04, -7.1233e-05,  4.6427e-03], device='cuda:0')), ('fcs.1.weight', tensor([[-5.2380e-04, -4.0039e-04, -1.4509e-04,  1.7587e-04, -3.1327e-05,
          3.9860e-05, -7.7837e-06,  1.6570e-04,  2.3075e-05, -2.2060e-07,
         -1.0305e-04, -1.5047e-05, -1.0421e-03,  2.5410e-04, -6.5204e-04,
          3.0504e-05,  1.9248e-04,  1.8277e-05, -3.0210e-05, -2.3861e-03,
          6.3560e-05,  3.9422e-05, -3.8158e-05,  6.4180e-04,  7.4448e-04,
         -8.2690e-05,  4.9836e-06,  8.0855e-05, -7.1812e-05,  2.4169e-06,
         -1.4968e-01, -7.0171e-04, -1.7142e-04, -1.7657e-05,  2.2538e-04,
         -4.9146e-04,  1.0845e-03,  4.5061e-05, -3.7432e-06, -1.3871e-04,
         -8.7636e-07,  7.3625e-05,  3.9521e-05, -6.0922e-05, -2.1419e-05,
          4.5304e-06, -2.8811e-04, -3.0217e-06, -8.5156e-04,  3.8341e-04,
          6.4181e-01, -8.1027e-04, -7.1755e-05,  3.3062e-05,  5.0754e-05,
          6.3421e-06, -1.1796e-03,  3.2627e-04,  1.4937e-05,  2.0704e-06,
         -7.4869e-05,  1.4364e-04, -2.4958e-05, -2.8906e-04, -3.5296e-05,
         -6.7180e-06, -2.6868e-04, -5.2455e-04, -2.4931e-04, -1.3085e-05,
          7.1985e-04, -1.0445e-04,  4.7693e-05,  5.1711e-01,  8.0713e-05,
         -3.3434e-05, -2.1413e-05,  5.8322e-05,  8.5971e-05,  6.7895e-05,
          1.2025e-03, -2.3216e-05,  3.0349e-04,  6.7612e-05,  4.1361e-05,
          8.1001e-05,  2.5694e-06, -6.0403e-06, -2.1642e-05,  1.1414e-05,
         -2.1921e-01, -9.5361e-04,  3.2755e-05,  2.4113e-04, -7.5171e-04,
         -2.3608e-05,  7.7101e-06, -6.5579e-06, -6.2757e-04, -2.5195e-06,
         -1.4181e-06, -7.2565e-05, -1.3643e-05,  7.1200e-05, -2.0193e-05,
         -1.1564e-04,  5.7077e-06,  4.9564e-01, -1.3520e-05, -1.2033e-01,
         -1.0769e-05, -8.9725e-04,  6.5611e-05, -1.5064e-04, -3.3934e-04,
          4.1327e-05,  5.4997e-05, -6.9036e-06,  2.3134e-05,  1.5575e-05,
          1.8648e-05, -4.2987e-04, -3.6036e-05, -6.9105e-04,  1.7700e-03,
         -5.6568e-04, -3.4829e-06, -1.5581e-04]], device='cuda:0'))])
end of epoch 10: val_loss 0.020918358689030362, val_acc 0.99
trigger times: 1
end of epoch 11: val_loss 0.14609024047851563, val_acc 0.995
trigger times: 2
end of epoch 12: val_loss 0.002374162822961523, val_acc 1.0
trigger times: 3
end of epoch 13: val_loss 0.0034741630398464453, val_acc 1.0
trigger times: 4
end of epoch 14: val_loss 3.174517536535859e-05, val_acc 1.0
trigger times: 0
saving model weights...
Weights: OrderedDict([('fcs.0.weight', tensor([[-1.2498e-01,  1.5438e-01, -4.2957e-05,  ...,  8.1585e-05,
          1.0950e-04,  3.7177e-04],
        [ 3.0180e-03,  1.4863e-04, -1.6008e-04,  ..., -9.7440e-04,
          1.4672e-04,  1.6236e-03],
        [-6.3263e-04, -6.2322e-05, -1.6550e-03,  ...,  9.2850e-04,
          2.1426e-03,  1.8392e-03],
        ...,
        [ 5.5696e-05, -1.2085e-04,  5.0981e-04,  ..., -6.6059e-04,
         -1.0816e-03,  1.3392e-03],
        [-4.4176e-01, -1.4604e-01, -4.5535e-02,  ..., -2.7049e-01,
          1.0287e-01,  9.6702e-03],
        [-5.4049e-04,  1.1108e-04, -7.7889e-04,  ...,  1.7743e-04,
         -1.1194e-03, -1.4049e-03]], device='cuda:0')), ('fcs.0.bias', tensor([-1.3474e-01,  1.9932e-03,  8.7443e-04,  1.0216e-03, -2.7043e-01,
         1.5229e-04,  2.6819e-01,  2.2440e-04,  5.9938e-02, -2.5025e-01,
        -1.2710e-04, -2.7385e-02,  3.0263e-01, -3.2881e-02, -5.8062e-04,
         2.8023e-01, -7.6479e-05,  1.0820e-04, -4.9031e-04,  7.1775e-04,
         1.4602e-03,  1.7732e-01, -2.9132e-01,  3.5684e-04,  1.2979e-03,
         4.5492e-02,  3.7877e-04, -1.9158e-01, -1.1902e-04, -2.9656e-01,
         3.2053e-04, -2.0186e-01, -2.6587e-04, -9.4585e-04,  2.9055e-04,
         7.5053e-04,  1.9261e-05, -2.9952e-01,  4.6634e-04, -5.3596e-04,
         1.2932e-05, -1.8569e-04,  2.5813e-01, -2.9531e-04, -2.7919e-01,
        -2.9480e-01, -9.5823e-04, -6.0324e-02,  1.2620e-04, -9.4656e-03,
         5.1070e-04,  1.9054e-04, -1.8840e-01,  5.6523e-04, -2.0748e-04,
        -2.8170e-01, -1.4467e-03,  7.6939e-04, -6.6726e-05,  2.2111e-01,
        -2.9290e-01,  1.5599e-04,  1.8145e-04,  3.3178e-04, -4.3690e-04,
         2.2028e-01, -4.4522e-04, -1.6070e-04, -2.0499e-01,  2.6726e-01,
        -1.4565e-05, -1.7275e-04,  3.2949e-01, -5.6989e-05, -3.0286e-01,
         4.5112e-03, -3.3559e-01, -2.8627e-01, -8.3900e-05, -2.2869e-06,
         1.1291e-03,  9.9404e-04, -1.5908e-01, -2.8957e-01,  1.1416e-04,
         1.4936e-01,  2.5128e-01,  1.1503e-04,  1.7311e-04, -2.5349e-01,
        -8.7771e-04,  3.6040e-05,  4.3149e-04, -4.7483e-04,  3.5733e-04,
        -2.7614e-01,  1.0175e-01,  5.5712e-05,  5.4363e-04, -8.5772e-04,
         1.7700e-04, -4.6026e-04, -3.0730e-01,  8.8265e-04, -4.4067e-04,
        -2.7968e-02, -9.2472e-02,  1.6422e-01, -1.6994e-01, -9.1693e-03,
        -2.5821e-01, -4.2234e-01, -9.6169e-04, -2.9856e-01, -9.0223e-02,
        -1.3051e-04, -3.9520e-06, -1.3708e-04,  3.8769e-04, -1.7525e-01,
        -8.6558e-05,  1.7651e-04,  5.2244e-04, -1.3323e-04, -6.6207e-04,
        -7.8987e-04, -2.5634e-01,  7.1295e-04], device='cuda:0')), ('fcs.1.weight', tensor([[ 6.7159e-03, -1.4808e-04, -7.6595e-04,  2.2041e-04,  1.5718e-01,
          8.1352e-04,  1.0824e-03, -1.6234e-04, -8.7056e-02, -3.9430e-03,
          1.2360e-03, -1.9782e-04,  2.1176e-02, -1.6125e-01, -1.5913e-02,
         -2.3077e-01, -1.7751e-04,  4.5466e-04,  1.1708e-03,  9.8424e-02,
         -5.8200e-04,  4.3231e-01,  5.9530e-02, -2.8398e-04, -9.3423e-05,
         -4.7261e-05,  1.5166e-03, -1.9272e-03, -1.3615e-02,  9.6782e-02,
          6.6914e-03,  1.9767e-04, -9.4387e-04, -9.8814e-05, -2.8361e-04,
          4.4352e-05, -1.0838e-04, -2.6348e-01,  1.0688e-03,  1.2103e-04,
         -7.4308e-05, -2.3910e-03, -1.6003e-02,  2.5077e-05, -1.7884e-02,
          1.1936e-01,  4.3908e-04,  8.2908e-02,  1.6797e-05,  2.1423e-01,
         -1.2148e-04, -2.3904e-04,  2.1527e-04,  1.1387e-04, -6.3058e-03,
         -6.7174e-03, -3.1219e-05, -7.7859e-04,  4.7018e-04, -3.4434e-02,
          1.1795e-02, -1.5157e-04,  2.4140e-03, -9.0357e-06,  1.0735e-04,
          9.3836e-02, -5.5071e-05, -4.1765e-04,  9.3251e-02,  1.8140e-02,
         -3.8334e-04, -1.1651e-04,  1.0557e+00, -6.8866e-05, -2.5712e-02,
         -2.5377e-01,  2.7252e-02, -3.7050e-02,  9.6527e-06, -3.5040e-03,
         -6.1020e-05,  2.9247e-02, -9.2288e-05,  1.2922e-01,  5.5272e-02,
         -3.0366e-03,  1.5719e-03, -1.2309e-03, -2.3049e-02, -4.1491e-01,
          1.1877e-01, -2.9300e-05, -2.3913e-05,  1.2023e-04,  1.5184e-04,
          3.4926e-02,  2.6007e-02, -2.3368e-04,  8.4161e-04, -2.6012e-04,
         -1.2532e-04, -1.1270e-04,  1.6994e-01, -3.6968e-02,  4.5727e-04,
          7.0554e-01,  1.1860e-01,  8.1176e-01,  4.6938e-02, -3.2678e-04,
          3.4830e-02, -2.2906e-01, -1.3022e-02,  7.9464e-03, -5.7334e-02,
         -6.6123e-04,  1.8557e-04,  3.9096e-04,  5.7777e-03, -1.5995e-04,
         -8.0238e-03,  7.9808e-06,  2.1464e-04,  1.1259e-06, -6.7539e-04,
          2.8766e-05, -1.7647e-01, -7.9812e-05]], device='cuda:0'))])
end of epoch 15: val_loss 0.018907149436084795, val_acc 0.995
trigger times: 1
end of epoch 16: val_loss 0.1720497821933526, val_acc 0.995
trigger times: 2
end of epoch 17: val_loss 0.058884097808219134, val_acc 0.995
trigger times: 3
end of epoch 18: val_loss 0.06056748755072476, val_acc 0.995
trigger times: 4
end of epoch 19: val_loss 0.019342554439209573, val_acc 0.995
trigger times: 5
end of epoch 20: val_loss 0.003620401514038036, val_acc 1.0
trigger times: 6
end of epoch 21: val_loss 0.02729337750934061, val_acc 0.995
trigger times: 7
end of epoch 22: val_loss 0.0013407078254543592, val_acc 1.0
trigger times: 8
end of epoch 23: val_loss 2.6889159342395886e-05, val_acc 1.0
trigger times: 0
saving model weights...
Weights: OrderedDict([('fcs.0.weight', tensor([[ 7.8989e-05,  2.0446e-05,  2.4012e-04,  ..., -4.2886e-05,
          2.2926e-04,  3.5973e-04],
        [ 3.3165e-04,  4.5897e-05,  6.8014e-05,  ..., -1.6506e-04,
         -1.1546e-03,  6.5081e-04],
        [ 1.0684e-04, -4.6734e-05, -5.0769e-05,  ...,  2.4518e-03,
          9.6831e-04,  2.1357e-03],
        ...,
        [-4.5689e-06, -9.2517e-02,  1.4101e-04,  ..., -8.2987e-05,
         -5.4360e-04,  8.0161e-04],
        [ 5.6623e-04,  1.9532e-03,  2.1487e-04,  ...,  6.7406e-04,
         -1.9063e-03, -8.0142e-04],
        [ 2.1139e-04, -1.5062e-04, -5.3763e-04,  ..., -2.4014e-04,
          7.1152e-04,  6.1765e-04]], device='cuda:0')), ('fcs.0.bias', tensor([ 1.9603e-04,  2.7582e-04,  1.9516e-04, -1.0489e-03,  4.0115e-05,
        -2.3189e-05, -5.8168e-04,  3.1160e-05,  2.4621e-01,  3.2004e-04,
        -2.4970e-01,  1.3880e-03,  5.8459e-04,  1.1424e-03,  1.6576e-01,
         3.4725e-04,  3.0174e-04, -2.9305e-04, -7.8401e-04, -7.0921e-04,
         1.0448e-01,  1.9610e-04,  1.1968e-04, -4.3128e-04, -2.5176e-01,
        -4.0329e-05, -3.2313e-04,  4.0570e-06, -2.2573e-04, -2.5081e-04,
         9.8567e-05,  4.4413e-04, -1.5259e-04, -1.4978e-03,  7.9816e-05,
        -8.1929e-02,  2.2527e-04, -1.5278e-04, -2.3607e-01,  8.7136e-05,
        -3.8129e-04, -2.2358e-01, -5.0156e-04, -1.3064e-01,  2.7898e-05,
         1.4155e-01, -3.5797e-05,  2.1291e-03,  3.7998e-05, -1.0912e-04,
         7.0886e-05, -2.7031e-01, -9.4077e-02,  4.6885e-05,  3.8819e-04,
         8.5940e-05, -8.2724e-04, -3.3675e-05,  6.4955e-04,  2.4584e-02,
        -6.8917e-05,  7.4044e-02,  6.0487e-05, -1.1576e-01, -1.4183e-01,
        -1.8776e-01, -9.6938e-05,  1.5303e-03, -9.2494e-03, -2.7625e-04,
        -2.6181e-04, -2.1771e-04, -1.4338e-01, -1.0657e-04, -2.1302e-01,
        -8.4767e-02, -7.0511e-05,  4.6199e-05, -2.2956e-05, -2.3783e-05,
         4.1188e-02, -2.7297e-01,  8.5794e-04,  7.9972e-05, -2.1794e-01,
        -2.6668e-04,  8.4817e-04, -1.6777e-04,  3.1756e-04,  8.0616e-05,
        -1.3056e-04, -1.7049e-01, -8.1899e-05, -4.3534e-04, -2.4771e-04,
        -4.8969e-04,  1.6525e-04, -8.6456e-05, -9.2227e-05, -1.8831e-01,
         2.6255e-01, -6.2886e-05, -1.0513e-04,  2.2593e-01,  1.7878e-04,
         1.1209e-04,  7.6234e-05,  1.7639e-01, -2.6472e-01,  3.5840e-04,
         2.2583e-04,  1.9158e-06,  3.7823e-06,  1.6263e-04, -5.7950e-04,
        -1.3618e-04,  2.6302e-05,  1.5518e-01, -1.6106e-01,  6.4576e-05,
         1.7425e-03, -4.4816e-05, -7.1038e-02,  2.1140e-04,  1.1007e-01,
         2.8816e-02,  1.2167e-03, -5.9891e-05], device='cuda:0')), ('fcs.1.weight', tensor([[ 2.6071e-05,  1.4388e-01, -3.4200e-05, -1.4643e-05,  1.0289e-01,
         -4.1473e-02,  3.8230e-05,  5.8680e-06,  6.7784e-02,  1.2573e-03,
          8.1178e-05,  5.0344e-04,  4.3980e-04, -9.7325e-05,  1.4772e-05,
         -1.3536e-05,  3.3150e-02, -4.3663e-06, -1.4746e-05,  1.9501e-04,
         -8.6427e-02,  1.9394e-05,  3.6449e-06, -1.6891e-04, -1.5794e-04,
         -1.8406e-04, -1.2256e-04,  1.5633e-04, -7.4980e-06, -2.0081e-05,
         -6.1544e-05, -3.2993e-05,  4.1791e-05, -9.1570e-05,  5.0520e-06,
          1.7503e-04,  7.9731e-05,  1.2776e-04, -3.1067e-04,  8.1138e-06,
          3.4855e-05,  1.4875e-05,  8.5022e-02, -1.4887e-05,  1.2289e+00,
         -4.4936e-02, -6.0891e-05, -9.1177e-04,  1.7265e-04,  1.2205e-04,
          9.9158e-04,  5.6528e-05,  1.4864e-01,  1.9465e-04,  2.1771e-04,
          4.0822e-04,  2.9690e-04, -1.8707e-04, -7.4597e-04, -5.9220e-03,
          2.8869e-05, -2.1524e-02, -5.3737e-04,  4.4746e-02, -8.4984e-02,
          3.1540e-04, -2.1911e-01, -3.6921e-05, -1.6941e-01,  6.1518e-05,
         -3.5805e-04, -3.8691e-05,  1.1607e+00,  6.4385e-05, -1.4057e-04,
         -2.7099e-05,  4.1956e-06, -8.2290e-06, -2.8035e-05,  4.8760e-05,
         -2.6624e-02, -1.2827e-02, -7.3246e-06,  3.5855e-01, -5.4674e-05,
          6.3664e-04,  1.4066e-01,  1.7517e-02,  2.6153e-05, -1.3998e-02,
          2.5472e-04, -4.2848e-02,  1.5038e-04, -1.2790e-05,  5.3096e-06,
         -3.6664e-04,  2.7448e-05,  7.7623e-05,  3.0207e-04, -5.5554e-02,
         -1.0470e-02, -1.1774e-06, -2.3597e-04, -6.6266e-02,  4.7419e-04,
          2.2492e-04, -2.2022e-05,  3.4210e-04,  1.1285e-05, -1.6324e-05,
          2.0943e-05, -1.9372e-04, -5.8125e-04, -2.4174e-01,  1.3834e-05,
          3.0192e-05, -8.2452e-06, -3.4458e-03,  1.5430e-01,  3.9383e-05,
          3.1014e-05, -7.7478e-02,  1.6740e-01, -5.3539e-05, -5.9328e-02,
          1.9228e-02, -1.5009e-04, -7.6806e-05]], device='cuda:0'))])
end of epoch 24: val_loss 0.0001041204608872448, val_acc 1.0
trigger times: 1
end of epoch 25: val_loss 0.0001797266025094757, val_acc 1.0
trigger times: 2
end of epoch 26: val_loss 0.46121817036354057, val_acc 0.975
trigger times: 3
end of epoch 27: val_loss 2.893830413086107e-05, val_acc 1.0
trigger times: 4
end of epoch 28: val_loss 0.1213852083683014, val_acc 0.985
trigger times: 5
end of epoch 29: val_loss 0.022398425340575692, val_acc 0.995
trigger times: 6
end of epoch 30: val_loss 5.903338314503514e-06, val_acc 1.0
trigger times: 0
saving model weights...
Weights: OrderedDict([('fcs.0.weight', tensor([[ 0.0004,  0.0001,  0.0012,  ...,  0.0006, -0.0007, -0.0021],
        [ 0.0001, -0.0002, -0.0008,  ...,  0.0004,  0.0012,  0.0013],
        [-0.0004,  0.0002, -0.0010,  ...,  0.0006, -0.0011,  0.0005],
        ...,
        [-0.0003, -0.0004,  0.0006,  ...,  0.0020,  0.0013, -0.0001],
        [ 0.0005,  0.0002, -0.0015,  ...,  0.0011,  0.0009, -0.0013],
        [-0.0016, -0.0002, -0.0006,  ..., -0.0012,  0.0007,  0.0002]],
       device='cuda:0')), ('fcs.0.bias', tensor([-5.9841e-04, -2.7980e-04,  4.8542e-04,  1.5108e-03, -2.4081e-04,
         6.6649e-04, -1.6995e-04, -1.4303e-03,  1.5564e-04, -2.9799e-06,
        -2.2857e-04, -4.4367e-04,  3.1082e-03,  1.4037e-04, -1.0038e-04,
        -3.3542e-02, -7.6255e-05, -1.3229e-01,  4.4745e-06,  5.4488e-06,
        -4.7987e-04,  1.1069e-03,  2.7113e-04, -9.1246e-05, -1.2936e-03,
         3.8060e-04, -5.0849e-05, -8.1946e-02, -3.5341e-04, -3.4444e-04,
        -1.8391e-04,  2.6757e-05, -5.3793e-04,  7.3214e-04, -3.0915e-05,
         3.9474e-06, -7.7661e-04,  2.2635e-04, -7.7113e-05,  1.5769e-04,
         2.5590e-05,  1.8999e-04, -1.0949e-03, -2.0124e-03,  3.2236e-01,
        -2.2525e-04,  1.4411e-05, -4.1403e-04,  6.4837e-06, -1.0314e-05,
         2.3615e-04,  1.5575e-01, -2.9767e-06, -1.3316e-04, -1.4805e-01,
         6.6235e-05, -7.8029e-04,  1.2453e-03, -1.0300e-04, -2.8371e-04,
        -3.0719e-05, -3.6411e-04,  2.4162e-05,  5.1662e-04, -8.9771e-04,
         7.5675e-05, -7.1846e-06,  1.6761e-04, -1.6253e-04,  6.7470e-05,
        -2.3000e-04,  2.5048e-05,  1.9753e-04, -8.6714e-04,  3.9917e-05,
         3.4260e-04,  5.0500e-05, -1.0196e-04, -5.0232e-05,  2.4425e-03,
        -3.4517e-06,  2.8082e-04,  1.1463e-04, -3.6314e-05,  5.4216e-05,
        -1.0909e-05, -3.1172e-04,  2.4543e-08,  3.4303e-04, -6.4889e-04,
         3.7686e-05, -1.3924e-01,  2.0529e-04,  6.6301e-06,  9.7306e-05,
        -1.1273e-03,  2.7049e-05,  1.9357e-04, -1.1358e-03,  5.8214e-04,
        -1.7646e-01,  7.4021e-05, -2.3015e-04,  5.6779e-04, -2.5903e-07,
         2.8523e-03,  2.5721e-06,  1.3939e-03,  8.3910e-04,  1.8774e-04,
        -1.8116e-01, -5.0940e-05, -1.3964e-04,  7.5765e-06, -4.8206e-05,
        -1.8996e-03,  9.8547e-05, -2.5672e-01, -1.0565e-05,  5.8784e-04,
        -7.3646e-04,  1.0462e-03, -2.0960e-04, -9.3133e-05, -5.1049e-05,
        -1.1317e-03, -7.6629e-04,  3.4026e-04], device='cuda:0')), ('fcs.1.weight', tensor([[ 4.8207e-07, -4.7651e-04,  8.0355e-05, -1.7218e-04,  1.7374e-04,
          1.1339e-04, -3.0727e-06,  2.3028e-04,  2.3061e-04, -1.0519e-04,
          4.4313e-04, -2.8634e-04, -1.6095e-04, -2.6479e-05,  1.4633e-04,
          1.6736e-01, -1.5499e-06, -2.8719e-05,  1.1262e-05,  1.1659e-06,
          1.5811e-04, -7.3736e-05, -7.0946e-06, -1.5092e-05, -9.9376e-05,
         -1.0170e-04,  1.1321e-04,  1.1503e-01,  4.6362e-04, -2.9923e-05,
         -1.2152e-05, -2.7505e-05, -2.1822e-04,  2.4823e-04, -8.3389e-05,
         -3.3037e-06,  2.9049e-05,  1.2115e-04,  1.7162e-04,  9.5640e-05,
         -2.8442e-05,  1.8340e-05, -6.5608e-05,  6.6635e-05,  1.3068e+00,
          2.3783e-04, -3.3815e-06, -9.3515e-05, -3.6097e-04, -7.3296e-04,
          1.5531e-05, -1.0424e-01, -2.8101e-05,  2.1420e-04,  5.7830e-02,
          4.1185e-04, -1.5563e-06,  3.2045e-06, -8.0955e-07, -2.5621e-05,
         -3.9703e-05, -5.7554e-07, -3.7319e-05, -1.9907e-04,  6.0583e-05,
         -6.0040e-04, -2.7799e-04,  1.1425e-04,  5.7989e-05,  4.6332e-04,
         -1.1056e-04, -2.4711e-05, -1.7309e-04, -4.7375e-05, -8.8039e-05,
         -1.7963e-05, -1.0936e-03, -1.1203e-04, -1.6907e-06, -9.0878e-04,
         -1.4755e-06, -6.1294e-05, -2.9650e-04, -1.5859e-05,  7.9054e-05,
         -5.6978e-06, -2.4393e-06, -1.4060e-04,  1.2144e-03, -6.3044e-05,
         -1.1912e-05, -1.4388e-05,  1.3650e-04,  5.2048e-06,  1.2656e-05,
          1.8695e-04, -2.3470e-05,  4.2153e-05, -7.1172e-05,  1.4025e-04,
          1.6309e-01,  1.3941e-04, -4.2720e-05,  5.5865e-05, -2.7975e-04,
         -2.8853e-05,  7.1647e-04, -1.1784e-04, -1.0779e-04, -9.6065e-05,
          2.7090e-05, -1.2540e-05,  3.6861e-05,  1.8726e-04, -2.4264e-05,
         -1.4740e-04,  7.6545e-05, -5.1887e-05,  1.0252e-04, -7.4018e-04,
         -2.2039e-05,  2.2662e-04,  2.3579e-04,  7.1857e-05,  9.1092e-04,
         -8.7187e-04, -9.8963e-05, -1.5368e-03]], device='cuda:0'))])
end of epoch 31: val_loss 0.021364976561405305, val_acc 0.99
trigger times: 1
end of epoch 32: val_loss 0.021850902516978864, val_acc 0.99
trigger times: 2
end of epoch 33: val_loss 1.4694037475530057, val_acc 0.99
trigger times: 3
end of epoch 34: val_loss 0.06553702115958909, val_acc 0.995
trigger times: 4
end of epoch 35: val_loss 0.004553055117415212, val_acc 1.0
trigger times: 5
end of epoch 36: val_loss 0.09307796117464022, val_acc 0.995
trigger times: 6
end of epoch 37: val_loss 0.07098804896446322, val_acc 0.995
trigger times: 7
end of epoch 38: val_loss 1.5729963731765748, val_acc 0.965
trigger times: 8
end of epoch 39: val_loss 0.1585337186639663, val_acc 0.98
trigger times: 9
end of epoch 40: val_loss 2.8733071118593214, val_acc 0.945
trigger times: 10
Early stopping.
0 -309.91546988487244 -191.10004520678868
1 -257.48649275302887 -189.05007017278314
2 -297.26315319538116 -187.50220085194994
3 -269.54997473955154 -180.24009179391223
4 -279.17940044403076 -171.9613792356186
5 -144.60741864144802 -169.3817016847894
6 -312.1299788951874 -167.87631268052303
7 -311.8746780157089 -164.27567046290412
8 -281.23844212293625 -163.76742236654098
9 -281.4838968515396 -156.0786895876365
10 -272.4723750948906 -155.22804551507866
11 -299.2017183303833 -145.29002069283715
12 -227.00876188278198 -142.86657280197298
13 -156.73961347341537 -142.75441848091938
14 -167.9808255136013 -136.98962801176134
15 -218.90107756853104 -132.4813576990395
16 -61.51422771438956 -130.98347157271724
17 -182.93997332453728 -118.2436222554584
18 -165.57668183371425 -117.38411415155902
19 -255.04993414878845 -116.97382686219106
20 -6.670277778990567 -115.06704102317899
21 -63.26394869759679 -112.47832645551227
22 -123.75628047809005 -103.24187681049156
23 -123.69828872382641 -99.7422752992134
24 -63.46194379776716 -98.18526661663928
25 36.522621070966125 -88.94674758091466
26 114.04777901247144 -85.88346861832474
27 -22.19006086885929 -79.38307722218848
28 -20.780651923269033 -79.25112655387144
29 -125.32672130689025 -73.50697855948762
30 -3.8096963316202164 -72.69803191552006
31 17.54530519247055 -71.37326168319514
32 -62.79398437961936 -68.27187815304366
33 9.346491452306509 -65.42298162776466
34 -5.8077724650502205 -65.35816021006309
35 92.16820457577705 -49.3186741604369
36 -78.26190553233027 -17.325441617065966
37 -71.09019914269447 -4.374511275254108
38 -24.169838681817055 -0.4258658969524013
39 -103.73274999111891 9.108146753357724
40 -47.1940413787961 17.732630180500013
41 171.69936062954366 40.64550156746333
42 198.15775235556066 41.11774838972275
43 46.903100587427616 48.64917674484657
44 104.04375503584743 52.50260039838799
45 87.66174621880054 52.54502852695255
46 78.7598618119955 59.52827491841281
47 32.26237704977393 63.45606316769021
48 -0.8463386781513691 66.31570758515764
49 9.65488150343299 67.13050507695384
50 151.72359774447978 72.16624272108386
51 -6.936159260571003 79.16074531670823
52 3.368924740701914 84.19837606184075
53 22.256444681435823 89.30707154325768
54 -46.39840414747596 90.2698850730257
55 -48.557236939668655 90.28646231697512
56 141.41862929612398 90.32667007477052
57 33.54169364273548 91.18021498086692
58 132.98226201161742 92.38187517969644
59 -2.6986298970878124 92.67153902025292
60 -16.142886824905872 93.69474938898811
61 149.421283043921 93.86112859581364
62 -21.041856683790684 95.24073532592021
63 46.63232587277889 95.3630101766082
64 100.88060209527612 96.09581961281374
65 -23.698653619736433 97.90553231413178
66 58.77346325293183 98.07644230926206
67 36.164145302027464 98.35872828331676
68 11.06139612942934 98.57334710000995
69 37.77954047545791 98.77895390936838
70 -24.40357055142522 99.10163703819775
71 93.62388240359724 99.47183807834362
72 5.695170611143112 101.36707045382526
73 61.80144802480936 102.70820969163083
74 64.15360702201724 103.61971441966246
75 26.247554890811443 104.00039883786899
76 122.63573810271919 104.94014608739957
77 52.78290816396475 105.28448326377394
78 94.83667006716132 105.60678192821229
79 31.91545979678631 106.95774051225432
80 -28.41185337305069 107.03525723063939
81 49.787287931889296 107.05410485829283
82 -9.434351369738579 107.36477417456501
83 10.697567485272884 107.72369032284489
84 55.207751363515854 107.78006757763964
85 113.68783585727215 107.99397435655325
86 177.22599991038442 108.08910889221833
87 111.45018645003438 108.09776529440465
88 60.42549421265721 108.24033506535473
89 38.008144579827785 109.15712102315346
90 25.156369246542454 109.71287331230647
91 146.11025756411254 110.25063890779474
92 153.70323615148664 110.45880856467717
93 39.528306778520346 110.48639228144049
94 158.7798648327589 111.92877271779909
95 3.452143833041191 112.29467419620224
96 166.07683595176786 112.73910566375015
97 60.582865972071886 112.98274531176438
98 33.64519937708974 113.84616479719523
99 51.9500083103776 114.84612239587612
100 61.94552129879594 115.08707834021696
101 45.87499272823334 115.41025719446112
102 100.47299516573548 115.5646624637931
103 146.1702503785491 115.87882502857741
104 155.03108882531524 116.51927592390606
105 108.7963249348104 116.69939038222442
106 67.90819719806314 117.18809854794453
107 191.0692706927657 117.29357601720739
108 69.48318120464683 117.43241923864416
109 125.2947399429977 119.84073495876005
110 71.1535217911005 122.74776106687673
111 149.00767131894827 124.10172315382671
112 210.08454935066402 124.42382576156477
113 119.38434499874711 124.48179570258212
114 75.69883306324482 125.2590893824027
115 202.4252457525581 125.30457667780085
116 72.60465410351753 125.43458549438884
117 134.57768031209707 129.13346806288703
118 86.0959742628038 129.67718524437547
119 133.87307977676392 131.40806576766226
train accuracy: 0.9483333333333334
validation accuracy: 0.945
