demo lengths 200
demos: (120, 200, 13)
demo_rewards: (120,)
[-191.10004521 -189.05007017 -187.50220085 -180.24009179 -171.96137924
 -169.38170168 -167.87631268 -164.27567046 -163.76742237 -156.07868959
 -155.22804552 -145.29002069 -142.8665728  -142.75441848 -136.98962801
 -132.4813577  -130.98347157 -118.24362226 -117.38411415 -116.97382686
 -115.06704102 -112.47832646 -103.24187681  -99.7422753   -98.18526662
  -88.94674758  -85.88346862  -79.38307722  -79.25112655  -73.50697856
  -72.69803192  -71.37326168  -68.27187815  -65.42298163  -65.35816021
  -49.31867416  -17.32544162   -4.37451128   -0.4258659     9.10814675
   17.73263018   40.64550157   41.11774839   48.64917674   52.5026004
   52.54502853   59.52827492   63.45606317   66.31570759   67.13050508
   72.16624272   79.16074532   84.19837606   89.30707154   90.26988507
   90.28646232   90.32667007   91.18021498   92.38187518   92.67153902
   93.69474939   93.8611286    95.24073533   95.36301018   96.09581961
   97.90553231   98.07644231   98.35872828   98.5733471    98.77895391
   99.10163704   99.47183808  101.36707045  102.70820969  103.61971442
  104.00039884  104.94014609  105.28448326  105.60678193  106.95774051
  107.03525723  107.05410486  107.36477417  107.72369032  107.78006758
  107.99397436  108.08910889  108.09776529  108.24033507  109.15712102
  109.71287331  110.25063891  110.45880856  110.48639228  111.92877272
  112.2946742   112.73910566  112.98274531  113.8461648   114.8461224
  115.08707834  115.41025719  115.56466246  115.87882503  116.51927592
  116.69939038  117.18809855  117.29357602  117.43241924  119.84073496
  122.74776107  124.10172315  124.42382576  124.4817957   125.25908938
  125.30457668  125.43458549  129.13346806  129.67718524  131.40806577]
maximum traj length 200
num training_obs 1800
num training_labels 1800
num val_obs 200
num val_labels 200
ModuleList(
  (0): Linear(in_features=13, out_features=128, bias=True)
  (1): Linear(in_features=128, out_features=64, bias=True)
  (2): Linear(in_features=64, out_features=1, bias=False)
)
device: cuda:0
end of epoch 0: val_loss 0.013241112086605363, val_acc 0.995
trigger times: 0
saving model weights...
Weights: OrderedDict([('fcs.0.weight', tensor([[ 5.1143e-04, -2.8844e-06, -2.3280e-04,  ..., -1.9300e-05,
         -4.5413e-04,  8.2463e-05],
        [-1.4001e-04, -1.8164e-04,  8.0329e-04,  ..., -1.8493e-04,
          2.7863e-04, -1.3867e-03],
        [ 7.7887e-04,  5.3348e-04,  1.6115e-03,  ...,  6.3777e-04,
         -8.6734e-04,  1.5293e-04],
        ...,
        [-5.2127e-04,  1.7407e-04, -2.5600e-03,  ...,  1.6421e-03,
          9.3223e-04,  2.0097e-03],
        [-3.6474e-04,  3.0836e-04,  1.7520e-04,  ...,  4.0065e-04,
         -4.2891e-04,  1.6679e-03],
        [-4.6150e-05,  2.6266e-05,  1.7827e-05,  ...,  4.3062e-05,
          1.3163e-03, -1.8405e-03]], device='cuda:0')), ('fcs.0.bias', tensor([ 7.1227e-04, -5.9692e-04,  2.7509e-04,  3.3765e-04,  4.1396e-04,
        -3.2620e-04,  1.9794e-04, -8.8263e-04,  2.1659e-04, -4.6729e-05,
        -3.0805e-05,  1.4305e-04,  4.7671e-04, -9.3798e-05, -9.7260e-04,
         1.5991e-01, -8.3404e-05,  1.2835e-04,  2.9872e-05,  1.6419e-03,
        -1.0876e-05,  4.4052e-04,  1.1371e-04,  1.0455e-04,  1.0057e-06,
         1.9436e-04, -3.6099e-04, -9.6631e-05,  1.8888e-04, -3.5406e-04,
         1.4312e-04,  7.1747e-04, -2.6192e-03, -2.2832e-06,  1.0205e-03,
        -2.8042e-05,  1.8000e-01, -1.4179e-04, -6.9712e-05, -5.4950e-04,
        -4.8975e-04,  1.3208e-03, -1.2439e-04, -1.1298e-03, -7.4886e-04,
        -3.8401e-04, -3.1800e-04, -2.1735e-04, -9.1353e-05, -8.1965e-05,
         1.8193e-04, -7.6462e-04,  1.2244e-03, -1.1585e-01,  3.5346e-04,
        -1.5921e-04, -3.0066e-04, -2.6446e-04, -2.3276e-04, -2.5345e-05,
        -1.0205e-04,  1.0261e-03, -1.3258e-04, -1.9082e-02, -1.3588e-03,
         2.7265e-03,  9.1257e-05,  3.4316e-04, -2.0232e-03,  1.2764e-04,
         1.1992e-03,  4.4229e-03, -4.9231e-04, -1.4794e-04,  9.3267e-05,
         2.1031e-04, -9.8569e-04,  5.1445e-04, -6.3351e-04, -2.6365e-04,
         1.8504e-04,  3.0741e-04,  6.0561e-04,  1.4826e-04,  2.6720e-04,
         9.2944e-02, -2.5170e-05,  4.0205e-04,  5.9138e-04,  1.3915e-04,
         8.1471e-05, -1.3523e-04,  1.1365e-03,  9.5037e-04, -9.6763e-05,
        -1.7008e-03, -1.9590e-05, -8.8111e-04, -1.6669e-05, -2.9310e-04,
        -6.1094e-05, -1.0243e-02, -4.8571e-04,  2.4886e-04,  1.2892e-04,
         1.5848e-03, -2.1324e-04,  1.0804e-04, -3.1954e-05, -3.3948e-04,
        -2.8170e-05,  1.3423e-04, -3.4124e-04,  7.9305e-04,  4.5302e-04,
         3.1942e-04,  1.0602e-04,  2.5012e-04, -3.5626e-04, -8.6496e-05,
         4.3956e-04, -2.2251e-04, -4.8230e-04, -2.0270e-04,  4.2620e-04,
         8.8528e-04, -1.7457e-04, -7.7993e-05], device='cuda:0')), ('fcs.1.weight', tensor([[-1.0474e-03,  1.5833e-03,  5.2280e-04,  ..., -2.0464e-03,
         -7.2287e-04, -2.4547e-03],
        [-1.4193e-04, -8.1899e-05,  9.3153e-04,  ...,  4.9746e-04,
          1.6533e-04,  2.8455e-04],
        [-6.2358e-04,  3.6204e-04,  1.5438e-03,  ..., -2.1817e-03,
          5.4189e-04, -4.3747e-04],
        ...,
        [ 2.1221e-03, -5.2186e-05, -1.3411e-03,  ...,  2.2962e-04,
          6.0486e-05, -8.2858e-05],
        [-6.5363e-04, -1.4334e-04, -2.9171e-04,  ...,  1.3539e-03,
          8.4162e-05, -1.2162e-04],
        [-1.1062e-04, -4.8678e-05, -1.1067e-03,  ..., -1.7826e-03,
         -4.0274e-05, -1.4313e-05]], device='cuda:0')), ('fcs.1.bias', tensor([-5.4442e-03, -1.3710e-04,  2.7666e-04, -1.1808e-03,  2.2474e-04,
         6.5453e-04, -1.8559e-02,  6.3277e-04, -8.4885e-05,  1.0947e-04,
         4.9749e-05, -6.1408e-05, -3.8993e-05, -2.6408e-05, -2.8015e-04,
        -2.6573e-04,  8.7669e-04, -7.8092e-05, -1.3625e-01, -3.2366e-04,
        -2.0069e-03, -4.0724e-05, -1.2843e-03, -1.9040e-04, -3.7154e-04,
         2.2047e-04, -2.3465e-04, -5.5478e-05, -3.4007e-04,  1.5696e-05,
         4.0828e-04,  5.8526e-04,  2.3925e-03,  4.2156e-04,  5.3446e-04,
         8.3593e-05, -1.1760e-04,  6.9571e-05,  3.4611e-04, -1.5926e-01,
         1.3228e-03,  5.7661e-05,  1.9557e-03,  2.1404e-04,  3.1858e-04,
         2.6841e-05, -2.6857e-04,  2.0996e-05, -4.3924e-04, -3.4750e-04,
         3.0699e-05, -2.6283e-05, -4.3043e-05, -1.2783e-03,  7.6410e-05,
        -9.0560e-06, -3.3623e-03, -4.9570e-04, -9.0986e-04,  3.2741e-04,
         6.7318e-05,  5.1596e-04,  7.9785e-04, -1.0030e-04], device='cuda:0')), ('fcs.2.weight', tensor([[-3.7100e-01,  6.8933e-05, -1.5804e-05, -2.4668e-05,  4.9688e-06,
         -1.9485e-06,  3.8472e-02,  1.2696e-04, -1.3313e-05,  5.4494e-05,
          2.5918e-05,  2.1943e-05,  1.4063e-04,  5.6135e-07, -2.8098e-05,
         -2.5875e-05, -1.2175e-04, -2.1803e-06, -4.5989e-02, -8.0444e-05,
          6.0921e-05,  1.0180e-04, -2.4630e-06,  3.5056e-05,  9.3608e-06,
         -1.8127e-05, -4.9183e-05,  1.1942e-05, -2.3917e-05, -5.4243e-05,
         -4.7116e-05, -2.4502e-05,  6.0890e-05,  4.6131e-04,  1.6822e-06,
          1.6713e-05,  1.6990e-04,  1.2335e-05,  5.9905e-05, -1.2149e-01,
         -2.4642e-05,  2.1886e-04,  2.4820e-05,  6.2569e-05, -1.2753e-05,
          6.0146e-05, -1.9305e-04,  5.4351e-05,  8.2347e-04, -6.1509e-05,
          3.3348e-06, -2.9099e-05, -1.2392e-04,  1.6908e-05, -1.0268e-04,
         -7.8480e-06, -1.6098e-01,  5.8928e-05, -8.0805e-05,  1.0023e-05,
          1.8164e-04,  5.9129e-05,  3.0704e-05, -8.2016e-06]], device='cuda:0'))])
end of epoch 1: val_loss 0.08029254739967523, val_acc 0.975
trigger times: 1
end of epoch 2: val_loss 0.18962203979492187, val_acc 0.99
trigger times: 2
end of epoch 3: val_loss 0.17622447341667338, val_acc 0.985
trigger times: 3
end of epoch 4: val_loss 0.05367137621876097, val_acc 0.99
trigger times: 4
end of epoch 5: val_loss 0.0, val_acc 1.0
trigger times: 0
saving model weights...
Weights: OrderedDict([('fcs.0.weight', tensor([[ 4.5511e-02,  1.6138e-02, -5.3272e-02,  ...,  1.7417e-02,
         -4.5968e-02, -3.5922e-03],
        [-5.0747e-05, -1.7317e-03,  6.5730e-04,  ..., -1.3945e-03,
         -3.6396e-04,  3.8889e-04],
        [-1.7393e-04,  1.8343e-04, -1.6740e-03,  ...,  7.2450e-04,
         -3.3823e-03,  1.2443e-03],
        ...,
        [-2.5089e-05, -1.7589e-05, -1.2689e-04,  ..., -2.2927e-05,
          9.4429e-05,  2.3952e-04],
        [ 4.8779e-05,  4.9743e-05, -6.4912e-04,  ...,  1.5174e-04,
          1.1566e-03,  2.2417e-04],
        [ 1.2691e-04,  2.4368e-02,  5.2341e-05,  ..., -1.0579e-04,
          8.1066e-06,  4.2383e-04]], device='cuda:0')), ('fcs.0.bias', tensor([ 8.8078e-02,  8.4815e-06,  7.3685e-04,  1.3185e-03, -6.6280e-02,
        -5.7371e-04, -6.4314e-06, -2.3003e-02, -2.3464e-01,  6.0845e-01,
        -3.4357e-05,  2.0441e-01,  6.3824e-02, -1.2115e-01, -4.1510e-01,
        -1.0592e-03,  1.7542e-01,  3.1980e-05, -1.6219e-01,  1.0894e-03,
        -4.8061e-04, -2.3953e-02, -4.0150e-04, -5.2493e-04,  3.7833e-04,
        -1.6250e-04, -2.4433e-01, -8.5012e-05, -8.8681e-02, -4.1668e-07,
         4.2993e-01,  3.7324e-01, -2.5520e-04,  2.9424e-01,  3.4020e-04,
         2.8856e-04,  9.8283e-01,  2.9999e-03,  3.0629e-01, -8.5926e-04,
        -5.4406e-04, -2.0564e-01,  3.8354e-04, -3.3803e-04, -2.3817e-01,
         6.0202e-04,  5.5215e-05, -3.3221e-04, -2.6221e-01, -3.9986e-04,
        -3.1373e-04,  5.8220e-01,  1.4310e-01, -1.4508e-04, -1.8103e-01,
        -8.4786e-02, -2.0476e-01, -2.1326e-04, -2.4122e-01, -1.1088e-04,
        -1.4180e-03,  5.2384e-05, -1.5997e-01,  2.7790e-01, -1.9053e-01,
        -2.2720e-04,  4.7991e-04, -1.2489e-04,  2.4417e-01, -2.4064e-04,
        -2.7582e-01, -2.1162e-01, -2.9557e-01, -3.1046e-01, -3.3435e-05,
        -7.0520e-05, -4.7972e-02,  1.7389e-04, -9.5184e-02, -1.7178e-04,
         3.0731e-01, -1.1223e-04, -4.8509e-04, -6.2921e-04,  9.0740e-05,
        -2.8464e-01, -7.0027e-02, -1.1812e-05, -1.7490e-01, -1.0924e-01,
        -3.0776e-01,  4.0099e-01, -5.8062e-04, -7.3640e-04,  1.0447e-04,
         8.2500e-04, -2.0568e-04, -2.8339e-01,  1.8556e-01, -2.1778e-01,
        -1.4957e-04,  1.1005e-04, -5.1386e-04,  1.7409e-01, -3.0289e-04,
        -2.5712e-04, -2.6841e-04, -1.8021e-04, -2.7080e-01, -1.4620e-04,
         1.1924e-04,  1.6904e-04, -6.3375e-04, -2.3929e-04, -6.7313e-04,
        -3.9682e-02, -7.4337e-02, -1.5609e-04, -1.7536e-01,  3.2541e-04,
        -1.3747e-04,  3.1393e-03, -4.2360e-04,  1.6556e-04, -7.0866e-04,
        -6.3058e-05,  3.0248e-04,  7.0064e-05], device='cuda:0')), ('fcs.1.weight', tensor([[-2.3916e-01,  1.0895e-04,  3.5807e-04,  ..., -1.6838e-05,
          2.3727e-05,  3.7727e-04],
        [-3.5770e-05,  1.2375e-03,  1.9627e-03,  ...,  3.1072e-04,
         -9.2734e-04,  1.3054e-03],
        [-8.7970e-04,  7.6505e-04,  7.9712e-04,  ...,  4.1972e-04,
         -7.4410e-05, -6.1935e-05],
        ...,
        [-8.5183e-05,  3.7862e-04,  9.6415e-04,  ..., -4.3186e-04,
         -3.8797e-04, -2.2761e-04],
        [-4.6802e-02,  1.7127e-03, -2.6583e-04,  ..., -4.7791e-04,
          3.0683e-04,  2.7733e-05],
        [-5.4023e-04, -1.2986e-03, -8.9236e-04,  ...,  1.2648e-03,
          8.7122e-04,  7.1693e-04]], device='cuda:0')), ('fcs.1.bias', tensor([ 3.3468e-01, -2.6762e-02,  1.4777e-03,  1.0588e-04,  1.2009e-03,
        -1.6929e-04,  1.4543e-01, -2.2994e-01, -3.4706e-02,  6.4288e-05,
         1.4785e-01, -4.4610e-01, -1.8821e-01,  3.1866e-04, -8.3790e-04,
         2.9684e-01,  8.9996e-05,  3.0188e-05, -2.1105e-04, -2.4250e-04,
         3.3806e-06, -2.9660e-04,  2.1716e-03,  6.5546e-04,  3.5333e-04,
        -9.5818e-04,  1.3976e-04, -7.3504e-04,  9.5580e-05,  1.2184e-03,
         1.8500e-04,  4.2073e-04, -5.6051e-04, -1.3988e-04, -3.0649e-04,
         1.2819e-03, -1.4296e-01, -1.1815e-01, -2.4650e-01,  1.1949e-05,
        -9.5053e-05,  3.1522e-04, -2.3609e-04, -2.0382e-01,  3.6544e-05,
        -5.5862e-04,  2.4712e-06, -2.8826e-05,  1.1690e-04,  7.2975e-05,
        -1.0302e-04, -1.4199e-04, -1.5647e-01,  1.1279e-01, -6.7850e-04,
        -2.8056e-05, -1.2629e-04, -3.3134e-04, -1.0641e-03, -2.0089e-01,
        -9.9953e-04,  1.9543e-04,  2.5272e-02, -1.0748e-04], device='cuda:0')), ('fcs.2.weight', tensor([[-1.0422e+00, -1.2892e-05, -1.8945e-04, -1.1344e-01, -3.8730e-06,
         -1.9851e-06,  1.2674e-01,  7.7975e-02,  1.5139e-02, -2.4231e-01,
         -3.7020e-02,  1.8603e-01,  1.0555e-01,  7.1128e-06, -1.6230e-01,
         -3.4883e-01, -1.1717e-01,  2.2591e-04, -9.1861e-05,  6.6267e-02,
         -1.9464e-01,  1.0908e-01, -8.9214e-06, -1.4178e-04, -7.2305e-05,
         -9.0438e-02, -2.0412e-04, -2.8791e-01, -1.3327e-01,  1.1174e-05,
          6.1789e-05,  1.0359e-04, -3.1904e-05, -4.8277e-04, -8.1576e-02,
          8.6165e-02,  6.1736e-02,  3.7213e-02,  4.1333e-02, -5.3091e-04,
         -6.8297e-02,  1.4097e-01, -4.1139e-02,  8.4595e-02, -1.4290e-01,
          4.9971e-06, -1.1000e-01, -5.7001e-05,  3.1972e-02,  1.1524e-01,
          2.4432e-05, -2.2538e-05, -1.5196e-01, -1.4004e-01, -4.5025e-02,
          8.3589e-05, -1.5033e-04,  1.4304e-06,  3.8306e-05, -1.6835e-04,
          7.9499e-05, -1.3440e-06, -1.3151e-01,  8.0099e-05]], device='cuda:0'))])
end of epoch 6: val_loss 0.0, val_acc 1.0
trigger times: 0
saving model weights...
Weights: OrderedDict([('fcs.0.weight', tensor([[ 5.7696e-05, -2.0787e-06, -3.1009e-05,  ...,  1.9369e-04,
         -3.8041e-05,  1.2997e-04],
        [-3.6046e-04,  9.1262e-04, -1.1945e-03,  ..., -1.5989e-03,
          2.6007e-03, -2.6843e-03],
        [-1.4026e-04, -6.1710e-04,  5.9142e-04,  ...,  1.0272e-03,
          8.4932e-04,  1.6193e-03],
        ...,
        [ 1.7852e-04,  2.8491e-05, -2.7493e-05,  ...,  2.4783e-04,
          1.8136e-04,  1.6276e-03],
        [-1.1835e-04,  1.6458e-04, -1.5101e-03,  ..., -3.6874e-04,
         -3.7631e-04,  1.5308e-03],
        [-9.7142e-06, -9.3611e-06,  4.0837e-04,  ...,  2.1493e-04,
         -1.9992e-04, -1.3057e-03]], device='cuda:0')), ('fcs.0.bias', tensor([-3.5375e-06, -2.5512e-03, -2.0783e-04, -3.0113e-04, -1.4649e-01,
         8.1584e-04,  5.0759e-05, -2.1627e-04, -9.0936e-06,  5.4628e-06,
         3.2493e-04, -1.8422e-01, -2.3432e-01,  9.1587e-05, -5.5007e-02,
         9.6981e-04, -2.6127e-01, -1.1106e-04,  5.6724e-05, -7.3261e-05,
         1.1709e-03, -2.2282e-05,  1.0982e-03,  2.4309e-04,  9.3481e-04,
         3.6712e-04, -7.1359e-07, -5.1765e-04, -1.4234e-05, -2.6666e-05,
        -1.2894e-04,  5.4259e-05,  1.1742e-03, -1.8751e-01,  1.7605e-05,
        -7.4982e-04,  6.3119e-01, -4.3852e-02, -1.1405e-02, -1.6963e-04,
         5.4790e-04, -1.1896e-06, -6.3298e-05, -1.1206e-03, -6.9041e-02,
        -1.6059e-03, -1.0704e-03, -1.0260e-03,  6.3541e-05,  4.7055e-04,
         1.4889e-03,  1.6179e-04, -3.0207e-01,  1.2477e-03,  9.4273e-06,
        -4.2412e-02,  1.2278e-05,  3.6953e-04, -2.7775e-05, -1.6822e-04,
        -1.2745e-04, -6.1881e-04,  2.1714e-04,  3.5362e-05, -4.1326e-05,
        -1.4128e-04, -1.7034e-04, -1.9428e-04, -9.4621e-02, -1.3820e-04,
        -3.3629e-02, -3.1885e-06, -6.5067e-02, -2.3279e-01, -1.1062e-01,
         8.0232e-05, -3.0647e-06,  2.1180e-04, -3.0395e-01, -7.8834e-04,
         1.2618e-04, -5.4458e-04,  1.0293e-04, -7.4772e-04, -1.9393e-04,
        -7.6595e-02, -3.2364e-05, -9.3429e-05, -1.9300e-01, -5.1294e-05,
        -2.0392e-01,  1.0413e-01, -1.6950e-03,  6.1938e-04,  6.5053e-05,
        -1.5397e-03,  4.4268e-05, -1.1732e-03, -2.7415e-01, -2.7634e-01,
         1.9418e-04,  1.0008e-03, -6.1683e-04,  5.0899e-05, -1.3683e-04,
         4.4024e-04, -1.0737e-04, -1.6411e-03, -1.7283e-05,  3.4321e-04,
         3.3811e-04,  4.0148e-04,  1.4765e-04,  1.4694e-04,  1.0254e-03,
        -1.4628e-04, -1.6942e-07,  2.9266e-04, -2.2400e-01, -7.4041e-04,
        -1.1424e-03, -4.2080e-03, -1.8644e-04,  6.7867e-04,  3.7596e-04,
         2.4119e-04,  6.9483e-04, -5.7450e-05], device='cuda:0')), ('fcs.1.weight', tensor([[-1.5531e-05, -1.0037e-03,  3.9218e-05,  ...,  2.3808e-04,
          1.2878e-04, -5.9325e-05],
        [-4.1819e-05,  1.2974e-03,  1.9614e-03,  ...,  5.5816e-04,
         -1.2150e-03,  1.3110e-03],
        [-8.9285e-04,  7.6512e-04,  1.0547e-03,  ...,  1.0115e-03,
         -1.0577e-04, -8.0727e-05],
        ...,
        [-2.3707e-04,  1.5469e-03,  1.1055e-03,  ..., -1.0229e-03,
          5.2020e-04, -2.2786e-04],
        [-1.7180e-05,  4.8135e-04, -7.4214e-06,  ..., -1.0900e-03,
         -7.9747e-04, -8.7368e-05],
        [ 2.1576e-03, -1.3150e-03, -9.0371e-04,  ...,  1.2969e-03,
          8.8983e-04, -5.5005e-04]], device='cuda:0')), ('fcs.1.bias', tensor([-1.6006e-01,  2.7006e-04,  1.8684e-03, -2.3062e-04,  3.9180e-03,
         2.2370e-03,  8.1240e-05, -5.9068e-06,  1.8018e-04,  3.4008e-04,
        -4.0525e-05, -1.1513e-01,  5.4682e-06, -2.5190e-04, -1.5147e-04,
         1.7529e-04, -3.5622e-04, -1.0462e-03,  1.6869e-03, -2.8387e-04,
         6.4866e-04, -7.9512e-04, -1.7938e-03,  1.0184e-03, -8.2554e-04,
         5.3945e-05, -5.5435e-04,  2.7853e-04, -1.2168e-04, -1.4805e-03,
         2.1887e-04,  2.3465e-04, -7.6280e-04, -5.1998e-04,  1.0831e-03,
        -9.1078e-05, -2.7181e-05, -1.3147e-05, -2.1468e-04, -1.4331e-03,
        -4.8965e-05, -3.2718e-03, -9.7641e-04, -2.8028e-05, -5.8389e-05,
        -1.1243e-03,  2.3186e-05,  1.1853e-03,  2.8690e-04, -1.9404e-04,
         3.9063e-04, -9.0807e-04,  9.1695e-06, -2.0027e-04, -1.4531e-03,
         2.3872e-04, -1.3663e-03, -7.4213e-04,  2.8024e-04, -4.1740e-05,
        -6.9823e-04,  2.1308e-05,  7.7021e-05, -4.6257e-03], device='cuda:0')), ('fcs.2.weight', tensor([[-8.3448e-01,  1.7859e-04, -4.6405e-04, -3.1460e-05,  2.1731e-04,
         -1.1365e-04, -2.2172e-06, -2.6044e-05, -4.1584e-06,  3.1606e-05,
          1.4605e-02,  2.9062e-02,  4.6695e-06,  2.6192e-04, -7.8553e-02,
         -1.3563e-01, -3.9340e-02, -8.5199e-05, -2.3823e-04,  1.4906e-05,
         -1.3242e-01, -9.8253e-05,  6.2542e-05,  5.7657e-05,  2.4694e-04,
         -1.9200e-02, -3.0048e-05, -1.9844e-02,  3.2969e-05, -1.9491e-05,
          5.3081e-05,  3.6535e-04, -1.5395e-04, -5.4129e-04, -4.4495e-02,
          4.5521e-02, -5.6816e-05,  9.1030e-06, -6.4631e-06, -6.4529e-04,
         -2.4848e-05,  1.2439e-02, -3.9493e-05,  9.4278e-06, -5.7003e-02,
         -1.1315e-05, -9.2170e-02,  5.3366e-05, -1.2502e-06,  1.0213e-02,
         -1.1903e-05,  7.7949e-06, -1.0953e-01, -1.0315e-01, -4.1071e-05,
          7.4380e-05, -1.0631e-03, -1.7925e-06, -1.5111e-04, -3.6894e-04,
          1.9618e-04,  5.8240e-06,  2.1089e-02, -1.1699e-04]], device='cuda:0'))])
end of epoch 7: val_loss 0.17139779801516852, val_acc 0.98
trigger times: 1
end of epoch 8: val_loss 0.004235401175411368, val_acc 1.0
trigger times: 2
end of epoch 9: val_loss 0.012138578407846766, val_acc 0.995
trigger times: 3
end of epoch 10: val_loss 0.008385420271131814, val_acc 1.0
trigger times: 4
end of epoch 11: val_loss 0.2635932445526123, val_acc 0.99
trigger times: 5
end of epoch 12: val_loss 2.5148119241222843e-05, val_acc 1.0
trigger times: 6
end of epoch 13: val_loss 0.47267834960859534, val_acc 0.975
trigger times: 7
end of epoch 14: val_loss 0.436839836799918, val_acc 0.99
trigger times: 8
end of epoch 15: val_loss 0.012386961419688198, val_acc 0.995
trigger times: 9
end of epoch 16: val_loss 0.02266868550950491, val_acc 0.99
trigger times: 10
Early stopping.
0 -60.889369174838066 -191.10004520678868
1 -53.397805377840996 -189.05007017278314
2 -57.51105822622776 -187.50220085194994
3 -48.158067271113396 -180.24009179391223
4 -49.67769783735275 -171.9613792356186
5 -44.31024603545666 -169.3817016847894
6 -48.14642971754074 -167.87631268052303
7 -57.546622425317764 -164.27567046290412
8 -54.470557644963264 -163.76742236654098
9 -43.28602247685194 -156.0786895876365
10 -46.81112556159496 -155.22804551507866
11 -47.589815363287926 -145.29002069283715
12 -47.95897105336189 -142.86657280197298
13 -34.73758348822594 -142.75441848091938
14 -38.22275134176016 -136.98962801176134
15 -43.790379866957664 -132.4813576990395
16 -31.5507435426116 -130.98347157271724
17 -42.04003079235554 -118.2436222554584
18 -30.317115047946572 -117.38411415155902
19 -43.96902997791767 -116.97382686219106
20 -28.24010108411312 -115.06704102317899
21 -22.587290189228952 -112.47832645551227
22 -35.74475021660328 -103.24187681049156
23 -26.366864750161767 -99.7422752992134
24 -15.62480327137746 -98.18526661663928
25 -21.660947024822235 -88.94674758091466
26 -15.523195025278255 -85.88346861832474
27 -14.772953300271183 -79.38307722218848
28 -17.052020623814315 -79.25112655387144
29 -28.40017504672869 -73.50697855948762
30 -24.126611693762243 -72.69803191552006
31 -18.488608882471453 -71.37326168319514
32 -20.058761028572917 -68.27187815304366
33 -19.188137149438262 -65.42298162776466
34 -16.918091560248286 -65.35816021006309
35 -14.075940061360598 -49.3186741604369
36 -31.370569944843737 -17.325441617065966
37 -18.489920199179323 -4.374511275254108
38 -16.446031119208783 -0.4258658969524013
39 -24.17628831860202 9.108146753357724
40 -19.65946907014589 17.732630180500013
41 -10.20779228855099 40.64550156746333
42 -11.370350192242768 41.11774838972275
43 -18.08272216632031 48.64917674484657
44 -12.870941149798455 52.50260039838799
45 -14.353062289344962 52.54502852695255
46 -12.357624826489882 59.52827491841281
47 -14.047057538933586 63.45606316769021
48 -13.875991852662992 66.31570758515764
49 -21.60368093076636 67.13050507695384
50 -9.153581925522303 72.16624272108386
51 -23.26454542648844 79.16074531670823
52 -19.08673879134585 84.19837606184075
53 -19.331678774357897 89.30707154325768
54 -20.94014786583284 90.2698850730257
55 -19.889998612343334 90.28646231697512
56 -11.560438262364187 90.32667007477052
57 -10.233348534646211 91.18021498086692
58 -10.941568207839737 92.38187517969644
59 -19.4251527716101 92.67153902025292
60 -20.04867076458777 93.69474938898811
61 -11.06910572500783 93.86112859581364
62 -19.8330744391219 95.24073532592021
63 -17.024391139962972 95.3630101766082
64 -15.926613071866086 96.09581961281374
65 -17.60932879356551 97.90553231413178
66 -17.316093948398702 98.07644230926206
67 -17.76604806481032 98.35872828331676
68 -17.433635714809952 98.57334710000995
69 -17.829429960596826 98.77895390936838
70 -17.484139391497592 99.10163703819775
71 -14.450966050251282 99.47183807834362
72 -17.94890199857764 101.36707045382526
73 -15.354034082205544 102.70820969163083
74 -16.07965376141965 103.61971441966246
75 -16.62585887895898 104.00039883786899
76 -13.376174914029889 104.94014608739957
77 -15.001881852900624 105.28448326377394
78 -13.103902746851873 105.60678192821229
79 -14.478399042149249 106.95774051225432
80 -15.78700118343113 107.03525723063939
81 -13.777622524983599 107.05410485829283
82 -12.593804334537708 107.36477417456501
83 -14.681133760692319 107.72369032284489
84 -13.951674052285398 107.78006757763964
85 -13.583843368337057 107.99397435655325
86 -10.915585954898688 108.08910889221833
87 -14.14487526762423 108.09776529440465
88 -12.592734506233683 108.24033506535473
89 -13.73571467230795 109.15712102315346
90 -12.910257556082797 109.71287331230647
91 -11.972508480534543 110.25063890779474
92 -11.333048243107442 110.45880856467717
93 -12.7188005662465 110.48639228144049
94 -11.678882850861555 111.92877271779909
95 -14.054891342180781 112.29467419620224
96 -11.52040400938472 112.73910566375015
97 -13.142312401634626 112.98274531176438
98 -11.163462759766844 113.84616479719523
99 -10.044577434600797 114.84612239587612
100 -13.090413016208913 115.08707834021696
101 -10.473191575991223 115.41025719446112
102 -10.55462442112912 115.5646624637931
103 -9.914942196296579 115.87882502857741
104 -11.70871481528593 116.51927592390606
105 -10.809601755812764 116.69939038222442
106 -11.747182612998586 117.18809854794453
107 -8.649485899211413 117.29357601720739
108 -10.88004462977915 117.43241923864416
109 -11.28888671885943 119.84073495876005
110 -8.951074916112702 122.74776106687673
111 -8.332192397932431 124.10172315382671
112 -7.249492534344881 124.42382576156477
113 -7.013706217272556 124.48179570258212
114 -9.12922793058533 125.2590893824027
115 -7.083663292767596 125.30457667780085
116 -8.365175847138744 125.43458549438884
117 -6.0740371067659 129.13346806288703
118 -6.837687453371473 129.67718524437547
119 -4.786641261278419 131.40806576766226
train accuracy: 0.9983333333333333
validation accuracy: 0.99
