demo lengths 200
demos: (120, 200, 3)
demo_rewards: (120,)
[-191.10004521 -189.05007017 -187.50220085 -180.24009179 -171.96137924
 -169.38170168 -167.87631268 -164.27567046 -163.76742237 -156.07868959
 -155.22804552 -145.29002069 -142.8665728  -142.75441848 -136.98962801
 -132.4813577  -130.98347157 -118.24362226 -117.38411415 -116.97382686
 -115.06704102 -112.47832646 -103.24187681  -99.7422753   -98.18526662
  -88.94674758  -85.88346862  -79.38307722  -79.25112655  -73.50697856
  -72.69803192  -71.37326168  -68.27187815  -65.42298163  -65.35816021
  -49.31867416  -17.32544162   -4.37451128   -0.4258659     9.10814675
   17.73263018   40.64550157   41.11774839   48.64917674   52.5026004
   52.54502853   59.52827492   63.45606317   66.31570759   67.13050508
   72.16624272   79.16074532   84.19837606   89.30707154   90.26988507
   90.28646232   90.32667007   91.18021498   92.38187518   92.67153902
   93.69474939   93.8611286    95.24073533   95.36301018   96.09581961
   97.90553231   98.07644231   98.35872828   98.5733471    98.77895391
   99.10163704   99.47183808  101.36707045  102.70820969  103.61971442
  104.00039884  104.94014609  105.28448326  105.60678193  106.95774051
  107.03525723  107.05410486  107.36477417  107.72369032  107.78006758
  107.99397436  108.08910889  108.09776529  108.24033507  109.15712102
  109.71287331  110.25063891  110.45880856  110.48639228  111.92877272
  112.2946742   112.73910566  112.98274531  113.8461648   114.8461224
  115.08707834  115.41025719  115.56466246  115.87882503  116.51927592
  116.69939038  117.18809855  117.29357602  117.43241924  119.84073496
  122.74776107  124.10172315  124.42382576  124.4817957   125.25908938
  125.30457668  125.43458549  129.13346806  129.67718524  131.40806577]
maximum traj length 200
num training_obs 1800
num training_labels 1800
num val_obs 200
num val_labels 200
ModuleList(
  (0): Linear(in_features=3, out_features=128, bias=True)
  (1): Linear(in_features=128, out_features=128, bias=True)
  (2): Linear(in_features=128, out_features=1, bias=False)
)
device: cuda:0
end of epoch 0: val_loss 0.012482095588819887, val_acc 1.0
trigger times: 0
saving model weights...
Weights: OrderedDict([('fcs.0.weight', tensor([[-1.0377e-03, -7.0903e-04, -2.4010e-03],
        [-4.4390e-04,  6.3661e-04, -7.4473e-04],
        [ 9.3318e-04,  6.0785e-04, -2.1239e-04],
        [-2.0448e-04, -8.9425e-04,  1.0528e-03],
        [-7.7389e-04,  1.7563e-03,  1.0249e-03],
        [ 7.6602e-04,  7.0682e-04,  1.3238e-03],
        [ 1.2920e-03, -1.0140e-03, -9.2491e-04],
        [-9.2416e-04, -8.4309e-04, -2.8192e-04],
        [-1.3084e-03,  2.4636e-03, -9.7888e-04],
        [-6.4050e-04, -1.7682e-03, -1.9416e-04],
        [-1.9234e-03, -9.4114e-04,  7.6721e-05],
        [-4.2588e-04, -6.8725e-04,  6.1129e-04],
        [ 4.4910e-04, -7.2350e-04, -1.1756e-03],
        [ 2.4527e-04,  1.7371e-03,  5.6720e-04],
        [-7.3348e-04, -2.0681e-03,  1.3012e-03],
        [ 7.4085e-04,  1.7183e-03,  7.8199e-04],
        [-3.2618e-04,  5.8201e-04, -2.6825e-03],
        [ 2.3878e-04,  1.1794e-03,  8.2692e-04],
        [ 1.5801e-03,  1.2550e-03,  9.4985e-04],
        [ 3.3752e-04, -1.4570e-03,  1.1806e-03],
        [ 1.0790e-04, -7.4706e-04, -1.4381e-03],
        [ 5.8634e-04,  3.7821e-04, -1.6977e-03],
        [ 1.1117e-03, -5.3768e-04, -8.3042e-04],
        [ 5.1374e-01, -6.6493e-02,  5.0336e-01],
        [-3.3798e-04,  9.4154e-04,  9.1898e-04],
        [-2.4165e-05, -9.1021e-04,  5.5779e-05],
        [ 3.3941e-04,  5.0404e-04, -8.9711e-04],
        [-4.5001e-04, -1.6690e-03, -1.1676e-04],
        [-3.1007e-04,  1.0108e-04,  2.0358e-03],
        [ 3.7529e-05, -3.7490e-04,  1.7574e-03],
        [ 1.8742e-03,  1.4022e-03,  8.9677e-04],
        [-1.4132e-03, -1.2259e-04,  7.2308e-04],
        [ 9.2365e-04, -1.3093e-03, -2.2939e-03],
        [-2.7632e-03,  4.0471e-04, -1.1064e-03],
        [-9.0203e-04,  1.2727e-03,  1.2482e-03],
        [ 2.2039e-03,  1.8995e-03, -1.6119e-03],
        [ 2.1736e-03,  2.0833e-03,  1.1777e-03],
        [ 4.4112e-04,  7.0121e-04, -1.7711e-04],
        [-9.7518e-04, -2.1500e-03,  1.0647e-03],
        [ 5.8919e-04,  1.0916e-03,  1.4867e-03],
        [ 9.8045e-06,  4.2235e-04,  1.1142e-03],
        [ 4.3547e-05,  1.1362e-03,  7.6340e-04],
        [ 2.7584e-04, -3.9121e-04,  1.3476e-03],
        [-5.7711e-04,  2.1433e-03,  2.9310e-04],
        [ 6.8774e-04, -8.0338e-04,  1.7065e-03],
        [ 7.9196e-04,  1.4373e-03, -1.0544e-03],
        [-1.5162e-04,  1.2718e-03,  2.6263e-04],
        [ 2.8661e-04, -1.0513e-03,  1.6352e-03],
        [-1.9533e-04,  1.0295e-03,  7.9981e-04],
        [-1.6662e-04, -4.1451e-04, -6.4383e-05],
        [ 1.0250e-03, -8.2548e-04, -1.6015e-03],
        [-1.0396e-04,  2.3442e-04, -1.4981e-04],
        [-1.2417e-03, -2.9272e-04, -5.1958e-04],
        [ 6.3202e-04,  1.9189e-04,  3.7859e-04],
        [-2.3043e-03, -2.0451e-03, -1.5043e-03],
        [ 7.5766e-04, -1.9222e-03,  3.3135e-03],
        [-1.5823e-03, -1.6104e-03,  8.3475e-04],
        [ 9.9492e-05, -6.3134e-04, -1.0201e-03],
        [-1.9435e-03, -1.3379e-03, -2.7150e-03],
        [ 1.0923e-03,  8.1323e-04, -1.0922e-03],
        [ 2.2688e-03,  1.5535e-03, -1.2453e-04],
        [-1.4761e-04, -2.0534e-03,  9.2397e-04],
        [-1.5399e-03, -1.3789e-03,  1.2970e-03],
        [-4.1968e-04,  5.5809e-04,  1.2588e-04],
        [-1.1993e-03,  6.6064e-04,  7.7075e-04],
        [ 6.3800e-05, -4.6953e-04,  3.8840e-04],
        [ 5.4962e-04,  8.2615e-04, -3.6349e-04],
        [ 1.5928e-03,  1.5553e-04,  2.0732e-03],
        [-6.9941e-04, -2.2160e-03,  2.2925e-03],
        [-4.8554e-04, -1.0814e-03, -6.2170e-04],
        [-3.8402e-04,  3.5984e-04, -1.0696e-03],
        [ 9.6871e-05,  9.0310e-04,  1.0458e-03],
        [-1.4521e-03, -4.7411e-04, -5.7338e-04],
        [ 7.4533e-04, -2.1518e-03,  1.8427e-03],
        [ 2.3154e-06,  2.4334e-04, -1.0356e-03],
        [-9.7610e-04, -1.4074e-03,  7.1816e-04],
        [-1.7669e-03,  9.1424e-04, -7.1462e-04],
        [-6.4847e-06, -2.4769e-03, -8.9883e-04],
        [-1.7061e-04, -7.8343e-04, -3.7054e-04],
        [ 6.3317e-04,  5.7486e-04,  1.4917e-03],
        [ 5.1633e-04, -1.1799e-03,  1.1463e-03],
        [ 2.2270e-03,  1.6727e-03,  3.4809e-04],
        [-4.7781e-04, -1.3905e-03, -2.4673e-03],
        [ 1.0542e-03, -7.1314e-04,  6.3957e-04],
        [ 3.7547e-04, -6.3807e-04, -4.0757e-04],
        [ 8.2553e-04, -6.7921e-04, -9.8334e-04],
        [-3.6502e-04,  1.8086e-03,  2.4902e-03],
        [-1.7102e-04, -2.6334e-04, -1.8191e-03],
        [ 4.8620e-04, -1.2390e-03, -8.3626e-04],
        [ 7.8491e-04,  3.5864e-04,  7.5924e-04],
        [ 2.0869e-04,  8.9872e-04,  1.3554e-03],
        [-2.7042e-03,  2.2947e-03, -7.9448e-04],
        [ 3.8440e-04, -1.8583e-03,  6.3873e-04],
        [-2.4799e-05,  5.2258e-04, -2.5192e-03],
        [-4.7770e-04, -3.5084e-05, -6.1666e-04],
        [ 3.6550e-04,  4.0763e-04, -5.0242e-04],
        [-2.1365e-04,  1.2111e-03,  9.5518e-04],
        [-4.8858e-04, -7.8273e-05, -9.3763e-04],
        [ 1.6719e-03, -3.3251e-04, -2.7581e-04],
        [-5.5729e-04,  8.5019e-04,  9.5978e-04],
        [-1.2430e-04,  1.7057e-03, -2.9005e-04],
        [-3.7730e-04, -5.2464e-04, -2.5204e-03],
        [-5.1843e-04,  1.6948e-03, -6.5426e-04],
        [ 2.3632e-04, -1.8378e-03, -3.3427e-03],
        [ 2.2594e-04,  3.3953e-03, -1.4128e-03],
        [ 4.7477e-04,  1.7266e-03, -3.7079e-04],
        [ 7.6577e-06, -8.0269e-04,  1.7773e-03],
        [ 4.6708e-04, -8.1238e-04,  4.7826e-04],
        [ 5.0129e-04,  3.9950e-04,  6.1492e-04],
        [-1.3784e-03, -8.3932e-04, -2.4198e-03],
        [-2.1358e-04,  6.8947e-04,  4.5844e-04],
        [ 1.3470e-04, -4.7583e-04,  1.2435e-03],
        [-1.3170e-03,  6.2382e-04, -5.5572e-04],
        [ 2.3977e-06,  1.8571e-03,  6.8172e-04],
        [ 4.0935e-05,  5.9709e-04,  6.5662e-04],
        [-3.6499e-05, -4.4819e-04, -6.6581e-04],
        [ 1.0491e-03,  2.1211e-03,  1.7754e-03],
        [ 1.2591e-04,  2.0210e-04, -2.5268e-04],
        [-6.9357e-04,  1.5475e-03, -1.9580e-03],
        [-6.7410e-04, -2.0162e-03, -3.3312e-03],
        [ 2.3642e-05, -1.4486e-03,  1.2052e-03],
        [ 2.1364e-04,  2.6220e-03,  1.1830e-03],
        [-1.0906e-04,  3.1534e-04, -4.3943e-04],
        [ 3.4516e-05, -7.2714e-04, -2.4007e-04],
        [ 1.0810e-03, -1.2869e-03,  1.2523e-03],
        [ 5.7527e-04,  1.4571e-03, -1.1323e-03],
        [-1.2376e-04,  1.0065e-03,  1.5203e-03],
        [ 3.1208e-05, -1.6291e-03, -7.6191e-04]], device='cuda:0')), ('fcs.0.bias', tensor([ 7.6138e-04,  6.7295e-04, -7.2235e-04, -4.2284e-04,  1.4286e-03,
         4.3669e-04, -2.6220e-03,  7.2256e-04, -8.9395e-04,  1.9162e-03,
        -2.0580e-04,  1.2349e-04,  5.9089e-04,  5.9254e-05,  4.4940e-04,
        -3.2085e-04,  1.9592e-05,  7.5466e-04, -7.7724e-05,  1.3422e-03,
        -4.0507e-04, -1.0167e-03,  2.4727e-04,  6.0255e-02, -2.5933e-03,
         8.7539e-04, -5.1925e-04, -2.9411e-04, -8.1449e-04, -4.1065e-04,
        -8.0789e-04,  1.1976e-03, -4.6764e-04, -7.1176e-05,  2.5319e-04,
        -8.2790e-04,  2.5780e-04,  1.2204e-03, -4.6993e-04, -1.9140e-04,
        -6.7123e-04,  8.1307e-04,  1.9406e-03,  1.1918e-03, -1.8259e-03,
        -1.0524e-03, -9.0007e-04, -1.0318e-05,  3.1494e-04, -4.5859e-06,
         1.7015e-03,  1.6018e-04, -6.6181e-04,  1.8902e-03, -1.3905e-04,
         2.9809e-03,  3.9223e-04, -1.3228e-03, -6.0088e-05,  4.6844e-05,
        -1.3484e-03,  7.5842e-04,  1.9620e-03, -9.7565e-04, -2.2027e-05,
         2.3444e-03,  9.0397e-04,  5.4073e-04,  7.1738e-04,  5.0554e-04,
        -2.8402e-03, -7.3002e-04, -6.9105e-05, -1.5920e-04,  1.1131e-03,
        -7.0897e-04, -1.1326e-03, -6.0305e-05,  8.7519e-05,  6.0506e-04,
        -1.7295e-04, -7.8521e-04,  1.0339e-03, -1.1030e-03,  1.1215e-03,
        -1.6351e-03, -6.0624e-05, -1.2055e-03, -7.0046e-06, -3.8198e-04,
        -3.9446e-04,  2.5857e-03,  1.1990e-03, -3.8333e-04, -5.0865e-04,
         1.1246e-04,  8.2826e-04,  4.9433e-04,  1.0061e-03, -1.4525e-04,
         7.8328e-04,  1.9064e-04, -1.3325e-03,  8.9166e-05,  5.3104e-04,
         1.4874e-03,  9.1942e-06, -6.5801e-04, -2.8079e-04, -2.9185e-03,
        -1.5561e-04, -1.0306e-03, -4.0209e-04, -1.9170e-04,  1.0926e-03,
        -1.6048e-04,  8.0365e-04, -2.4741e-05,  1.2569e-03, -8.7862e-04,
        -1.6094e-03,  2.5095e-04,  2.2892e-04, -7.6911e-04,  9.3125e-04,
         7.7088e-05,  7.7464e-05,  4.2185e-04], device='cuda:0')), ('fcs.1.weight', tensor([[ 8.0682e-05,  6.5249e-04,  4.3174e-03,  ...,  6.5301e-04,
         -8.0717e-05,  1.8287e-03],
        [-1.9607e-03,  8.5239e-05,  6.9954e-05,  ...,  4.1981e-04,
          3.6068e-04,  2.9928e-04],
        [ 4.2207e-03,  1.9603e-03,  5.5225e-04,  ...,  9.8534e-04,
          9.8033e-04,  7.6799e-04],
        ...,
        [ 2.1787e-03,  6.4252e-04,  5.5142e-04,  ...,  5.4927e-04,
         -8.8456e-04,  6.5165e-04],
        [-4.6974e-03,  1.5849e-04,  1.2681e-03,  ..., -5.0120e-04,
          8.8761e-04, -2.5029e-03],
        [-1.6633e-04, -3.5981e-04, -4.9267e-04,  ..., -2.4306e-04,
          1.1587e-03, -2.3785e-04]], device='cuda:0')), ('fcs.1.bias', tensor([ 1.0366e-03, -1.2941e-03, -7.2284e-04,  4.9753e-04,  3.1403e-03,
         5.5559e-05,  1.9261e-04, -8.5523e-04,  8.9370e-04, -1.6366e-03,
        -7.2948e-04,  2.0169e-04, -1.3922e-05, -1.8890e-04, -2.3924e-03,
        -6.7982e-05,  1.0488e-03,  1.2197e-03,  6.9293e-04, -6.2300e-04,
         7.6321e-04,  1.6568e-03,  2.1380e-03,  3.3716e-04,  9.1639e-04,
         2.5774e-04,  1.2992e-03,  1.8362e-04, -1.2986e-03,  7.3453e-04,
        -2.0614e-03, -6.1866e-04,  1.3184e-03, -2.9136e-05,  8.0873e-04,
         2.4424e-04,  1.0748e-03, -6.0720e-04, -3.8518e-04, -4.9720e-04,
         2.7012e-03,  1.1570e-04,  6.1767e-04, -7.0241e-04,  1.5437e-03,
        -1.6244e-03,  6.2106e-05, -1.3222e-03,  2.2181e-04,  8.2620e-04,
        -6.9370e-04,  1.1059e-01, -3.5913e-04,  1.3113e-03,  1.0703e-05,
        -2.7662e-03,  1.3114e-03, -2.8824e-03, -1.4961e-03,  6.6890e-04,
         2.7657e-04,  1.2325e-04, -5.7342e-04, -3.3664e-04,  1.2136e-03,
         1.0607e-04, -9.1391e-04, -7.0035e-04,  1.0215e-04,  8.3275e-04,
         1.5577e-03, -1.9547e-03, -8.3998e-04,  1.5708e-03, -5.1884e-05,
        -4.2420e-04,  1.6232e-03,  1.2537e-04, -1.8017e-03,  1.3422e-03,
         7.7957e-04, -4.6164e-04, -4.9687e-04, -4.6529e-05,  6.6493e-04,
         1.3071e-03,  8.2975e-04, -6.8174e-04,  2.3887e-03, -1.1830e-03,
        -5.5549e-04, -5.5268e-04,  7.4407e-04, -3.2378e-05,  5.9915e-05,
         2.0683e-04, -1.2987e-03,  2.2751e-04, -8.1975e-04, -1.3044e-03,
         1.7354e-03,  7.5724e-04,  1.2925e-03,  6.8312e-04, -9.8834e-05,
         6.9140e-04, -3.3557e-05,  9.6518e-05, -6.9361e-04,  7.9597e-04,
         7.1357e-04,  1.9756e-03,  6.9840e-04, -6.9336e-05, -2.6650e-04,
         2.2375e-03,  5.7258e-04, -6.1890e-05,  9.1685e-04, -1.2895e-03,
        -2.1868e-03, -4.0506e-04, -1.2775e-03,  3.0366e-03, -4.9074e-04,
         1.2523e-03, -4.6874e-03, -3.5463e-04], device='cuda:0')), ('fcs.2.weight', tensor([[-1.1474e-03, -4.1980e-05, -1.3211e-03,  1.1563e-03, -4.3564e-04,
         -1.2429e-04, -9.6194e-05,  2.3844e-04,  2.4707e-04, -3.4109e-06,
          9.5877e-05, -5.4834e-06, -4.2302e-04, -1.6703e-05,  2.3366e-04,
         -4.8659e-04,  1.8683e-03, -3.4671e-04,  6.7567e-04, -8.3429e-05,
         -2.3772e-04, -3.7512e-05, -5.5710e-04,  1.4541e-04, -1.6521e-03,
          4.0614e-05, -8.4054e-05, -8.7984e-05, -1.2337e-03,  8.3368e-04,
         -5.4221e-05,  4.0062e-04,  1.6495e-04, -4.5163e-04,  1.2483e-03,
          1.9116e-04,  4.5232e-05,  1.1509e-03,  2.5121e-04,  7.2289e-05,
          2.8497e-06, -9.0155e-05,  7.1993e-04,  1.6561e-03,  5.5522e-04,
         -1.8146e-04, -1.4877e-04, -1.4338e-03,  2.0201e-04,  6.6151e-04,
          2.8352e-04, -4.6650e-01, -7.4203e-04, -4.3287e-05, -1.2250e-04,
          2.0700e-04, -6.7081e-04,  3.5100e-05, -6.4064e-07, -1.2652e-03,
         -3.0698e-04, -1.7556e-05, -4.7230e-05,  3.4306e-05,  4.0154e-05,
          1.0040e-04,  7.0935e-04,  1.2104e-04,  4.4892e-04, -8.0897e-04,
         -4.6504e-04, -4.2987e-04,  2.9783e-04, -1.9256e-03,  9.5391e-04,
          9.1586e-04, -1.6641e-03,  5.8873e-05, -2.9037e-04,  1.5344e-03,
         -4.3485e-04,  6.1284e-06, -1.6859e-03, -1.5841e-04,  1.1045e-05,
         -2.5813e-04,  4.1154e-04, -7.8253e-04, -8.9154e-05,  1.6884e-04,
          4.5072e-04, -2.5655e-05, -2.9508e-04, -3.3786e-04,  4.9124e-04,
          1.3375e-04, -2.8951e-05, -1.0255e-05, -2.2569e-04, -1.0247e-04,
          5.2507e-05,  5.2863e-05,  9.9457e-04,  2.0658e-04,  3.2459e-05,
         -1.9092e-05,  2.8505e-04, -5.8551e-05,  1.4666e-03,  4.6312e-04,
         -8.6095e-04,  8.8407e-04, -1.8667e-04,  4.6390e-04,  7.9754e-05,
          6.4516e-05,  4.8010e-05,  1.5687e-06, -2.1518e-04,  9.1186e-05,
         -1.3808e-03,  2.4327e-05, -7.0564e-04, -3.6018e-04,  1.4048e-03,
          7.2836e-05, -3.2624e-05, -4.6495e-01]], device='cuda:0'))])
end of epoch 1: val_loss 0.009746204845851664, val_acc 0.995
trigger times: 0
saving model weights...
Weights: OrderedDict([('fcs.0.weight', tensor([[ 1.6307e-03, -1.1215e-04, -6.1590e-04],
        [ 7.8637e-04,  4.6494e-04, -1.0258e-03],
        [ 6.4562e-04, -2.4509e-04,  1.3466e-03],
        [-2.6900e-04,  2.5059e-03, -2.2482e-03],
        [ 9.6537e-04,  5.7355e-04, -1.1165e-03],
        [-1.2649e-03,  1.2883e-03,  1.9922e-03],
        [-2.6285e-03,  2.7379e-03, -1.0623e-03],
        [ 1.0723e-04, -1.3892e-03, -7.9157e-04],
        [-1.1740e-03,  9.8821e-05, -2.0291e-04],
        [ 1.4797e-03,  1.5948e-04,  6.5672e-04],
        [-1.6429e-03, -4.9276e-04,  3.7182e-04],
        [-8.5820e-04, -5.9715e-04,  6.6770e-04],
        [-7.3085e-04, -2.2032e-03, -1.1715e-03],
        [ 1.0029e-03, -1.0151e-04, -6.1356e-04],
        [-1.5991e-04,  7.6481e-04, -2.1338e-03],
        [ 5.6939e-04, -6.3277e-04, -1.1394e-03],
        [-5.0079e-04,  2.4451e-03, -2.4691e-03],
        [-1.4910e-04,  2.0121e-03,  5.5364e-04],
        [ 1.8449e-04, -6.8608e-04, -1.8029e-03],
        [-9.7340e-04, -1.5263e-03,  1.3470e-03],
        [ 1.6770e-03, -8.2295e-04,  7.6601e-05],
        [ 2.1154e-03,  9.5309e-04, -1.6151e-03],
        [ 1.5946e-03,  1.1547e-04, -8.2177e-04],
        [ 5.8000e-01, -6.7109e-03,  3.9634e-01],
        [-3.4009e-04,  1.2702e-04, -1.1712e-03],
        [ 2.0952e-04, -8.3247e-04, -4.1200e-04],
        [-1.7344e-04,  2.6053e-04, -3.5320e-05],
        [ 5.0224e-04,  7.2556e-04,  1.3626e-03],
        [ 1.5803e-03, -6.2807e-04,  5.7624e-04],
        [-1.3455e-03, -2.6610e-04,  6.7713e-04],
        [ 1.4479e-03,  6.2799e-04,  1.2601e-03],
        [ 1.8331e-03,  2.9906e-04,  5.6651e-04],
        [ 1.2588e-03, -4.3857e-04, -5.6645e-04],
        [-7.1442e-04,  1.6760e-04, -3.5438e-04],
        [ 9.6963e-04,  2.0489e-03, -1.5107e-03],
        [-5.6841e-04, -2.2013e-03,  2.1516e-03],
        [ 2.6814e-03, -4.1445e-03,  9.5570e-05],
        [ 7.1735e-04, -1.2046e-03,  9.5128e-04],
        [ 2.1429e-03, -1.9802e-03,  5.8300e-04],
        [-8.7798e-06, -2.2866e-03, -1.9645e-03],
        [-1.0960e-03,  8.4361e-04, -2.3486e-03],
        [-1.7660e-03,  1.3977e-05,  1.8525e-03],
        [-1.5056e-03, -2.2040e-03, -4.9343e-04],
        [ 9.2675e-04, -4.6657e-04,  1.0222e-04],
        [ 7.9379e-04, -1.2438e-05,  2.4837e-03],
        [-6.3044e-04, -1.3680e-03, -1.2320e-03],
        [ 1.6763e-03,  1.7910e-04, -1.3264e-03],
        [ 9.3430e-04,  2.1776e-04,  2.0215e-03],
        [-2.7493e-04,  4.5818e-04,  1.3136e-03],
        [-5.8718e-04, -5.9990e-04, -7.2249e-04],
        [ 1.2539e-03,  1.7510e-03,  2.4675e-04],
        [-3.3489e-04, -1.2200e-03, -1.4703e-03],
        [-7.2059e-04, -8.3124e-04, -9.6306e-04],
        [-1.9108e-03, -4.0517e-04,  1.4132e-03],
        [ 7.4900e-04, -9.1575e-04, -1.5288e-03],
        [ 2.4368e-03,  1.3096e-03, -6.5578e-04],
        [-2.3555e-03,  1.5331e-03, -3.8483e-04],
        [ 2.3752e-03,  8.4475e-04, -7.7634e-04],
        [-9.0616e-05, -3.7110e-04,  2.9818e-04],
        [ 1.3940e-03, -2.0522e-03,  5.9470e-04],
        [-6.3932e-05,  3.2997e-04, -1.2538e-03],
        [-3.1415e-04, -2.4361e-05,  8.7889e-04],
        [-1.4643e-03, -1.2347e-03,  1.7571e-03],
        [-1.6060e-03,  6.4788e-04, -1.1926e-03],
        [-1.7559e-07,  3.1834e-04,  6.4841e-04],
        [ 5.9672e-04, -3.9624e-04, -2.1030e-03],
        [ 1.5851e-03,  9.0694e-04,  1.0084e-03],
        [ 3.3064e-04,  7.3653e-04,  2.3295e-03],
        [ 6.5280e-04,  3.8581e-04, -1.6141e-03],
        [ 1.0488e-03,  1.8370e-03, -7.9005e-04],
        [-1.3213e-03,  1.2934e-03, -6.3773e-04],
        [-1.2442e-03,  1.4862e-03, -4.8087e-04],
        [-3.4608e-04, -8.1671e-04, -1.2052e-03],
        [-1.2381e-03, -2.5845e-03, -4.6977e-04],
        [ 2.5739e-03,  1.6724e-03, -2.8165e-04],
        [-5.2267e-04,  4.5886e-04,  5.6789e-04],
        [ 5.7322e-04,  1.7896e-03, -4.0470e-04],
        [-5.6319e-04, -1.0055e-04,  1.2571e-04],
        [ 2.9481e-05, -6.8333e-04, -1.3483e-03],
        [ 2.1983e-03, -7.1723e-04,  4.8252e-04],
        [ 6.2240e-04,  5.0794e-04,  1.8265e-03],
        [-9.4682e-04,  1.9254e-03,  1.5753e-03],
        [-4.2578e-04,  1.9414e-03, -3.7375e-04],
        [-6.0182e-04, -1.0180e-03, -2.0164e-03],
        [ 5.6829e-04,  3.6497e-03, -1.5737e-03],
        [ 2.2947e-03,  7.3517e-04, -1.6082e-03],
        [-6.3759e-04, -7.0245e-04, -9.4213e-04],
        [ 7.9930e-05, -1.3446e-04, -1.3099e-03],
        [-5.9930e-04, -1.0289e-03, -1.1462e-03],
        [ 2.5659e-04,  3.9469e-04, -9.8341e-04],
        [-9.5931e-05,  4.5881e-04, -3.7911e-05],
        [ 6.3286e-04, -8.6502e-04,  3.1939e-04],
        [-7.5933e-05, -3.1367e-04, -3.4498e-04],
        [ 4.3957e-04,  1.3587e-03,  2.7486e-04],
        [ 9.5283e-04,  6.7852e-04, -1.5586e-03],
        [ 7.6067e-04,  7.4011e-04,  6.7719e-04],
        [-9.7593e-04, -5.8477e-04,  5.9774e-04],
        [ 1.5194e-03,  1.0672e-03, -9.8041e-04],
        [-1.3162e-03, -2.5586e-03, -2.4677e-03],
        [ 1.5589e-03,  4.7017e-04, -2.0097e-04],
        [ 1.2547e-04, -5.2798e-04,  1.3523e-03],
        [-3.5946e-03,  7.3595e-04, -1.1168e-03],
        [ 2.0247e-03,  8.7203e-04, -2.5141e-03],
        [ 6.6511e-04, -9.8591e-04,  1.2491e-03],
        [ 7.4170e-04,  1.4493e-04,  5.2234e-04],
        [-1.0678e-03,  3.5452e-04, -1.1792e-03],
        [-4.9687e-05,  3.6658e-04,  7.9077e-04],
        [-6.3755e-04, -5.1047e-04,  1.4045e-04],
        [ 5.3229e-04, -6.6517e-04,  3.7122e-04],
        [ 8.4976e-04,  9.2848e-04,  6.3664e-04],
        [-3.0615e-04,  6.3139e-04,  6.6826e-04],
        [ 6.3557e-04, -6.0775e-04, -9.6764e-04],
        [ 1.2604e-03, -8.3049e-04,  7.9349e-04],
        [ 5.7809e-04,  7.9362e-05, -8.7651e-04],
        [-1.8368e-03,  1.1818e-03,  5.9593e-04],
        [-1.3268e-03, -1.2947e-03,  3.8127e-04],
        [ 1.3621e-03,  1.4994e-03, -2.0309e-03],
        [ 6.9234e-04, -3.6685e-04,  6.8405e-04],
        [-1.7606e-03, -5.1815e-04, -2.0842e-03],
        [ 3.0290e-04, -1.7729e-03, -8.5807e-04],
        [-8.4031e-04,  2.0399e-03,  1.1789e-03],
        [-8.4001e-04,  2.5550e-04, -7.3571e-04],
        [-5.1776e-04, -7.8684e-04, -8.1592e-04],
        [-5.9233e-04,  4.1221e-04,  2.1966e-04],
        [ 5.7391e-04, -2.6662e-03,  2.2055e-03],
        [-9.9538e-04, -7.0895e-04,  1.1615e-03],
        [ 1.0296e-03, -2.5831e-04, -8.6544e-04],
        [-6.0860e-04, -4.7130e-04,  2.0288e-03]], device='cuda:0')), ('fcs.0.bias', tensor([-9.9754e-04,  6.8065e-04, -1.1942e-04, -4.5280e-04,  7.0771e-04,
        -7.6997e-04, -2.4232e-03,  2.0318e-03, -1.4078e-03, -1.1353e-04,
         6.5004e-04, -9.8946e-04,  8.5593e-04, -2.8351e-04, -2.8651e-03,
         1.0253e-03, -9.6643e-04,  1.5523e-03, -4.8454e-04, -5.3351e-04,
         7.8587e-05, -1.8647e-03, -1.1483e-03, -7.6474e-04,  3.9181e-04,
        -4.4632e-04, -1.5276e-03, -3.7483e-04,  5.6887e-04,  6.2286e-04,
        -1.0139e-03,  1.9048e-06, -3.9044e-04, -1.2949e-03, -3.1786e-04,
         2.4312e-04, -4.2187e-04, -4.0890e-04,  3.0360e-04,  8.5996e-04,
         9.4008e-04,  1.3814e-03,  1.4590e-03, -8.2656e-04,  2.0241e-03,
        -1.1793e-03, -6.1358e-04,  1.0173e-03,  7.3905e-04, -1.3834e-04,
        -6.2592e-04,  1.4234e-03,  3.2979e-04, -3.7607e-04, -8.0414e-04,
         3.2308e-04,  2.0786e-03, -1.8501e-03,  7.9551e-04, -1.3906e-03,
         1.8601e-04, -7.2749e-05, -3.5885e-04, -1.2600e-03,  6.2822e-04,
        -1.5358e-03, -3.2432e-04, -5.0800e-04, -6.9360e-04, -1.3130e-03,
         1.1347e-03,  8.7212e-04, -3.9874e-04,  1.4807e-03, -2.2726e-03,
        -1.0110e-03,  4.0943e-04, -7.1851e-04, -1.9354e-04,  1.2090e-03,
        -9.6330e-05,  4.6876e-04, -1.9896e-03, -1.1953e-03,  7.1975e-04,
         3.7381e-04, -1.7592e-03, -1.4608e-03,  2.0703e-03,  2.1000e-03,
        -7.5967e-04,  2.1518e-03, -1.2265e-03,  6.8191e-04,  4.1224e-04,
         3.0499e-05,  6.7908e-04,  1.9914e-06,  8.6794e-05, -6.5603e-05,
         1.7932e-03, -9.9120e-04, -1.7306e-03,  1.1505e-03, -1.0314e-03,
        -1.1017e-03, -6.4249e-04, -1.3519e-04, -6.3535e-04, -1.3296e-05,
         4.3419e-04, -1.5539e-03, -5.8101e-04,  1.2626e-03,  1.7854e-03,
        -6.6551e-04,  8.5695e-05,  7.3147e-04,  1.7746e-03, -1.1898e-03,
        -2.0839e-03,  4.1695e-04,  3.5988e-04, -8.6186e-05,  1.1224e-03,
         6.3278e-04,  2.3310e-04, -3.0084e-04], device='cuda:0')), ('fcs.1.weight', tensor([[ 8.1797e-05,  6.5520e-04,  4.3185e-03,  ...,  6.5379e-04,
         -8.0851e-05,  1.8289e-03],
        [-2.1449e-03,  2.0621e-04,  7.8911e-05,  ...,  2.1392e-04,
          7.3858e-04,  5.1063e-04],
        [ 4.2212e-03,  1.9626e-03,  5.5310e-04,  ...,  9.8504e-04,
          9.8488e-04,  7.6547e-04],
        ...,
        [ 2.1802e-03,  6.6863e-04,  5.5222e-04,  ...,  5.5914e-04,
         -8.9225e-04,  6.5433e-04],
        [-4.7846e-03,  9.2129e-04,  1.2991e-03,  ..., -7.7919e-04,
          1.2054e-03, -3.0251e-03],
        [ 7.7071e-05, -1.1435e-03,  3.2678e-04,  ...,  1.3033e-03,
         -4.4103e-04,  1.1368e-04]], device='cuda:0')), ('fcs.1.bias', tensor([-2.1623e-04, -1.3029e-03,  2.4473e-03,  5.6308e-04,  1.4892e-03,
        -1.0336e-04,  5.6771e-04,  6.5172e-04,  8.9364e-04, -1.6872e-03,
        -7.6513e-04, -4.2182e-04, -1.8630e-04, -4.3092e-04, -1.3031e-03,
         3.5478e-05,  7.3570e-04,  1.2913e-03,  7.5666e-04,  2.8000e-04,
         1.3342e-03, -1.3494e-03, -3.4986e-04,  8.8104e-04,  1.3140e-03,
         4.4667e-04,  1.3006e-03,  4.6880e-04, -1.3273e-03,  7.6055e-04,
        -2.3749e-03,  1.2665e-03,  1.8952e-03,  2.0342e-03,  9.7636e-04,
        -4.4977e-04, -1.3017e-03, -7.6543e-04, -1.2833e-03, -4.9299e-04,
         2.8549e-03, -8.5258e-04, -6.7806e-04,  1.2629e-03,  2.0657e-03,
        -3.8519e-04, -1.2864e-03, -1.9615e-03, -2.6626e-04, -1.2865e-03,
         1.2575e-03,  5.0556e-06,  6.2246e-04,  1.3085e-03,  1.5347e-04,
        -3.0832e-03, -1.4881e-03, -2.8826e-03, -2.0286e-03,  4.2133e-03,
         7.6524e-04,  6.7739e-04, -2.1680e-03, -5.6255e-04,  1.2961e-03,
        -4.3885e-04,  2.6123e-03, -1.5812e-03,  2.2978e-04,  6.2411e-04,
         1.7856e-03, -1.9656e-03,  6.4957e-04,  9.6105e-04, -1.6267e-03,
         4.7996e-03,  6.5886e-05,  1.9675e-04, -1.4788e-03,  1.3524e-03,
         8.8866e-04, -9.2308e-04, -1.3092e-03,  1.0564e-05,  8.5019e-04,
         8.4487e-04, -6.0875e-04, -5.3486e-04,  2.4808e-03,  4.5677e-04,
        -8.0413e-04, -8.5320e-04, -5.9695e-04, -7.6256e-04,  1.2146e-04,
        -3.5945e-04, -1.2675e-03,  2.2382e-04, -1.0125e-03, -1.3591e-03,
        -1.3658e-03,  7.6396e-04, -2.5074e-03,  1.8389e-03, -1.7871e-04,
         7.5323e-04,  4.5870e-04, -1.4749e-03, -3.1152e-04,  4.9466e-04,
         5.5133e-04,  2.1656e-03,  6.7336e-04, -1.3406e-03,  7.5846e-04,
         2.5313e-03, -8.8964e-04,  1.3296e-04, -1.8835e-03, -1.3207e-03,
        -2.8309e-03, -4.3978e-04, -1.3013e-03,  3.1332e-03, -2.1756e-03,
         1.2967e-03, -4.7845e-03,  2.8733e-04], device='cuda:0')), ('fcs.2.weight', tensor([[ 4.1065e-03, -7.6351e-06,  9.2219e-04, -1.1765e-03, -1.2336e-03,
          1.0549e-03,  4.4734e-04,  1.1684e-03, -3.0753e-04, -4.1892e-05,
         -1.9343e-04,  1.6198e-05, -1.2737e-03,  1.7055e-04,  1.5529e-03,
         -1.0643e-03,  7.5447e-04, -2.6418e-03,  1.1010e-04,  1.3126e-04,
          1.5247e-03,  8.1823e-04, -2.2666e-03,  5.3822e-04,  6.7343e-04,
          1.5608e-04,  6.2224e-04, -2.5802e-04, -5.0227e-04, -4.0739e-04,
         -2.1273e-04,  3.3198e-05,  2.0759e-03, -1.1529e-03, -2.4216e-03,
          3.1888e-04, -2.9701e-04, -6.5310e-04,  5.3827e-04, -8.7959e-05,
          9.3573e-05, -1.3385e-04,  8.0435e-04, -4.9253e-04, -1.3482e-03,
         -8.8251e-04, -3.5715e-04, -1.3278e-03, -2.7001e-04,  2.2030e-03,
          3.8418e-04, -8.0131e-01, -1.5275e-03, -2.7786e-04,  1.6569e-04,
         -1.4363e-04, -6.1372e-04,  1.7404e-04,  7.8684e-05, -1.0977e-03,
         -8.7623e-04,  2.3992e-04, -3.3407e-05, -6.8096e-06, -1.1505e-04,
         -9.9550e-05,  1.2703e-03,  1.6729e-04,  1.2948e-03, -1.1601e-03,
          2.9568e-04,  3.7174e-04,  8.0267e-04,  2.1184e-04,  1.7365e-04,
         -3.4857e-04, -1.1041e-04, -3.4358e-04,  3.1806e-04,  2.6017e-04,
          5.3776e-04, -8.4120e-05, -2.8957e-03, -1.9574e-04,  8.3272e-05,
         -4.2156e-05, -1.6471e-04,  1.7703e-04, -1.8836e-04,  2.6398e-04,
          4.6822e-04, -1.0708e-04, -1.3133e-04, -1.0305e-04, -9.1746e-04,
         -4.0769e-04, -1.4409e-05,  1.6211e-04,  8.2526e-04,  7.2935e-04,
         -1.7402e-04,  1.0443e-05,  1.0049e-03,  1.8823e-04,  6.6261e-04,
         -1.7785e-04,  2.5427e-04,  2.7802e-04,  7.7777e-04, -1.0956e-03,
         -9.8007e-04,  5.1058e-04,  3.1637e-04,  1.1392e-03, -5.0623e-04,
          6.6171e-05, -6.7348e-05,  3.5261e-05,  2.3510e-03,  4.2135e-04,
          3.3401e-04, -1.6397e-04,  9.1927e-04, -2.0238e-03, -5.9756e-04,
         -4.4058e-04,  2.3659e-04,  9.7954e-05]], device='cuda:0'))])
end of epoch 2: val_loss 0.008894659537360993, val_acc 1.0
trigger times: 0
saving model weights...
Weights: OrderedDict([('fcs.0.weight', tensor([[ 3.3917e-03,  4.6580e-04, -2.0321e-03],
        [ 6.8010e-04,  7.5095e-04, -9.0528e-04],
        [-7.1879e-04, -4.1637e-03,  3.7679e-04],
        [ 8.4631e-04,  6.4121e-05,  1.3068e-03],
        [ 1.0371e-03,  2.6170e-03, -5.1197e-04],
        [ 8.8337e-04,  1.7602e-03, -1.7009e-03],
        [-1.5224e-03, -1.2539e-03, -7.3075e-04],
        [-3.8708e-04, -1.4877e-03,  3.3781e-03],
        [ 1.0988e-03,  9.6080e-04, -9.9080e-04],
        [ 1.3899e-03, -1.6154e-03, -6.5308e-04],
        [ 6.5503e-04,  3.5015e-04,  4.0629e-04],
        [ 8.2857e-04,  1.4715e-03,  1.2684e-03],
        [-4.0286e-04,  3.2704e-04,  2.6986e-03],
        [ 1.2064e-03,  1.4363e-03, -8.5915e-04],
        [-9.2775e-04,  1.2328e-03,  1.4628e-03],
        [-1.1337e-03, -8.9543e-04,  1.7335e-03],
        [ 8.4447e-04, -4.9057e-04,  4.4519e-04],
        [ 1.5550e-03, -1.7907e-03,  5.1311e-04],
        [ 1.5603e-04, -8.4648e-04, -1.4220e-03],
        [ 1.0744e-03, -1.7934e-03,  3.7414e-04],
        [-5.4094e-04, -3.7450e-03, -1.5775e-03],
        [-1.2266e-03,  3.6954e-03,  1.5642e-04],
        [-1.2844e-03, -1.2169e-03, -1.7046e-06],
        [ 4.9771e-01, -1.7662e-02,  4.6561e-01],
        [-8.2220e-04, -1.1366e-03,  1.1422e-03],
        [ 1.0740e-03,  1.2864e-03,  2.3683e-04],
        [-8.0539e-05,  1.1079e-04,  2.1567e-04],
        [-1.7301e-06,  3.8206e-04,  4.8066e-04],
        [ 5.7936e-04,  3.4338e-04,  1.8737e-03],
        [ 3.5591e-03,  8.4067e-04,  6.3265e-04],
        [-2.1816e-04,  3.1310e-04,  1.0389e-03],
        [-1.0644e-03, -1.4430e-03,  1.2875e-03],
        [ 1.1339e-03,  1.6448e-03,  9.6770e-04],
        [ 4.5519e-04,  1.3059e-03,  1.1703e-03],
        [-1.4582e-03, -1.1228e-03, -1.5346e-03],
        [-8.1652e-04, -4.6383e-04, -1.0406e-03],
        [-3.3418e-04,  2.1453e-03,  1.1839e-03],
        [-2.2452e-03, -7.8962e-04, -1.5061e-03],
        [-5.9753e-05, -8.2641e-05,  6.8612e-04],
        [-4.0799e-04,  9.7080e-04,  5.8537e-05],
        [ 9.9606e-04,  7.1955e-04, -2.2826e-03],
        [ 8.7722e-04,  6.8789e-04,  4.1572e-04],
        [-1.2651e-03,  1.1331e-03,  8.4280e-04],
        [ 1.2773e-03,  1.2194e-03, -2.1643e-05],
        [ 1.6853e-03,  6.3945e-04,  9.6513e-04],
        [-8.2046e-04,  2.1383e-04,  7.4518e-04],
        [ 1.9814e-03,  9.2399e-04,  9.0959e-04],
        [-4.1902e-04,  2.3275e-03, -1.4861e-03],
        [-2.5848e-04,  4.4122e-04,  9.1853e-04],
        [ 2.0291e-03, -2.0799e-03,  6.5577e-04],
        [-4.8074e-04,  4.2141e-04,  7.3174e-04],
        [ 3.2172e-04, -8.5172e-05, -1.8133e-04],
        [-2.6375e-03, -2.6519e-04,  1.9344e-03],
        [ 1.5620e-03, -4.7555e-05, -1.7228e-03],
        [-1.4135e-03,  1.2230e-03,  1.0556e-03],
        [ 2.5888e-03, -1.1248e-03, -4.3409e-04],
        [-9.1400e-05, -9.3704e-04,  3.7511e-04],
        [-4.8520e-04,  1.3589e-03, -6.5378e-05],
        [ 7.2986e-04, -1.2934e-03,  1.4045e-03],
        [-1.4921e-03,  1.1531e-03, -1.0068e-03],
        [ 8.2289e-04,  3.6731e-04,  6.7365e-04],
        [ 1.4496e-03,  1.0466e-03, -2.4337e-03],
        [ 3.3732e-04, -5.1695e-04, -1.6181e-03],
        [-9.5760e-04, -1.0643e-03,  1.2056e-03],
        [-3.5328e-04,  1.8598e-03, -9.1060e-04],
        [-1.6113e-03,  1.4646e-03,  1.1488e-03],
        [ 3.5925e-04,  1.1490e-03,  1.9123e-03],
        [ 6.9610e-04, -1.2058e-03, -1.3053e-03],
        [-2.4849e-04,  6.1300e-04, -2.4462e-03],
        [ 8.3902e-04, -1.9188e-03, -1.2457e-03],
        [ 5.3494e-04,  1.5310e-03,  2.6701e-04],
        [ 6.6499e-04,  1.7380e-03,  1.9014e-04],
        [ 1.1736e-03,  3.2302e-04,  1.3070e-04],
        [ 1.5500e-03, -5.3464e-04, -6.3474e-04],
        [ 1.1512e-03,  2.3314e-03,  6.9931e-04],
        [ 9.2706e-04, -8.2103e-04, -8.9628e-04],
        [-1.3560e-03, -1.3932e-03,  1.0872e-03],
        [-9.4884e-04,  1.7927e-03,  5.5833e-04],
        [-4.0656e-04,  4.5162e-04, -4.6640e-04],
        [-2.1552e-04, -2.2598e-03, -2.4250e-03],
        [-7.6877e-04,  5.2046e-04,  1.1583e-03],
        [-1.5432e-03, -9.5068e-05,  6.2430e-04],
        [-9.1500e-04,  1.1290e-03,  1.0002e-03],
        [-5.5250e-04, -2.5999e-03, -3.1562e-04],
        [ 1.8701e-03,  8.9279e-04,  1.8579e-03],
        [ 6.4362e-04, -1.3447e-03, -4.6655e-04],
        [ 9.6710e-04, -3.2851e-04,  2.0192e-04],
        [-6.1885e-04,  4.5986e-04,  2.9029e-04],
        [ 1.3816e-03,  1.1346e-03, -1.1871e-04],
        [-3.1579e-04, -2.7864e-04,  8.7258e-04],
        [ 2.0919e-03, -8.1516e-04, -3.2454e-04],
        [ 1.5743e-03, -1.3347e-03, -9.5674e-04],
        [-2.0870e-03,  4.0515e-04,  3.1233e-05],
        [-6.1510e-04,  1.3119e-03, -9.8642e-04],
        [ 1.3371e-04,  4.0916e-04,  2.3810e-04],
        [-8.7986e-06,  8.6358e-04, -9.3886e-04],
        [-2.6341e-03,  1.5961e-04, -1.6516e-03],
        [ 9.5281e-04, -1.5514e-03,  1.7384e-03],
        [-5.2094e-04,  5.8138e-04, -2.7953e-03],
        [ 1.8522e-03,  1.4328e-03, -6.6822e-04],
        [ 2.0213e-03,  1.9055e-03, -8.4432e-04],
        [ 6.7638e-04,  1.0906e-03,  7.3270e-04],
        [ 8.8638e-04, -2.2451e-03, -9.8508e-04],
        [ 9.1663e-04,  1.2242e-03,  4.7923e-04],
        [ 6.0766e-04, -1.9112e-03, -5.9484e-04],
        [ 1.1413e-03,  8.9709e-04,  1.3133e-03],
        [ 7.2910e-04, -1.8077e-03, -1.0388e-03],
        [ 1.4757e-03,  3.2013e-03, -2.1817e-03],
        [ 1.3974e-03, -2.4105e-04,  5.4900e-04],
        [ 4.4290e-04,  5.8252e-04, -1.9061e-03],
        [-2.9803e-04, -8.9079e-04, -1.3154e-03],
        [ 1.1246e-03,  1.1796e-03,  3.4923e-04],
        [ 5.7885e-04,  1.2127e-03, -4.9992e-04],
        [ 1.3144e-03, -2.1687e-03,  8.3556e-04],
        [-4.4322e-04,  8.6630e-04,  6.0004e-04],
        [-6.7013e-04, -2.2872e-04, -1.2292e-03],
        [ 4.6163e-04,  8.7178e-04,  6.5369e-04],
        [-2.6838e-04,  1.4210e-03, -8.6811e-04],
        [-4.7432e-04,  1.2192e-03, -1.2514e-03],
        [-1.8599e-03, -3.9781e-04, -2.4813e-03],
        [ 1.1346e-03,  1.2999e-03, -3.7516e-04],
        [-1.5428e-03,  5.1302e-04, -1.0783e-03],
        [-5.5478e-04, -3.9764e-04,  4.9324e-04],
        [-5.2740e-04, -1.6353e-03,  1.1636e-03],
        [ 2.3607e-04,  1.7587e-03,  1.5123e-04],
        [-1.6810e-03,  1.2440e-03,  7.1996e-04],
        [-4.3399e-04, -7.0174e-04, -1.9978e-03],
        [-1.4115e-03, -1.0917e-03,  2.3133e-04]], device='cuda:0')), ('fcs.0.bias', tensor([-5.1260e-04, -8.7312e-04,  1.2537e-04,  5.7099e-04,  2.6192e-03,
         1.1210e-04,  8.3520e-04, -3.5347e-05,  6.7684e-04,  1.2734e-03,
         7.7490e-04,  6.4021e-05, -1.3506e-03,  9.2250e-04, -1.7646e-03,
         3.0080e-03, -7.4461e-04, -1.7246e-03,  2.1671e-04, -5.1434e-05,
        -2.3692e-03, -1.5331e-03, -3.5359e-04,  4.5918e-02, -4.4935e-04,
        -1.1256e-03,  4.5442e-04,  1.3744e-03, -7.8776e-04,  1.1682e-03,
        -2.2306e-03, -9.7953e-05,  1.0310e-03, -1.0756e-03, -5.4803e-04,
        -6.7503e-04,  1.6449e-04,  7.0769e-04, -5.8357e-04, -8.8432e-04,
         6.3448e-04, -9.7428e-04, -9.9402e-04, -2.0030e-03, -2.7542e-03,
         8.3795e-04, -1.4526e-03,  1.1052e-04,  7.2922e-04, -2.0587e-03,
         1.3221e-03,  1.6032e-03, -8.4490e-04, -4.3892e-04,  7.4422e-04,
         3.3443e-04, -1.1389e-03, -1.6212e-03,  1.5814e-03, -4.2300e-04,
         4.9838e-04,  4.3113e-04,  2.4551e-04, -1.5260e-04,  1.9095e-03,
         1.0948e-03, -2.0870e-03, -4.8926e-05,  6.6693e-04, -6.6273e-04,
        -2.1682e-03, -8.2932e-04, -2.5258e-04,  2.4198e-03,  2.0771e-04,
        -1.3301e-03, -1.8531e-03,  7.0296e-04, -4.5188e-04, -2.8113e-03,
         7.9643e-04,  3.7073e-04,  1.1604e-04,  8.0415e-04, -7.6120e-04,
        -2.7458e-05,  6.1787e-04, -2.0685e-03,  7.6192e-04, -1.5829e-03,
         6.8919e-04,  5.0702e-04,  9.9368e-04,  3.0039e-04,  4.4348e-04,
        -4.5996e-04,  6.9401e-04,  1.0033e-03, -2.5660e-04,  1.0930e-03,
         9.8922e-04, -1.6026e-03, -1.0408e-03, -8.4308e-04, -2.1418e-03,
         7.5206e-04,  1.3392e-04,  1.0877e-03,  3.4641e-04,  1.7357e-03,
        -1.3399e-03, -7.9397e-05, -1.5246e-05, -3.6909e-04, -3.0418e-03,
        -1.7799e-03,  1.9399e-03, -1.6121e-03, -1.3679e-03, -1.8425e-03,
        -7.8300e-04, -1.3281e-04,  9.1582e-04, -1.1996e-03,  1.8465e-03,
        -5.7861e-04, -1.0889e-03,  1.9977e-03], device='cuda:0')), ('fcs.1.weight', tensor([[ 8.2483e-05,  6.5319e-04,  4.3171e-03,  ...,  6.5152e-04,
         -8.0822e-05,  1.8296e-03],
        [-2.1746e-03,  3.5942e-04,  8.0311e-05,  ..., -5.1436e-04,
          9.9308e-04,  5.8913e-04],
        [ 4.2222e-03,  1.9620e-03,  5.5221e-04,  ...,  9.8449e-04,
          9.8552e-04,  7.6343e-04],
        ...,
        [ 2.1803e-03,  6.7310e-04,  5.5296e-04,  ...,  5.6111e-04,
         -8.9365e-04,  6.5519e-04],
        [-4.7967e-03, -6.0988e-06,  1.3037e-03,  ..., -8.7080e-04,
          1.2932e-03, -3.1251e-03],
        [ 1.0745e-04, -1.8334e-03,  5.5418e-04,  ...,  1.3038e-03,
         -5.2784e-04,  1.9493e-04]], device='cuda:0')), ('fcs.1.bias', tensor([-4.4319e-04, -1.3111e-03, -1.4061e-03,  5.8425e-04,  1.0325e-03,
        -4.6666e-04,  4.5988e-04,  8.3756e-04, -4.8819e-04,  4.7637e-04,
        -9.7562e-04, -9.8281e-04, -5.0400e-04, -8.7731e-04, -5.9426e-04,
         3.0425e-04,  4.4442e-04, -8.8506e-04,  7.4977e-04,  1.8016e-03,
        -1.3413e-03, -2.8315e-04,  2.1385e-03, -1.2360e-03, -1.8761e-03,
         5.3096e-04,  1.3503e-03,  1.0718e-03, -1.1785e-03,  7.9015e-04,
        -2.4288e-03, -6.8411e-04,  1.4238e-03,  2.1567e-03, -2.0004e-03,
         5.9040e-04, -1.2893e-03,  8.9331e-04, -2.9666e-04,  1.7228e-03,
         2.8815e-03, -8.9265e-04,  2.4781e-03,  1.3499e-03,  1.9630e-03,
         1.3721e-03, -1.3115e-03, -1.6707e-06, -4.8786e-04, -1.1379e-03,
         2.3876e-03,  2.5025e-03,  6.7329e-04,  1.2967e-03, -5.0878e-04,
        -3.1360e-03,  1.3223e-03, -2.8955e-03, -2.1537e-03,  5.8255e-04,
         9.5399e-04,  1.4130e-03, -2.1790e-03, -1.3913e-03,  1.4205e-03,
        -3.2407e-04,  6.1223e-04, -1.1532e-03,  7.8843e-04,  2.8127e-03,
         1.9931e-03, -1.8672e-03,  7.2626e-04,  1.3051e-03,  2.1800e-03,
         1.4594e-03,  1.2792e-03,  2.2210e-04,  2.0654e-03,  1.2162e-03,
         2.1770e-03, -1.2157e-03, -1.8803e-03,  4.7489e-04,  8.7249e-04,
         1.7525e-03,  1.4620e-03, -1.3087e-03,  2.5064e-03,  1.2598e-03,
         1.3599e-03, -1.1813e-03, -3.7125e-04, -1.4546e-03,  5.6376e-04,
        -6.3695e-04,  2.1486e-04, -6.5583e-04, -1.1924e-03,  1.4312e-03,
        -1.3393e-03,  7.6523e-04,  6.9520e-04,  1.3566e-03,  2.3210e-04,
         7.4626e-04,  1.0225e-03, -3.6899e-04,  8.9997e-04, -1.4158e-03,
        -1.8123e-03,  2.1337e-03,  1.3114e-03, -2.2449e-04,  2.5967e-03,
        -2.1685e-03, -9.1765e-04, -1.0299e-03, -1.0493e-03, -1.2759e-03,
        -2.1579e-03, -5.0976e-04, -3.5480e-04,  5.7968e-04, -2.4476e-03,
         1.3706e-03, -4.8278e-03, -1.1374e-05], device='cuda:0')), ('fcs.2.weight', tensor([[ 4.8900e-04,  6.9812e-05, -1.6285e-03,  1.3586e-03,  6.8885e-04,
          1.5230e-03, -4.7458e-04,  1.2725e-03,  1.3085e-03, -7.6394e-06,
          1.4207e-03, -5.5624e-04, -2.1047e-03, -8.2207e-04, -9.5484e-04,
         -1.6470e-03, -1.1909e-03,  2.1645e-03, -1.7513e-03, -1.2608e-04,
          8.3149e-05,  5.5878e-04, -3.5382e-04, -2.6451e-03, -2.1958e-03,
          8.6367e-05, -5.8758e-04,  1.3020e-03,  1.4432e-04,  1.1860e-04,
          9.9713e-05,  1.7637e-04,  4.9877e-04,  7.0504e-04,  1.1042e-03,
          6.3264e-04,  5.5161e-04, -1.6217e-03, -6.4539e-04,  1.8684e-04,
          1.9580e-05,  5.6224e-04,  1.0924e-03, -8.9086e-04, -5.1540e-04,
         -1.0331e-03,  8.8285e-04, -2.7002e-04,  1.1143e-03, -2.5437e-03,
          2.5644e-04, -7.8901e-01, -1.0918e-03, -2.1665e-04, -3.0974e-05,
         -3.8903e-04, -4.2241e-04,  1.3061e-03,  4.5277e-04,  1.2333e-03,
         -2.4112e-03, -6.9375e-04,  8.9812e-04, -1.4808e-03,  4.4230e-04,
         -6.0452e-04, -1.6483e-03,  3.2369e-04,  1.6113e-03,  9.6928e-04,
         -7.2495e-04,  1.4805e-03,  1.1732e-03,  4.2799e-04,  3.0631e-04,
          2.5591e-04,  5.4352e-04, -6.2003e-05, -1.0000e-03,  8.6210e-04,
         -1.2207e-03, -7.1962e-05,  5.3284e-04, -4.2438e-04, -2.1563e-04,
         -1.8795e-03,  2.9050e-03,  1.0495e-03,  7.7979e-04,  8.4885e-04,
          2.9929e-05, -6.7426e-05,  4.4323e-04, -1.1686e-03, -8.7739e-04,
          2.5232e-04,  9.7659e-05,  2.4524e-04, -9.7426e-04, -1.6184e-03,
          6.4799e-05, -5.8206e-04, -1.7707e-03, -1.5616e-04, -5.6017e-04,
         -3.2666e-04, -1.0279e-03, -3.3261e-05, -3.9582e-04,  8.6773e-04,
          9.7560e-04, -9.7768e-04,  1.0156e-03, -8.6133e-04,  1.0732e-03,
          5.3325e-05, -2.3444e-04,  1.6720e-04,  2.0391e-03,  2.0299e-04,
          9.7792e-04,  4.0683e-04, -1.5533e-03, -1.1652e-03, -2.1926e-03,
          7.2613e-04,  6.4566e-04,  1.2287e-04]], device='cuda:0'))])
end of epoch 3: val_loss 0.012153319999050253, val_acc 1.0
trigger times: 1
end of epoch 4: val_loss 0.007855480711319841, val_acc 1.0
trigger times: 0
saving model weights...
Weights: OrderedDict([('fcs.0.weight', tensor([[-3.2973e-03,  1.8949e-03, -9.5263e-04],
        [-4.0081e-04, -3.8608e-04, -1.1011e-03],
        [-7.9394e-04, -3.2285e-04,  2.1903e-03],
        [-1.1473e-03, -5.8034e-04,  3.1799e-03],
        [ 3.6159e-03, -9.3218e-04,  1.3520e-03],
        [-1.5767e-03, -4.9118e-04,  2.7352e-03],
        [-8.8027e-04,  7.7343e-04, -2.9271e-04],
        [-3.4948e-04, -1.3223e-03,  6.2022e-04],
        [-1.0727e-03,  6.1770e-04, -6.3806e-04],
        [-1.1421e-03,  5.5947e-04, -1.2530e-03],
        [-1.1784e-03,  2.1846e-04, -7.2483e-04],
        [ 3.3208e-04,  1.4255e-03, -8.3177e-04],
        [-2.3995e-04, -1.1008e-03, -7.2368e-04],
        [-1.7849e-03, -1.7626e-03, -1.4601e-03],
        [-6.2373e-04, -7.6299e-04, -1.3296e-03],
        [ 1.4231e-03,  1.2566e-03,  6.1842e-04],
        [ 2.4367e-03, -9.3304e-04,  1.2300e-03],
        [-1.4955e-03, -9.0832e-04, -2.0233e-04],
        [ 6.5788e-04,  4.4871e-04,  3.6250e-04],
        [-8.4341e-04,  4.4051e-04,  5.0934e-04],
        [-2.3504e-03,  8.9794e-04, -5.6904e-04],
        [ 2.7089e-04, -2.7422e-03, -3.7910e-04],
        [-2.2662e-04,  2.7929e-03, -1.7393e-03],
        [ 3.9933e-01, -1.5274e-02,  5.7177e-01],
        [-1.0107e-03,  1.8690e-03,  3.5078e-04],
        [-1.4714e-03, -1.2036e-03,  6.9943e-04],
        [ 3.0624e-04, -6.0833e-04,  2.8731e-04],
        [ 1.0787e-03,  9.0982e-04, -4.0414e-04],
        [ 1.1736e-03, -7.1548e-04,  8.3887e-04],
        [-6.8898e-04,  5.6298e-04, -1.9334e-03],
        [ 1.0199e-04,  1.3334e-03,  1.4202e-03],
        [ 1.1763e-03,  6.4370e-04,  1.8793e-03],
        [ 8.5713e-07, -2.8625e-03, -1.9241e-04],
        [ 1.4300e-03, -1.8180e-03,  1.2795e-03],
        [-2.5299e-03, -1.4251e-03,  3.3088e-04],
        [-5.4936e-04,  1.2288e-03, -3.1200e-04],
        [ 1.5046e-03,  4.8588e-04,  1.0172e-03],
        [-1.0777e-03,  7.3233e-04, -2.2113e-03],
        [ 5.8895e-05,  7.8967e-04, -3.0598e-04],
        [ 1.9582e-03,  5.6028e-04, -2.0749e-03],
        [-6.6318e-04, -1.2881e-03,  1.1056e-05],
        [-2.7590e-04,  1.3983e-04, -7.3793e-04],
        [-1.5304e-03, -9.3871e-04, -3.5967e-04],
        [-1.1254e-03,  9.6853e-04, -1.8015e-03],
        [-7.6862e-04, -1.2705e-03,  1.7907e-03],
        [ 3.5318e-04,  5.3834e-04,  1.4911e-03],
        [ 2.0807e-03,  9.2967e-04,  4.2820e-03],
        [-4.2561e-03, -1.7797e-04, -4.5622e-04],
        [ 7.1841e-04, -9.4474e-04, -1.1079e-03],
        [ 2.6521e-04,  5.8942e-04,  9.2581e-04],
        [-6.3759e-04, -1.5478e-03,  1.4343e-03],
        [ 7.1025e-04, -1.2081e-03,  4.6825e-04],
        [-4.4501e-04,  3.7615e-04,  6.6289e-04],
        [ 5.9807e-04,  1.9530e-03, -3.6775e-04],
        [-1.6508e-03,  3.8159e-04, -4.0700e-04],
        [-9.4060e-05, -8.7595e-04,  4.3982e-04],
        [-7.6326e-04,  6.8648e-04, -1.3068e-03],
        [-1.0906e-03,  1.1827e-03, -6.2937e-04],
        [-3.8645e-04,  8.8576e-04, -1.2321e-03],
        [-5.4604e-04,  9.0658e-04, -1.2158e-03],
        [ 6.7292e-04, -3.8001e-04,  6.7244e-04],
        [-4.3148e-04,  4.2291e-05,  5.6681e-04],
        [-7.2774e-04,  1.5191e-03, -6.5635e-04],
        [ 9.1288e-04,  4.3638e-04,  6.7127e-04],
        [-3.2500e-04, -1.1831e-03, -3.0246e-05],
        [ 2.7177e-04, -1.3207e-03, -2.0964e-03],
        [ 1.0500e-03, -2.3793e-03, -7.2357e-04],
        [ 8.7962e-04, -8.0744e-04, -8.4804e-04],
        [-1.6240e-03, -1.5252e-03, -1.9719e-03],
        [-2.5043e-04,  2.3472e-03,  9.2879e-04],
        [-7.2027e-04,  1.1913e-03, -7.0392e-04],
        [-1.6935e-03, -1.0134e-03,  8.6343e-04],
        [-4.2308e-04, -1.7750e-03,  1.0801e-03],
        [ 1.3231e-03, -1.6462e-03, -5.6242e-04],
        [-3.6252e-05,  2.1640e-03, -2.6468e-03],
        [-6.3960e-04, -6.4100e-04,  3.9613e-04],
        [-1.2418e-03, -1.5147e-06,  2.0422e-03],
        [-1.5313e-03, -1.3182e-03, -5.6726e-04],
        [ 1.7094e-03, -1.4585e-03, -1.0410e-03],
        [-1.0547e-03, -1.0088e-05,  2.4865e-04],
        [ 7.6551e-04, -9.4192e-04, -3.1136e-04],
        [ 1.6961e-04, -1.7970e-03,  2.5069e-03],
        [ 2.1641e-03,  2.0239e-03, -5.7892e-04],
        [ 2.8415e-04, -1.9694e-03, -1.4018e-03],
        [ 1.6039e-04, -5.8500e-04, -4.8185e-04],
        [ 4.5332e-04, -2.7008e-04, -1.4963e-03],
        [ 1.1160e-03, -9.5750e-04,  1.2380e-03],
        [-4.3621e-04,  1.1619e-03, -8.7383e-04],
        [ 1.7864e-03, -1.6643e-03, -1.1396e-03],
        [-1.1822e-03,  1.2871e-04,  1.4246e-03],
        [-4.0584e-04,  2.4459e-03, -3.2856e-04],
        [ 1.0474e-03,  1.8903e-03, -1.3187e-03],
        [ 3.5345e-04, -1.3147e-03,  1.5326e-03],
        [-1.1804e-03,  1.1650e-03, -1.9759e-03],
        [-1.4149e-03,  3.5287e-03,  1.9376e-03],
        [ 2.5657e-03, -2.7343e-04, -3.9948e-04],
        [ 7.2092e-04, -7.1710e-04,  6.1873e-04],
        [ 1.5628e-03,  1.0664e-03,  2.8389e-03],
        [ 7.0491e-04,  9.4465e-04,  7.0505e-05],
        [ 1.0238e-03, -2.6731e-04, -4.8106e-04],
        [-9.3468e-04,  8.4487e-04, -8.9843e-04],
        [-1.1000e-03,  1.8364e-03,  6.6921e-04],
        [ 1.5342e-03, -1.3197e-03,  2.3103e-04],
        [ 3.6090e-04,  8.2906e-04, -1.4496e-03],
        [ 7.2600e-04, -8.9637e-04, -3.3009e-03],
        [-1.2064e-03,  3.1341e-04,  1.1354e-03],
        [ 1.5751e-04,  2.4523e-03, -1.1311e-03],
        [ 6.0400e-04, -1.3708e-03,  1.2097e-03],
        [-7.9219e-04,  9.0830e-04,  1.4825e-04],
        [-2.1109e-05, -8.6671e-04,  3.8134e-04],
        [-1.4274e-03, -1.4280e-04, -1.4495e-03],
        [ 8.7683e-04, -2.1958e-03,  1.6913e-03],
        [ 2.6029e-03,  1.3243e-03, -1.2903e-03],
        [ 1.0336e-03,  8.8233e-05, -2.3858e-03],
        [-1.2816e-03, -1.8485e-03, -1.4584e-05],
        [-7.6917e-04,  2.7993e-03, -1.9469e-03],
        [ 1.0563e-03, -1.6389e-03, -1.2756e-03],
        [-8.5338e-04,  1.8073e-03,  2.0358e-03],
        [ 5.2638e-04,  7.3632e-04, -9.0688e-04],
        [-7.5798e-04, -5.3755e-05,  2.5705e-03],
        [-1.2302e-03, -2.1606e-03,  2.1742e-03],
        [-1.4173e-03, -7.0214e-04,  4.8976e-04],
        [ 8.2904e-04, -6.5735e-04,  1.2068e-03],
        [ 6.5150e-04,  2.3095e-04,  4.9190e-04],
        [ 8.7889e-05,  1.7400e-03,  7.8049e-04],
        [-1.2927e-03, -5.3133e-04, -2.4747e-03],
        [ 1.0047e-03, -2.0227e-03,  6.4473e-04],
        [ 6.1019e-04,  1.3214e-03,  1.8817e-03]], device='cuda:0')), ('fcs.0.bias', tensor([-8.4112e-04,  3.4104e-04,  8.0028e-04,  6.7549e-04, -1.3717e-03,
         6.8992e-04,  1.3384e-03, -4.0910e-03, -5.2211e-04,  5.2122e-04,
         2.2219e-03,  1.4909e-03,  1.8110e-03, -2.2150e-03,  8.4818e-04,
         9.6346e-04, -1.2688e-03,  1.7185e-03,  3.7244e-04, -2.7412e-04,
        -4.6008e-05,  4.9481e-04, -1.4546e-03,  5.5087e-03,  6.4833e-05,
         4.9830e-04, -8.9406e-04,  2.2561e-03, -1.1498e-03, -1.1883e-04,
         5.9846e-04,  1.2384e-03, -1.8749e-03, -2.1002e-03, -5.9546e-05,
        -3.3220e-05, -1.8272e-03,  2.7111e-03,  6.2330e-04, -1.9599e-03,
         1.9107e-03, -1.5076e-03, -1.0436e-04,  1.6875e-03,  5.0280e-04,
         6.7314e-04,  1.1690e-03,  1.4636e-03,  1.6670e-03, -2.5343e-03,
        -1.0031e-03,  1.3373e-03, -2.4606e-04,  7.8624e-04,  1.9884e-03,
        -1.5599e-03, -8.9635e-04, -1.0251e-04,  2.1769e-04,  2.2231e-03,
         1.3834e-03,  7.6213e-04, -8.9803e-06, -4.7341e-04,  6.4679e-04,
         1.2143e-03,  3.2375e-03,  1.6124e-03, -3.1274e-03, -2.4146e-03,
        -1.5057e-03, -1.2144e-04, -1.3912e-03,  1.2167e-03,  1.1382e-03,
         6.2005e-04, -2.6351e-04, -5.7322e-04, -9.7263e-04, -6.8520e-04,
         8.2031e-04,  7.3846e-04, -2.3819e-03,  7.0246e-04,  1.9723e-03,
        -7.6426e-04,  1.9458e-04,  7.7327e-04, -1.7957e-03,  7.3012e-04,
        -1.0802e-03,  6.1431e-05,  5.2784e-04, -1.6528e-03, -1.7158e-03,
        -2.0003e-03, -1.9729e-03,  5.6136e-04, -7.3931e-04,  9.6588e-04,
        -1.2637e-03,  4.7857e-04,  7.4460e-04,  7.2368e-04,  2.5481e-03,
         4.2909e-04, -1.1104e-03, -1.3273e-03, -1.5764e-03,  1.5876e-03,
        -2.2064e-04,  5.6540e-04,  1.0984e-03,  1.6739e-03,  2.5506e-03,
        -2.2932e-04, -1.5395e-03,  1.3436e-03,  4.5104e-04, -1.7139e-03,
        -7.6628e-04, -7.8229e-04, -5.1898e-04,  4.8228e-05,  4.2112e-04,
        -9.6413e-04, -1.6429e-03, -1.2482e-03], device='cuda:0')), ('fcs.1.weight', tensor([[ 8.7245e-05,  6.5653e-04,  4.3215e-03,  ...,  6.5203e-04,
         -5.6171e-05,  1.8383e-03],
        [-2.1822e-03,  4.5614e-04,  8.2613e-05,  ..., -7.2375e-04,
          1.0774e-03,  6.0606e-04],
        [ 4.2212e-03,  1.9623e-03,  5.5216e-04,  ...,  9.8482e-04,
          9.8503e-04,  7.6479e-04],
        ...,
        [ 2.1801e-03,  6.7522e-04,  5.5545e-04,  ...,  5.6361e-04,
         -8.9277e-04,  6.5416e-04],
        [-4.7989e-03, -3.2576e-04,  1.3049e-03,  ..., -8.9283e-04,
          1.3109e-03, -3.1459e-03],
        [ 1.1620e-04, -2.1689e-03,  6.7073e-04,  ...,  1.3054e-03,
         -5.5236e-04,  2.2531e-04]], device='cuda:0')), ('fcs.1.bias', tensor([ 1.2654e-03, -1.1330e-03,  7.1744e-04,  6.7956e-04,  1.4562e-03,
         1.2795e-03,  2.0798e-04, -1.9741e-03,  1.1927e-03,  7.0267e-04,
         7.4506e-04,  1.6736e-04,  1.7765e-05,  1.3609e-03, -2.0836e-03,
        -1.2229e-03,  5.7465e-04, -7.5648e-04,  2.1287e-03, -2.4139e-03,
         1.2552e-03, -2.2057e-03,  1.3487e-03, -1.9733e-03,  7.6122e-04,
         5.2813e-04,  1.3044e-03,  2.0912e-03, -7.6442e-04, -1.1525e-04,
         1.3519e-03,  1.3977e-03,  1.2697e-03, -5.3641e-04, -1.9051e-03,
         2.1638e-03,  1.9043e-03, -5.5300e-04,  2.2921e-03,  1.5186e-03,
         7.6568e-04,  1.2844e-03, -1.5576e-03,  3.0816e-03,  1.9382e-03,
         1.5699e-04, -1.3195e-03,  1.7802e-03,  2.1372e-03, -9.8574e-04,
         1.0415e-03,  2.6083e-03,  7.7373e-04, -2.2793e-03,  6.2260e-04,
        -3.1331e-03,  1.3068e-03,  9.4484e-04, -2.1834e-03,  7.4817e-04,
        -2.1998e-03, -2.2172e-03, -1.9470e-03, -4.6169e-04, -1.6346e-04,
         1.1987e-03,  5.5621e-04, -2.2709e-03,  2.1052e-03, -1.5490e-03,
        -6.1635e-04, -1.9040e-03, -1.9940e-03, -1.6015e-03, -1.4149e-03,
        -1.9769e-03,  2.1409e-03, -9.4879e-04, -1.4867e-03,  1.9355e-03,
         4.4824e-04, -1.3851e-03, -2.0366e-03,  1.0403e-03,  8.3566e-04,
        -6.9726e-04,  7.9823e-04,  5.4218e-04,  2.4399e-03,  1.5340e-03,
        -6.9219e-04, -1.1932e-03,  1.6137e-03, -1.0370e-03,  5.7205e-04,
         9.7545e-04,  8.9640e-04, -1.4735e-03,  1.8706e-03, -1.4524e-03,
         6.4048e-04,  7.2739e-04,  7.6261e-04,  2.2083e-03,  8.2419e-04,
         8.0289e-04, -1.2476e-03,  7.9904e-04,  7.7345e-04, -1.2155e-03,
         2.1002e-03,  5.8385e-04,  2.0298e-03, -1.9715e-03, -4.0563e-04,
        -2.1799e-03, -1.0784e-03,  5.6721e-04, -1.3101e-03,  7.0026e-04,
        -1.3859e-03, -9.4848e-04, -3.8152e-04,  2.1622e-03,  3.1579e-03,
         1.2725e-03, -7.7328e-04, -5.9042e-04], device='cuda:0')), ('fcs.2.weight', tensor([[ 1.4886e-03, -1.0470e-03,  2.8095e-03, -1.4017e-03, -1.1684e-03,
         -1.8415e-03, -1.2171e-03,  8.7353e-04,  7.6998e-04, -1.3183e-03,
         -3.5231e-04, -5.6176e-04, -1.1258e-03, -1.3151e-03, -1.2269e-03,
         -1.8290e-03, -1.7109e-03, -8.1951e-04, -1.4651e-03, -1.9030e-03,
         -2.9126e-05,  7.9491e-04, -6.6527e-04, -8.3861e-04,  4.3484e-04,
         -1.4696e-04, -1.8317e-04, -1.3395e-03,  7.8717e-04,  2.7981e-04,
          1.3434e-03, -9.6190e-04,  1.7120e-03,  9.2144e-04,  7.9475e-04,
          7.4876e-04, -1.0855e-03, -1.7471e-03, -1.5543e-03,  6.0278e-04,
         -8.5154e-04,  3.8443e-04,  1.0684e-03,  1.2329e-03,  6.8105e-04,
         -2.8956e-04,  7.8287e-04,  4.9304e-04, -5.4092e-04, -1.6332e-04,
          3.9928e-04, -8.0152e-01,  1.3004e-03, -9.3205e-04,  1.7500e-03,
          6.6522e-04, -1.0932e-03, -6.1474e-04,  1.2965e-04,  2.3436e-03,
          8.2001e-04,  2.7986e-04, -7.3243e-04, -1.2634e-05, -1.0803e-03,
         -1.1206e-03, -1.3181e-03, -9.3971e-04,  5.8157e-04,  6.1955e-04,
         -9.1011e-04, -1.5952e-04,  9.8959e-04,  1.4294e-03, -1.3662e-04,
          4.5368e-04, -1.7651e-03,  6.0195e-04, -1.4170e-03, -6.9325e-04,
         -1.1913e-04, -2.0790e-03, -8.6867e-04,  1.9256e-03,  2.9688e-04,
          8.9236e-04,  1.9152e-03, -1.2320e-03,  2.7021e-04, -6.3358e-04,
          5.6535e-04, -8.1006e-04,  1.1182e-03, -1.3730e-04, -1.9258e-04,
          3.5923e-03,  1.6371e-03, -1.2835e-04, -1.4579e-03, -1.5140e-03,
          3.9585e-04, -4.2633e-04,  1.4942e-04,  3.4185e-04, -1.1018e-03,
         -1.1576e-03, -6.6333e-04,  1.6465e-03, -1.1735e-04, -4.1651e-05,
         -1.2416e-03, -6.1025e-04,  2.3848e-04,  2.2373e-03, -1.7149e-04,
         -8.8237e-04, -2.0632e-03,  2.3208e-03, -9.2248e-05, -1.1998e-03,
         -1.3158e-03,  4.4614e-04,  1.0833e-03,  1.1908e-03, -1.0426e-03,
          1.8182e-03, -5.3437e-04, -8.0107e-04]], device='cuda:0'))])
end of epoch 5: val_loss 0.009704223646033724, val_acc 1.0
trigger times: 1
end of epoch 6: val_loss 0.00621649829189348, val_acc 1.0
trigger times: 0
saving model weights...
Weights: OrderedDict([('fcs.0.weight', tensor([[ 2.9559e-04,  2.9340e-05, -1.1940e-03],
        [-5.0866e-05,  9.7053e-05,  7.2704e-05],
        [ 4.4162e-05,  1.4767e-03, -2.6935e-03],
        [-9.1445e-04, -2.0690e-03,  1.0102e-03],
        [ 1.2597e-03, -1.1341e-04,  1.9850e-04],
        [ 1.4939e-03, -1.6103e-03, -1.1935e-04],
        [ 5.8383e-04,  1.1250e-06,  8.4527e-04],
        [ 2.6690e-03,  1.0181e-03,  8.3189e-04],
        [ 1.0588e-03, -1.8414e-04,  6.8996e-04],
        [ 2.5783e-03,  1.3220e-03,  1.7905e-03],
        [ 3.9853e-03,  1.1181e-03,  4.2863e-04],
        [-1.4895e-03, -1.2929e-03,  2.5079e-04],
        [ 2.2004e-04, -2.7228e-04, -1.9023e-04],
        [ 2.8056e-04,  9.7461e-04,  1.8158e-03],
        [-1.3845e-03, -8.0052e-04, -4.9229e-04],
        [ 7.7737e-04, -1.8457e-03,  5.4062e-04],
        [-9.3331e-04, -1.7759e-03,  1.3377e-03],
        [-1.2751e-03, -1.6427e-03, -6.4375e-04],
        [ 2.5039e-04,  1.7075e-03,  8.1761e-04],
        [ 8.9042e-04, -2.2332e-04, -5.4875e-04],
        [-6.3232e-04,  8.5699e-04, -2.3744e-04],
        [-9.3514e-04,  3.9315e-05,  4.0364e-04],
        [ 2.8562e-04,  1.4218e-03, -2.5442e-03],
        [ 4.0028e-01,  6.1394e-04,  6.4795e-01],
        [ 6.7408e-04,  2.5741e-04, -5.7758e-04],
        [ 8.2143e-04,  1.3981e-03, -2.6105e-03],
        [ 6.0245e-04, -2.8740e-04, -2.2986e-04],
        [-2.8373e-03,  1.0128e-04, -1.5724e-03],
        [ 2.0047e-03, -1.7406e-03, -6.5673e-04],
        [-3.0053e-04,  6.0735e-04,  2.0443e-04],
        [-2.1343e-03, -7.0793e-04,  1.6394e-03],
        [-9.1024e-04,  9.7699e-04, -1.6932e-03],
        [-3.1037e-03,  2.7777e-04,  5.1946e-04],
        [-5.4776e-04, -1.5271e-03,  1.6328e-03],
        [-2.3641e-03,  9.8661e-05, -6.3243e-04],
        [-4.6730e-05, -3.8916e-04,  1.7852e-03],
        [ 1.6319e-05,  3.1791e-04, -1.4940e-03],
        [ 1.0409e-03,  1.5609e-03,  4.8979e-06],
        [ 1.9578e-03, -4.6761e-04, -1.2719e-03],
        [ 2.5123e-04, -9.6641e-04, -1.4637e-04],
        [ 1.8005e-03,  4.6327e-06,  6.2963e-04],
        [ 1.5861e-03,  9.4622e-04,  1.1090e-03],
        [-7.6990e-04, -2.1599e-03, -7.4565e-05],
        [ 2.1597e-03,  2.3357e-03,  3.0816e-03],
        [ 2.0547e-03,  8.3588e-04, -1.6855e-03],
        [ 4.2820e-04, -1.9088e-03, -7.2385e-05],
        [-9.8519e-04,  1.8884e-03, -1.0727e-03],
        [ 1.8631e-03,  3.1549e-04, -1.4941e-03],
        [-8.1796e-06, -2.0090e-03, -1.7575e-03],
        [ 1.4575e-03,  1.2641e-03, -1.3849e-03],
        [ 6.4496e-04, -1.6782e-03, -1.3953e-03],
        [ 6.5105e-04, -1.0085e-03, -6.1653e-04],
        [ 1.3346e-03, -2.0787e-03, -1.4279e-03],
        [-1.2468e-05,  1.1638e-04, -1.6300e-03],
        [ 1.9094e-03, -1.6594e-03,  1.8495e-03],
        [-1.5959e-03, -1.2637e-03, -2.2343e-03],
        [ 2.3885e-04, -3.8012e-04,  1.4533e-03],
        [-2.9546e-04, -1.0151e-03, -3.3385e-04],
        [-9.5551e-04,  1.3542e-03, -2.6346e-04],
        [-7.6138e-04, -2.0486e-04, -1.1046e-03],
        [-7.0014e-04,  9.7243e-04,  2.1377e-04],
        [-4.3904e-03, -1.6587e-03, -8.0504e-04],
        [-8.7221e-04, -9.3957e-04,  4.7382e-04],
        [-4.2457e-05, -9.7998e-05,  2.6831e-03],
        [-1.3719e-04, -3.1183e-04,  4.5730e-04],
        [-9.8689e-04, -5.2206e-05, -1.3993e-03],
        [ 2.7088e-03, -8.1714e-04, -2.4347e-03],
        [-1.8407e-03,  4.4963e-04,  1.0583e-03],
        [-1.3617e-03,  7.4599e-04,  1.4231e-03],
        [-9.5759e-04, -2.9422e-03, -1.2562e-03],
        [ 2.3531e-03, -4.9673e-04, -1.0411e-03],
        [ 3.9790e-04, -1.7620e-03,  6.7076e-04],
        [-4.3716e-04, -4.1571e-04,  7.8699e-04],
        [-4.3698e-04,  3.0846e-04, -8.5252e-05],
        [ 1.2038e-03,  2.0328e-03, -1.3463e-03],
        [ 7.9643e-04,  5.0914e-04,  2.0483e-05],
        [ 1.6654e-03,  4.6518e-04,  4.4364e-04],
        [-2.2889e-03,  1.0580e-03, -1.5915e-03],
        [-6.5239e-04, -5.2105e-04,  1.2329e-03],
        [-6.0477e-04, -1.4288e-03,  2.6759e-03],
        [ 4.9166e-04, -1.3809e-03,  4.9408e-04],
        [ 1.7844e-03, -1.6419e-03, -2.1907e-03],
        [ 2.0168e-04,  1.0314e-03,  2.8973e-04],
        [ 1.5470e-03, -3.1081e-04,  3.5754e-04],
        [-1.6642e-03,  2.4970e-03,  6.8015e-04],
        [-1.0250e-03, -7.6563e-05,  1.3579e-03],
        [-1.8977e-05, -4.5142e-04, -1.2534e-03],
        [-8.0448e-04, -4.5926e-04,  5.9750e-04],
        [-2.2457e-04,  3.4086e-04,  1.4574e-03],
        [ 1.8688e-03, -1.4845e-03, -7.9592e-04],
        [ 1.1066e-03,  1.8326e-03, -7.2418e-04],
        [-2.2194e-03,  2.4559e-03, -1.8464e-03],
        [ 1.1811e-03,  2.1091e-03,  7.6513e-04],
        [-9.4309e-04,  1.3313e-03, -4.0089e-04],
        [-8.7669e-05,  4.7070e-04, -5.8340e-04],
        [ 8.3221e-04, -1.4800e-03, -1.6466e-03],
        [ 1.0223e-03, -8.4694e-04,  1.3477e-04],
        [-8.4655e-04, -1.9445e-03, -1.3857e-03],
        [ 1.6937e-03,  1.5086e-03,  4.2275e-04],
        [-1.4156e-03, -1.1740e-03,  1.7834e-03],
        [-1.7877e-03, -9.7941e-05,  5.0586e-04],
        [-1.3442e-03, -2.7836e-03,  4.8582e-04],
        [ 3.6644e-03,  1.5522e-03, -7.2962e-04],
        [ 8.8803e-04,  2.0107e-03,  1.1875e-03],
        [-7.5753e-04, -2.5383e-04, -1.7789e-03],
        [ 3.5283e-04,  9.0829e-04,  2.1936e-04],
        [ 4.7784e-04, -8.1960e-04,  5.3151e-04],
        [ 1.2033e-03,  5.1339e-04,  3.2368e-04],
        [ 2.1406e-04,  1.0625e-03, -1.0170e-03],
        [ 5.2925e-04, -1.3665e-03, -5.1955e-04],
        [ 1.4019e-03,  3.7159e-03,  4.1630e-03],
        [ 1.0051e-03, -6.3124e-04, -1.6797e-03],
        [ 4.4249e-04,  1.6133e-04, -1.8927e-03],
        [ 8.2242e-05, -1.0397e-03, -7.1557e-04],
        [-1.9412e-03,  7.3510e-04, -6.1269e-04],
        [ 4.9447e-04, -8.7170e-04,  1.0847e-03],
        [-2.0161e-03, -1.3675e-03,  1.1994e-03],
        [-1.5310e-04,  1.8982e-04,  1.8046e-03],
        [-2.1099e-03, -1.1360e-03,  1.2271e-04],
        [-5.5056e-04,  3.6782e-04,  8.7576e-04],
        [ 1.2558e-03, -1.4720e-03,  1.3438e-03],
        [-8.4355e-04,  1.7103e-03,  1.7806e-05],
        [-1.3339e-03,  1.9100e-03,  2.1526e-04],
        [ 1.5419e-04, -6.4006e-04,  1.2303e-03],
        [ 1.3641e-03,  9.1142e-05, -2.6196e-03],
        [ 1.6548e-03, -1.5616e-03, -2.7383e-04],
        [ 4.0635e-04, -4.0170e-04,  5.1439e-04],
        [ 3.9280e-05, -2.6189e-03, -7.5924e-04]], device='cuda:0')), ('fcs.0.bias', tensor([-1.6092e-03, -4.0731e-05,  3.4427e-04,  7.0848e-04,  5.8146e-04,
         5.3154e-04, -2.2221e-03,  1.0256e-03, -1.7458e-03, -5.3045e-04,
        -5.5417e-04, -1.0005e-03,  9.5930e-04,  2.7404e-03,  1.6054e-03,
         1.8520e-03,  8.0428e-04, -7.7836e-04, -8.0430e-04, -1.1354e-04,
         7.7103e-04, -1.2700e-03, -1.7043e-03,  6.1570e-04,  2.1108e-03,
        -1.1797e-03, -6.3661e-04,  1.2675e-03,  1.6336e-03,  1.8656e-03,
         7.7174e-04, -1.5994e-03, -1.5806e-03,  1.7633e-03,  4.0121e-04,
         1.4391e-03, -1.8463e-04,  1.4314e-04, -3.3219e-03, -4.4413e-04,
         2.8397e-03, -2.3726e-03, -1.9538e-03,  1.4636e-03,  1.4661e-03,
         6.2601e-04,  4.8765e-04, -1.8082e-04,  1.1235e-03,  1.1459e-03,
         3.2948e-04, -1.3148e-03, -3.9823e-04,  7.2355e-04,  1.2256e-03,
         3.0789e-04,  1.8067e-03,  2.8941e-04, -2.7992e-03,  1.1045e-04,
         1.2733e-03, -4.4178e-04,  1.9210e-03,  8.8325e-04, -8.0935e-05,
         1.7673e-03,  2.4820e-03,  3.1987e-03,  1.6112e-03, -5.2720e-04,
         4.8694e-05,  5.8433e-04, -4.8810e-04, -1.1549e-03, -8.0714e-04,
        -3.3642e-03,  4.1885e-04, -2.5166e-03,  9.9947e-04, -4.5514e-04,
        -1.6515e-03, -1.3110e-03, -1.3418e-03,  5.6008e-04, -3.0431e-04,
         1.9245e-03, -9.6571e-04,  1.9475e-03, -2.1319e-04, -9.0972e-04,
        -8.4863e-04, -1.0394e-03, -1.4976e-03,  1.0624e-03, -2.5446e-03,
        -2.5439e-03,  1.7305e-03, -9.3994e-04,  5.9410e-04, -1.2947e-03,
         3.0364e-04, -2.2188e-03, -3.2149e-03,  1.6594e-03,  1.6733e-03,
         1.1097e-03, -3.2908e-03,  1.3298e-03, -4.6202e-04,  1.0973e-03,
         7.3483e-04, -2.2685e-03, -1.3414e-03,  1.8730e-03, -6.9227e-04,
         1.4101e-03,  2.6577e-03, -1.4150e-03, -9.5639e-06, -1.5958e-03,
         1.2280e-03, -2.1123e-04,  1.0584e-03, -1.8814e-03, -1.0611e-03,
        -9.4144e-04, -6.7444e-04,  1.9603e-04], device='cuda:0')), ('fcs.1.weight', tensor([[ 8.1177e-05,  6.5015e-04,  4.3173e-03,  ...,  6.5222e-04,
         -8.0932e-05,  1.8266e-03],
        [-2.1825e-03,  4.6045e-04,  8.0807e-05,  ..., -1.1455e-03,
          1.0804e-03,  6.1009e-04],
        [ 4.2236e-03,  1.9612e-03,  5.5247e-04,  ...,  9.8510e-04,
          9.8532e-04,  7.6422e-04],
        ...,
        [ 2.1804e-03,  6.7324e-04,  5.5298e-04,  ...,  5.6103e-04,
         -8.9323e-04,  6.5472e-04],
        [-4.7947e-03, -1.5033e-03,  1.3058e-03,  ..., -8.9450e-04,
          1.3128e-03, -3.1433e-03],
        [ 1.1722e-04, -2.1801e-03,  6.7329e-04,  ...,  1.3039e-03,
         -5.5248e-04,  2.2635e-04]], device='cuda:0')), ('fcs.1.bias', tensor([ 1.2207e-03, -1.3608e-03,  9.2914e-04,  5.9432e-04, -1.2597e-03,
         7.4582e-04,  4.3877e-03, -5.8743e-04, -2.1661e-03, -7.8093e-04,
         6.6948e-04, -6.1741e-04,  7.0494e-04,  8.1603e-04,  7.6153e-04,
         1.9565e-03, -1.1746e-03,  2.1236e-03,  4.8683e-04,  2.0892e-03,
         2.0893e-03, -2.1289e-03, -2.5680e-03, -1.8749e-03,  7.6490e-04,
        -7.8745e-04, -9.2910e-04,  2.1973e-03, -9.5062e-04,  1.1302e-03,
         1.4104e-03,  1.7676e-03,  1.7734e-03, -9.3321e-04, -1.8215e-03,
         2.0536e-03,  8.9972e-04, -2.1385e-03, -2.1778e-03,  1.4349e-03,
         1.0059e-03,  1.8950e-03,  2.1765e-03,  3.1422e-03,  1.9611e-03,
         4.7383e-04, -1.2847e-03,  7.6499e-04,  2.2276e-03,  2.6607e-03,
         5.2437e-04,  4.2418e-05,  7.4608e-04, -1.2836e-03,  3.7364e-04,
        -3.4301e-03, -5.6008e-04, -2.1788e-03, -8.3322e-04,  1.1066e-03,
         3.3375e-03, -6.3043e-04, -4.1386e-04, -7.8876e-04, -1.2246e-03,
         1.3098e-03,  1.6193e-03,  8.0434e-04,  2.0640e-03,  5.5801e-04,
        -6.0910e-04, -1.9705e-03, -1.9440e-03, -1.2922e-03, -8.3602e-04,
        -1.9431e-03,  5.6512e-05, -4.8939e-04, -1.1688e-03, -4.7426e-04,
        -7.6512e-04, -1.2913e-03, -9.9675e-04, -1.9578e-03, -5.9116e-04,
         1.5248e-03, -5.2211e-04, -1.2982e-03,  2.6617e-03,  2.4260e-03,
        -6.2270e-04, -3.0384e-04,  5.0962e-05,  2.6392e-03, -4.6316e-04,
         1.0371e-03, -2.0935e-03, -7.5000e-04, -1.3044e-03, -5.1515e-04,
        -3.2717e-04,  8.5119e-04,  2.7591e-04, -1.2975e-03,  1.8039e-03,
         2.1729e-03, -6.4858e-04, -8.3808e-04,  8.6198e-04, -2.1107e-04,
         7.6493e-04,  9.2535e-04,  5.3722e-04,  5.8499e-04, -1.0611e-03,
        -2.2592e-03, -9.2039e-04, -1.2328e-03,  1.2639e-03, -7.9325e-04,
         7.8251e-04, -2.3594e-03, -1.7997e-03,  2.1818e-03,  3.1508e-03,
         1.3035e-03,  2.5347e-04, -2.6834e-03], device='cuda:0')), ('fcs.2.weight', tensor([[ 4.5630e-04,  2.6117e-04, -1.5287e-04, -1.6873e-03,  6.6626e-04,
          2.5765e-05,  4.5634e-04, -7.4108e-04,  8.6525e-04,  5.3414e-04,
          2.4611e-03, -1.1727e-03, -1.9799e-04, -1.1151e-03,  1.1629e-03,
          1.7444e-04, -1.4692e-05,  1.8198e-03, -2.0697e-04, -9.4948e-04,
          1.0467e-03,  8.1522e-04, -1.2040e-03, -8.4371e-04, -9.3929e-04,
          1.7331e-03,  9.8092e-04,  1.7815e-04,  9.4367e-04,  1.4794e-03,
         -3.8212e-04, -6.5609e-04, -2.9823e-05, -5.2577e-04, -1.0188e-03,
         -9.8500e-05,  1.5221e-03,  4.7056e-04, -1.8662e-03, -1.5413e-03,
          1.5550e-04,  5.6371e-04,  1.1991e-03, -1.9565e-03,  6.5529e-04,
          2.1235e-06,  1.0335e-04,  7.8392e-04,  1.7897e-03, -8.9356e-04,
         -6.6645e-04, -8.2944e-01, -4.4328e-04, -5.0200e-04, -8.4996e-04,
          1.7593e-03, -1.0837e-03,  1.3370e-03,  1.5050e-03,  1.0252e-03,
          5.0213e-04, -1.1294e-03,  1.1331e-03,  3.4948e-04, -8.1969e-04,
         -9.3007e-04, -1.3154e-03, -1.0917e-03,  1.2778e-03, -2.0811e-03,
         -2.2429e-03, -3.2685e-04,  8.9122e-04,  4.2572e-04,  2.0177e-03,
         -3.4212e-04, -1.4063e-03,  1.5654e-03, -1.0914e-04,  4.9320e-04,
         -1.2600e-03, -1.3320e-03,  1.0395e-03, -1.5817e-03,  9.2635e-04,
          5.9806e-04, -2.4183e-04, -1.6420e-04, -1.6793e-03,  6.1576e-04,
          1.7564e-03, -1.0816e-03,  2.5109e-04, -5.8590e-04, -1.5462e-03,
          6.8126e-04,  1.6436e-03,  3.6726e-04,  4.8110e-04, -6.2074e-04,
          1.7951e-03,  1.0543e-03, -9.8505e-04,  8.5353e-04,  3.2681e-04,
         -8.0259e-04,  7.0084e-04,  3.8161e-04, -2.7576e-04, -1.6148e-03,
         -2.8751e-03,  4.7561e-04, -1.6846e-03, -9.1569e-04,  5.0914e-04,
         -7.9226e-04, -5.1546e-04,  1.8186e-03, -2.7510e-05, -4.4054e-04,
         -1.3389e-03, -1.6382e-03, -1.1696e-03,  2.4873e-04,  1.7056e-03,
         -2.5195e-04,  1.2410e-03,  2.5746e-03]], device='cuda:0'))])
end of epoch 7: val_loss 0.009338332977980777, val_acc 0.995
trigger times: 1
end of epoch 8: val_loss 0.006609197446493517, val_acc 0.995
trigger times: 2
end of epoch 9: val_loss 0.008599240803774926, val_acc 1.0
trigger times: 3
end of epoch 10: val_loss 0.011363983110551992, val_acc 0.995
trigger times: 4
end of epoch 11: val_loss 0.006175136982547364, val_acc 1.0
trigger times: 0
saving model weights...
Weights: OrderedDict([('fcs.0.weight', tensor([[-4.4192e-04,  2.8476e-03,  9.2746e-04],
        [-1.0408e-03, -1.0379e-03,  3.5440e-04],
        [ 4.6201e-04, -2.7736e-04, -1.0634e-03],
        [ 7.0993e-04,  1.5667e-03, -1.7993e-03],
        [-7.7368e-04,  1.1445e-03, -1.2590e-03],
        [ 6.5830e-04, -3.3052e-04, -7.2154e-04],
        [ 1.4807e-03, -5.4399e-04, -1.4103e-03],
        [ 1.8495e-04, -1.6194e-03, -3.4717e-03],
        [ 1.1343e-04, -4.1796e-04,  7.0567e-04],
        [ 2.0641e-04,  2.1938e-03,  2.2515e-03],
        [-4.3005e-05,  4.5043e-04,  1.0369e-03],
        [ 1.8746e-03, -2.0439e-03,  7.8957e-04],
        [-3.6006e-04,  8.1568e-04,  1.4114e-03],
        [-7.9223e-04,  1.0437e-04, -2.8846e-04],
        [-1.0969e-03,  1.4195e-04,  6.7391e-04],
        [ 6.2761e-04, -9.9463e-05,  4.0834e-04],
        [-1.0513e-03,  4.1700e-03, -4.1928e-04],
        [-1.1700e-03,  1.2878e-03,  2.4669e-03],
        [ 1.6068e-03, -1.0920e-03, -9.2333e-04],
        [ 8.4674e-04, -1.2672e-03, -1.5277e-03],
        [ 9.9924e-04, -3.1694e-04,  3.6002e-05],
        [-7.8027e-05, -2.8352e-04,  7.1256e-04],
        [-1.3060e-03,  1.8949e-03, -1.1311e-03],
        [ 4.6680e-01, -3.8860e-03,  5.7664e-01],
        [ 1.6734e-03,  2.2080e-03,  1.6040e-03],
        [-5.1565e-04,  2.1299e-03, -2.8609e-04],
        [-1.1674e-03,  2.5508e-04,  8.0644e-04],
        [-4.6877e-04, -1.3387e-03,  7.3946e-04],
        [-5.0994e-04,  2.0868e-03,  1.1088e-03],
        [ 6.1620e-04,  1.7179e-04,  2.0997e-04],
        [ 1.4114e-03, -1.3705e-03, -6.8003e-04],
        [ 1.3089e-03,  8.4826e-04,  1.1963e-03],
        [ 4.6188e-04, -1.3887e-03,  2.3368e-04],
        [-4.9450e-04, -1.4280e-03, -1.9437e-03],
        [-6.1830e-05,  1.5901e-03, -6.4052e-04],
        [-2.0848e-04,  1.8952e-03,  5.2239e-04],
        [-6.1691e-05, -3.2637e-04,  1.5803e-03],
        [ 6.9048e-04, -1.2183e-04,  2.1822e-03],
        [ 3.0208e-03,  4.6014e-04, -1.0670e-03],
        [ 2.4558e-03,  1.5887e-03, -1.4821e-03],
        [-1.0052e-03,  5.2239e-04,  6.4086e-04],
        [-1.1948e-03,  9.1156e-04,  3.8472e-04],
        [-1.6803e-03, -2.5479e-04, -1.9720e-04],
        [ 8.7465e-04, -1.2249e-03,  1.1204e-03],
        [-1.3363e-03, -4.0349e-04,  1.1298e-03],
        [-4.7127e-05,  6.5378e-04,  8.8690e-04],
        [ 2.8196e-03, -4.6032e-04, -3.7136e-04],
        [-4.3791e-03,  1.6145e-03,  4.4161e-05],
        [ 1.7089e-04,  1.9925e-03,  4.8611e-04],
        [-4.4823e-04,  4.4310e-04,  3.9205e-05],
        [ 1.1651e-03,  1.7963e-03,  1.1904e-03],
        [-1.1882e-03, -7.7184e-05,  5.3142e-04],
        [ 1.7810e-03,  7.4454e-04, -3.8185e-04],
        [ 6.7572e-04, -8.8738e-04, -1.0598e-03],
        [-1.5029e-04, -1.0361e-03,  5.0398e-04],
        [ 1.2289e-03,  6.5387e-04,  2.5242e-03],
        [-2.5043e-03, -3.6481e-04, -9.0033e-04],
        [ 1.0015e-03, -5.8496e-04, -1.3496e-03],
        [ 5.3712e-04, -1.2579e-03,  4.4405e-05],
        [-2.7006e-04, -3.5420e-04,  7.6404e-04],
        [-1.4545e-03, -1.2920e-03,  2.9995e-04],
        [ 1.8136e-03, -1.5698e-03, -1.8077e-03],
        [ 1.5008e-03,  1.1326e-03,  8.5141e-04],
        [ 3.0214e-04, -1.2980e-03,  7.1461e-04],
        [ 6.6635e-04, -1.5513e-03, -4.2738e-04],
        [ 8.8421e-04,  1.6041e-03, -2.1270e-03],
        [-1.8264e-04,  2.2680e-03, -1.0163e-03],
        [-7.5084e-04,  1.5108e-05,  3.2503e-03],
        [-4.9373e-04, -2.4757e-03, -1.9511e-03],
        [ 8.4874e-04, -8.3404e-05, -1.5242e-03],
        [ 1.3803e-03,  1.9133e-03, -1.7719e-03],
        [ 4.4232e-04, -2.3283e-03,  1.2392e-03],
        [ 1.6321e-03, -3.7873e-03, -1.4357e-04],
        [-1.4393e-03,  1.7945e-03, -9.7341e-04],
        [-1.3896e-03, -5.0708e-04, -1.8519e-04],
        [-1.4817e-04, -3.2753e-03, -5.3439e-04],
        [ 7.0560e-04,  8.1771e-04, -8.4557e-04],
        [-3.5411e-04, -7.9416e-04, -1.0793e-03],
        [-1.1745e-03, -4.7520e-04,  1.2396e-03],
        [ 2.9168e-03,  9.7102e-07,  6.4762e-04],
        [ 1.5481e-03,  3.9003e-04,  3.9664e-05],
        [-9.3861e-04, -1.2248e-03, -1.3756e-03],
        [-8.7233e-04,  2.4171e-04, -1.2976e-03],
        [-5.2865e-04,  1.9263e-03,  7.2248e-04],
        [ 1.0310e-03, -1.3031e-03, -7.0238e-04],
        [-1.2569e-03,  7.6535e-04, -1.7831e-03],
        [-2.9742e-04, -1.4192e-03, -2.0594e-04],
        [-5.0111e-04, -1.4075e-03, -1.8263e-03],
        [-6.3296e-04,  1.9186e-03, -2.1743e-05],
        [ 3.4745e-04, -1.0214e-04, -1.0566e-03],
        [-3.9354e-04,  2.8669e-04, -1.2957e-03],
        [ 1.5100e-03,  1.2537e-03,  3.1143e-04],
        [-5.0337e-04, -1.2208e-03,  8.1958e-04],
        [-1.0072e-03,  1.9383e-03, -9.6878e-04],
        [ 3.3505e-04,  1.1099e-04,  2.2543e-03],
        [-1.8492e-03, -1.2401e-03, -7.6875e-04],
        [ 7.6191e-04, -8.6528e-04,  7.1943e-04],
        [ 9.5829e-04, -2.7646e-03, -1.7089e-03],
        [ 2.4914e-03,  1.3706e-03, -8.2096e-04],
        [-8.1702e-04, -9.0494e-04, -1.5034e-03],
        [-1.3863e-03, -2.5515e-04,  1.6432e-03],
        [-6.1307e-04,  1.0916e-03, -1.0542e-04],
        [-3.1569e-03,  1.7441e-03, -8.6822e-06],
        [ 2.9294e-04,  5.8900e-04,  1.0391e-03],
        [-2.4227e-03,  4.0967e-04,  6.6065e-05],
        [ 2.6040e-04, -9.2497e-04, -1.2623e-03],
        [-7.0650e-04, -5.1212e-04,  2.8144e-03],
        [-7.2954e-04, -2.5524e-03, -6.5111e-04],
        [-5.4790e-04,  5.6656e-04,  2.8183e-05],
        [-1.0301e-03, -1.2060e-03,  2.8440e-04],
        [ 4.6848e-04, -9.9795e-04,  2.7492e-03],
        [ 1.4750e-03,  8.9570e-04, -7.8507e-04],
        [-1.3059e-03,  8.6001e-06, -3.1399e-04],
        [ 9.7195e-04, -1.5028e-04,  3.0797e-04],
        [ 7.2867e-04,  7.0160e-04,  9.1059e-04],
        [-3.7049e-03, -1.5824e-03,  1.7048e-03],
        [-1.0465e-03, -1.2236e-03, -1.7099e-03],
        [-1.5464e-03, -1.9747e-04, -8.9006e-04],
        [ 1.7743e-03,  8.6445e-04, -2.2860e-04],
        [-8.1803e-04,  8.0126e-04, -1.2455e-03],
        [ 3.7207e-03,  1.1868e-03,  4.4487e-04],
        [-1.4501e-03, -4.4551e-04, -2.4956e-04],
        [-6.1610e-04,  4.5453e-04,  1.6528e-03],
        [-1.2109e-04,  1.1795e-03,  2.3008e-08],
        [-1.1493e-03, -1.8364e-03, -1.7067e-03],
        [-1.6981e-03,  9.6621e-04,  2.8366e-03],
        [-8.2399e-04,  1.3323e-04, -1.0883e-04],
        [ 8.9198e-04,  5.9580e-04, -4.3400e-04]], device='cuda:0')), ('fcs.0.bias', tensor([-1.9127e-03, -6.2891e-04, -1.0180e-03,  8.8856e-04,  8.2276e-04,
        -1.2946e-03, -1.1626e-03,  4.6154e-05,  6.7048e-04,  1.3587e-04,
        -7.0962e-04, -8.9117e-04, -1.9840e-03, -1.0049e-04, -2.3025e-03,
         2.0675e-03, -1.4019e-03,  1.0828e-03,  1.1840e-03,  2.2006e-03,
        -1.5733e-03, -1.7681e-03,  2.2248e-03, -4.9292e-03,  8.2796e-04,
         1.4746e-04, -1.3151e-03, -1.1809e-03, -3.5111e-04,  2.9129e-04,
        -1.4645e-03, -1.5903e-03, -1.9109e-03, -7.8627e-04,  5.1336e-04,
        -4.4100e-04,  9.7296e-04, -1.5077e-03, -1.4700e-03,  2.7530e-04,
         1.8353e-03, -2.3093e-03, -6.2223e-05,  2.6530e-04, -8.7206e-04,
        -6.1070e-04,  4.9630e-04,  1.3677e-03, -1.6403e-05,  2.1994e-03,
        -1.9533e-03,  3.7073e-04, -8.2485e-04,  2.4776e-03,  3.0639e-04,
        -2.1220e-06, -8.9383e-04, -1.5647e-03, -7.3971e-04,  1.3819e-03,
         1.7943e-03,  3.7656e-04,  2.0326e-03,  5.8868e-04, -7.6690e-04,
         5.5110e-04, -2.0477e-03, -2.0526e-03,  1.5696e-03,  8.7975e-04,
         1.5976e-03, -3.2989e-03,  1.1794e-03, -1.6226e-03, -2.0148e-04,
        -1.7784e-03, -9.9736e-04,  4.8006e-04,  7.5337e-04,  2.2785e-03,
         1.1583e-03,  1.7828e-03, -8.2443e-04,  2.1727e-03, -3.9095e-05,
         1.7414e-03,  1.1693e-03,  5.3465e-04, -1.1898e-03,  1.6585e-04,
        -5.3099e-05,  1.4415e-03, -1.2625e-03,  9.1706e-04,  2.6492e-03,
         1.2609e-03,  3.3029e-04,  2.1147e-04, -1.8695e-04, -1.1731e-03,
         4.3318e-04, -2.5575e-04, -1.3828e-03,  1.2980e-03,  5.7034e-04,
        -7.8393e-04, -1.2365e-03, -3.7686e-04, -4.0424e-04, -5.6425e-04,
         1.4726e-03,  6.6721e-04,  3.4019e-04, -2.0904e-04,  1.3562e-03,
         2.8553e-03,  1.3758e-03,  9.8068e-04, -1.9947e-03, -1.4122e-03,
        -2.6767e-05, -1.4709e-03, -1.2918e-03,  7.4497e-04,  6.5527e-04,
        -4.9640e-04,  2.3642e-03,  2.3780e-03], device='cuda:0')), ('fcs.1.weight', tensor([[ 8.0477e-05,  6.5186e-04,  4.3171e-03,  ...,  6.5239e-04,
         -8.0969e-05,  1.8291e-03],
        [-2.1801e-03,  4.6111e-04,  8.0726e-05,  ...,  1.6707e-03,
          1.0811e-03,  6.0946e-04],
        [ 4.2236e-03,  1.9640e-03,  5.5383e-04,  ...,  9.8518e-04,
          9.8467e-04,  7.6511e-04],
        ...,
        [ 2.1838e-03,  6.7626e-04,  5.5486e-04,  ...,  5.6107e-04,
         -8.9274e-04,  6.5411e-04],
        [-4.8006e-03, -1.3002e-03,  1.3091e-03,  ..., -8.9162e-04,
          1.3227e-03, -3.1411e-03],
        [ 1.1768e-04, -2.1814e-03,  6.7282e-04,  ...,  1.3052e-03,
         -5.5270e-04,  2.2778e-04]], device='cuda:0')), ('fcs.1.bias', tensor([-7.6498e-04, -9.0813e-04, -2.1818e-03,  1.3242e-03,  1.9558e-03,
         3.4810e-03,  1.2747e-03,  6.4743e-05, -1.1268e-03,  3.3118e-04,
        -6.0798e-04,  7.1142e-04, -4.8021e-03,  2.7591e-03,  8.7217e-04,
         8.5643e-04,  2.1672e-03,  1.0157e-03, -2.3851e-03, -7.2879e-04,
         1.5110e-03, -2.1927e-03,  5.9299e-04, -8.8750e-04,  1.1504e-03,
        -7.6519e-04, -1.6607e-03, -2.1480e-03, -5.7382e-04,  1.1708e-04,
        -2.4855e-03,  2.1695e-03, -8.5146e-04, -1.9640e-03, -2.0032e-03,
         7.6307e-04,  7.2137e-04,  1.0745e-03,  3.9263e-04,  2.1833e-03,
         7.4377e-04,  1.3775e-03,  2.1815e-03, -1.3910e-04,  7.4545e-04,
         1.2635e-03, -3.3242e-03,  8.4945e-04,  2.2531e-03,  2.0450e-03,
         4.1479e-03,  5.4522e-05,  5.9614e-04,  4.4976e-04,  7.1910e-04,
        -6.6789e-04,  2.0704e-04, -2.1382e-03, -1.3372e-03,  5.0561e-04,
        -2.0077e-04, -8.3521e-04,  2.0301e-03, -1.1517e-03,  2.4785e-04,
         1.2947e-03,  5.2385e-05, -7.4592e-04, -1.8838e-03, -2.7348e-03,
        -2.2656e-03, -1.9545e-03,  7.8234e-04,  9.0250e-05, -1.9633e-04,
         1.3077e-03,  1.3547e-04, -1.3306e-03,  7.7499e-04, -6.9215e-04,
        -8.7675e-04,  2.1425e-03, -1.0743e-03, -1.0114e-03,  8.8532e-04,
        -2.0986e-03,  2.1886e-03, -1.2766e-03,  2.0535e-03,  9.2025e-04,
        -1.3114e-03,  2.9815e-04,  7.8325e-04, -1.3148e-03,  3.1419e-03,
        -1.3089e-03,  3.8793e-04,  3.3239e-03, -3.3630e-04,  6.5074e-04,
        -3.4601e-04,  1.7618e-03, -1.4895e-03,  2.2726e-03,  1.5627e-03,
         8.3038e-04, -1.1925e-03, -2.5690e-04, -2.1909e-03,  1.3158e-03,
         2.0121e-03,  8.1289e-04,  6.9495e-05,  5.0331e-05,  8.4217e-04,
         3.7033e-04,  9.1412e-04, -3.2477e-03,  2.2294e-03, -4.3312e-04,
         4.2195e-04, -1.1547e-03,  1.1849e-03,  1.8226e-03, -8.2501e-04,
        -2.0654e-03, -4.2399e-03, -1.1426e-03], device='cuda:0')), ('fcs.2.weight', tensor([[-4.7834e-04, -1.2952e-03,  1.3998e-03,  3.5795e-03,  3.4222e-04,
         -1.0263e-03, -7.7522e-05, -8.5058e-04, -1.6677e-04, -1.8794e-04,
          6.0544e-04,  1.3176e-03, -3.0570e-04, -2.1693e-03, -9.4042e-04,
          5.7610e-04,  3.5568e-05,  7.2258e-04, -7.8122e-04,  1.0598e-03,
          2.0490e-03, -3.7104e-04, -1.0992e-03, -2.7563e-04, -1.0049e-03,
          1.9954e-04,  3.7653e-05,  8.2075e-04,  1.1077e-03,  2.5090e-04,
         -1.1649e-03,  7.6811e-04,  1.2150e-03,  8.6284e-04, -1.3431e-03,
          1.1124e-04,  3.6438e-04,  1.0822e-03,  1.6680e-03,  1.1099e-03,
         -7.6568e-04, -8.7858e-04,  1.2504e-03, -2.4713e-03, -2.8193e-04,
          1.6897e-03, -7.9057e-04,  3.5180e-04, -5.4777e-04,  2.1884e-03,
          8.0390e-04, -8.4672e-01, -5.6006e-04,  1.1089e-03, -1.5325e-03,
         -1.1068e-04, -2.3681e-04, -1.8728e-04, -1.3507e-03, -2.9765e-03,
          3.0013e-04, -2.5039e-03, -1.9473e-03, -2.3303e-03,  1.9101e-04,
          1.3770e-03,  1.4184e-03, -1.3664e-03,  1.2560e-03, -8.1537e-04,
         -1.4636e-03,  5.0625e-04,  2.4491e-03, -8.7820e-04, -7.0800e-04,
         -7.0183e-04,  1.1281e-03, -1.0711e-04,  7.6432e-04, -2.5884e-04,
          2.2384e-03,  5.1398e-04,  3.9433e-04, -2.1829e-03,  1.1267e-03,
         -5.8688e-04,  2.1091e-03,  9.5152e-04,  3.2157e-04, -1.3845e-03,
          1.1365e-03,  1.0016e-03,  6.8392e-04, -1.5478e-03,  7.9790e-05,
          7.9288e-05,  1.5615e-03, -2.2264e-03, -5.4745e-04, -1.7214e-03,
          2.5740e-03,  1.5414e-03,  3.1857e-04,  7.2436e-04, -1.9784e-03,
          2.1554e-03,  8.5947e-04, -4.0634e-03, -7.4034e-04, -3.0046e-04,
          1.7982e-03, -1.4893e-03,  4.7320e-04, -1.2018e-03,  5.1314e-04,
          7.4784e-04, -3.7795e-04, -1.5946e-03, -1.4255e-03, -1.3666e-03,
         -3.6076e-04, -1.5180e-03, -5.7622e-04, -4.3652e-04, -1.3930e-03,
         -1.5902e-03, -3.9540e-04,  1.3018e-03]], device='cuda:0'))])
end of epoch 12: val_loss 0.009012734946885849, val_acc 1.0
trigger times: 1
end of epoch 13: val_loss 0.004537785284926663, val_acc 1.0
trigger times: 0
saving model weights...
Weights: OrderedDict([('fcs.0.weight', tensor([[ 1.2115e-03,  8.8736e-04,  1.5209e-03],
        [-8.6187e-04, -3.1737e-03,  1.5383e-04],
        [ 2.3150e-03, -5.5579e-04, -3.4528e-04],
        [-1.0848e-03, -9.5183e-05, -1.9253e-03],
        [ 3.2014e-04,  5.2450e-04, -1.3543e-04],
        [-1.9893e-03, -2.7166e-03,  1.2023e-03],
        [-1.6732e-03,  5.4107e-04, -7.5353e-04],
        [ 2.5462e-03,  1.2353e-03,  9.8084e-04],
        [-2.1204e-03,  6.0831e-04, -8.2785e-04],
        [-5.9021e-04,  8.6553e-04,  8.9287e-04],
        [ 5.7571e-04, -1.5245e-03, -8.2689e-05],
        [-1.1940e-04,  1.3587e-03,  4.6741e-04],
        [ 6.6810e-04, -7.4738e-04, -1.0706e-03],
        [-7.0090e-04,  1.7636e-03, -1.3582e-03],
        [-1.4284e-03,  2.1746e-03,  8.6070e-04],
        [ 1.1323e-03, -1.3410e-04, -7.6772e-04],
        [-3.1966e-04, -1.9872e-03,  8.1834e-04],
        [ 7.9523e-04,  1.6306e-03, -2.2352e-03],
        [ 3.4344e-04, -1.2576e-04,  1.6530e-03],
        [ 7.4725e-04, -1.4440e-03, -1.0719e-03],
        [ 1.7671e-03,  7.4381e-04, -3.8003e-04],
        [-1.4137e-03, -3.2790e-03, -7.0409e-05],
        [ 1.2889e-03,  2.2722e-03,  3.5652e-04],
        [ 5.7134e-01, -1.2061e-01,  5.0699e-01],
        [ 9.0990e-04,  5.2869e-04,  9.9129e-04],
        [ 1.7523e-03,  2.5531e-03,  3.6188e-04],
        [ 1.4135e-04, -2.6597e-03,  6.6793e-04],
        [ 9.3899e-04, -5.3794e-04,  2.2677e-04],
        [-2.7819e-03, -2.1262e-04, -3.9240e-05],
        [-2.2718e-03,  3.4327e-05, -3.5010e-04],
        [ 4.0175e-03, -1.6070e-03,  1.5979e-03],
        [ 9.5331e-04,  7.4030e-04, -1.1357e-03],
        [-1.4453e-03,  2.6040e-04, -4.9711e-04],
        [-2.3075e-03, -1.1438e-03, -7.3521e-04],
        [ 8.6826e-04, -3.3072e-04, -6.2314e-04],
        [ 6.7734e-04, -1.4705e-03,  1.1167e-03],
        [-2.5693e-03,  5.2281e-04,  8.0265e-04],
        [-2.6929e-05,  4.7918e-04,  9.1348e-04],
        [ 2.6259e-03,  1.0085e-03, -1.2637e-03],
        [ 7.8326e-04,  2.7129e-04, -7.5749e-04],
        [-2.0389e-03,  9.8155e-04,  2.4784e-03],
        [ 3.6528e-04,  1.0697e-03, -1.3427e-03],
        [-9.7873e-04, -2.7403e-04, -4.5526e-04],
        [ 9.3802e-04, -8.8763e-04, -6.9289e-04],
        [-7.8461e-04,  1.1072e-05, -3.5976e-03],
        [ 4.3106e-04,  7.9114e-04, -1.1635e-03],
        [ 1.4739e-04, -1.1379e-04, -1.6033e-04],
        [-9.8250e-04, -7.2322e-04, -6.9743e-04],
        [ 9.9667e-04,  1.3832e-03, -1.9097e-03],
        [-6.3652e-04,  6.4692e-04,  1.4223e-04],
        [ 7.4807e-04, -2.5690e-04, -6.5930e-04],
        [ 1.1660e-03, -1.5838e-03,  3.1103e-04],
        [ 1.9166e-03,  3.0212e-03, -5.5656e-04],
        [-1.3398e-03,  8.7627e-04, -1.3688e-03],
        [ 7.6986e-04,  2.4710e-04,  7.1627e-04],
        [-9.4720e-05, -6.5796e-04, -3.6619e-04],
        [-1.3755e-03, -1.3415e-03,  3.8341e-04],
        [-9.5975e-04, -8.5735e-04,  1.1687e-03],
        [-3.6676e-05,  2.2849e-03, -3.4271e-03],
        [ 1.1662e-03, -2.0808e-03,  2.2389e-03],
        [-5.6318e-04, -2.3066e-04,  7.3164e-04],
        [ 6.3166e-04, -7.5961e-04,  1.7521e-03],
        [ 2.3576e-03, -2.0080e-04,  1.8446e-03],
        [-1.3975e-03, -1.3912e-03, -2.1738e-04],
        [ 4.6338e-04,  2.6730e-03, -1.3359e-03],
        [ 1.7858e-03, -7.0799e-05,  1.3167e-03],
        [-8.5406e-04, -3.3965e-04,  7.1913e-06],
        [ 1.0919e-03, -1.1516e-03, -9.3316e-05],
        [-2.1519e-03,  6.3077e-04, -1.9665e-03],
        [ 1.5234e-03,  7.8422e-04,  3.0732e-03],
        [ 2.3032e-03,  5.3336e-04, -2.0139e-04],
        [-9.5348e-04, -7.2953e-04, -7.6846e-06],
        [ 1.7236e-03,  1.0263e-03, -1.2213e-03],
        [ 7.4404e-04, -2.5472e-03, -2.3743e-03],
        [-4.4830e-04,  2.3239e-04,  8.9105e-04],
        [-4.8166e-04, -1.6728e-03,  9.6697e-04],
        [ 1.9341e-04, -4.3262e-04,  2.7880e-04],
        [ 1.2715e-03,  1.1306e-03, -1.5424e-03],
        [-6.6171e-04, -1.3017e-03, -3.6122e-03],
        [-4.9815e-04,  7.5552e-04,  5.2013e-04],
        [ 4.2150e-03,  5.2213e-04,  1.2975e-03],
        [ 2.3478e-03, -3.0630e-05,  1.2374e-03],
        [-7.6139e-04, -6.9381e-04,  2.3552e-03],
        [-2.7462e-03, -1.3496e-03,  8.8552e-04],
        [-2.2967e-03,  4.4636e-04,  2.2455e-03],
        [-1.0039e-04,  1.4927e-03,  2.8517e-03],
        [ 2.8399e-04, -1.7936e-03, -1.2901e-03],
        [ 7.0666e-04,  6.6518e-04, -6.1312e-04],
        [ 9.8198e-04,  1.2273e-03, -8.0614e-04],
        [-9.0964e-04, -1.0604e-03,  6.9520e-04],
        [ 5.8338e-05,  2.0466e-04,  6.9205e-04],
        [-1.0106e-03,  2.6995e-04,  1.5584e-03],
        [ 1.7289e-03,  2.3690e-03,  7.6819e-04],
        [ 2.8081e-03,  2.5145e-03,  5.2729e-04],
        [ 1.4030e-03,  1.2901e-03,  1.6659e-03],
        [-1.8052e-03,  2.9921e-04, -1.7247e-03],
        [-1.5163e-03, -3.2685e-04, -1.5902e-03],
        [-1.5025e-03,  1.9290e-03,  6.4711e-04],
        [ 1.8911e-04,  4.0194e-04, -9.7475e-04],
        [ 9.6670e-04,  7.8819e-04,  4.8595e-04],
        [ 7.2416e-04, -1.3856e-03, -3.9877e-04],
        [-1.3690e-03, -1.7889e-03, -8.8061e-04],
        [ 2.1820e-04, -1.7167e-04,  9.3510e-04],
        [ 5.1420e-04,  9.3392e-04, -3.2094e-04],
        [-2.6113e-03,  7.7719e-04, -1.1041e-03],
        [-3.7722e-04, -1.7171e-03,  8.6217e-04],
        [-3.4647e-04, -1.0980e-03,  8.6119e-05],
        [-1.9295e-03, -2.3250e-03, -1.7980e-03],
        [ 3.8580e-04,  1.1405e-03, -3.0872e-04],
        [ 2.0332e-03,  1.1933e-04, -5.1051e-04],
        [ 1.0469e-03,  3.5901e-04,  1.7406e-03],
        [-6.9925e-05,  9.5377e-04, -6.2490e-04],
        [ 4.2428e-04, -9.8723e-04,  8.1582e-04],
        [ 1.7897e-03,  1.4443e-03,  1.6352e-03],
        [-1.4172e-03,  4.5705e-04,  4.8188e-04],
        [ 1.3766e-03, -1.0567e-03, -5.5824e-05],
        [-3.6949e-03,  5.5320e-04,  1.4178e-03],
        [-1.2562e-03, -1.1759e-03,  6.9461e-04],
        [ 7.7653e-04,  3.5312e-04,  1.2078e-03],
        [-4.3563e-04, -9.6405e-04, -2.1792e-03],
        [ 7.3946e-04,  1.4476e-04, -9.6361e-04],
        [ 8.8627e-04, -1.0766e-03,  2.6205e-03],
        [ 1.4920e-04,  1.4746e-04, -4.5855e-06],
        [ 4.7496e-04,  1.1356e-03,  7.3524e-04],
        [ 2.7828e-04,  2.3084e-03,  1.1015e-03],
        [ 7.5702e-04,  1.5210e-03, -1.1700e-04],
        [-8.3851e-04, -1.7251e-03, -3.2038e-03],
        [ 4.2061e-04,  1.2167e-03,  5.0729e-04]], device='cuda:0')), ('fcs.0.bias', tensor([ 2.1263e-03, -2.4475e-03, -9.7433e-04,  9.4572e-04, -3.6723e-05,
        -2.5413e-03, -9.5441e-06, -9.3058e-04, -7.4186e-05,  3.7365e-04,
        -1.2377e-03,  4.3974e-03,  2.9554e-03,  1.7085e-03,  1.0073e-03,
        -2.0926e-04,  3.8544e-04,  2.1320e-03, -7.7151e-05,  5.1798e-05,
         1.4377e-03,  1.4198e-03, -1.5060e-03,  9.5507e-02, -2.4856e-03,
         8.4727e-04, -7.7025e-04,  1.3208e-03,  5.3792e-04, -2.0452e-03,
         1.3545e-03,  2.3393e-04,  1.6639e-03,  4.4386e-04,  2.9338e-03,
        -3.4602e-05,  6.8686e-04,  1.0791e-03,  1.5102e-03,  1.7476e-03,
        -9.2935e-04,  1.5618e-03,  1.1989e-03,  9.6755e-04, -3.1854e-03,
        -8.8091e-04, -5.8769e-04, -2.5532e-03, -3.2327e-04,  1.9581e-03,
        -1.1805e-03,  3.5818e-04,  3.3151e-04,  6.9057e-04, -1.8916e-03,
         4.3590e-04, -5.7013e-04,  4.1693e-04, -8.1188e-04,  1.2785e-03,
        -1.0454e-03, -2.6693e-03, -9.4975e-04, -3.2926e-03, -3.3611e-03,
        -3.7610e-03, -1.3718e-03, -1.7952e-05, -2.5547e-03, -2.7826e-03,
         6.4988e-04,  5.4569e-04,  1.4935e-03, -1.2490e-03, -2.7855e-03,
         4.9621e-04,  1.3173e-03,  2.1533e-03, -2.1799e-03, -3.0668e-03,
        -1.4125e-03, -1.3799e-03, -2.8157e-03,  8.7894e-04, -1.9492e-04,
        -2.7029e-03, -2.4003e-03,  1.1281e-03,  1.1731e-03,  7.5416e-05,
        -9.8169e-04,  4.0802e-04, -7.3656e-04, -7.6300e-04, -8.9924e-05,
         2.3713e-03, -1.4903e-03,  1.4461e-03, -1.8103e-03, -1.7048e-03,
         9.2033e-04,  6.2419e-04,  1.1683e-03, -1.7575e-03,  1.5659e-03,
         7.7822e-04, -2.1907e-03,  7.3688e-05, -1.5812e-03, -6.5405e-04,
         1.7684e-05, -2.5481e-04,  4.1644e-04,  8.3737e-05,  6.7425e-05,
        -1.3123e-06,  3.7156e-04,  2.4698e-03, -1.7721e-03, -7.5272e-04,
         4.0987e-04, -1.5581e-03,  1.3240e-03, -4.0876e-05,  7.2279e-04,
         1.0490e-03, -8.6453e-04,  3.2715e-04], device='cuda:0')), ('fcs.1.weight', tensor([[ 8.0108e-05,  6.5255e-04,  4.3168e-03,  ...,  6.5242e-04,
         -8.1439e-05,  1.8288e-03],
        [-2.1807e-03,  4.6117e-04,  8.2036e-05,  ...,  1.5567e-03,
          1.0804e-03,  6.0988e-04],
        [ 4.2220e-03,  1.9629e-03,  5.5243e-04,  ...,  9.8634e-04,
          9.8617e-04,  7.6622e-04],
        ...,
        [ 2.1825e-03,  6.7139e-04,  5.5114e-04,  ...,  5.6118e-04,
         -8.9018e-04,  6.5461e-04],
        [-4.7993e-03, -1.3045e-03,  1.3049e-03,  ..., -8.9494e-04,
          1.3105e-03, -3.1472e-03],
        [ 1.2208e-04, -2.1794e-03,  6.7183e-04,  ...,  1.3032e-03,
         -5.4931e-04,  2.2968e-04]], device='cuda:0')), ('fcs.1.bias', tensor([-7.2434e-04, -2.9434e-05, -2.1804e-03,  2.7653e-03,  1.9595e-03,
         7.4749e-04,  5.2004e-04,  8.7454e-04,  9.5767e-04,  2.1970e-03,
        -2.3614e-03, -2.4702e-04, -9.8071e-04,  6.9247e-04,  9.3312e-04,
        -1.2589e-03,  1.8975e-03,  5.7649e-04, -6.9520e-04, -7.6513e-04,
        -3.8059e-04,  7.0074e-04,  8.1430e-04,  1.3912e-03, -7.6612e-04,
         6.7445e-04, -1.9640e-03,  1.0474e-03, -9.5373e-04,  2.2188e-03,
         2.0006e-03,  1.5429e-03,  3.8447e-04, -1.9619e-03, -1.9355e-03,
         1.4246e-03,  1.3067e-03, -1.3071e-03,  6.0249e-04,  5.8246e-04,
        -1.3532e-03,  2.1190e-03,  2.2413e-03,  1.2281e-03, -3.3251e-03,
        -2.4610e-04, -3.3733e-03, -4.5002e-04,  6.2895e-04,  2.4449e-03,
         1.9227e-03,  1.0750e-02,  8.9289e-04, -2.6854e-04,  1.5261e-04,
        -2.2802e-03,  1.3493e-03, -2.2101e-03,  2.8260e-03,  1.9585e-03,
         1.7061e-03,  4.0804e-04,  1.8536e-03, -9.6828e-04,  2.1816e-03,
         1.3259e-03, -1.8282e-03, -7.4706e-04, -7.6130e-04, -9.7530e-04,
         3.8060e-04,  7.5354e-04,  9.0676e-04,  8.9560e-04, -1.6063e-03,
        -1.3386e-03, -6.8394e-04,  7.6800e-04, -6.9968e-04,  7.1712e-04,
        -8.9042e-04, -7.9147e-04, -1.5283e-03,  2.1624e-03,  6.6341e-04,
        -6.5869e-04,  1.8091e-06, -2.1732e-03,  1.9268e-03, -7.2050e-04,
        -8.8779e-04, -3.8185e-04,  2.5010e-04,  8.7092e-04,  1.6039e-03,
        -1.3114e-03, -2.2376e-03,  3.1576e-03, -1.9247e-03,  1.1307e-03,
         6.9221e-04,  1.1717e-03, -1.5382e-03,  2.1477e-03, -1.3642e-03,
         3.2715e-03, -2.4730e-05, -4.2248e-04,  1.9640e-03,  3.2478e-04,
         1.9620e-03,  7.6494e-04,  1.3048e-03, -5.2052e-04,  2.3287e-03,
         7.6510e-04, -7.6490e-04, -5.3126e-04,  9.3562e-04,  2.7129e-03,
         7.6796e-04, -9.4969e-04,  1.3019e-03,  1.8388e-03, -1.2652e-03,
        -1.7512e-03, -2.6196e-03,  1.1154e-03], device='cuda:0')), ('fcs.2.weight', tensor([[ 3.3339e-04, -9.4764e-04,  4.9475e-04, -1.8924e-03, -3.8303e-04,
         -1.7591e-03, -1.4709e-03, -5.1205e-04, -8.1705e-05, -4.0780e-04,
          1.9671e-03, -7.3242e-05, -6.4923e-04, -1.1923e-03,  1.4964e-03,
         -1.1729e-04, -1.6422e-03,  1.9410e-03,  1.7155e-03, -5.2177e-04,
         -1.3354e-04, -8.2371e-04,  8.7934e-04, -3.3159e-03,  9.4092e-04,
         -1.5720e-03, -2.7830e-05,  1.0854e-03, -1.3350e-03, -1.1376e-03,
         -1.3906e-03,  7.4925e-04,  8.2406e-04, -6.9651e-04,  1.9989e-04,
          1.8119e-03, -1.9556e-04,  4.1798e-04,  1.0553e-03, -6.5137e-04,
          1.1206e-03,  1.4052e-03, -4.1189e-05, -1.8315e-03, -9.5691e-04,
          7.6355e-04,  3.7181e-03,  8.5152e-04, -7.2123e-04, -2.4476e-03,
          4.6415e-04, -8.8031e-01,  1.8865e-04,  6.7168e-04,  8.5393e-04,
          7.4085e-04, -2.4844e-03, -1.2646e-03, -2.4744e-03, -1.3246e-03,
         -1.5076e-03,  1.2428e-04, -9.1595e-04,  1.4531e-03, -7.3437e-04,
         -4.4431e-05, -8.9338e-05, -7.2506e-04,  1.4964e-03, -1.8114e-03,
          8.8645e-04,  4.6496e-04,  2.5208e-03, -1.4795e-03, -2.5711e-03,
         -1.8074e-03,  1.5961e-03, -9.2721e-05, -1.1458e-03, -5.5768e-04,
          1.1928e-04,  4.9809e-04, -8.7377e-04, -1.8319e-03,  2.1568e-03,
          4.9217e-04,  8.2074e-04,  1.0602e-03, -3.2321e-04,  9.1368e-04,
          5.2301e-04,  2.0840e-03,  8.5903e-04,  1.8372e-03,  3.1298e-04,
         -4.9683e-06,  2.8791e-05, -1.0981e-04, -5.2478e-04,  1.9974e-04,
          5.1790e-04, -9.9091e-04, -4.5202e-04, -3.3317e-03, -4.2670e-05,
          1.0174e-03,  1.4962e-03,  1.7287e-03, -3.0265e-04,  5.5103e-06,
          1.6139e-03,  1.4744e-03,  5.4091e-04,  1.0130e-03, -2.3219e-04,
          9.3173e-04,  8.1224e-04, -1.8511e-03, -3.1524e-03, -1.0865e-03,
         -2.9843e-04,  3.0043e-04,  2.5181e-04,  3.4145e-03,  1.0773e-03,
          8.8236e-04,  1.1312e-04, -1.5937e-03]], device='cuda:0'))])
end of epoch 14: val_loss 0.007982027221795321, val_acc 0.995
trigger times: 1
end of epoch 15: val_loss 0.007620915896101152, val_acc 1.0
trigger times: 2
end of epoch 16: val_loss 0.007727383324611488, val_acc 1.0
trigger times: 3
end of epoch 17: val_loss 0.012168570969736371, val_acc 0.995
trigger times: 4
end of epoch 18: val_loss 0.01132536041706377, val_acc 0.995
trigger times: 5
end of epoch 19: val_loss 0.012460231910256532, val_acc 0.995
trigger times: 6
end of epoch 20: val_loss 0.005358711090371706, val_acc 1.0
trigger times: 7
end of epoch 21: val_loss 0.009875334091611024, val_acc 0.995
trigger times: 8
end of epoch 22: val_loss 0.009055497795641364, val_acc 1.0
trigger times: 9
end of epoch 23: val_loss 0.006443814034964106, val_acc 1.0
trigger times: 10
Early stopping.
0 -57.3735548555851 -191.10004520678868
1 -57.042003467679024 -189.05007017278314
2 -57.90703323483467 -187.50220085194994
3 -53.65736450254917 -180.24009179391223
4 -51.092401176691055 -171.9613792356186
5 -49.66960908472538 -169.3817016847894
6 -49.573299154639244 -167.87631268052303
7 -55.255447030067444 -164.27567046290412
8 -53.702012330293655 -163.76742236654098
9 -44.50312451273203 -156.0786895876365
10 -48.02068738639355 -155.22804551507866
11 -47.37691091001034 -145.29002069283715
12 -47.7932940274477 -142.86657280197298
13 -39.46287390589714 -142.75441848091938
14 -40.6298356205225 -136.98962801176134
15 -45.68045434355736 -132.4813576990395
16 -37.70029663294554 -130.98347157271724
17 -43.374453246593475 -118.2436222554584
18 -33.34237461537123 -117.38411415155902
19 -42.85667598247528 -116.97382686219106
20 -35.380350202322006 -115.06704102317899
21 -29.90032270550728 -112.47832645551227
22 -38.44232468307018 -103.24187681049156
23 -28.228714026510715 -99.7422752992134
24 -23.39150658994913 -98.18526661663928
25 -27.00956190750003 -88.94674758091466
26 -23.021900597959757 -85.88346861832474
27 -19.55673774331808 -79.38307722218848
28 -21.313365790992975 -79.25112655387144
29 -30.622946748510003 -73.50697855948762
30 -27.485461208969355 -72.69803191552006
31 -23.50505131483078 -71.37326168319514
32 -24.805279929190874 -68.27187815304366
33 -23.35912587866187 -65.42298162776466
34 -21.218396719545126 -65.35816021006309
35 -19.24897475168109 -49.3186741604369
36 -34.46495664282702 -17.325441617065966
37 -21.65843407914508 -4.374511275254108
38 -22.97419033315964 -0.4258658969524013
39 -26.197779083857313 9.108146753357724
40 -26.036974652903154 17.732630180500013
41 -16.57425438426435 40.64550156746333
42 -17.10838100500405 41.11774838972275
43 -23.172924081911333 48.64917674484657
44 -18.357209560927004 52.50260039838799
45 -19.17921610106714 52.54502852695255
46 -18.448568795109168 59.52827491841281
47 -17.63204368017614 63.45606316769021
48 -16.092536064446904 66.31570758515764
49 -25.559706648578867 67.13050507695384
50 -13.671360618784092 72.16624272108386
51 -26.73314254055731 79.16074531670823
52 -23.63625062222127 84.19837606184075
53 -23.70811319083441 89.30707154325768
54 -23.750001607462764 90.2698850730257
55 -22.67480927077122 90.28646231697512
56 -16.96274623274803 90.32667007477052
57 -14.233877837890759 91.18021498086692
58 -15.889262980897911 92.38187517969644
59 -23.40832195081748 92.67153902025292
60 -23.118830595049076 93.69474938898811
61 -15.728168918169104 93.86112859581364
62 -22.183518405770883 95.24073532592021
63 -22.251372291939333 95.3630101766082
64 -21.66435062151868 96.09581961281374
65 -20.058836519834585 97.90553231413178
66 -21.300978433922864 98.07644230926206
67 -20.82651371997781 98.35872828331676
68 -22.161609539645724 98.57334710000995
69 -21.20395198999904 98.77895390936838
70 -21.53874983335845 99.10163703819775
71 -21.008287108968943 99.47183807834362
72 -20.88563878973946 101.36707045382526
73 -20.36976815154776 102.70820969163083
74 -20.75121810368728 103.61971441966246
75 -19.605320343747735 104.00039883786899
76 -19.521980592631735 104.94014608739957
77 -20.468389025889337 105.28448326377394
78 -18.961238758754916 105.60678192821229
79 -17.740056982729584 106.95774051225432
80 -19.329383000265807 107.03525723063939
81 -18.52977446222212 107.05410485829283
82 -17.151461813249625 107.36477417456501
83 -17.39436872221995 107.72369032284489
84 -19.695367401116528 107.78006757763964
85 -19.181499210186303 107.99397435655325
86 -18.17533589375671 108.08910889221833
87 -19.114624568261206 108.09776529440465
88 -17.502489522099495 108.24033506535473
89 -17.65298592520412 109.15712102315346
90 -18.0997865810059 109.71287331230647
91 -17.87488520797342 110.25063890779474
92 -17.663620729232207 110.45880856467717
93 -16.80574147158768 110.48639228144049
94 -17.34902636730112 111.92877271779909
95 -17.4876658791909 112.29467419620224
96 -17.110268340678886 112.73910566375015
97 -16.91472014284227 112.98274531176438
98 -16.531994013348594 113.84616479719523
99 -14.581259512342513 114.84612239587612
100 -17.214595780009404 115.08707834021696
101 -14.892977290321141 115.41025719446112
102 -15.408083382062614 115.5646624637931
103 -15.124580792617053 115.87882502857741
104 -16.484036974143237 116.51927592390606
105 -16.802312278887257 116.69939038222442
106 -15.380212406860664 117.18809854794453
107 -15.553333860472776 117.29357601720739
108 -14.664111527148634 117.43241923864416
109 -15.620795222814195 119.84073495876005
110 -13.79729512706399 122.74776106687673
111 -14.00481916393619 124.10172315382671
112 -12.902644296293147 124.42382576156477
113 -13.77525438182056 124.48179570258212
114 -13.716000184300356 125.2590893824027
115 -13.481917252764106 125.30457667780085
116 -13.46516403532587 125.43458549438884
117 -11.293893580092117 129.13346806288703
118 -11.399709432269447 129.67718524437547
119 -10.369202811736614 131.40806576766226
train accuracy: 0.9994444444444445
validation accuracy: 1.0
