demo lengths 200
demos: (120, 200, 13)
demo_rewards: (120,)
[-191.10004521 -189.05007017 -187.50220085 -180.24009179 -171.96137924
 -169.38170168 -167.87631268 -164.27567046 -163.76742237 -156.07868959
 -155.22804552 -145.29002069 -142.8665728  -142.75441848 -136.98962801
 -132.4813577  -130.98347157 -118.24362226 -117.38411415 -116.97382686
 -115.06704102 -112.47832646 -103.24187681  -99.7422753   -98.18526662
  -88.94674758  -85.88346862  -79.38307722  -79.25112655  -73.50697856
  -72.69803192  -71.37326168  -68.27187815  -65.42298163  -65.35816021
  -49.31867416  -17.32544162   -4.37451128   -0.4258659     9.10814675
   17.73263018   40.64550157   41.11774839   48.64917674   52.5026004
   52.54502853   59.52827492   63.45606317   66.31570759   67.13050508
   72.16624272   79.16074532   84.19837606   89.30707154   90.26988507
   90.28646232   90.32667007   91.18021498   92.38187518   92.67153902
   93.69474939   93.8611286    95.24073533   95.36301018   96.09581961
   97.90553231   98.07644231   98.35872828   98.5733471    98.77895391
   99.10163704   99.47183808  101.36707045  102.70820969  103.61971442
  104.00039884  104.94014609  105.28448326  105.60678193  106.95774051
  107.03525723  107.05410486  107.36477417  107.72369032  107.78006758
  107.99397436  108.08910889  108.09776529  108.24033507  109.15712102
  109.71287331  110.25063891  110.45880856  110.48639228  111.92877272
  112.2946742   112.73910566  112.98274531  113.8461648   114.8461224
  115.08707834  115.41025719  115.56466246  115.87882503  116.51927592
  116.69939038  117.18809855  117.29357602  117.43241924  119.84073496
  122.74776107  124.10172315  124.42382576  124.4817957   125.25908938
  125.30457668  125.43458549  129.13346806  129.67718524  131.40806577]
maximum traj length 200
num training_obs 1800
num training_labels 1800
num val_obs 200
num val_labels 200
ModuleList(
  (0): Linear(in_features=13, out_features=128, bias=True)
  (1): Linear(in_features=128, out_features=64, bias=True)
  (2): Linear(in_features=64, out_features=1, bias=False)
)
device: cuda:0
end of epoch 0: val_loss 0.033645245717904615, val_acc 0.985
trigger times: 0
saving model weights...
Weights: OrderedDict([('fcs.0.weight', tensor([[-4.7237e-05, -2.4978e-04,  7.9117e-04,  ...,  2.8319e-04,
         -1.6206e-03, -1.2224e-03],
        [-2.1467e-03,  1.2325e-04,  6.1797e-04,  ..., -1.1169e-03,
         -1.2009e-03, -3.4511e-04],
        [-1.9714e-04, -6.3957e-05, -5.1587e-04,  ...,  2.5407e-05,
         -3.0622e-03, -2.4944e-03],
        ...,
        [ 2.6198e-03, -2.9917e-04, -8.9320e-04,  ...,  3.2468e-05,
          3.6105e-04,  7.8646e-04],
        [ 6.1868e-04,  1.4651e-03,  1.4967e-04,  ..., -3.7904e-04,
         -1.0981e-03,  4.5161e-04],
        [-1.0147e-05, -6.9627e-05, -5.0460e-04,  ..., -4.3673e-04,
         -2.1138e-03, -1.3423e-03]], device='cuda:0')), ('fcs.0.bias', tensor([ 2.2238e-04,  5.8558e-04,  1.3852e-04, -3.7717e-04, -1.9760e-05,
        -4.8462e-04, -7.4396e-05, -1.5947e-04, -1.2294e-03,  2.0520e-04,
        -1.0940e-04, -4.4254e-05,  1.8322e-04, -8.7124e-07, -5.1205e-04,
         1.2967e-03,  3.0552e-05,  2.2059e-04,  7.3530e-04, -7.0974e-05,
         3.1956e-04,  3.7118e-04,  3.2545e-03, -1.2731e-03, -2.6813e-04,
        -1.0255e-05,  2.9102e-03,  2.1699e-04, -1.6352e-03,  1.1275e-03,
        -3.8053e-05, -2.5080e-03,  2.6511e-05,  4.9043e-03, -5.0264e-04,
        -4.8228e-04,  3.0010e-04, -1.7055e-04,  1.7660e-04, -4.1199e-04,
        -8.2485e-04,  2.2405e-04, -1.5133e-04, -2.1564e-05, -9.7299e-04,
         2.4138e-04, -4.7800e-04,  5.7358e-04,  2.1883e-05, -1.4721e-04,
        -1.2687e-03, -1.0767e-04,  2.0327e-03,  2.8431e-02,  1.8116e-04,
         1.8030e-04,  2.0013e-04,  6.3324e-05,  4.9012e-05,  4.7268e-04,
        -1.3187e-03,  7.9521e-04, -7.0867e-04, -2.7317e-03, -3.5300e-04,
        -1.4902e-03, -1.5396e-03, -6.8473e-05,  1.9972e-04, -2.5722e-04,
        -1.1587e-05, -5.9782e-05, -2.6229e-04, -5.5862e-04,  1.7573e-05,
        -1.3959e-03,  3.1686e-04,  3.7434e-04,  6.7545e-04,  1.4516e-03,
         3.5016e-05,  2.2186e-04,  2.2048e-05,  8.0413e-06,  6.1464e-04,
        -5.1922e-04,  4.4825e-05, -3.5834e-04,  1.1678e-04,  1.1510e-03,
         1.6210e-04,  4.4293e-05,  1.0724e-03, -1.4206e-03, -5.1966e-04,
        -1.8104e-03,  5.9546e-05,  4.7101e-05,  2.9129e-05, -3.0628e-04,
         3.9433e-03, -1.9754e-04, -1.6455e-03, -1.3349e-03,  5.8329e-04,
         7.9942e-02, -9.8947e-05, -1.6668e-03, -2.0052e-04, -7.1377e-06,
        -1.5642e-04, -1.1057e-03, -3.5675e-04, -2.0820e-03, -1.9166e-05,
        -3.2904e-03, -5.5317e-05,  2.1406e-04, -3.5791e-04,  6.6355e-05,
         8.3994e-05,  1.4949e-03,  2.0623e-04,  3.7401e-04,  6.8503e-05,
         9.4311e-04, -3.1986e-03,  8.1793e-05], device='cuda:0')), ('fcs.1.weight', tensor([[-6.5578e-04,  1.8397e-03,  3.0371e-03,  ...,  1.0688e-03,
          9.1064e-04,  5.9804e-04],
        [ 3.5883e-03, -2.5904e-03,  5.9160e-04,  ...,  5.1031e-04,
         -7.6494e-04, -2.8280e-04],
        [ 5.2977e-04, -2.4983e-03,  2.4096e-04,  ...,  2.4634e-03,
          1.0790e-03, -2.8579e-05],
        ...,
        [ 4.2991e-04,  5.9097e-04,  2.9188e-04,  ..., -8.8855e-04,
          1.5788e-03,  7.6426e-05],
        [-5.4751e-04,  9.1659e-04,  6.2854e-04,  ...,  6.6686e-04,
         -6.8258e-04, -5.4840e-04],
        [-6.7912e-04, -1.3113e-03, -2.8782e-04,  ...,  1.2671e-03,
         -7.6418e-04, -3.1919e-04]], device='cuda:0')), ('fcs.1.bias', tensor([-6.2826e-04,  1.9637e-03,  3.9751e-03, -3.2351e-06, -3.9514e-05,
         1.9330e-04,  3.3772e-05, -1.7616e-04, -4.2380e-04,  2.7634e-03,
        -9.7984e-05, -3.1494e-04,  1.0694e-04, -3.1132e-03, -5.6313e-05,
        -5.7521e-05, -3.7089e-05, -9.2352e-05,  5.2880e-05, -4.9212e-04,
         1.9588e-03, -3.1055e-03,  6.1024e-04, -2.3919e-04,  1.6780e-05,
         1.2705e-04,  1.5170e-03,  4.7073e-04,  2.9708e-04,  1.4644e-03,
         1.2009e-04,  8.7774e-05, -3.6580e-04,  8.0304e-04,  1.4886e-04,
         2.4479e-04,  2.3662e-04, -2.8944e-04,  4.0871e-04, -3.5933e-04,
         4.3052e-04,  1.1880e-04, -3.1055e-05,  1.8538e-04, -4.5263e-05,
         4.8763e-04,  7.4059e-04, -4.1575e-04,  6.2449e-05, -2.2947e-04,
        -1.9603e-04, -8.5492e-06, -1.0680e-04, -2.9695e-05, -1.0664e-04,
        -7.2968e-05,  1.5627e-04,  1.4031e-04, -9.6638e-04,  1.3384e-05,
        -2.2659e-04, -2.2118e-04,  2.1762e-03,  9.7858e-04], device='cuda:0')), ('fcs.2.weight', tensor([[ 1.3653e-04, -8.1644e-06,  5.6508e-07, -6.7548e-05,  3.6717e-05,
         -4.7315e-05, -1.6965e-06,  3.7286e-06,  2.4248e-04, -3.0951e-03,
          7.4299e-05,  2.6350e-04,  8.8797e-05, -1.8916e-03, -3.1870e-05,
         -1.6216e-05, -8.1077e-06, -4.8360e-04,  6.4186e-05,  6.0375e-06,
          1.9564e-04,  9.1541e-06,  1.0207e-06, -3.2324e-05,  2.3487e-05,
         -1.1424e-05, -5.9979e-04, -1.4964e-04,  7.7978e-05,  1.7418e-04,
         -1.3847e-05,  3.5978e-05, -1.4684e-05,  2.4577e-05, -2.8578e-05,
         -1.4333e-03, -8.2320e-02, -2.0313e-04, -3.4055e-04, -1.0523e-05,
          7.4964e-06,  1.3194e-05,  3.1580e-04,  1.3979e-03,  1.1070e-04,
          5.0565e-04, -2.1366e-05, -3.9636e-01,  4.4807e-05,  9.9177e-04,
         -2.0933e-03,  3.8351e-05, -4.8480e-05,  1.9261e-04, -5.9116e-04,
          4.7703e-05, -5.3159e-05,  5.8438e-05, -5.5027e-06,  1.7676e-04,
         -3.3683e-06,  4.4723e-05, -2.7439e-06,  2.2392e-06]], device='cuda:0'))])
end of epoch 1: val_loss 0.01886642808695324, val_acc 0.995
trigger times: 0
saving model weights...
Weights: OrderedDict([('fcs.0.weight', tensor([[ 2.3670e-04, -5.4641e-04, -7.8714e-04,  ...,  1.8604e-05,
          7.0341e-04, -1.4578e-03],
        [ 4.6514e-05,  2.2356e-04,  5.2070e-04,  ..., -1.9099e-05,
          1.2153e-03, -1.4249e-03],
        [ 5.4686e-04,  1.4889e-04, -6.8093e-04,  ...,  4.7204e-04,
         -3.5578e-04, -3.0906e-03],
        ...,
        [ 1.2438e-03, -4.6502e-04, -1.6151e-03,  ...,  1.4555e-03,
         -2.7920e-06,  5.4038e-04],
        [-2.5951e-04, -1.1141e-04, -3.8910e-04,  ..., -6.1470e-05,
         -2.1741e-03,  1.3876e-03],
        [ 1.7584e-04, -1.4077e-04, -1.3375e-03,  ...,  1.1954e-05,
         -2.4293e-03, -1.8549e-03]], device='cuda:0')), ('fcs.0.bias', tensor([ 1.0682e-04, -3.0262e-04,  2.1654e-04,  4.4517e-05,  2.7814e-04,
         8.3408e-05, -1.5152e-03, -7.8793e-04,  2.3900e-03,  3.5942e-04,
         1.5669e-04,  1.8602e-04, -2.0816e-03, -4.1347e-04,  4.0120e-04,
         1.0051e-02,  2.8635e-04,  5.0127e-04, -8.0947e-05,  2.1233e-04,
         5.3441e-04,  8.1203e-04, -4.9111e-05, -1.9861e-04, -2.9589e-04,
         1.3545e-03,  2.3050e-04,  7.6055e-04, -1.8779e-03, -1.5192e-03,
        -2.4980e-05, -1.1105e-03,  3.2717e-04,  2.5320e-02,  2.1533e-05,
         3.7795e-04, -3.3247e-05,  1.1020e-06,  1.2751e-03, -5.3175e-04,
        -4.7094e-04, -2.6035e-04, -1.7671e-04,  6.2451e-04,  1.3782e-04,
         1.1238e-03, -5.6387e-04,  1.4544e-04,  7.5576e-06,  1.1867e-03,
         1.2033e-03,  3.7547e-05,  6.5903e-04, -1.7290e-04, -3.5214e-05,
        -6.5047e-05, -8.4872e-04,  4.7631e-05,  8.0818e-05, -3.1475e-03,
         4.1583e-03,  4.5776e-04, -5.3718e-04,  5.0092e-05, -8.8009e-04,
         1.5560e-05,  8.2234e-04,  5.9770e-04,  3.5415e-04, -1.7398e-06,
         1.8437e-04,  1.8161e-04,  1.0731e-03,  5.5375e-04, -5.2358e-04,
        -4.1044e-03,  1.0077e-03,  8.3956e-05, -1.4436e-03, -1.6643e-03,
         3.2350e-04,  1.2517e-03,  2.2670e-04, -5.5081e-04,  1.7989e-04,
        -1.5617e-03, -2.5116e-04,  1.4934e-04,  3.3542e-04,  3.0319e-03,
         3.1723e-04, -7.8498e-04, -1.3405e-03, -5.9557e-04,  8.6625e-04,
         1.6459e-04,  3.5494e-04, -6.3676e-04, -1.0905e-03, -1.1125e-03,
        -7.5751e-04, -8.6058e-04, -6.4632e-04, -1.7098e-04, -2.0338e-03,
         1.6046e-01,  6.5612e-05, -2.7584e-04,  1.0340e-03,  4.0274e-04,
        -7.6155e-04,  2.7472e-04,  4.5480e-04, -2.5232e-03, -4.2479e-04,
         2.2035e-03,  2.1721e-05,  4.5468e-05,  9.5803e-04, -1.5081e-03,
         5.9660e-04,  3.0274e-04,  2.9369e-04,  4.3833e-04,  3.7317e-04,
         1.5092e-03,  5.4393e-05, -2.5898e-04], device='cuda:0')), ('fcs.1.weight', tensor([[-1.4402e-03,  2.1232e-04,  3.4133e-03,  ..., -1.3796e-03,
          5.6357e-04,  5.6754e-04],
        [ 4.1875e-03, -2.5903e-03,  8.7814e-04,  ...,  5.4540e-04,
          2.1806e-03, -4.6633e-04],
        [ 2.1042e-03, -9.7945e-04,  5.5622e-04,  ...,  2.1633e-03,
          1.3048e-03,  2.9048e-04],
        ...,
        [ 8.8304e-04,  5.9191e-04,  3.7828e-05,  ..., -8.9277e-04,
          1.9630e-03,  1.7186e-04],
        [-7.0500e-04,  9.0128e-04,  1.4226e-03,  ...,  6.7471e-04,
          2.5885e-03, -1.2383e-03],
        [-1.1031e-03, -1.3114e-03, -6.9222e-04,  ...,  1.3039e-03,
         -5.5264e-04, -5.6015e-04]], device='cuda:0')), ('fcs.1.bias', tensor([ 9.5742e-04, -5.1536e-04, -1.2225e-03, -1.3372e-04, -5.3011e-05,
        -4.5373e-04, -6.8240e-04, -1.8594e-04, -3.1473e-04, -1.6463e-03,
         1.7197e-04,  8.6005e-04, -4.4680e-05,  7.9394e-04,  3.0111e-04,
        -2.6952e-04, -2.1115e-03, -1.1831e-04, -3.4560e-05,  3.2181e-04,
        -2.1442e-03, -3.1312e-03,  4.0776e-04,  6.6440e-04, -9.6053e-05,
        -1.2768e-04,  1.6240e-03,  7.5781e-05,  5.7322e-05, -2.1442e-04,
        -6.6359e-04, -8.4369e-04, -5.8115e-04,  9.4853e-04,  3.0485e-06,
         3.7433e-05,  5.5245e-04,  5.0892e-04, -9.0316e-04, -6.1675e-04,
         8.0109e-04,  1.1462e-04, -4.5840e-05, -9.8220e-04, -4.7729e-04,
         2.4501e-04,  9.3410e-04,  2.5711e-05, -4.5020e-04,  5.2237e-04,
        -9.0912e-04, -4.4642e-05, -5.2479e-05,  4.7965e-05,  1.1364e-04,
         7.7671e-04,  3.9132e-05,  1.9769e-04, -5.9543e-04, -1.0101e-03,
         2.6493e-04, -5.9681e-04, -3.9659e-04, -3.5283e-04], device='cuda:0')), ('fcs.2.weight', tensor([[ 9.4281e-04, -2.0717e-04,  2.4015e-05, -5.7168e-04, -3.1850e-05,
          3.5492e-06,  2.8836e-05, -7.7502e-05, -5.0488e-04,  4.3416e-04,
         -9.6642e-05,  2.1086e-03,  1.3121e-05, -4.9888e-04, -7.3221e-05,
         -2.3442e-05, -2.3089e-04, -1.4125e-04,  7.0057e-04,  1.8359e-03,
          2.2408e-04, -5.2735e-05,  4.7583e-06,  7.7687e-06,  9.5084e-05,
         -3.5867e-05,  1.0960e-03,  5.3935e-04,  9.8987e-05, -3.6547e-04,
          6.5811e-04, -1.3976e-04, -1.5277e-05, -6.0182e-05, -1.9151e-05,
         -4.9956e-04, -3.1038e-05,  1.3392e-04, -2.1620e-03, -7.7845e-05,
         -7.5664e-05,  6.5587e-07, -1.1935e-05, -1.4880e-04,  4.6960e-04,
         -8.2615e-05,  7.7931e-05, -3.1722e-01,  1.1507e-04, -2.4280e-03,
          1.0576e-03, -1.1702e-04,  1.4170e-04,  1.5152e-04, -8.6978e-05,
          1.2687e-05,  2.7760e-03, -1.3857e-04,  5.6798e-05,  1.2477e-04,
         -9.8632e-05, -2.7001e-05, -7.5115e-05, -4.1121e-05]], device='cuda:0'))])
end of epoch 2: val_loss 8.27057861328125, val_acc 0.975
trigger times: 1
end of epoch 3: val_loss 0.011978921843692661, val_acc 0.995
trigger times: 0
saving model weights...
Weights: OrderedDict([('fcs.0.weight', tensor([[ 2.1515e-01,  1.6526e-01,  2.7974e-01,  ..., -5.4071e-01,
          9.4104e-01, -3.2870e-01],
        [-6.7762e-05, -2.0069e-05,  2.4405e-04,  ...,  9.1629e-05,
          2.7417e-04, -5.8402e-04],
        [-1.1397e-02,  6.3197e-04,  1.5252e-04,  ..., -3.0429e-01,
         -8.8394e-05,  2.3038e-04],
        ...,
        [-8.5569e-02,  2.0022e-02, -4.0944e-03,  ...,  3.6289e-01,
          8.4352e-05,  1.2515e-04],
        [ 9.3055e-06,  3.7051e-04, -1.2102e-05,  ..., -8.2558e-02,
          1.5353e-04, -3.3918e-04],
        [-3.8855e-04, -1.1318e-06, -1.9125e-05,  ..., -1.4088e-06,
          4.3577e-05,  1.1704e-04]], device='cuda:0')), ('fcs.0.bias', tensor([ 1.7822e-04,  1.0776e-05, -9.1674e-03,  1.7079e-01,  2.2295e-01,
         2.2065e-02, -1.1529e-04, -1.9239e-01,  1.0678e-05,  1.9040e-01,
         3.1100e-05, -1.1489e-01, -9.7281e-07,  1.1053e-05,  2.9784e-01,
        -1.6958e-04, -4.5901e-05, -9.0616e-05,  1.2803e-01, -8.6944e-05,
         4.0093e-04, -4.0376e-04, -5.0279e-02,  2.5151e-01, -4.5050e-02,
         2.2898e-01,  1.0471e-05, -6.1943e-04, -2.7715e-05,  3.0908e-02,
         1.5443e-01,  6.9788e-05, -1.0666e-01, -8.9171e-04, -1.7544e-01,
         6.2581e-04, -1.8400e-01,  1.0759e-05, -4.9090e-02,  9.1344e-05,
        -1.0824e-01, -4.8484e-06,  1.2001e-03, -1.6983e-02,  3.9401e-01,
         3.1282e-04, -2.9961e-04, -2.3307e-01,  6.3619e-04, -1.6908e-01,
        -1.5103e-01,  4.9709e-02, -6.8417e-05, -8.2050e-02, -1.0749e-04,
         5.7767e-05, -2.3598e-02,  4.3640e-01,  9.6063e-04,  1.5673e-01,
        -7.7743e-03, -7.1076e-04, -3.5780e-05,  3.3707e-01, -1.2410e-04,
         7.3444e-06,  1.5122e-06,  1.2785e-03, -1.2687e-05,  1.3446e-04,
         3.2641e-01, -3.5789e-05, -1.1178e-04, -4.8230e-02, -6.3594e-04,
         2.0685e-01, -1.7602e-04,  4.6763e-05, -3.9387e-04, -8.2815e-02,
         2.6733e-04, -3.2019e-07,  1.0652e-05, -3.8478e-01, -1.5552e-04,
        -1.9650e-01, -2.3551e-01, -2.2041e-04,  9.1823e-05, -6.5226e-05,
         6.5643e-05,  1.4619e-01, -6.3031e-02, -2.3884e-01,  5.3235e-01,
        -8.3878e-05, -2.1960e-01, -1.7137e-01, -7.5182e-05,  1.9250e-01,
        -1.9676e-05,  1.7524e-01, -1.1986e-01, -2.1511e-01, -6.7536e-05,
         7.2047e-01, -2.3593e-01, -3.3071e-02,  1.0922e-01, -1.9245e-01,
        -8.3235e-05,  2.0154e-01,  2.1147e-04,  4.7459e-04, -5.7755e-05,
         4.0270e-05, -7.0586e-05,  3.4865e-04, -1.1156e-07, -1.3849e-01,
         9.2640e-05,  9.7447e-02,  1.7525e-01,  5.8672e-02,  4.1455e-05,
        -1.5694e-01, -1.5599e-05,  1.5187e-04], device='cuda:0')), ('fcs.1.weight', tensor([[-6.1339e-05, -6.6497e-04,  1.9952e-03,  ...,  2.2237e-04,
         -9.4975e-04, -1.1745e-03],
        [-3.8533e-04,  4.6932e-04, -3.3971e-04,  ...,  1.1697e-03,
         -9.7321e-04, -1.2963e-03],
        [-1.2528e-04, -5.8454e-04, -7.1786e-05,  ..., -2.8071e-04,
          1.4631e-04, -6.9882e-06],
        ...,
        [ 4.0396e-04, -4.0806e-04, -1.4136e-03,  ..., -5.4619e-04,
          9.6352e-04, -4.5525e-04],
        [-4.9998e-02,  4.3579e-04, -8.6063e-05,  ..., -1.4033e-04,
         -5.8211e-05, -6.4426e-04],
        [ 7.0562e-04,  2.0267e-03, -7.0762e-04,  ...,  1.2588e-03,
          6.0908e-04, -3.0782e-04]], device='cuda:0')), ('fcs.1.bias', tensor([ 4.1251e-04,  1.0192e-03,  5.6888e-05,  2.9127e-05,  7.0307e-06,
        -5.8890e-05, -1.0985e-05,  5.7296e-04,  4.5452e-05, -5.6793e-04,
        -8.8409e-05,  8.9400e-05, -2.2693e-04, -6.9686e-06,  7.5333e-04,
         1.3518e-05,  2.1586e-03,  5.9341e-05, -5.3974e-05,  5.3593e-05,
         6.3322e-04,  1.4269e-03, -1.2620e-04, -1.3719e-05,  4.9104e-04,
        -5.9709e-04, -9.5144e-06, -2.8633e-04,  7.1623e-04, -9.7857e-04,
        -1.9286e-05, -2.2991e-04,  1.7900e-04,  3.5177e-04, -1.5274e-04,
         1.1220e-05,  1.6935e-01,  5.1207e-06,  5.2158e-04,  3.4675e-01,
        -2.2214e-04, -2.5990e-04,  1.5495e-04, -3.0557e-05,  8.0725e-05,
        -3.6604e-04, -4.1046e-05,  5.9783e-02,  1.1470e-03, -3.1177e-05,
         1.3442e-01, -2.4046e-01, -1.0121e-04,  3.3661e-04, -4.7879e-04,
         1.2627e-03, -4.7397e-04,  4.7561e-05,  2.2905e-01, -5.4296e-02,
         1.8227e-01, -8.6741e-04,  1.3026e-04, -1.3396e-04], device='cuda:0')), ('fcs.2.weight', tensor([[-1.7180e-06, -2.5969e-04, -1.8233e-05,  2.9583e-06, -1.5529e-01,
          6.3864e-05,  3.5194e-01,  2.5709e-04, -1.9879e-01, -9.1360e-04,
          1.4803e-01, -1.6066e-01,  1.9993e-01, -1.3596e-01, -7.0151e-05,
         -8.5388e-05, -8.7368e-05,  1.3292e-01, -1.7168e-01, -3.0927e-01,
         -1.9053e-05,  2.8485e-04, -1.0257e-04, -9.3127e-02, -1.1541e-04,
          1.2862e-01, -1.6985e-01, -6.0476e-02, -3.9111e-04, -9.3068e-02,
         -1.5122e-01, -8.0680e-02, -1.9343e-01, -1.5301e-01,  1.1771e-01,
         -2.1467e-01,  7.3082e-02, -1.8382e-01,  1.1038e-04,  3.9814e-01,
         -4.8400e-05, -1.4459e-02, -1.5101e-02,  2.2684e-05,  6.7219e-06,
         -5.5658e-05, -1.3186e-01, -4.3207e-01,  1.1209e-04, -1.5601e-01,
         -2.1626e-01,  2.4669e-01,  5.9518e-04,  2.1653e-05,  4.8255e-05,
          2.7942e-05,  1.6323e-05, -4.0751e-04, -1.7511e-01, -1.9202e-02,
          1.1093e-01, -8.1699e-05, -1.1704e-01, -5.2501e-05]], device='cuda:0'))])
end of epoch 4: val_loss 0.003639239283945059, val_acc 1.0
trigger times: 0
saving model weights...
Weights: OrderedDict([('fcs.0.weight', tensor([[-1.0921e-01,  8.4009e-02,  7.0918e-05,  ...,  1.3444e-04,
          1.3107e-05,  1.9540e-04],
        [ 6.8286e-04, -5.0734e-05,  3.6577e-04,  ...,  5.8071e-04,
          1.4092e-03,  2.9566e-04],
        [-3.1228e-05, -3.9587e-05, -6.0200e-05,  ...,  1.1999e-04,
          4.1185e-04,  5.1523e-04],
        ...,
        [ 2.8869e-05,  1.1972e-05, -1.4430e-04,  ..., -7.7004e-05,
          3.1594e-04,  5.0653e-04],
        [-1.9336e-05, -2.1322e-05,  5.5027e-05,  ..., -1.5985e-05,
         -4.0995e-05,  4.2200e-04],
        [-2.2167e-04,  4.5926e-05, -2.2654e-05,  ..., -6.0237e-04,
         -9.0139e-04,  5.0896e-04]], device='cuda:0')), ('fcs.0.bias', tensor([-1.5184e-01, -1.2186e-04,  5.2610e-07, -1.0151e-04,  3.2147e-05,
        -2.5719e-01, -1.3133e-03, -5.8282e-05, -2.4323e-04,  1.6659e-04,
        -6.8319e-05, -8.7345e-05, -3.1203e-05,  2.4748e-05,  2.8497e-02,
        -1.2957e-04,  3.9222e-05,  6.3519e-05,  3.6281e-05, -7.4996e-05,
        -1.0975e-03,  3.6600e-04,  1.1252e-05,  3.0493e-05, -5.0446e-05,
         3.3819e-06,  1.0705e-03, -1.8471e-03,  1.2552e-04,  7.2507e-05,
         5.8348e-03, -5.5248e-04,  1.3962e-05, -2.2641e-03, -6.7991e-06,
        -3.0862e-03, -2.1177e-05, -1.3480e-04,  5.9793e-07,  2.0304e-04,
         2.1162e-05,  4.2732e-06, -1.4809e-05,  5.6616e-05, -3.9164e-05,
        -3.4586e-04,  7.7393e-04, -4.1033e-02,  1.4892e-03, -9.0849e-03,
         4.0874e-05,  2.6071e-05, -3.5920e-04, -1.8644e-05, -7.2494e-07,
        -4.9969e-05,  1.6699e-04, -8.8833e-05, -1.9522e-03, -3.3481e-02,
        -2.1868e-05, -9.3269e-04, -4.1954e-05,  1.3983e-05,  2.3397e-04,
         4.6308e-06, -5.9810e-05, -3.9220e-04,  2.3000e-04, -8.4869e-04,
        -7.8030e-05, -5.3006e-05, -1.7106e-04, -1.0101e-04, -4.7565e-04,
        -2.2349e-05, -3.9564e-05,  3.7274e-05, -1.0790e-03,  1.4312e-05,
        -4.9513e-05, -6.7503e-06,  3.8237e-04, -2.1672e-01,  1.2415e-04,
        -2.1774e-05, -2.5945e-05, -6.5600e-04,  5.6063e-05,  6.8876e-05,
         1.7530e-05, -6.9974e-05, -7.2781e-02, -8.3389e-05,  5.1160e-04,
         1.3182e-05, -4.4146e-05,  7.8539e-05, -2.4048e-04, -1.5006e-04,
        -4.8730e-05,  1.0527e-04, -1.7941e-05, -5.2203e-03, -1.8603e-05,
         6.3750e-01, -5.0276e-02, -2.0925e-04, -8.5996e-03, -6.9324e-05,
         2.8450e-04,  1.5547e-02, -4.7920e-04,  1.0532e-03, -2.0723e-04,
        -3.3916e-05, -5.4561e-06, -1.2066e-03, -4.3938e-04, -1.3874e-04,
        -5.6859e-05,  5.1158e-05,  4.4497e-05, -1.6096e-05, -3.9854e-05,
         8.3476e-05, -1.2858e-05, -2.8791e-04], device='cuda:0')), ('fcs.1.weight', tensor([[-3.0516e-05, -6.7224e-04,  7.2371e-04,  ...,  4.4646e-04,
         -1.2182e-03, -1.2801e-03],
        [-3.1136e-04,  4.9215e-04, -7.6813e-04,  ...,  1.2870e-03,
         -1.2229e-03, -1.3031e-03],
        [-2.0028e-04,  1.9556e-03, -1.3491e-04,  ..., -6.4889e-04,
         -1.5876e-04, -3.7557e-04],
        ...,
        [-1.7237e-03, -4.7756e-04,  8.4087e-04,  ..., -6.4534e-04,
          1.2483e-03, -4.8949e-04],
        [-2.3790e-05,  4.8205e-04, -9.9219e-06,  ..., -2.1370e-04,
         -1.3148e-04,  5.4570e-04],
        [ 2.3807e-04,  2.0273e-03, -7.5796e-04,  ..., -5.8422e-04,
          6.0858e-04, -1.5784e-03]], device='cuda:0')), ('fcs.1.bias', tensor([ 5.4940e-04,  1.8603e-03,  2.0564e-04, -3.7700e-04, -1.0915e-04,
         5.2396e-04,  3.9586e-04, -7.3340e-04,  9.4037e-05,  6.1264e-04,
         1.0375e-04, -2.2303e-04,  4.0340e-04, -9.4341e-02, -9.6919e-04,
         5.1434e-05,  1.2140e-03,  1.0068e-04, -7.2746e-06, -2.8910e-05,
         8.9234e-04,  7.3124e-04, -1.3538e-04, -4.3139e-02,  6.1951e-05,
         6.8800e-05, -1.0190e-04, -1.2563e-04, -2.8399e-03,  4.0582e-04,
         1.9104e-01,  6.8343e-04,  3.0566e-04,  8.3143e-04, -3.4536e-04,
        -1.0323e-04,  7.8168e-05, -1.6324e-04, -3.0311e-04, -1.3948e-01,
        -2.6033e-04, -5.7307e-04, -5.3087e-04,  2.0752e-04, -4.2742e-05,
        -7.8370e-04, -1.5484e-05,  9.8865e-05,  9.6947e-04,  1.8535e-04,
         5.3068e-05, -1.3738e-04,  3.5768e-04, -2.3812e-04,  1.2293e-03,
        -6.1058e-04,  1.6770e-03,  1.2910e-04, -1.2383e-04, -4.1298e-04,
        -5.4594e-04,  2.2053e-04, -1.8109e-04,  2.5616e-03], device='cuda:0')), ('fcs.2.weight', tensor([[ 1.7636e-04, -3.6526e-04, -3.3843e-05, -3.7077e-05, -1.2729e-02,
         -1.1569e-05,  2.1087e-01, -2.1838e-04, -1.4629e-01,  1.4187e-03,
          8.6585e-02, -1.1367e-01,  1.4631e-01, -3.3620e-02, -2.6790e-04,
         -1.3339e-04,  1.2440e-04,  6.7751e-02, -1.3380e-01, -2.3928e-01,
         -2.7095e-06,  2.5694e-04,  3.0087e-05, -4.5911e-02,  4.9273e-05,
          1.2618e-05, -3.8200e-02, -9.2085e-03, -5.1721e-04,  1.9656e-05,
         -9.3684e-02, -4.1889e-02, -1.0123e-01, -1.1386e-01,  7.6933e-02,
         -1.3013e-01,  9.1454e-06, -1.2720e-01, -3.2998e-04,  2.8318e-01,
         -2.7890e-04,  1.2356e-07,  5.0286e-06,  6.3727e-05, -7.1365e-05,
          2.0240e-04, -1.2347e-05, -3.2631e-01, -2.5957e-04, -1.1841e-01,
         -1.5348e-01,  1.8020e-01,  1.3204e-04,  9.7429e-05,  1.0486e-04,
          2.8264e-06,  3.5762e-05,  6.4699e-06, -9.6861e-02,  9.8800e-06,
         -8.0924e-06, -1.7453e-04, -2.7646e-02,  6.9068e-04]], device='cuda:0'))])
end of epoch 5: val_loss 0.02088525011804471, val_acc 0.995
trigger times: 1
end of epoch 6: val_loss 0.017098285894685327, val_acc 0.995
trigger times: 2
end of epoch 7: val_loss 0.027980732768101965, val_acc 0.995
trigger times: 3
end of epoch 8: val_loss 0.039336583848193635, val_acc 0.98
trigger times: 4
end of epoch 9: val_loss 0.005715610326353798, val_acc 1.0
trigger times: 5
end of epoch 10: val_loss 2.104455053806305, val_acc 0.97
trigger times: 6
end of epoch 11: val_loss 0.00012101302854716778, val_acc 1.0
trigger times: 0
saving model weights...
Weights: OrderedDict([('fcs.0.weight', tensor([[ 1.7000e-04,  9.1331e-05,  7.1588e-04,  ...,  5.7109e-04,
         -6.8094e-04, -7.9403e-04],
        [ 2.8933e-04,  2.7518e-04, -8.7382e-04,  ...,  7.0324e-04,
          1.1129e-03, -2.9641e-05],
        [-8.1562e-06, -1.0499e-04, -4.2189e-04,  ...,  1.0746e-03,
         -5.8519e-04,  9.6350e-04],
        ...,
        [-9.7029e-05,  1.5864e-05,  4.8094e-04,  ..., -1.0887e-03,
         -1.5817e-03,  8.0273e-04],
        [ 9.7659e-01,  1.4131e-02,  4.9272e-01,  ..., -1.0391e+00,
          1.5278e+00, -6.3011e-01],
        [-1.1561e-03,  2.1665e-04,  2.3633e-03,  ...,  1.5578e-03,
         -9.1998e-04, -1.3530e-03]], device='cuda:0')), ('fcs.0.bias', tensor([ 2.4507e-04, -1.6511e-04,  1.1576e-04,  3.9897e-04,  1.4002e-04,
        -5.0086e-04, -1.3416e-01, -1.2657e-04, -4.1238e-02,  5.7290e-06,
         1.6052e-04,  6.9325e-05,  2.9318e-05,  5.0811e-05,  1.9897e-04,
        -5.0475e-05, -3.2547e-02,  7.0188e-04, -5.6390e-04,  8.6558e-04,
        -5.7776e-05,  1.9907e-04, -1.9027e-05, -1.2112e-05,  9.8816e-05,
         4.4967e-05, -8.7132e-05,  3.0829e-04,  1.6346e-02, -4.3357e-04,
         1.4718e-01, -4.7175e-04, -2.1641e-05,  3.6875e-02, -7.0977e-04,
         1.7113e-05,  1.2499e-05,  2.2904e-04,  1.7447e-04,  1.6340e-04,
         1.8591e-04,  1.2810e-04,  8.8394e-05, -1.9729e-04,  2.1021e-01,
        -4.7465e-02,  1.9235e-05, -1.1224e-03,  8.8578e-02, -6.0680e-05,
         8.8907e-04,  1.6064e-04,  8.8811e-02, -4.9024e-05,  3.4206e-02,
         3.9704e-03,  4.4104e-02, -1.6414e-05, -1.4864e-04, -2.8513e-05,
         2.2015e-01, -4.5005e-05, -1.5427e-05,  7.8959e-04,  1.7104e-05,
         2.2218e-05, -3.9528e-01, -3.1156e-04,  4.1293e-04, -1.9203e-01,
        -4.5335e-06, -5.3868e-05,  4.0566e-05,  6.2562e-05,  9.5006e-02,
        -1.1027e-01, -2.3155e-05,  2.3085e-02, -7.2565e-04,  2.1904e-01,
        -1.9259e-05, -1.9233e-01,  1.6610e-04,  7.9987e-05,  4.5952e-05,
         1.2577e-06, -1.5009e-05,  2.5045e-02, -6.9944e-05, -1.2381e-05,
        -1.3909e-06,  1.3779e-01, -6.5536e-05, -4.9733e-04,  3.5989e-01,
         1.1098e-01,  1.3148e-04,  3.7440e-02, -6.6786e-02, -2.1786e-01,
         1.0899e-01, -8.0794e-05, -1.4447e-04,  4.8031e-05,  9.1739e-05,
         2.9343e-01, -4.3950e-04,  7.5075e-05, -8.5843e-04, -2.5546e-01,
         7.7596e-02,  4.8227e-06,  1.0805e-04, -1.5516e-05,  2.6337e-04,
         1.0900e-03, -1.7507e-01, -6.0542e-07,  4.0792e-05, -1.3744e-01,
        -2.9093e-01,  4.1623e-02,  2.2076e-04,  2.6729e-01, -9.3785e-04,
         8.0022e-05,  1.9720e-01, -7.2803e-04], device='cuda:0')), ('fcs.1.weight', tensor([[-1.0053e-03, -2.6865e-04,  6.3987e-04,  ...,  8.6584e-04,
         -1.3667e-02, -6.0891e-04],
        [ 1.2737e-03, -1.6374e-03, -2.7197e-04,  ...,  4.6467e-04,
         -6.9647e-03, -9.8396e-04],
        [-1.8201e-03,  2.1087e-03, -7.6251e-04,  ...,  9.8116e-04,
          7.6510e-05, -1.0806e-03],
        ...,
        [ 3.2564e-04,  1.9613e-03,  6.7366e-04,  ..., -8.9320e-04,
         -6.1157e-04, -4.9714e-04],
        [-6.7004e-04, -6.1887e-04, -4.9285e-04,  ..., -8.0497e-05,
          5.9887e-05, -6.7340e-04],
        [ 8.9326e-04,  2.1804e-03, -6.8594e-04,  ...,  4.9705e-04,
         -1.9603e-03, -1.3045e-03]], device='cuda:0')), ('fcs.1.bias', tensor([-6.7767e-05, -1.4582e-02,  5.5862e-04, -1.2379e-03,  4.7480e-05,
         8.9151e-04, -1.5403e-04, -1.4859e-04,  4.3805e-05, -9.4522e-05,
         1.4326e-03, -2.3008e-04, -4.6695e-05, -4.3632e-05, -5.4313e-05,
         5.5802e-05, -1.2400e-04, -9.5853e-05,  1.5714e-03,  7.4262e-05,
        -1.1234e-04, -1.6933e-04,  5.4580e-04, -1.4180e-01,  4.0456e-05,
         2.1491e-04,  8.1757e-04,  3.7170e-05,  6.6522e-04,  3.3786e-05,
         1.3178e-05, -1.5525e-03,  1.7198e-04,  1.2109e-03, -9.6248e-06,
        -2.0634e-04,  9.7156e-04, -1.0987e-04, -6.9757e-06,  1.1187e-03,
         2.4015e-04, -5.4113e-05,  1.7599e-03, -5.2154e-04,  6.5743e-05,
         2.5298e-04, -2.7949e-04,  3.0202e-04, -1.8306e-04,  2.1126e-05,
        -3.9697e-04, -3.5134e-04,  4.6103e-04,  6.5515e-05,  1.5311e-05,
        -1.2720e-04, -1.0451e-03, -7.6136e-05,  1.3972e-03, -5.6061e-04,
         7.8570e-02, -1.8646e-03,  3.4770e-04,  1.9806e-03], device='cuda:0')), ('fcs.2.weight', tensor([[ 1.2950e-05, -1.0581e-01, -3.8024e-05, -8.6959e-05, -5.3067e-02,
         -6.5369e-04, -1.1408e-01, -1.7982e-01, -8.2306e-04, -2.9858e-01,
         -1.6730e-04, -4.3185e-06, -2.1651e-02, -1.4684e-04, -7.4158e-06,
          1.3093e-01, -8.7529e-05,  1.9672e-01, -5.1058e-06,  2.2456e-02,
         -4.7157e-06,  3.4477e-05, -9.2532e-05,  2.5823e-01, -1.2084e-01,
          6.5033e-02, -8.0288e-04, -1.2196e-01,  5.2284e-02,  3.1521e-05,
          2.4483e-06,  4.9159e-06, -5.6705e-07,  5.1679e-05,  9.3395e-02,
         -1.1431e-01,  4.4073e-02, -2.0875e-04,  1.2285e-01,  1.3493e-01,
         -3.9354e-02,  7.2498e-02,  1.0907e-01,  1.1971e-04, -3.9566e-05,
          1.4028e-04, -1.2697e-04,  2.1528e-02, -1.9534e-03,  2.9675e-01,
         -9.6449e-04,  2.0731e-06,  1.7864e-01, -4.0342e-02,  2.3115e-02,
         -4.7720e-01, -2.3558e-02,  4.7283e-06,  1.4697e-04, -9.3781e-05,
          3.1114e-01,  5.4183e-05,  1.1558e-05, -4.0390e-04]], device='cuda:0'))])
end of epoch 12: val_loss 0.014231406265067541, val_acc 0.995
trigger times: 1
end of epoch 13: val_loss 0.031543033378255494, val_acc 0.985
trigger times: 2
end of epoch 14: val_loss 0.006879483263473815, val_acc 0.995
trigger times: 3
end of epoch 15: val_loss 0.002844871348681508, val_acc 1.0
trigger times: 4
end of epoch 16: val_loss 0.019841957736594223, val_acc 0.985
trigger times: 5
end of epoch 17: val_loss 0.024286202263723914, val_acc 0.985
trigger times: 6
end of epoch 18: val_loss 5.404686279296875, val_acc 0.98
trigger times: 7
end of epoch 19: val_loss 0.0, val_acc 1.0
trigger times: 0
saving model weights...
Weights: OrderedDict([('fcs.0.weight', tensor([[-1.7256e-05,  2.2988e-05,  1.5929e-04,  ..., -3.5421e-04,
          9.4557e-04, -2.2276e-04],
        [ 9.7346e-02, -6.2520e-02, -7.3881e-05,  ...,  6.3022e-02,
         -1.1570e-04, -1.6718e-04],
        [-1.3871e-05, -6.4688e-02, -2.8088e-05,  ..., -1.2015e-05,
         -1.9051e-04,  8.9932e-05],
        ...,
        [-5.5811e-04,  4.4983e-04,  2.7758e-03,  ...,  8.6146e-04,
         -8.9136e-04,  2.1803e-03],
        [ 1.6464e-04,  1.5495e-04, -6.0077e-05,  ...,  2.0542e-03,
          8.2592e-04, -1.2604e-03],
        [-1.9744e-01,  2.5642e-02, -1.0340e-04,  ..., -2.1490e-05,
          1.4543e-04,  3.0041e-04]], device='cuda:0')), ('fcs.0.bias', tensor([ 6.9123e-05,  1.0963e-01, -2.7855e-05,  4.4212e-02,  7.7610e-06,
        -2.5563e-05,  1.6742e-03,  2.5500e-06,  7.9070e-05,  1.9503e-01,
         7.6449e-05, -2.0679e-05, -1.0387e-03, -5.6802e-02, -5.0617e-05,
        -2.6409e-05,  9.3509e-02, -1.3306e-04, -7.8724e-02,  2.4972e-04,
         2.4860e-01,  1.9249e-05, -2.1990e-01,  3.7915e-02, -2.9211e-02,
         1.0492e-01,  3.0382e-01,  1.6744e-05,  1.9211e-01, -9.6396e-02,
        -1.6791e-05,  3.1518e-05,  1.5750e-01, -8.6793e-02, -3.9403e-05,
        -2.1542e-01,  2.8697e-04, -1.6677e-01,  6.2400e-06,  1.8767e-04,
         4.5389e-05, -1.4623e-01, -7.3461e-04, -4.5378e-05,  8.4207e-06,
        -4.8903e-04, -3.2026e-05,  8.4015e-01,  5.9192e-06, -1.6454e-05,
         6.4491e-05, -7.5765e-06, -2.0550e-04,  1.0618e-03,  1.6424e-01,
         1.2402e-04,  5.0786e-01, -6.4000e-06,  7.1941e-05, -5.1040e-05,
         1.2609e-04, -7.5904e-03, -4.7583e-02,  4.5191e-05, -4.5872e-06,
         1.7666e-04, -2.0869e-02, -1.0831e-01, -1.5374e-04, -8.4817e-06,
        -4.4799e-05, -1.6475e-01,  2.4544e-01,  1.0340e-05,  1.9871e-01,
        -7.7237e-05, -3.5937e-05,  7.0664e-06,  4.5069e-01,  1.8836e-01,
         1.4885e-05,  3.9424e-01, -1.7468e-04,  4.8930e-04, -1.4756e-04,
         9.4071e-02, -3.0203e-05, -3.0345e-06,  9.2390e-05, -2.0509e-01,
        -3.1058e-04,  8.1681e-05,  2.8868e-01,  1.1793e-04, -2.3094e-01,
         4.8308e-01, -4.7515e-02, -3.9130e-04,  3.6551e-01,  1.0052e-03,
         2.6023e-05, -1.1895e-04,  2.4081e-05, -1.2705e-06,  4.9573e-05,
         3.3617e-01,  7.1131e-02,  5.1072e-04,  7.0035e-05,  7.0999e-05,
        -1.3931e-04, -1.7768e-03, -4.0850e-02,  9.4203e-01, -3.9624e-04,
        -6.8182e-04,  3.6823e-02, -1.4175e-03, -1.2911e-01, -1.5870e-01,
         1.1475e-05,  7.7699e-05,  4.6290e-01,  5.9349e-05,  1.2012e-03,
        -3.1816e-06, -1.0520e-04, -2.6116e-01], device='cuda:0')), ('fcs.1.weight', tensor([[ 4.2222e-04, -2.1101e-06, -2.4437e-05,  ...,  2.1806e-03,
         -2.2168e-05, -7.9745e-04],
        [ 9.0026e-04, -1.9868e-04,  6.2306e-04,  ...,  2.8818e-03,
          8.9337e-04, -8.3554e-04],
        [-3.2037e-03,  1.1342e-04, -5.3737e-05,  ...,  6.6666e-04,
         -2.1465e-05,  1.7498e-04],
        ...,
        [ 7.1415e-05, -2.0410e-01, -2.1011e-05,  ...,  6.7179e-04,
          1.3040e-03,  2.0818e-04],
        [-1.3112e-03,  2.1152e-05,  2.5020e-04,  ..., -2.2795e-04,
         -1.0407e-03,  3.0299e-04],
        [-4.5283e-04, -8.0465e-05,  1.9111e-05,  ..., -4.9290e-04,
         -4.8978e-04,  1.5080e-04]], device='cuda:0')), ('fcs.1.bias', tensor([-8.8567e-04,  1.2579e-03,  1.3370e-05,  1.1099e-04, -8.6934e-05,
        -4.5036e-04,  1.2260e-03, -5.4778e-04, -6.3353e-04,  3.1106e-04,
         8.7872e-04,  3.2352e-04, -1.4506e-01, -7.1042e-05, -5.0383e-02,
         5.9079e-05,  4.4140e-04, -8.6857e-04, -1.1036e-03, -1.7341e-04,
        -5.7812e-05,  1.3915e-03, -7.1642e-04,  2.4261e-03, -1.1171e-04,
        -6.4584e-04,  1.8416e-03, -2.1599e-04, -6.2885e-06, -2.4795e-03,
        -2.4549e-04,  4.1171e-05,  1.9058e-04, -5.3896e-04,  5.2574e-04,
        -2.4278e-04, -1.3729e-04,  1.0637e-05, -7.3812e-04,  1.3144e-04,
        -5.4334e-04, -1.4852e-05, -2.3547e-04,  1.9171e-03,  1.8303e-04,
        -4.8176e-04,  1.0051e-05, -8.5023e-04, -6.2664e-02,  2.0369e-04,
         1.3502e-03,  1.8875e-03, -1.8178e-04, -3.3290e-03, -1.2416e-01,
         1.6308e-04,  2.7369e-04,  4.0232e-05,  7.7934e-04, -1.7128e-03,
        -2.7322e-04,  4.0762e-05,  5.2646e-04,  2.4823e-05], device='cuda:0')), ('fcs.2.weight', tensor([[ 7.5688e-03, -2.3106e-05, -8.5331e-02,  3.4954e-05, -2.1779e-04,
          6.6791e-05,  7.9958e-07, -2.4001e-05, -6.5799e-02,  2.4975e-04,
         -3.8700e-05, -1.1580e-05, -1.7174e-05,  3.3615e-06, -6.4544e-07,
          1.5425e-02, -2.7166e-02, -1.7206e-04,  1.0155e-01,  5.0376e-06,
          5.8228e-05, -4.8960e-06,  1.4376e-01, -2.3322e-07, -2.4387e-02,
          6.1595e-04, -2.0835e-05, -2.3295e-05,  2.3020e-02,  4.0051e-05,
          1.3259e-03,  3.5712e-02, -1.2669e-01,  4.9561e-04, -2.2675e-06,
          4.8523e-02,  4.5217e-02, -4.7156e-01,  6.7271e-02,  1.4711e-01,
         -1.3359e-01, -2.1533e-05, -2.1798e-04, -3.0983e-02, -1.8902e-04,
          2.6789e-05,  9.9141e-02, -2.7417e-04, -7.4938e-01, -7.2848e-01,
         -1.3882e-02, -2.3818e-02, -2.0985e-02,  5.3114e-05, -2.6896e-06,
          2.9470e-05, -9.3523e-05, -5.3882e-02,  4.5931e-06, -2.2608e-04,
          1.2523e-01, -2.7341e-06, -2.0895e-06, -1.3578e-02]], device='cuda:0'))])
end of epoch 20: val_loss 4.716752737294882e-05, val_acc 1.0
trigger times: 1
end of epoch 21: val_loss 0.010322197621797712, val_acc 1.0
trigger times: 2
end of epoch 22: val_loss 9.231929326057434, val_acc 0.94
trigger times: 3
end of epoch 23: val_loss 0.1173105185588065, val_acc 0.99
trigger times: 4
end of epoch 24: val_loss 0.0030037758651321766, val_acc 1.0
trigger times: 5
end of epoch 25: val_loss 0.011344128304820948, val_acc 1.0
trigger times: 6
end of epoch 26: val_loss 0.2611190632207034, val_acc 0.935
trigger times: 7
end of epoch 27: val_loss 0.02195555691034464, val_acc 0.995
trigger times: 8
end of epoch 28: val_loss 0.2541412377357483, val_acc 0.98
trigger times: 9
end of epoch 29: val_loss 0.023952841385257245, val_acc 0.98
trigger times: 10
Early stopping.
0 -398.3702086210251 -191.10004520678868
1 -399.85296273231506 -189.05007017278314
2 -396.692489027977 -187.50220085194994
3 -402.03393816947937 -180.24009179391223
4 -398.52246713638306 -171.9613792356186
5 -328.0815576314926 -169.3817016847894
6 -385.1113246679306 -167.87631268052303
7 -409.20229053497314 -164.27567046290412
8 -402.32463121414185 -163.76742236654098
9 -360.54769337177277 -156.0786895876365
10 -372.92509949207306 -155.22804551507866
11 -358.479963183403 -145.29002069283715
12 -351.04849076271057 -142.86657280197298
13 -275.9302499294281 -142.75441848091938
14 -314.50579226017 -136.98962801176134
15 -337.8915957212448 -132.4813576990395
16 -271.76865124702454 -130.98347157271724
17 -326.3752839565277 -118.2436222554584
18 -284.69124257564545 -117.38411415155902
19 -339.3070499897003 -116.97382686219106
20 -288.8379600048065 -115.06704102317899
21 -261.007766187191 -112.47832645551227
22 -301.9607881307602 -103.24187681049156
23 -258.87847608327866 -99.7422752992134
24 -223.38251340389252 -98.18526661663928
25 -253.19498938322067 -88.94674758091466
26 -234.5897268652916 -85.88346861832474
27 -194.15150529146194 -79.38307722218848
28 -213.33780920505524 -79.25112655387144
29 -263.15286380052567 -73.50697855948762
30 -246.9126615524292 -72.69803191552006
31 -208.74228924512863 -71.37326168319514
32 -238.0893793106079 -68.27187815304366
33 -218.18969458341599 -65.42298162776466
34 -213.42718756198883 -65.35816021006309
35 -207.24741733074188 -49.3186741604369
36 -278.32499903440475 -17.325441617065966
37 -213.36924392729998 -4.374511275254108
38 -215.048420406878 -0.4258658969524013
39 -243.80037301778793 9.108146753357724
40 -234.33776495605707 17.732630180500013
41 -187.09093415737152 40.64550156746333
42 -196.26557451486588 41.11774838972275
43 -225.2587761580944 48.64917674484657
44 -197.57107377052307 52.50260039838799
45 -202.26106392592192 52.54502852695255
46 -198.19876727461815 59.52827491841281
47 -192.335789129138 63.45606316769021
48 -192.47417290508747 66.31570758515764
49 -233.5251408368349 67.13050507695384
50 -172.9161624610424 72.16624272108386
51 -236.5144011825323 79.16074531670823
52 -226.2832454368472 84.19837606184075
53 -220.12795768678188 89.30707154325768
54 -223.58700254559517 90.2698850730257
55 -219.4663254842162 90.28646231697512
56 -193.27479547262192 90.32667007477052
57 -180.3848178088665 91.18021498086692
58 -185.8092632368207 92.38187517969644
59 -222.68131798505783 92.67153902025292
60 -220.4837368056178 93.69474938898811
61 -187.27088536322117 93.86112859581364
62 -223.66409100592136 95.24073532592021
63 -211.41052183508873 95.3630101766082
64 -214.10043132305145 96.09581961281374
65 -211.52382826805115 97.90553231413178
66 -211.86252689361572 98.07644230926206
67 -210.63137577474117 98.35872828331676
68 -213.95933806151152 98.57334710000995
69 -216.72835613787174 98.77895390936838
70 -215.0850739479065 99.10163703819775
71 -209.1417504698038 99.47183807834362
72 -211.98371101915836 101.36707045382526
73 -209.48197412490845 102.70820969163083
74 -211.7455717921257 103.61971441966246
75 -208.34338994324207 104.00039883786899
76 -200.63839212805033 104.94014608739957
77 -208.76249992102385 105.28448326377394
78 -198.05230793356895 105.60678192821229
79 -200.40672662854195 106.95774051225432
80 -204.99517039954662 107.03525723063939
81 -198.4162258952856 107.05410485829283
82 -196.44163544476032 107.36477417456501
83 -195.20903746783733 107.72369032284489
84 -202.66013104468584 107.78006757763964
85 -203.6652146577835 107.99397435655325
86 -191.58827047795057 108.08910889221833
87 -203.2135098129511 108.09776529440465
88 -193.21914339065552 108.24033506535473
89 -191.6049630343914 109.15712102315346
90 -193.60125079751015 109.71287331230647
91 -191.47077387571335 110.25063890779474
92 -194.28832230716944 110.45880856467717
93 -194.44347628951073 110.48639228144049
94 -194.30817845463753 111.92877271779909
95 -197.8898118585348 112.29467419620224
96 -193.3396835923195 112.73910566375015
97 -191.9316631257534 112.98274531176438
98 -187.32168331742287 113.84616479719523
99 -179.04913194477558 114.84612239587612
100 -194.23821638524532 115.08707834021696
101 -177.5356633067131 115.41025719446112
102 -182.08724366128445 115.5646624637931
103 -181.20473352074623 115.87882502857741
104 -189.29780894517899 116.51927592390606
105 -187.6971149891615 116.69939038222442
106 -188.43820878863335 117.18809854794453
107 -184.89850628376007 117.29357601720739
108 -180.97647893428802 117.43241923864416
109 -187.12325055152178 119.84073495876005
110 -167.87119925022125 122.74776106687673
111 -173.9553129300475 124.10172315382671
112 -170.72459168732166 124.42382576156477
113 -167.8761107325554 124.48179570258212
114 -174.09082636237144 125.2590893824027
115 -171.6814260184765 125.30457667780085
116 -171.25171329081059 125.43458549438884
117 -160.53573136776686 129.13346806288703
118 -159.3098006695509 129.67718524437547
119 -149.17812388390303 131.40806576766226
train accuracy: 0.9955555555555555
validation accuracy: 0.98
