demo lengths 200
demos: (120, 200, 3)
demo_rewards: (120,)
[-191.10004521 -189.05007017 -187.50220085 -180.24009179 -171.96137924
 -169.38170168 -167.87631268 -164.27567046 -163.76742237 -156.07868959
 -155.22804552 -145.29002069 -142.8665728  -142.75441848 -136.98962801
 -132.4813577  -130.98347157 -118.24362226 -117.38411415 -116.97382686
 -115.06704102 -112.47832646 -103.24187681  -99.7422753   -98.18526662
  -88.94674758  -85.88346862  -79.38307722  -79.25112655  -73.50697856
  -72.69803192  -71.37326168  -68.27187815  -65.42298163  -65.35816021
  -49.31867416  -17.32544162   -4.37451128   -0.4258659     9.10814675
   17.73263018   40.64550157   41.11774839   48.64917674   52.5026004
   52.54502853   59.52827492   63.45606317   66.31570759   67.13050508
   72.16624272   79.16074532   84.19837606   89.30707154   90.26988507
   90.28646232   90.32667007   91.18021498   92.38187518   92.67153902
   93.69474939   93.8611286    95.24073533   95.36301018   96.09581961
   97.90553231   98.07644231   98.35872828   98.5733471    98.77895391
   99.10163704   99.47183808  101.36707045  102.70820969  103.61971442
  104.00039884  104.94014609  105.28448326  105.60678193  106.95774051
  107.03525723  107.05410486  107.36477417  107.72369032  107.78006758
  107.99397436  108.08910889  108.09776529  108.24033507  109.15712102
  109.71287331  110.25063891  110.45880856  110.48639228  111.92877272
  112.2946742   112.73910566  112.98274531  113.8461648   114.8461224
  115.08707834  115.41025719  115.56466246  115.87882503  116.51927592
  116.69939038  117.18809855  117.29357602  117.43241924  119.84073496
  122.74776107  124.10172315  124.42382576  124.4817957   125.25908938
  125.30457668  125.43458549  129.13346806  129.67718524  131.40806577]
maximum traj length 200
num training_obs 1800
num training_labels 1800
num val_obs 200
num val_labels 200
ModuleList(
  (0): Linear(in_features=3, out_features=128, bias=True)
  (1): Linear(in_features=128, out_features=1, bias=False)
)
device: cuda:0
end of epoch 0: val_loss 0.00565639017516947, val_acc 1.0
trigger times: 0
saving model weights...
Weights: OrderedDict([('fcs.0.weight', tensor([[-1.0619e-03,  1.1623e-03, -2.8121e-03],
        [-1.0702e-03,  6.3442e-04, -6.0392e-04],
        [-7.8974e-05, -1.9902e-03,  5.4392e-04],
        [ 1.4521e-04,  3.7921e-04,  6.1438e-04],
        [-6.1171e-04, -2.2749e-03, -5.5667e-04],
        [-1.2011e-04,  2.6932e-04,  1.3215e-03],
        [-5.7351e-05, -2.5073e-04,  9.5699e-04],
        [ 2.9738e-04, -8.6284e-04, -4.8108e-04],
        [-1.6272e-03,  1.4311e-03,  3.9902e-04],
        [-3.0779e-04, -1.6753e-04, -9.2289e-04],
        [-2.8401e-04,  8.7819e-04,  1.6644e-03],
        [ 5.3954e-04,  2.0577e-03,  1.2752e-03],
        [-2.4477e-04,  7.9686e-04, -5.1961e-04],
        [ 1.0065e-04, -1.6336e-05,  1.6660e-03],
        [ 3.0634e-04,  5.3642e-04,  1.2500e-03],
        [-6.5858e-04,  1.2803e-03, -2.4594e-03],
        [ 4.5514e-04, -2.5755e-04, -1.0975e-03],
        [-3.1509e-04,  9.5569e-04, -9.3613e-04],
        [-4.4165e-04, -5.3209e-04, -2.1024e-03],
        [ 2.9268e-05, -9.6969e-04,  1.3688e-03],
        [-7.9703e-04, -1.7175e-03,  4.4857e-04],
        [-7.2727e-04,  2.8822e-03, -4.5478e-04],
        [ 2.5062e-04, -1.1705e-03, -9.1432e-04],
        [ 1.2145e-03,  8.0841e-04,  1.4340e-03],
        [-7.1212e-04, -1.0954e-03, -1.0785e-03],
        [-4.6356e-04,  1.8739e-03, -3.4436e-04],
        [ 8.4263e-04,  1.6059e-03,  1.3052e-03],
        [ 1.0797e-04, -1.6942e-03,  1.1773e-03],
        [ 1.7227e-04, -5.5900e-04,  3.3000e-03],
        [ 8.5561e-04, -3.0898e-04, -9.3885e-04],
        [ 8.0035e-05,  7.1692e-04,  5.1935e-04],
        [ 4.5794e-04, -1.8698e-03, -2.0964e-03],
        [-3.9839e-04,  3.8273e-04,  1.2896e-03],
        [-8.0429e-04,  2.0707e-03, -1.6511e-03],
        [-1.5288e-03,  4.6790e-04, -5.8235e-04],
        [-3.6122e-01,  6.3244e-01, -5.7157e-02],
        [-2.0357e-04,  1.0025e-03, -2.9658e-04],
        [ 2.5998e-04,  1.9972e-04,  5.6842e-04],
        [ 1.8429e-03, -7.0839e-04,  7.2686e-04],
        [ 8.9977e-06,  1.5144e-03,  1.2130e-03],
        [-7.8852e-04,  1.1139e-03, -2.5151e-04],
        [ 2.2016e-04, -9.2245e-04,  1.3073e-03],
        [-1.1687e-03,  9.8612e-04, -9.0452e-04],
        [-4.3265e-04, -6.9188e-04,  5.7316e-04],
        [ 1.2836e-04,  1.6370e-04, -1.4531e-03],
        [ 5.4785e-04, -2.7435e-04, -1.9229e-03],
        [ 2.5366e-04, -2.0988e-03, -2.4064e-03],
        [ 6.0256e-04,  1.1605e-03,  8.9663e-04],
        [ 3.2190e-04,  9.0261e-04,  1.8068e-03],
        [-4.1716e-04, -1.4345e-03, -2.2384e-03],
        [-7.9419e-04,  4.9072e-04,  3.0139e-04],
        [-1.6307e-03,  2.0869e-03,  1.9641e-04],
        [-8.9865e-04,  4.8115e-04,  1.3175e-03],
        [-1.9309e-03,  1.5847e-03,  2.1268e-03],
        [-5.1058e-05, -7.4778e-04,  9.3955e-04],
        [ 2.2670e-04, -1.0832e-03,  5.1515e-04],
        [ 1.7267e-04,  2.5096e-04,  1.8032e-04],
        [-1.2067e-04,  4.7511e-04, -8.6516e-04],
        [ 6.6576e-04,  2.4715e-04, -8.8903e-04],
        [-4.1136e-04,  1.6425e-03,  7.9976e-04],
        [ 2.3745e-04,  1.5196e-03,  4.4214e-03],
        [ 5.6784e-04, -5.7170e-04,  3.0413e-04],
        [-1.1738e-03,  2.1154e-03,  2.7275e-04],
        [ 4.1037e-04, -1.3935e-03,  6.4944e-04],
        [ 2.9601e-04,  1.3293e-03,  1.0433e-03],
        [-1.7200e-03, -9.6239e-04,  2.3835e-03],
        [-4.3044e-04,  7.0564e-04,  2.3318e-03],
        [ 3.0379e-04,  7.5424e-04, -1.3293e-03],
        [ 2.1353e-05, -3.6293e-04, -1.8266e-03],
        [ 4.6536e-04,  2.0158e-04,  2.4105e-03],
        [-3.1970e-04,  1.4095e-03, -7.6082e-04],
        [ 5.6813e-04,  4.6765e-04, -3.4206e-03],
        [-4.0674e-04,  1.1984e-03,  5.1996e-04],
        [-1.1730e-03,  7.8343e-04,  1.6810e-03],
        [ 1.0898e-05, -5.4421e-04,  1.1273e-03],
        [ 2.8501e-04,  1.0997e-04, -6.8983e-04],
        [-2.3228e-04,  7.0799e-04,  1.2327e-03],
        [ 2.0439e-03, -6.3483e-04, -2.2849e-03],
        [ 3.3438e-04, -7.5681e-04, -4.2848e-04],
        [ 2.7873e-04, -8.5796e-04, -2.0134e-03],
        [ 1.6036e-04, -3.7709e-04,  1.3233e-03],
        [-4.7746e-04, -7.9865e-05, -2.8903e-03],
        [-1.1301e-03,  1.7112e-03, -9.1374e-04],
        [-1.2630e-04, -3.4460e-04,  1.2701e-03],
        [ 5.0772e-04, -5.9429e-04,  6.9691e-04],
        [-4.0165e-04, -2.7390e-04,  1.2286e-03],
        [ 1.3321e-03,  9.1553e-04, -6.9505e-04],
        [ 2.3749e-04, -7.4546e-04,  4.8149e-04],
        [-4.9914e-04, -1.2095e-03,  1.7231e-03],
        [-2.3209e-03, -1.8554e-03,  6.4032e-04],
        [ 2.4938e-05,  4.5229e-04,  1.4828e-03],
        [ 2.9326e-04, -1.9118e-03, -6.6058e-04],
        [-1.7070e-04, -1.5273e-03,  1.1954e-03],
        [-4.0072e-05,  1.4213e-03,  7.9827e-04],
        [-1.9836e-04,  2.0525e-03, -7.0598e-04],
        [ 2.8954e-03, -7.1749e-04,  1.1124e-03],
        [-1.4302e-04, -6.3606e-04,  1.0733e-03],
        [ 2.2280e-04,  9.7119e-04,  2.5768e-04],
        [-9.5902e-04,  7.6125e-04,  8.5890e-04],
        [-5.0820e-05, -8.1801e-04, -8.9184e-04],
        [-4.2212e-04,  7.8050e-04, -1.4535e-03],
        [-5.1219e-04, -3.8935e-03,  2.2501e-04],
        [-7.1318e-04,  1.1921e-03,  7.6168e-04],
        [-2.2151e-05, -1.7074e-03, -1.1044e-03],
        [ 4.3788e-04,  5.3021e-04,  3.1206e-04],
        [-5.3259e-04,  1.4233e-04,  3.2941e-03],
        [ 1.9133e-04, -3.7411e-05,  4.0047e-04],
        [ 1.9011e-03,  5.7821e-04, -1.2838e-03],
        [-9.0974e-04,  6.3552e-04,  2.1504e-03],
        [ 6.5295e-05, -1.0080e-03,  1.6141e-03],
        [ 1.0592e-04, -6.9065e-04, -5.1350e-04],
        [ 8.2120e-04,  1.5654e-03, -1.1388e-03],
        [ 8.2009e-06,  1.3862e-03,  2.6660e-03],
        [ 2.6506e-03, -2.5912e-03, -1.4618e-03],
        [ 8.9330e-04,  6.3515e-04, -1.2994e-03],
        [-3.7482e-04,  2.0187e-03,  2.0903e-04],
        [ 5.7506e-05, -1.6923e-03, -1.0879e-03],
        [ 1.5408e-03, -1.0636e-04, -2.5614e-03],
        [-8.3285e-06,  3.8335e-03,  1.3281e-03],
        [ 8.8834e-04,  7.3392e-04,  2.1139e-03],
        [-9.6451e-04, -2.8203e-03, -7.9135e-04],
        [ 2.0775e-03, -1.0798e-03, -4.8158e-04],
        [ 1.3844e-03, -5.4379e-04,  1.8905e-04],
        [ 2.0592e-04,  1.9794e-03,  2.5502e-03],
        [ 6.7951e-04, -5.1009e-04,  1.3464e-03],
        [-3.3089e-04,  1.2737e-03,  5.1813e-04],
        [-5.6774e-04, -8.3100e-05,  9.6370e-04],
        [ 1.3055e-04, -1.9559e-03,  1.2881e-03]], device='cuda:0')), ('fcs.0.bias', tensor([ 3.5410e-03,  4.3512e-04, -1.6009e-04,  7.3746e-04,  3.2715e-05,
         4.3054e-03, -1.0805e-03,  1.1602e-03, -1.0257e-05, -2.1122e-03,
        -1.1347e-03,  2.7297e-04,  6.8511e-04, -5.9507e-04, -3.1823e-03,
        -3.8333e-04,  2.5097e-04,  1.6786e-03,  5.5338e-04, -2.9156e-04,
         1.6366e-03,  9.3846e-06,  1.3760e-03,  3.1229e-04, -4.8084e-04,
         2.1689e-03,  1.0909e-03,  8.1595e-04, -1.9607e-03, -1.1637e-03,
         5.1402e-04, -1.3338e-03,  6.7512e-04, -1.1508e-03, -1.4736e-04,
         1.5879e-01, -5.1304e-04, -1.9163e-03, -3.6879e-04,  1.2583e-03,
        -2.9217e-04, -4.0478e-03, -1.5604e-03,  6.4144e-04, -9.1300e-04,
         2.2042e-05,  2.0575e-04,  1.5184e-03, -2.9213e-04,  1.1736e-03,
         1.2136e-03,  4.6704e-04,  3.3350e-04,  5.2886e-04, -2.2816e-03,
        -7.5773e-04, -3.0098e-04, -4.8149e-04,  4.3896e-04,  4.3445e-04,
        -8.3118e-05,  9.1637e-05, -3.8395e-04,  6.8594e-04,  1.8371e-04,
        -1.7406e-03,  1.6328e-03,  8.5537e-04, -7.0171e-04, -1.0017e-03,
        -3.6515e-04,  5.5453e-04,  1.0582e-03,  4.4602e-04, -2.6626e-04,
         1.9102e-03, -6.7128e-04,  5.6184e-05, -1.2077e-03, -2.1687e-04,
        -4.9997e-04,  7.5021e-04,  5.0534e-04, -2.2405e-04,  6.6274e-04,
        -2.0418e-03, -1.1061e-03,  4.0281e-05, -9.6044e-04, -6.9505e-04,
        -8.5194e-04, -5.0787e-04, -1.3363e-03, -1.0526e-03, -1.1141e-03,
        -1.3234e-03, -1.8467e-03,  1.4023e-03,  4.2165e-03,  6.9079e-05,
         9.6392e-04,  6.8970e-05, -1.2903e-03,  4.7373e-04,  7.9939e-05,
        -5.7149e-04,  7.5643e-04, -8.0468e-04, -6.7197e-04,  5.1516e-05,
        -1.2789e-03,  1.2679e-04,  8.4691e-04,  4.6534e-04, -5.1768e-04,
        -1.5906e-03, -1.7543e-03, -1.9346e-03, -2.0681e-03,  1.1481e-03,
        -1.4955e-03, -1.7248e-04, -2.8630e-03,  2.0448e-03, -1.2349e-03,
        -7.8151e-05,  1.6097e-04, -2.5776e-04], device='cuda:0')), ('fcs.1.weight', tensor([[ 9.3596e-04,  6.8222e-05, -4.4094e-05, -7.6043e-06,  1.7146e-04,
          1.0668e-04,  1.3798e-05,  3.3628e-05,  2.4695e-04, -3.2086e-04,
         -9.6536e-06,  2.4962e-03,  3.5221e-06, -4.7984e-06,  4.6530e-05,
          6.4264e-06, -1.7359e-03, -3.0492e-05, -6.9616e-05, -5.6492e-05,
         -6.7841e-05,  1.4635e-03,  9.2912e-04,  1.6488e-03, -5.7290e-05,
         -1.4458e-04,  7.7598e-05,  1.1084e-04, -1.0559e-04, -7.1439e-04,
          1.8412e-04, -1.9473e-04,  1.1347e-03,  9.3733e-05,  4.5900e-04,
          8.0617e-01, -1.8351e-04,  9.7153e-05, -3.1589e-04,  3.3707e-05,
          1.1553e-04, -2.6310e-05, -1.8219e-03,  3.0512e-05, -1.0984e-05,
          6.0349e-05,  5.2207e-04,  1.2761e-03,  6.2763e-05, -1.3200e-05,
          6.5756e-05,  1.0301e-03,  3.6593e-05, -2.4311e-04,  2.0408e-04,
         -4.7792e-05,  1.0177e-03,  7.3314e-05,  4.9778e-04,  8.9760e-05,
         -1.0356e-03,  3.0657e-04, -3.2169e-03, -4.0699e-05,  6.1785e-04,
         -1.0339e-03,  2.3484e-05,  3.9193e-05, -4.8141e-05, -1.7093e-04,
          3.7380e-04, -3.4171e-05,  2.8719e-04, -2.5619e-04, -7.4200e-06,
         -3.7035e-04, -5.4926e-05,  2.6394e-04, -1.1056e-04,  4.6733e-05,
         -1.0123e-03, -1.4467e-03, -6.1980e-04,  9.6231e-05, -7.7942e-04,
          7.6517e-04, -2.9903e-04, -3.7023e-06,  8.3490e-05,  1.5414e-05,
          1.9881e-04,  4.3134e-07,  1.2857e-03,  6.2663e-05,  4.0293e-05,
         -9.7714e-04, -6.8288e-05,  6.4300e-04, -8.8617e-04, -1.3260e-03,
         -6.8021e-05,  1.4749e-03,  4.0149e-05,  3.6460e-05,  2.1822e-05,
          1.7558e-05,  1.5990e-05,  2.9962e-04,  6.5411e-05,  3.0842e-03,
         -8.3075e-05, -4.4566e-05, -3.4466e-05, -7.2361e-04,  4.8663e-05,
         -9.8684e-05,  1.5278e-03, -3.9121e-04, -4.3152e-04,  9.7311e-04,
         -2.3120e-04, -3.9729e-04, -2.7452e-05, -6.7073e-04,  4.1260e-05,
         -2.7584e-04,  1.6785e-03,  1.3178e-04]], device='cuda:0'))])
end of epoch 1: val_loss 0.00938028980830513, val_acc 1.0
trigger times: 1
end of epoch 2: val_loss 0.00979358684989478, val_acc 1.0
trigger times: 2
end of epoch 3: val_loss 0.01143864773288282, val_acc 1.0
trigger times: 3
end of epoch 4: val_loss 0.011225188459287452, val_acc 1.0
trigger times: 4
end of epoch 5: val_loss 0.00709795169467359, val_acc 1.0
trigger times: 5
end of epoch 6: val_loss 0.012608302333263417, val_acc 1.0
trigger times: 6
end of epoch 7: val_loss 0.007222539948672768, val_acc 1.0
trigger times: 7
end of epoch 8: val_loss 0.005197159734960053, val_acc 1.0
trigger times: 0
saving model weights...
Weights: OrderedDict([('fcs.0.weight', tensor([[-5.4412e-04, -1.8997e-04,  2.4506e-03],
        [ 5.0314e-04,  7.0910e-04,  1.5882e-04],
        [ 7.6885e-04,  1.3314e-03, -1.1722e-03],
        [ 6.5622e-04, -3.8763e-04, -1.1727e-04],
        [ 1.0563e-03, -1.4028e-03,  1.3601e-03],
        [ 1.9885e-03,  1.0923e-03,  8.0437e-06],
        [-1.4573e-03, -7.4621e-04, -1.4242e-04],
        [-4.5427e-04, -1.1447e-04,  3.8815e-04],
        [-1.6116e-05, -1.4087e-03,  6.6202e-04],
        [ 5.8770e-04,  8.2533e-04, -3.5768e-04],
        [-2.0605e-04,  6.2603e-04,  4.9240e-04],
        [ 5.1320e-04, -2.2876e-04,  1.2898e-03],
        [-1.3427e-04,  7.0244e-04, -5.3033e-04],
        [ 5.1034e-04,  7.9684e-04, -4.5704e-04],
        [ 1.3204e-03, -2.6946e-03, -6.3678e-05],
        [-2.3782e-04,  3.7517e-04,  1.6594e-03],
        [-4.8114e-04,  1.6927e-04, -1.5913e-03],
        [ 5.7294e-04,  4.7317e-04, -1.0323e-03],
        [ 7.2486e-04,  7.0968e-04,  5.4643e-05],
        [-2.9703e-03,  9.3136e-04, -1.7944e-03],
        [-7.8899e-04, -2.2908e-03,  1.7048e-03],
        [-3.0421e-04, -1.8555e-03,  2.7903e-04],
        [-1.0371e-03, -3.0322e-03, -1.7137e-03],
        [ 9.6719e-04,  2.0070e-03,  1.0145e-03],
        [-8.8163e-04,  1.6881e-03, -2.6134e-03],
        [ 8.4489e-04, -6.0853e-04, -1.8878e-03],
        [ 1.0791e-03, -1.7530e-03, -5.0017e-04],
        [ 1.3423e-03,  1.2392e-03, -8.8494e-04],
        [-7.6930e-04,  4.8582e-04,  8.6863e-04],
        [ 1.8972e-03,  2.6619e-03, -1.8457e-03],
        [ 2.5681e-03,  8.0290e-04,  4.6811e-05],
        [ 4.9355e-04, -6.2671e-04, -4.8266e-04],
        [ 2.1206e-04, -1.2711e-03,  2.1664e-03],
        [-1.4985e-03,  8.0299e-04,  2.9779e-04],
        [ 1.3214e-03, -5.9153e-04,  6.8829e-04],
        [-3.3653e-01,  5.9828e-01, -1.3958e-01],
        [-2.1623e-04,  3.8851e-06, -1.3107e-03],
        [ 8.3505e-04, -2.3604e-03,  2.3130e-04],
        [ 1.3556e-03, -2.3843e-03,  5.9873e-04],
        [ 1.9813e-03,  8.8646e-04,  1.0867e-03],
        [-5.3928e-04, -3.5552e-03, -6.6578e-04],
        [-2.0291e-03, -7.1214e-04, -5.8071e-04],
        [ 1.5093e-03,  1.0519e-04,  1.3292e-03],
        [ 1.5929e-03, -2.4416e-03, -7.1044e-04],
        [-1.8046e-03,  1.5853e-03, -6.9316e-04],
        [-2.1278e-05, -2.2524e-03, -1.1879e-03],
        [-1.2426e-03, -2.6318e-03,  1.0973e-03],
        [ 3.8987e-04, -2.1106e-03, -6.9427e-04],
        [ 7.5144e-04, -1.5272e-03,  1.9203e-03],
        [-1.4714e-04,  1.0343e-03, -6.6884e-05],
        [ 1.3770e-03, -1.9160e-03, -7.4071e-04],
        [-9.0454e-04, -4.6492e-04,  7.2965e-04],
        [-1.8481e-03, -4.5835e-04,  9.0415e-04],
        [ 8.9627e-04,  4.5850e-05,  9.8542e-04],
        [ 4.7793e-04, -1.8424e-03, -1.2907e-03],
        [ 4.5090e-03,  4.4518e-04, -2.0578e-04],
        [ 1.1862e-03, -6.6289e-04,  1.9281e-03],
        [-6.9133e-05,  1.6651e-03,  2.2058e-05],
        [ 6.8080e-04, -1.0926e-03,  8.9209e-04],
        [ 9.9891e-04,  5.4787e-04, -1.1854e-03],
        [-3.5975e-04,  9.9282e-04,  1.2745e-03],
        [-1.3513e-03,  2.6662e-05,  3.1107e-05],
        [-1.7073e-03, -1.3628e-03,  4.7806e-04],
        [-7.1624e-04,  1.5933e-03, -5.7220e-05],
        [ 2.6290e-04, -1.2087e-03, -5.5041e-04],
        [ 1.3378e-03, -1.9070e-03,  8.8661e-04],
        [ 4.1903e-04,  1.3021e-03,  1.0526e-03],
        [-1.4625e-03,  5.0749e-04, -1.1950e-03],
        [-1.9147e-03,  8.2722e-04,  1.0297e-03],
        [-1.2948e-03,  1.7200e-03,  8.5173e-04],
        [ 1.2228e-03, -2.4292e-03,  2.8603e-03],
        [ 4.0274e-03,  6.8957e-04,  6.9476e-04],
        [-1.7944e-04, -9.5544e-05,  1.7513e-03],
        [ 5.2002e-04,  1.0058e-03,  1.4092e-03],
        [ 7.0575e-04, -1.3802e-03,  7.9223e-04],
        [-1.5779e-03,  2.6999e-05,  8.4556e-04],
        [-9.6996e-04, -1.5754e-03,  5.1834e-04],
        [ 3.1402e-04, -1.2848e-03, -7.4135e-05],
        [-1.2872e-03,  9.6960e-05, -5.9554e-04],
        [ 4.9003e-05,  9.3512e-04,  2.1558e-03],
        [-2.1156e-03,  9.8336e-04, -2.2303e-05],
        [ 2.5268e-04,  1.5566e-03, -1.2211e-04],
        [-1.1987e-03, -2.2283e-03,  2.2319e-03],
        [-2.9512e-05, -1.1657e-03,  2.0030e-03],
        [-1.1883e-03,  1.2398e-03, -1.2166e-03],
        [-1.6271e-03, -1.5118e-03,  1.4317e-03],
        [ 9.4479e-04,  2.8527e-04,  3.1040e-04],
        [ 9.8984e-04,  2.0811e-03, -7.4417e-05],
        [-7.8570e-04,  5.2865e-04,  1.0563e-03],
        [ 4.2815e-04,  2.2210e-03,  3.4054e-04],
        [-1.6330e-03,  3.5087e-04,  6.9961e-04],
        [-9.1256e-04,  1.2196e-05,  1.4276e-03],
        [ 7.4435e-04,  7.2252e-04,  2.3410e-04],
        [ 8.0604e-04, -4.4519e-04, -7.2278e-04],
        [ 1.3098e-04,  1.4235e-03,  1.2532e-03],
        [-1.4232e-03,  2.3100e-03,  1.3383e-03],
        [ 1.1055e-03,  3.6412e-04,  1.1529e-03],
        [-3.1898e-03,  3.8429e-04, -8.8360e-04],
        [ 1.1650e-03,  1.3625e-05, -1.2512e-03],
        [ 3.4260e-04,  8.3712e-05,  2.2304e-03],
        [ 1.2792e-03,  2.2138e-03, -5.3036e-04],
        [-9.4586e-04,  1.3612e-03, -1.0639e-03],
        [ 2.2640e-04,  6.1720e-04,  2.6248e-03],
        [ 3.0363e-04, -5.4543e-04, -8.3593e-04],
        [ 1.2593e-03, -2.0225e-04,  1.1211e-03],
        [ 1.6349e-03, -7.2805e-04, -1.1280e-03],
        [-1.6452e-03, -4.0182e-03, -1.8210e-03],
        [-4.6093e-04, -1.6063e-03,  2.9913e-03],
        [ 4.4118e-04,  3.7332e-04, -1.1526e-03],
        [-4.4827e-04,  5.0788e-04, -1.8169e-03],
        [ 8.7820e-04, -9.7694e-04,  8.0970e-04],
        [ 4.2723e-05, -1.2927e-03, -1.6268e-03],
        [ 1.4059e-03,  2.5638e-03,  2.6899e-04],
        [ 1.6150e-03,  8.4426e-04, -1.1079e-03],
        [ 3.6444e-04,  2.3123e-03,  2.0621e-04],
        [ 3.2958e-03,  4.7392e-04,  1.4554e-04],
        [-3.9458e-04, -4.8389e-04,  7.8383e-04],
        [-4.6821e-04, -7.0991e-04, -7.9015e-04],
        [-1.0792e-03, -6.2567e-04,  1.8915e-03],
        [ 8.7617e-05,  6.4041e-04, -1.4221e-05],
        [ 1.9731e-03,  2.0580e-04,  1.7961e-03],
        [-6.7865e-04,  1.3349e-03, -6.9367e-04],
        [-1.8407e-04, -1.1836e-03,  1.5954e-04],
        [-8.8739e-04, -6.6071e-05, -1.6591e-03],
        [-4.8900e-04,  2.0814e-03,  3.3543e-04],
        [-1.3752e-03,  1.5152e-03, -2.3918e-03],
        [ 2.5680e-04,  5.1123e-04,  1.0053e-03],
        [ 1.2568e-03, -2.4162e-03, -1.8940e-03]], device='cuda:0')), ('fcs.0.bias', tensor([ 2.0554e-04, -2.0336e-03, -6.4960e-04,  1.8969e-04,  2.1691e-03,
         2.9689e-03,  1.0307e-03, -2.5483e-03,  9.1227e-04,  9.9151e-04,
         1.2028e-03, -2.2370e-03,  1.5366e-03,  8.1058e-04, -1.8523e-03,
        -1.5727e-03, -1.2107e-05, -7.9763e-04,  1.5672e-03,  1.1899e-03,
         5.0775e-04, -1.9620e-03,  7.5215e-04,  1.6880e-03, -4.0735e-04,
         1.1051e-03, -3.3097e-04, -2.0993e-03, -2.0886e-03, -1.9510e-04,
         1.7129e-03,  1.3208e-03,  7.2439e-04,  1.1793e-03, -1.2179e-03,
         1.5800e-01,  1.3155e-03, -1.0085e-03,  3.0995e-04, -1.6861e-03,
        -4.8996e-04, -1.3181e-03,  3.9933e-04, -7.5443e-04, -1.3375e-04,
         1.3029e-03, -5.8646e-04,  2.4631e-03,  1.7337e-03,  2.8958e-03,
         8.3434e-04, -1.5794e-03, -4.4942e-04,  7.1225e-04, -9.5102e-04,
         3.1758e-04, -1.7163e-03, -1.9197e-04,  6.3327e-04,  1.1941e-03,
        -2.1284e-04,  7.1609e-04,  2.7721e-03,  1.9446e-03,  4.2841e-04,
         5.6142e-04,  1.4757e-03, -1.5986e-03,  6.5852e-04,  4.4432e-04,
        -8.3026e-04,  1.0304e-03,  1.7725e-03,  7.2082e-04,  1.5523e-03,
         2.2675e-03,  1.2775e-03, -2.4795e-03, -6.8083e-04, -1.4311e-03,
         1.0474e-03, -7.2114e-04,  6.5972e-04,  2.1378e-03, -1.2412e-03,
         8.3222e-04,  1.0489e-03, -2.3623e-03,  1.4317e-03,  5.1562e-04,
        -1.2363e-03, -2.0756e-03, -7.8279e-04,  5.5481e-04,  4.1460e-03,
         1.2441e-03, -6.3197e-04,  2.3221e-04, -5.3638e-04, -1.0836e-03,
         1.2304e-03,  8.3904e-04,  1.6085e-03, -1.5866e-04,  1.4917e-03,
         4.6055e-04, -6.9165e-04, -1.0310e-03,  2.5669e-03, -7.9760e-04,
         1.4364e-03,  1.2625e-03,  8.2344e-05, -1.0213e-03,  9.0809e-04,
        -2.5244e-03, -6.0961e-04, -5.7816e-04,  1.6866e-03,  1.2953e-03,
         1.0889e-03,  1.5909e-03,  1.9940e-03,  9.5641e-04,  1.8813e-03,
        -3.6117e-03,  1.3322e-03,  3.7207e-04], device='cuda:0')), ('fcs.1.weight', tensor([[-1.4394e-03, -1.0169e-03, -4.7633e-04, -7.6585e-04, -1.6432e-03,
         -3.4649e-04, -9.2861e-04, -1.6655e-03,  6.2205e-04,  1.7653e-03,
          1.6922e-03, -6.8517e-04, -9.8555e-04,  7.5882e-05,  9.1587e-04,
         -2.7197e-03,  1.3170e-03,  1.4941e-03, -2.4824e-03,  1.0358e-03,
          3.8363e-05,  2.3459e-03,  1.1075e-04, -4.6811e-04, -1.3918e-03,
         -1.1284e-04,  1.0904e-03,  7.5460e-04,  5.8603e-04, -1.5890e-03,
          1.0903e-03,  1.3139e-03,  2.6190e-03,  2.2130e-03,  1.5086e-03,
          8.5807e-01, -2.6132e-03,  8.0360e-05,  6.0791e-04, -1.0034e-03,
          5.7087e-04,  1.6609e-03, -3.6261e-04, -6.8853e-04, -2.1755e-03,
         -7.8824e-04, -2.1951e-03,  1.4142e-04, -5.7995e-04,  1.9901e-04,
         -6.8177e-04, -8.4812e-04,  1.3249e-03,  3.4415e-04,  1.2813e-03,
          4.5654e-04, -3.3333e-03, -5.7938e-04, -5.8032e-04, -1.2535e-03,
         -1.1548e-03, -2.2710e-04, -8.0582e-04, -7.4085e-04, -3.0490e-03,
         -5.0408e-04,  2.6822e-04,  2.0062e-03, -1.1982e-03, -2.4885e-03,
          2.2938e-03, -9.9691e-05,  7.2480e-04,  1.0310e-04, -2.5677e-03,
         -1.1453e-04,  8.6803e-04,  1.8405e-04,  8.9126e-04, -5.7698e-06,
         -1.3935e-03,  7.9606e-04, -1.4600e-03, -1.5023e-03,  3.2464e-05,
         -1.2886e-03, -3.0115e-04, -1.5333e-03, -1.1439e-03,  9.6790e-04,
         -1.3434e-03,  1.7396e-03,  1.2286e-03, -7.0391e-04, -6.3103e-04,
          1.1984e-03, -8.9381e-05, -4.7705e-04, -8.7285e-04,  5.2825e-04,
         -1.0929e-03,  1.5735e-03,  1.5371e-03,  1.6922e-03,  3.9097e-04,
          4.3379e-04, -1.4730e-03, -2.3944e-04, -1.6166e-03,  1.2707e-03,
          2.8340e-04,  2.2602e-03, -4.0866e-06, -1.2400e-04, -6.7339e-04,
          7.8209e-04, -1.2281e-03, -6.4344e-04, -2.1287e-03,  8.0881e-04,
          1.8044e-03,  4.4271e-04, -1.8171e-03, -8.3294e-04,  1.4258e-03,
         -1.0743e-03,  4.0235e-04, -2.8085e-03]], device='cuda:0'))])
end of epoch 9: val_loss 0.009902648989621525, val_acc 1.0
trigger times: 1
end of epoch 10: val_loss 0.0057704162839061724, val_acc 1.0
trigger times: 2
end of epoch 11: val_loss 0.0073488987891417775, val_acc 1.0
trigger times: 3
end of epoch 12: val_loss 0.014802752005879683, val_acc 1.0
trigger times: 4
end of epoch 13: val_loss 0.0053051809646277445, val_acc 1.0
trigger times: 5
end of epoch 14: val_loss 0.0057691861836887525, val_acc 1.0
trigger times: 6
end of epoch 15: val_loss 0.007430222070864403, val_acc 1.0
trigger times: 7
end of epoch 16: val_loss 0.007139414245869879, val_acc 1.0
trigger times: 8
end of epoch 17: val_loss 0.010860763422783037, val_acc 1.0
trigger times: 9
end of epoch 18: val_loss 0.0067610427572759235, val_acc 1.0
trigger times: 10
Early stopping.
0 -0.11051170765131246 -191.10004520678868
1 -0.10779458615434123 -189.05007017278314
2 -0.11550843106851971 -187.50220085194994
3 0.1946248398935495 -180.24009179391223
4 1.1388725726828852 -171.9613792356186
5 1.2377722155069932 -169.3817016847894
6 0.03575923243170109 -167.87631268052303
7 -0.10170735174688161 -164.27567046290412
8 0.5438816361947829 -163.76742236654098
9 2.1463318801515925 -156.0786895876365
10 0.6134916402224917 -155.22804551507866
11 0.015789243758263183 -145.29002069283715
12 0.21166410609930608 -142.86657280197298
13 3.0535777066470473 -142.75441848091938
14 3.528938600523361 -136.98962801176134
15 0.366083603057632 -132.4813576990395
16 4.130497717279468 -130.98347157271724
17 0.5594610573380123 -118.2436222554584
18 6.999541315100942 -117.38411415155902
19 2.0890365456016298 -116.97382686219106
20 5.065959745124928 -115.06704102317899
21 9.639155213360937 -112.47832645551227
22 2.135103050206453 -103.24187681049156
23 10.843654478111603 -99.7422752992134
24 13.839246048759378 -98.18526661663928
25 11.005747385494033 -88.94674758091466
26 13.74344626563834 -85.88346861832474
27 15.85864779993426 -79.38307722218848
28 14.45713823144979 -79.25112655387144
29 8.726026578355231 -73.50697855948762
30 9.391099478583783 -72.69803191552006
31 14.170301611263312 -71.37326168319514
32 11.499818762717041 -68.27187815304366
33 12.49944891386258 -65.42298162776466
34 14.004558163695037 -65.35816021006309
35 15.316619048448047 -49.3186741604369
36 7.270935323125741 -17.325441617065966
37 16.22645871363966 -4.374511275254108
38 15.513867841598767 -0.4258658969524013
39 12.5210385316459 9.108146753357724
40 13.850947530365374 17.732630180500013
41 19.955183125266558 40.64550156746333
42 19.578784940909827 41.11774838972275
43 15.67668645363301 48.64917674484657
44 18.144570147005652 52.50260039838799
45 18.3432422610058 52.54502852695255
46 19.061195166710604 59.52827491841281
47 19.506932516233064 63.45606316769021
48 20.667371269897558 66.31570758515764
49 14.311260290155587 67.13050507695384
50 22.200839409430046 72.16624272108386
51 13.87603599668546 79.16074531670823
52 16.010513426739635 84.19837606184075
53 15.809049297773527 89.30707154325768
54 15.966630859825273 90.2698850730257
55 16.712841778009533 90.28646231697512
56 20.276755546721688 90.32667007477052
57 22.131016262319463 91.18021498086692
58 20.966799544054084 92.38187517969644
59 16.055299950434346 92.67153902025292
60 16.222594446338917 93.69474938898811
61 21.12679109133569 93.86112859581364
62 16.886161561742483 95.24073532592021
63 16.812751215184107 95.3630101766082
64 17.224431617465598 96.09581961281374
65 18.30452422320377 97.90553231413178
66 17.460873284377158 98.07644230926206
67 17.811419979378115 98.35872828331676
68 16.90867804683876 98.57334710000995
69 17.664632654577872 98.77895390936838
70 17.412657995420886 99.10163703819775
71 17.640284580549633 99.47183807834362
72 17.78337724692119 101.36707045382526
73 18.13228541146964 102.70820969163083
74 17.839309932664037 103.61971441966246
75 18.679203817155212 104.00039883786899
76 18.746122674669095 104.94014608739957
77 18.041231719173084 105.28448326377394
78 19.133088969572782 105.60678192821229
79 19.989411585982452 106.95774051225432
80 18.952198670305734 107.03525723063939
81 19.38838461227715 107.05410485829283
82 20.41355422169363 107.36477417456501
83 20.221738828644447 107.72369032284489
84 18.62999764378037 107.78006757763964
85 19.00718257668268 107.99397435655325
86 19.688045067550775 108.08910889221833
87 19.10510520511707 108.09776529440465
88 20.157659148002494 108.24033506535473
89 20.030636707942904 109.15712102315346
90 19.706677614392902 109.71287331230647
91 19.851558915455826 110.25063890779474
92 20.230793013452057 110.45880856467717
93 20.610201665766 110.48639228144049
94 20.33431925428158 111.92877271779909
95 20.143022373042186 112.29467419620224
96 20.393355958134634 112.73910566375015
97 20.615414675723514 112.98274531176438
98 20.88143646476601 113.84616479719523
99 22.18537481687963 114.84612239587612
100 20.33457437607467 115.08707834021696
101 21.96560626250539 115.41025719446112
102 21.61335387827785 115.5646624637931
103 21.847394231706858 115.87882502857741
104 20.968174301742692 116.51927592390606
105 20.64164692511622 116.69939038222442
106 21.67128898583178 117.18809854794453
107 21.534434607419826 117.29357601720739
108 22.171283030360428 117.43241923864416
109 21.46283164001943 119.84073495876005
110 22.740874642739072 122.74776106687673
111 22.621678742580116 124.10172315382671
112 23.398368410300463 124.42382576156477
113 22.768242691216074 124.48179570258212
114 22.82289683446288 125.2590893824027
115 22.991695460896153 125.30457667780085
116 22.976220689713955 125.43458549438884
117 24.541336874244735 129.13346806288703
118 24.455165661414867 129.67718524437547
119 25.1768155234422 131.40806576766226
train accuracy: 1.0
validation accuracy: 1.0
