demo lengths 200
demos: (120, 200, 13)
demo_rewards: (120,)
[-191.10004521 -189.05007017 -187.50220085 -180.24009179 -171.96137924
 -169.38170168 -167.87631268 -164.27567046 -163.76742237 -156.07868959
 -155.22804552 -145.29002069 -142.8665728  -142.75441848 -136.98962801
 -132.4813577  -130.98347157 -118.24362226 -117.38411415 -116.97382686
 -115.06704102 -112.47832646 -103.24187681  -99.7422753   -98.18526662
  -88.94674758  -85.88346862  -79.38307722  -79.25112655  -73.50697856
  -72.69803192  -71.37326168  -68.27187815  -65.42298163  -65.35816021
  -49.31867416  -17.32544162   -4.37451128   -0.4258659     9.10814675
   17.73263018   40.64550157   41.11774839   48.64917674   52.5026004
   52.54502853   59.52827492   63.45606317   66.31570759   67.13050508
   72.16624272   79.16074532   84.19837606   89.30707154   90.26988507
   90.28646232   90.32667007   91.18021498   92.38187518   92.67153902
   93.69474939   93.8611286    95.24073533   95.36301018   96.09581961
   97.90553231   98.07644231   98.35872828   98.5733471    98.77895391
   99.10163704   99.47183808  101.36707045  102.70820969  103.61971442
  104.00039884  104.94014609  105.28448326  105.60678193  106.95774051
  107.03525723  107.05410486  107.36477417  107.72369032  107.78006758
  107.99397436  108.08910889  108.09776529  108.24033507  109.15712102
  109.71287331  110.25063891  110.45880856  110.48639228  111.92877272
  112.2946742   112.73910566  112.98274531  113.8461648   114.8461224
  115.08707834  115.41025719  115.56466246  115.87882503  116.51927592
  116.69939038  117.18809855  117.29357602  117.43241924  119.84073496
  122.74776107  124.10172315  124.42382576  124.4817957   125.25908938
  125.30457668  125.43458549  129.13346806  129.67718524  131.40806577]
maximum traj length 200
num training_obs 1800
num training_labels 1800
num val_obs 200
num val_labels 200
ModuleList(
  (0): Linear(in_features=13, out_features=128, bias=True)
  (1): Linear(in_features=128, out_features=1, bias=False)
)
device: cuda:0
end of epoch 0: val_loss 0.01960749943439531, val_acc 0.995
trigger times: 0
saving model weights...
Weights: OrderedDict([('fcs.0.weight', tensor([[ 8.3405e-04, -4.5216e-05,  1.2292e-04,  ..., -9.4158e-04,
         -1.5206e-03,  3.0625e-05],
        [-2.4944e-04,  1.9217e-04, -3.9039e-05,  ...,  3.7260e-05,
         -7.7192e-04,  5.3121e-04],
        [ 3.4582e-06, -1.7188e-05, -5.2433e-04,  ...,  2.4198e-04,
          1.9088e-04,  6.6439e-04],
        ...,
        [ 4.6578e-05,  3.0720e-05,  1.6321e-05,  ...,  4.0122e-05,
         -3.4391e-04, -6.1423e-04],
        [ 6.6858e-04,  2.6220e-04,  5.0792e-04,  ...,  1.4814e-05,
          9.6833e-04,  1.5412e-03],
        [-2.4244e-02,  6.9184e-03, -3.2469e-02,  ...,  3.9140e-01,
         -1.0087e-02,  7.9588e-03]], device='cuda:0')), ('fcs.0.bias', tensor([-2.6833e-04, -4.8485e-04, -4.4076e-05,  1.0484e-03, -2.8546e-04,
         2.2989e-04, -1.3399e-04,  3.3443e-04, -8.6070e-05,  1.4536e-06,
        -4.5328e-04, -2.2412e-04,  1.6597e-03, -4.6119e-07,  6.1800e-04,
        -3.7993e-04,  6.6243e-06, -2.7355e-05,  1.0308e-04, -6.0716e-04,
         2.7212e-04, -1.0446e-05,  1.4682e-03,  3.4227e-05, -3.3342e-04,
         8.3700e-05,  1.0993e-05,  3.0381e-04,  1.4184e-05, -1.5690e-04,
         1.4091e-04, -3.1867e-05, -5.1954e-04, -3.6281e-04,  2.8879e-04,
        -1.5076e-04, -2.2691e-04, -3.5361e-02,  7.4207e-05, -1.7225e-04,
        -1.6131e-05, -1.3710e-04,  1.5764e-05,  5.8412e-04, -4.4330e-05,
         6.1811e-04, -9.7158e-05, -3.1155e-05,  6.4106e-06, -7.6554e-05,
         3.6486e-04, -2.5817e-05, -2.1969e-04,  3.8272e-04, -7.1469e-05,
         4.9672e-04, -2.3720e-05, -3.9630e-05,  1.2106e-04,  3.0990e-04,
        -2.1078e-04,  8.3695e-04, -1.5030e-04,  4.6391e-04, -2.4496e-04,
        -7.1095e-05,  2.0501e-04, -3.8895e-04, -3.6678e-05,  5.0060e-04,
        -8.6980e-05, -2.0032e-04, -3.1626e-05, -9.6828e-07, -2.9205e-04,
         1.3012e-04, -9.0267e-05,  1.6256e-04, -8.4520e-06,  4.4243e-04,
        -5.5927e-05, -9.5861e-04,  8.0122e-05, -3.8160e-05, -9.9600e-02,
        -3.6362e-05,  1.0466e-04,  3.0128e-04, -6.1941e-04,  6.5155e-05,
         4.3138e-05,  5.4085e-05, -2.7553e-04, -5.6819e-06,  6.7450e-05,
        -1.6889e-04,  1.5441e-04, -4.5770e-04,  8.0753e-05,  1.5079e-05,
         1.2295e-04,  9.4757e-05, -8.8314e-05, -9.8156e-05, -5.5834e-04,
        -8.5434e-04, -6.5724e-02,  1.4112e-04, -5.0441e-04, -3.4536e-04,
        -2.1694e-04, -1.0140e-04, -2.3562e-04, -3.5936e-03, -4.1890e-05,
         1.8554e-03, -3.0734e-05, -4.3581e-02, -1.2425e-04, -4.5918e-04,
         4.1508e-04, -1.0260e-04,  3.1384e-04, -5.3652e-04, -2.2804e-04,
         2.8298e-05, -7.1258e-05,  1.8056e-04], device='cuda:0')), ('fcs.1.weight', tensor([[ 3.6357e-04, -3.0461e-05, -1.5296e-04, -4.0970e-05,  3.6630e-03,
         -1.7902e-04, -1.6769e-05,  6.8358e-05, -3.9585e-05,  2.0506e-05,
         -1.0261e-06,  7.9031e-06, -5.5843e-03, -1.6250e-05,  6.4600e-05,
          5.5138e-05,  1.3712e-04, -6.1466e-04, -5.7160e-05,  5.0198e-05,
          1.5649e-04, -2.8906e-05,  2.0569e-04,  2.6840e-04, -1.4595e-04,
         -1.5334e-04, -1.1638e-04,  3.1859e-05, -1.9603e-05, -2.1190e-05,
         -7.4587e-05,  1.2461e-04,  5.0262e-04, -1.2515e-04,  2.1153e-06,
         -9.9900e-04,  1.5795e-04,  3.8819e-01,  1.0564e-05, -1.2862e-05,
          5.4325e-04, -1.1752e-04, -1.2169e-04,  6.9085e-05, -3.1169e-04,
         -1.3583e-04,  3.0633e-05, -5.2526e-06, -8.3040e-05,  6.8275e-05,
          4.6156e-05, -1.1630e-04,  8.2946e-05, -1.0640e-04,  2.9899e-04,
         -1.8039e-04,  4.4169e-05, -2.0753e-05,  2.3418e-05, -2.1028e-04,
         -1.4949e-04, -7.5044e-05, -3.5942e-06,  8.1612e-06,  3.6677e-05,
          9.0959e-05, -6.3470e-05, -4.1207e-04,  1.3622e-05,  1.2209e-04,
          1.0788e-04, -1.8371e-04, -6.1169e-06,  1.3616e-05,  6.3179e-05,
          3.9779e-08, -2.4111e-05, -1.7274e-05, -5.0519e-06,  2.4734e-05,
          4.2108e-05, -3.8630e-05,  6.0270e-05, -6.3400e-06, -1.6358e-01,
          2.7250e-05, -5.1762e-07,  7.8627e-05,  3.5443e-05, -1.3396e-01,
         -5.8133e-05,  2.0282e-07,  6.0327e-04,  2.6296e-04, -1.8016e-06,
          1.1286e-04,  3.3809e-05, -6.0167e-05, -1.8755e-05, -1.6481e-06,
          9.1988e-05,  2.0869e-04,  2.9071e-05,  6.3486e-05,  1.2649e-04,
         -7.8403e-05, -3.9673e-02,  8.6257e-05, -5.9099e-05, -1.5350e-05,
         -1.3688e-06,  7.9851e-05, -3.5814e-05, -1.6651e-01,  7.1290e-05,
         -1.2186e-04, -2.6436e-05,  1.9633e-01, -1.4213e-05, -4.6228e-05,
         -1.8937e-04, -1.4120e-04, -9.0166e-05, -1.0252e-04,  4.4866e-05,
          1.3310e-04,  8.3961e-05, -1.5861e-01]], device='cuda:0'))])
end of epoch 1: val_loss 0.03039242956787344, val_acc 0.995
trigger times: 1
end of epoch 2: val_loss 0.00015425761726849173, val_acc 1.0
trigger times: 0
saving model weights...
Weights: OrderedDict([('fcs.0.weight', tensor([[-1.9978e-05, -1.5290e-06, -1.8205e-04,  ..., -1.0000e-04,
          9.1602e-05, -1.1181e-03],
        [ 3.2164e-04,  9.6751e-05,  4.0057e-04,  ..., -1.0810e-03,
          8.9627e-04,  2.1552e-03],
        [ 3.7223e-04,  6.4667e-04,  2.4768e-04,  ..., -5.3031e-04,
          1.5332e-03, -3.1440e-04],
        ...,
        [ 1.3377e-03, -1.4107e-04, -4.2622e-04,  ..., -1.9020e-03,
         -2.3300e-03,  1.4048e-03],
        [ 4.3188e-04,  7.9820e-04,  1.9162e-05,  ..., -1.2484e-03,
          1.6311e-03,  1.2949e-03],
        [ 1.7267e-04, -2.8816e-05, -1.0696e-04,  ...,  1.0114e-03,
          2.8059e-04, -4.8765e-05]], device='cuda:0')), ('fcs.0.bias', tensor([ 8.1432e-05, -1.9793e-03,  3.5707e-04, -1.3158e-03, -5.3407e-04,
         7.7392e-05,  1.3191e-03, -1.2603e-04,  4.4317e-04,  2.0642e-04,
        -1.4706e-03,  6.8927e-04,  9.1051e-05, -5.0022e-04,  1.3891e-04,
         1.9874e-03, -6.4680e-05, -5.1531e-05,  9.8560e-05,  9.5671e-05,
         7.3519e-05, -2.7653e-05, -1.5433e-04, -1.8462e-04,  5.0905e-02,
        -2.4970e-04,  2.9508e-04, -5.2911e-04, -1.1456e-04, -3.7408e-04,
        -1.8170e-05, -5.5775e-04, -3.8218e-05,  1.4123e-05,  9.0504e-06,
        -9.4566e-05, -6.9010e-05, -1.3320e-02,  7.2327e-04,  8.4850e-04,
         3.0130e-04,  2.1282e-03,  7.6874e-06, -1.5348e-04, -3.7264e-05,
        -1.9343e-03,  2.3397e-04,  1.1253e-03,  2.9272e-04, -5.0326e-05,
         5.5893e-04,  5.8011e-05,  3.9313e-04,  4.6584e-05,  2.4227e-04,
         8.5347e-06,  6.2430e-04,  7.8348e-05, -1.2002e-03, -2.4308e-04,
        -2.7473e-04, -4.6525e-04,  1.1806e-03, -1.7207e-03,  1.4064e-03,
        -9.7926e-05, -4.5487e-04, -3.3318e-04,  2.7666e-04, -3.7297e-04,
         2.9493e-04,  2.7957e-05, -1.6636e-04,  5.0114e-04,  4.2318e-05,
        -5.3379e-04, -1.7885e-04,  9.0310e-06, -2.2278e-04, -3.7313e-02,
         3.2233e-04, -1.3025e-03, -8.7220e-04,  2.5613e-04,  5.2404e-05,
        -2.2452e-05,  5.3604e-04,  1.3767e-05,  4.5338e-05, -6.7320e-05,
        -2.2307e-05, -1.6621e-04,  1.1923e-05, -6.1540e-04, -7.8403e-04,
         3.5150e-04,  2.2801e-05,  3.3026e-05,  3.0041e-04, -2.9800e-04,
        -3.4487e-04, -2.3711e-04, -2.1760e-04,  4.8699e-05,  5.9905e-04,
        -1.3887e-04, -9.0621e-04,  3.9105e-05,  1.0039e-04, -5.8682e-04,
        -7.8737e-04, -2.4684e-04, -2.3329e-04,  8.8296e-05,  5.9939e-04,
         1.4585e-04, -6.1450e-04, -8.8996e-05, -2.7016e-04, -1.0784e-03,
         1.3667e-04,  1.9341e-04,  6.8932e-04,  1.0252e-03,  6.1642e-04,
         1.0759e-03, -1.3518e-03,  9.2605e-05], device='cuda:0')), ('fcs.1.weight', tensor([[ 4.3505e-06, -3.5122e-04, -1.7119e-03, -2.7267e-04, -3.1130e-05,
          7.7135e-06, -5.6996e-04, -7.2150e-05, -1.2569e-04,  1.5956e-04,
         -5.0629e-04,  4.9523e-05, -3.8664e-04, -7.5243e-05, -3.3954e-04,
         -2.7936e-04,  6.4124e-04, -3.7077e-05, -8.2156e-05,  1.9895e-04,
          1.3057e-04, -5.9859e-04,  3.4426e-06, -2.7996e-04, -2.1795e-01,
         -3.1827e-06,  1.3135e-04,  3.6206e-04, -8.2300e-05,  4.3916e-04,
          3.1329e-05, -2.9432e-04,  4.7419e-06,  7.2152e-05,  1.3364e-05,
          2.1758e-05,  4.4670e-04,  9.0972e-01, -1.0740e-04,  1.2108e-04,
          2.1595e-01,  2.2759e-04,  9.1655e-06, -5.6844e-06, -1.7487e-05,
          2.8469e-04,  1.3933e-03, -2.8210e-04, -3.7079e-05, -3.1344e-04,
          2.9028e-04, -1.6961e-05,  2.9036e-04,  3.9875e-05,  2.9231e-04,
          1.6379e-05, -2.1657e-04,  8.6349e-05,  1.5840e-04, -1.0504e-05,
         -5.7879e-04,  5.2830e-05, -1.7957e-04, -5.9479e-05, -3.6457e-04,
         -3.9703e-05, -1.0116e-06,  1.0841e-03, -5.7883e-05,  3.5377e-04,
         -1.6402e-04, -6.0836e-04,  1.0924e-05,  4.6686e-04, -1.3462e-03,
         -1.8759e-04,  6.3070e-05, -5.5997e-06,  1.0567e-04, -1.4539e-04,
          2.6093e-04,  8.7576e-04,  8.6114e-06,  2.2242e-04, -6.5251e-05,
         -8.4752e-06,  2.2435e-05, -2.7258e-05,  2.0181e-05,  1.2369e-04,
          4.9648e-05, -1.3122e-04,  4.6410e-06,  5.1411e-04,  1.4145e-04,
         -4.0266e-04,  7.3133e-06, -1.5030e-04,  9.5124e-05,  2.4498e-06,
         -4.4416e-05,  5.6520e-04, -1.2884e-04, -2.2748e-05,  9.0939e-04,
         -1.9582e-07, -8.9173e-05, -1.3145e-04,  5.8842e-05,  6.7713e-05,
         -2.5262e-04, -3.7434e-05, -3.8389e-04, -1.6994e-04, -2.2456e-05,
         -1.1473e-04,  5.2260e-05, -1.7184e-04, -1.7448e-04, -9.1164e-05,
         -2.1169e-04,  8.8411e-05, -2.7100e-04, -4.3097e-04, -6.7944e-04,
          3.4568e-04, -2.2188e-04, -1.7887e-04]], device='cuda:0'))])
end of epoch 3: val_loss 0.4935144958173987, val_acc 0.975
trigger times: 1
end of epoch 4: val_loss 0.0, val_acc 1.0
trigger times: 0
saving model weights...
Weights: OrderedDict([('fcs.0.weight', tensor([[-3.3560e-04, -2.4482e-04,  1.0845e-04,  ..., -5.1755e-04,
          8.0201e-04, -1.2979e-03],
        [ 1.6086e-04,  5.8060e-05, -2.6514e-04,  ...,  1.8300e-05,
          1.9732e-04,  2.6728e-04],
        [ 4.1796e-05, -4.3850e-04, -2.1923e-04,  ..., -6.0523e-05,
          6.7374e-04,  7.6469e-04],
        ...,
        [-7.5109e-05, -2.4313e-05,  2.5773e-05,  ...,  1.3065e-04,
         -1.5273e-05,  2.0815e-04],
        [ 1.3360e-04, -3.5333e-05, -1.2493e-04,  ...,  1.2734e-04,
         -1.2511e-04,  4.8553e-04],
        [-7.7186e-05, -2.4895e-05,  4.2772e-04,  ..., -2.3588e-04,
          5.5759e-04, -2.6422e-04]], device='cuda:0')), ('fcs.0.bias', tensor([ 5.9167e-04, -1.7958e-04, -1.3193e-04, -1.5759e-05,  7.0558e-04,
         3.0543e-04, -1.9089e-04,  1.2215e-06,  3.0524e-04, -1.7951e-02,
        -1.1072e-03, -7.0291e-05,  6.1945e-05, -4.2784e-05, -1.3545e-05,
         2.3197e-04,  1.2306e-04, -1.8084e-04, -3.2067e-05, -2.5073e-04,
         8.3514e-05,  1.1772e-04, -8.7815e-05, -2.3222e-03,  4.3222e-05,
        -8.6899e-04, -2.2023e-04, -1.3297e-04,  1.8530e-04,  2.5265e-04,
         2.8551e-04, -3.7869e-05,  3.9256e-04,  1.1457e-04,  1.4454e-04,
         1.9697e-04, -1.2886e-04,  4.2005e-01,  5.7288e-05, -5.9297e-04,
        -3.1759e-06,  1.1759e-04,  5.4515e-06,  9.1691e-04,  2.9086e-07,
        -8.1057e-05,  2.8055e-04, -4.0230e-05, -1.2291e-04, -1.0732e-04,
        -5.0891e-04, -2.5929e-04,  3.5390e-05,  5.8697e-05,  1.8981e-05,
         5.4617e-05, -2.6837e-03,  1.8730e-03, -1.6582e-06, -1.0861e-03,
        -7.6784e-05, -1.6344e-03, -2.2535e-04, -3.3893e-01,  6.1400e-05,
         4.4988e-05,  7.5360e-04, -9.6269e-06,  4.3655e-04, -1.6103e-04,
         2.6807e-05, -9.8036e-05, -1.8053e-03, -1.4454e-05, -5.0040e-05,
         1.7634e-03, -7.7148e-05,  9.1369e-04,  6.4524e-05, -8.8362e-07,
        -3.6554e-04, -5.9443e-06, -4.6804e-05, -1.4649e-05, -2.2811e-04,
        -2.4537e-04,  6.3639e-04, -2.4355e-04, -3.0873e-04,  6.0822e-04,
        -1.1939e-04, -1.0810e-01,  3.6950e-04, -3.6775e-05,  1.0620e-04,
        -3.2778e-04,  1.6353e-04, -7.0218e-04,  6.0861e-04, -4.4291e-04,
        -1.9404e-04,  9.1642e-04,  8.0538e-04,  3.6089e-04, -3.0580e-04,
        -2.1742e-04,  1.8127e-05, -3.0289e-04, -2.8613e-04,  7.3867e-05,
        -5.8285e-06,  2.5329e-04,  2.1185e-05,  8.0576e-05,  1.6625e-04,
         7.9926e-04, -2.6214e-04, -1.2234e-03,  1.0660e-05,  5.9814e-06,
        -7.2698e-05,  2.8192e-04,  6.7806e-04, -2.6297e-04,  6.9213e-05,
         2.9962e-04,  3.8345e-05,  1.9960e-06], device='cuda:0')), ('fcs.1.weight', tensor([[-1.3435e-04, -5.6705e-06,  2.2233e-03, -2.4394e-05,  6.2093e-05,
         -1.7287e-04,  1.8144e-04, -1.5628e-04,  1.0458e-04,  3.2692e-05,
         -1.2783e-05, -3.8275e-06,  3.0241e-01,  1.1037e-04, -1.6899e-05,
          6.6548e-04, -6.0253e-05,  1.9426e-04,  8.8367e-02,  5.8148e-04,
          1.0913e-04,  3.1486e-04, -1.3409e-04,  1.3155e-06, -3.9178e-01,
         -4.6926e-05,  2.4130e-05,  2.8379e-05, -4.8462e-06, -2.2532e-04,
         -1.8459e-04,  8.7070e-06, -2.7293e-05, -1.3942e-05, -4.8720e-04,
         -6.1341e-05, -5.7277e-05,  1.4767e+00, -4.5397e-04,  4.9597e-04,
          9.6812e-05, -7.4934e-04,  1.3048e-03,  4.8241e-05, -3.1241e-06,
          6.4645e-05, -2.0596e-04,  8.0373e-07,  1.3150e-04, -2.9863e-05,
         -3.9317e-04,  6.7502e-05,  9.8474e-06, -1.0901e-04,  8.9690e-05,
          5.3961e-05, -1.0706e-03,  4.8976e-04,  9.9974e-03,  4.9681e-05,
          8.9664e-06, -1.0390e-03,  1.0836e-04,  3.9917e-05,  2.0171e-05,
          1.2629e-04, -7.9696e-06, -8.3408e-05, -3.8802e-06, -3.5745e-05,
         -8.3286e-05, -7.6975e-05, -1.5359e-04,  2.0917e-05, -1.7922e-05,
          4.9619e-04, -1.9520e-05,  4.7113e-05, -1.1002e-01,  7.2190e-05,
          4.0424e-04, -2.8279e-05,  1.0027e-04, -3.8860e-05, -5.4570e-05,
          5.0129e-05,  3.5870e-05,  4.4177e-04, -6.8571e-05, -1.9867e-04,
         -1.7862e-04,  1.4436e-05, -9.7385e-06, -1.4012e-04,  7.4132e-06,
          1.2057e-05, -4.6045e-05,  5.5789e-04,  1.1264e-03, -4.8063e-04,
         -2.6014e-04,  1.1467e-03, -5.9763e-06, -7.8160e-05,  7.0268e-05,
          3.5243e-05,  2.3108e-05,  1.2442e-05,  2.4938e-04,  2.9551e-06,
         -4.1099e-05, -2.1397e-05, -8.2420e-06,  2.0611e-04, -2.6482e-05,
          2.6198e-05,  6.4212e-04, -1.0956e-04, -1.7141e-05, -3.2398e-05,
          3.8989e-05,  4.1819e-05,  1.5044e-05,  3.7357e-04,  5.3750e-05,
          2.8467e-05, -8.8794e-06,  4.2604e-06]], device='cuda:0'))])
end of epoch 5: val_loss 7.022499394885528e-05, val_acc 1.0
trigger times: 1
end of epoch 6: val_loss 1.5184957010205835e-06, val_acc 1.0
trigger times: 2
end of epoch 7: val_loss 0.0, val_acc 1.0
trigger times: 0
saving model weights...
Weights: OrderedDict([('fcs.0.weight', tensor([[-5.3819e-01, -1.1086e-01, -1.8566e-05,  ..., -2.4691e-05,
         -3.5986e-05,  2.9828e-04],
        [-4.6694e-04,  4.5307e-04, -7.0942e-04,  ...,  7.9570e-04,
         -8.8868e-04, -1.9517e-03],
        [ 2.4455e-05,  1.6361e-05,  1.4079e-04,  ...,  8.6707e-03,
         -1.3818e-04, -1.3697e-04],
        ...,
        [ 1.6897e-03,  9.6367e-04, -1.2005e-03,  ..., -7.3591e-04,
         -8.5111e-04,  8.7717e-04],
        [-7.9757e-04, -4.9571e-04,  2.0798e-03,  ...,  2.9967e-03,
          6.5310e-04, -1.1186e-03],
        [ 3.6882e-05, -5.9804e-04, -7.4556e-04,  ...,  6.3619e-04,
         -2.0952e-03, -7.8841e-04]], device='cuda:0')), ('fcs.0.bias', tensor([-1.4042e-01, -4.2780e-04,  2.7389e-04, -9.4312e-04,  1.7291e-04,
        -4.2364e-06, -3.1526e-04, -2.7840e-02, -1.5859e-05, -3.5224e-04,
         7.6299e-04,  7.0590e-04,  5.3464e-04,  2.3170e-03, -1.7509e-03,
        -3.0418e-05,  1.0782e-04, -6.7716e-02,  6.1530e-04,  1.1428e-03,
        -3.9787e-06,  1.4555e-04,  8.2396e-05,  8.0404e-04,  3.5949e-05,
        -2.4019e-05, -3.4418e-04,  1.5852e-03,  3.6750e-05,  6.6866e-04,
         6.6463e-05, -1.1822e-03,  1.1639e-01, -1.0043e-03, -3.7665e-05,
        -2.6213e-06,  7.3823e-04,  1.9707e-01,  9.1420e-05, -5.5034e-05,
         2.0992e-03, -8.9410e-05, -4.1742e-04,  8.6809e-04,  2.1583e-03,
        -5.1875e-05, -3.2736e-05, -1.2541e-04, -5.4330e-06,  1.1165e-04,
        -4.8251e-05,  1.8040e-03,  3.7679e-05, -7.2217e-02,  3.0898e-05,
         3.0136e-04, -2.2356e-05, -6.4434e-05, -9.7705e-04,  8.0520e-05,
         1.0197e-03, -3.5072e-04,  2.1580e-05, -2.3589e-04,  8.9218e-02,
         1.7738e-04,  1.4036e-04,  1.6341e-04,  5.4390e-04, -3.5012e-04,
         1.3001e-04,  2.1490e-04, -1.8990e-04, -4.3346e-04, -5.8542e-04,
        -1.1381e-03,  5.3515e-05,  1.1366e-05,  4.1018e-04, -3.4754e-02,
         1.0259e-04,  2.6798e-04,  5.8844e-04, -4.3883e-03,  1.8355e-04,
         3.5215e-05,  1.4451e-04,  5.5352e-05,  1.7164e-04, -7.5296e-05,
         2.3127e-05, -7.3658e-02,  1.2257e-04, -4.1433e-05, -9.8114e-07,
        -3.7934e-04,  1.6182e-04,  2.0512e-05,  6.9133e-02,  3.8755e-05,
        -1.1661e-03,  5.0338e-04, -1.2959e-03, -8.9393e-05, -3.3432e-04,
         1.1651e-04, -3.1827e-01,  2.7663e-04, -1.6246e-02, -8.4502e-04,
         2.0822e-04, -5.4740e-02,  7.2921e-04,  3.3996e-04, -4.7740e-04,
        -3.3719e-05,  6.0073e-06, -2.4636e-04,  5.4395e-05, -3.5834e-04,
        -5.3372e-04, -6.7656e-05,  1.3862e-05,  8.1122e-06, -1.5467e-03,
         2.1659e-03, -1.7902e-04, -4.3246e-04], device='cuda:0')), ('fcs.1.weight', tensor([[-2.9118e-01, -1.6451e-04,  4.8364e-06,  1.5326e-04, -5.4360e-04,
         -3.1026e-05, -9.2472e-04,  1.9398e-03, -2.5937e-02, -3.5462e-04,
         -4.6709e-04, -4.1090e-04, -2.2243e-05, -1.1942e-04, -1.8859e-04,
          4.4227e-01,  3.4797e-06, -2.7030e-01,  4.8912e-04, -4.0271e-06,
          5.4114e-05,  1.6542e-04, -1.2180e-06, -2.4965e-04, -2.2934e-05,
         -2.1712e-03,  2.4284e-04, -5.7133e-04, -9.0061e-05,  1.6342e-03,
         -5.4208e-05,  2.0538e-04, -7.3530e-02, -7.3637e-05,  1.1172e-05,
         -4.1829e-04, -2.4514e-04,  1.4577e+00, -4.0340e-05,  5.5240e-04,
          3.2451e-04,  2.0117e-03,  3.3800e-04,  5.1487e-04,  1.0029e-04,
         -2.4341e-04,  3.6205e-05,  2.5804e-04, -2.7450e-06, -4.5208e-05,
          2.3924e-04, -2.9728e-04,  2.8623e-04,  1.0215e-06,  7.4744e-02,
          1.5345e-04,  1.8618e-04, -1.1937e-04,  1.2510e-04,  3.3594e-06,
          3.2751e-05,  1.3592e-02,  3.0909e-03, -8.1941e-04,  1.6843e-01,
          4.8196e-06,  3.0749e-05, -8.8148e-07, -1.4647e-04,  3.1543e-04,
          2.0318e-04, -1.0095e-05,  4.4605e-04, -4.6698e-04, -1.2168e-04,
          7.7635e-04, -1.2747e-04, -2.9332e-04,  4.8452e-05,  2.2151e-01,
         -3.9935e-04, -2.9235e-04, -1.5057e-05,  2.9683e-04, -6.7959e-06,
         -4.0661e-05,  4.3197e-07, -3.2849e-05,  3.2844e-05,  5.0759e-06,
          1.1446e-04,  2.2328e-05, -6.8953e-05,  1.4524e-05,  8.7712e-05,
          2.0553e-04,  8.5832e-04,  1.5222e-01,  4.6162e-01,  1.8733e-04,
         -6.8080e-05,  1.1997e-03, -2.4399e-04,  8.0988e-05,  2.1476e-04,
          5.9044e-04,  2.0780e-01, -1.4078e-04, -9.9662e-06,  3.5237e-04,
         -2.9831e-04,  1.9101e-01, -2.8685e-04, -7.8504e-06, -1.8046e-04,
         -1.9471e-05, -1.3980e-02,  4.5349e-04, -2.3714e-03,  6.8810e-05,
         -5.4037e-04, -4.1338e-04, -1.8106e-05,  2.4533e-04,  4.3059e-05,
         -1.0198e-04, -2.5119e-04,  1.5269e-05]], device='cuda:0'))])
end of epoch 8: val_loss 0.05985017848687867, val_acc 0.99
trigger times: 1
end of epoch 9: val_loss 0.0, val_acc 1.0
trigger times: 0
saving model weights...
Weights: OrderedDict([('fcs.0.weight', tensor([[ 8.5919e-05, -1.8363e-05,  9.1181e-05,  ..., -1.3073e-04,
          2.7821e-03, -5.6634e-04],
        [-8.7543e-02, -4.2435e-06,  9.7924e-06,  ..., -4.3482e-05,
         -5.4337e-04,  4.2261e-05],
        [-3.2068e-04, -1.0382e-04, -2.8933e-04,  ...,  8.0224e-04,
         -9.4962e-05, -7.0901e-04],
        ...,
        [ 7.1199e-05,  3.1618e-05,  5.9093e-05,  ..., -3.9207e-05,
          1.0855e-03, -1.6658e-03],
        [ 1.1957e-03,  1.5420e-03, -6.7761e-04,  ...,  1.1492e-03,
         -4.4365e-04,  1.9591e-03],
        [ 1.3174e-04,  1.4777e-05,  3.0004e-04,  ...,  1.9702e-04,
          2.4712e-04,  1.5579e-04]], device='cuda:0')), ('fcs.0.bias', tensor([-2.0627e-04, -9.5005e-02,  7.3521e-04,  9.1871e-02, -2.2995e-05,
        -1.0021e-04, -1.6792e-01,  6.4788e-05,  3.5567e-04,  2.3011e-05,
        -4.1391e-04,  2.6176e-05, -3.0374e-01, -3.8911e-05, -6.9773e-04,
         3.0870e-05,  1.2778e-04, -2.8484e-04,  2.1601e-04,  8.3373e-04,
        -1.8459e-06, -2.5287e-05, -2.4733e-04, -2.2389e-04,  2.3858e-04,
        -2.1709e-01,  6.4723e-04,  5.4216e-05, -5.9759e-05, -2.5868e-05,
        -1.1009e-03,  1.0864e-05,  4.7021e-05, -5.8065e-06, -2.5533e-05,
         1.9509e-04,  1.7051e-04,  3.3108e-01, -1.5078e-01, -1.0897e-01,
        -7.9799e-02, -4.2810e-04,  2.6802e-05,  6.5849e-05, -9.6873e-02,
        -2.3035e-04,  4.9765e-04, -3.4704e-04,  5.6961e-05, -5.7361e-04,
         4.0446e-04, -5.8375e-04,  3.4857e-04, -9.4563e-05, -2.1400e-04,
        -2.4754e-04, -2.7022e-02,  1.8726e-05, -1.7698e-03,  2.9247e-05,
        -7.1293e-06, -1.1223e-03,  1.6590e-03, -2.2551e-01, -4.4751e-06,
        -3.9080e-04, -2.0317e-04,  7.8682e-04,  1.4394e-05,  4.6175e-02,
        -4.3906e-04, -1.2928e-03, -1.3851e-04, -7.4074e-04,  1.2411e-05,
        -8.8415e-06, -3.9697e-03, -1.3685e-04,  2.5091e-07, -1.2439e-04,
        -6.1877e-05, -6.4099e-04,  1.0839e-04, -4.3500e-05, -5.9308e-04,
        -2.7712e-04, -6.4101e-04, -1.4149e-01, -1.5054e-05, -7.3785e-04,
         2.1250e-04, -1.5933e-04, -1.4985e-04, -6.8300e-04, -2.8612e-04,
        -6.0218e-06, -1.7302e-01,  9.9297e-04, -6.2104e-05, -1.9815e-05,
        -2.2502e-01, -7.5579e-05, -1.8545e-03, -1.0566e-05,  5.1091e-05,
        -7.6386e-05, -1.9291e-05, -1.2949e-04, -5.6781e-05, -1.5565e-01,
         2.7239e-05,  4.0040e-05,  3.3613e-05,  4.2548e-04, -2.2654e-04,
        -1.5984e-04,  1.9266e-04, -5.3005e-04, -5.9573e-05,  1.4630e-04,
         7.0165e-04, -1.9335e-05, -1.0681e-04,  4.5295e-05, -1.8170e-02,
        -3.0682e-03, -6.5156e-04,  9.7758e-05], device='cuda:0')), ('fcs.1.weight', tensor([[-1.0741e-04,  4.0263e-02, -3.2799e-06, -3.1124e-05,  2.5752e-02,
          9.7943e-05,  6.3673e-06, -1.0287e-04, -1.3560e-04,  9.8885e-06,
          2.5269e-06,  8.8380e-02, -5.4774e-05, -2.3251e-04, -9.4419e-04,
          6.1672e-05, -3.0892e-05, -1.1162e-04,  6.9067e-05, -1.6620e-05,
         -2.0703e-03,  8.0293e-05,  1.6370e-05, -1.0197e-06, -1.6611e-04,
         -3.7528e-05,  1.8703e-06, -2.3203e-01,  4.2154e-06, -3.2333e-03,
         -1.5485e-04,  7.3440e-02,  2.0724e-05,  6.2377e-06, -6.3496e-05,
         -4.8727e-05, -3.2523e-01,  1.5013e+00, -5.8211e-06,  7.1959e-05,
         -1.8679e-06,  7.0382e-05,  2.6840e-05,  6.2832e-06,  5.1393e-07,
          1.4756e-03,  3.5249e-04, -3.9604e-04,  1.5465e-04, -1.0663e-06,
          1.6570e-03, -3.2119e-01,  7.4170e-04,  4.1622e-05, -9.1257e-06,
          3.6563e-04, -6.0861e-05, -6.7731e-06, -4.0939e-04, -1.0402e-04,
         -9.3291e-06,  1.3262e-05,  9.0202e-05,  1.9108e-06, -1.3604e-04,
         -1.8710e-05,  2.1450e-06, -2.7788e-05, -5.4916e-07,  1.4453e-01,
         -1.7291e-04, -4.8382e-06,  8.7064e-05, -3.5537e-04,  3.6381e-04,
          9.9910e-06, -3.2961e-06, -3.8093e-04, -3.7794e-06,  2.2043e-05,
          3.8586e-05, -2.0640e-04,  1.5103e-04,  4.2589e-06, -3.3034e-05,
          2.6218e-04,  5.0313e-05, -1.1950e-01, -4.0449e-03,  3.1945e-06,
          1.4451e-03,  2.9269e-04, -8.4528e-04, -6.5730e-05, -4.6675e-04,
          2.0261e-05,  2.4934e-04,  3.2746e-05,  8.2621e-02,  4.0555e-05,
         -7.1727e-05, -2.3296e-01, -1.5665e-03,  1.2206e-02, -2.6949e-01,
         -1.7481e-04,  4.4168e-05,  7.8326e-04, -3.3820e-05, -2.0267e-05,
          4.1596e-06, -3.7688e-05, -4.8129e-05,  3.7494e-05,  4.8637e-01,
          1.5166e-05,  1.2388e-05,  4.9831e-04, -1.4507e-04, -4.7371e-06,
         -3.1749e-04,  3.0517e-04, -3.0101e-05, -1.0473e-05,  3.5497e-05,
          5.8312e-05,  7.8186e-04, -2.1840e-05]], device='cuda:0'))])
end of epoch 10: val_loss 1.3887741090456984e-07, val_acc 1.0
trigger times: 1
end of epoch 11: val_loss 2.65388966307043, val_acc 0.96
trigger times: 2
end of epoch 12: val_loss 9.303977469699021e-07, val_acc 1.0
trigger times: 3
end of epoch 13: val_loss 0.0020869428594154724, val_acc 1.0
trigger times: 4
end of epoch 14: val_loss 0.0, val_acc 1.0
trigger times: 0
saving model weights...
Weights: OrderedDict([('fcs.0.weight', tensor([[ 9.5792e-05,  2.6310e-04, -6.7481e-04,  ..., -2.3547e-04,
          1.0897e-03,  1.2158e-03],
        [-5.1636e-04,  6.6890e-04,  4.3065e-04,  ...,  4.7151e-04,
          5.9011e-04, -1.3084e-03],
        [-6.0555e-04,  6.7754e-05,  8.2479e-04,  ..., -8.8483e-04,
          1.2479e-03,  2.1164e-03],
        ...,
        [ 2.6135e-05, -1.3777e-04, -2.0500e-04,  ..., -6.5547e-06,
          2.1570e-04,  6.6710e-05],
        [-9.6440e-05, -1.1197e-04,  3.1602e-04,  ...,  4.2992e-04,
          1.0394e-03,  1.9996e-03],
        [ 1.3821e-01, -1.1528e-05, -8.8429e-05,  ..., -1.8068e-04,
         -8.1807e-04,  1.2540e-04]], device='cuda:0')), ('fcs.0.bias', tensor([ 9.8380e-05, -2.4297e-04,  1.3679e-03,  6.9712e-02, -1.2114e-04,
        -5.7144e-04, -9.3068e-05, -3.3031e-04,  4.2749e-04, -1.4380e-01,
         6.0579e-05,  1.8644e-03, -9.6135e-02,  2.4814e-04,  8.7267e-04,
         1.1522e-03,  3.2785e-05, -1.0025e-06, -2.2071e-04, -1.0918e-01,
         4.8837e-05, -2.6081e-04,  1.0515e-02, -8.3162e-05, -4.1776e-04,
         3.6969e-04,  7.2221e-05, -3.8183e-04,  6.5648e-04,  7.3737e-05,
        -2.6783e-04,  4.3282e-04,  5.8992e-02,  1.4332e-04,  3.0952e-01,
        -1.7472e-04, -1.9384e-03,  1.8233e-01,  3.4276e-05,  1.3903e-01,
         1.3657e-06, -3.8042e-04, -5.4982e-05, -1.4682e-04, -2.2090e-04,
         5.1014e-04, -2.0332e-04, -1.2054e-03, -1.5932e-01, -1.7735e-01,
        -3.5203e-06,  1.1456e-04, -3.4205e-04,  3.6482e-04,  4.8495e-04,
        -1.2599e-01, -1.3229e-05, -3.0172e-05, -6.4943e-05, -4.8950e-05,
        -7.2521e-05,  6.5145e-02, -3.0852e-05, -1.8823e-01, -1.8066e-03,
        -5.0591e-05, -3.8766e-06,  4.8781e-05, -3.3850e-05, -3.2625e-04,
        -1.7738e-01,  2.7428e-04, -4.5613e-05, -4.4221e-02,  3.2023e-04,
         4.3440e-04,  7.0737e-02, -2.2146e-04,  3.0776e-04,  1.6245e-04,
         1.0049e-04, -9.4614e-04, -1.6873e-04, -4.9786e-04, -2.6401e-05,
        -1.8748e-04, -2.6491e-05, -3.3281e-05,  1.3474e-04,  1.1751e-05,
         2.3548e-04,  2.1576e-05, -3.1119e-04,  8.3796e-04,  1.9250e-03,
         1.8827e-04, -1.0493e-01, -3.2009e-03, -2.0980e-04,  8.2322e-04,
        -6.8792e-04,  1.9102e-04,  7.0642e-04, -3.5036e-04, -4.4041e-05,
         1.7932e-04, -1.9829e-04,  1.2445e-04,  2.7536e-04,  1.8980e-01,
        -6.7403e-05,  1.0537e-03, -1.0875e-03, -1.4844e-03,  1.2359e-03,
         7.2508e-02, -1.3881e-01, -8.7788e-04, -3.5137e-04, -2.4590e-02,
         5.4643e-05,  9.7708e-05, -1.1417e-05, -5.3965e-05,  2.3651e-04,
        -2.0389e-02,  8.6071e-04, -1.1370e-05], device='cuda:0')), ('fcs.1.weight', tensor([[-4.8450e-05, -4.9648e-04, -1.3703e-05, -1.9746e-01, -2.8836e-06,
          7.8427e-05, -3.1091e-02,  1.2168e-04,  2.4280e-04, -4.7137e-06,
         -1.5479e-05,  5.5398e-04,  1.2589e-07, -2.5925e-04, -1.1720e-05,
          1.1570e-04,  2.9259e-05,  2.4472e-01,  4.1378e-02, -1.5163e-04,
          5.9536e-04, -4.2810e-01,  5.2076e-06,  4.5098e-02,  1.0667e-04,
          3.0419e-05,  1.4177e-04,  2.8972e-05,  6.2992e-04, -2.2282e-04,
          2.0363e-05, -3.3063e-04,  5.7503e-01,  7.9678e-06, -7.4457e-01,
          1.1139e-01,  1.2791e-04,  1.4608e+00,  6.7454e-05,  3.1177e-06,
         -3.2658e-02,  1.6664e-04,  4.8539e-02,  3.0254e-05, -9.3082e-02,
          3.8400e-05,  5.3454e-05,  1.2788e-04,  9.0331e-05, -4.3895e-05,
          6.0726e-06,  1.7031e-04,  4.8389e-05, -9.3965e-06, -1.0707e-03,
          5.1882e-05,  1.0359e-05,  1.4173e-05, -1.7266e-06,  1.6946e-04,
          6.5166e-06, -3.7763e-06,  1.5860e-06,  1.3809e-04,  2.6245e-04,
          4.6040e-05, -4.9124e-02, -1.9110e-05,  3.6829e-05, -9.7258e-05,
          4.1149e-06,  6.4593e-02, -2.3787e-05,  1.4946e-04,  1.2588e-04,
          1.1069e-05, -8.5441e-03,  7.0254e-05,  4.4303e-06,  7.0360e-01,
          3.4478e-06, -1.2879e-04,  2.6885e-01, -5.1698e-06,  2.0329e-04,
          1.5805e-03,  5.0286e-06, -8.4172e-06, -1.8014e-04,  4.3543e-04,
         -1.1288e-06, -9.6471e-06,  8.1790e-04, -4.0262e-05,  2.4023e-04,
          2.1292e-04, -4.1004e-02,  5.7978e-04,  6.5508e-06, -8.5008e-05,
          1.4435e-01,  5.6510e-06,  3.3353e-04,  4.6401e-04, -4.8522e-04,
          6.9785e-05,  3.3440e-03,  3.1431e-01, -4.3931e-06,  1.4433e-02,
          1.7055e-04, -5.9526e-04,  1.2686e-01,  5.2588e-04,  2.6635e-05,
          5.6662e-02, -1.0789e-04, -5.2544e-05,  9.0745e-07, -7.7820e-05,
          8.4268e-02,  9.3975e-05,  3.7939e-04,  1.0289e-04, -2.9998e-04,
         -2.3099e-05, -1.3661e-04,  1.0769e-05]], device='cuda:0'))])
end of epoch 15: val_loss 1.199177800081941e-06, val_acc 1.0
trigger times: 1
end of epoch 16: val_loss 0.16418681663897572, val_acc 0.98
trigger times: 2
end of epoch 17: val_loss 4.2567755393960736e-05, val_acc 1.0
trigger times: 3
end of epoch 18: val_loss 9.536734069115482e-09, val_acc 1.0
trigger times: 4
end of epoch 19: val_loss 0.0, val_acc 1.0
trigger times: 0
saving model weights...
Weights: OrderedDict([('fcs.0.weight', tensor([[-9.3172e-05,  3.2827e-05,  9.4234e-04,  ...,  8.3415e-04,
          4.5851e-03, -1.0357e-03],
        [-3.2442e-04, -1.0265e-03,  6.4621e-04,  ..., -2.3634e-04,
          2.5917e-03,  5.7027e-04],
        [-1.2002e-01, -4.5012e-02, -2.9340e-02,  ..., -7.9378e-02,
         -1.8804e-04, -1.8603e-04],
        ...,
        [-1.3255e-01, -1.7009e-04,  1.8544e-05,  ..., -2.6346e-04,
          4.9357e-04, -9.7724e-05],
        [ 1.4863e-04,  1.9403e-04, -5.8186e-04,  ..., -1.3935e-03,
          5.9172e-04, -9.5091e-05],
        [-8.4270e-02,  4.6213e-02, -1.6770e-04,  ...,  8.3855e-05,
         -2.7446e-03,  6.6780e-04]], device='cuda:0')), ('fcs.0.bias', tensor([ 2.5744e-04,  2.9307e-03, -3.8620e-01,  5.9933e-04,  4.9924e-05,
         1.3660e-03,  4.0027e-05, -3.2255e-01, -1.2248e-01, -4.2168e-01,
        -9.7751e-07, -2.1851e-01, -2.1372e-01, -5.7565e-04, -1.9381e-01,
        -5.2396e-04,  2.6017e-05, -1.8501e-01, -1.3512e-04, -3.5075e-01,
         7.4351e-05, -8.1689e-05,  1.9723e-01, -2.1345e-01,  2.6170e-01,
        -5.6112e-02, -9.5653e-05, -9.7438e-02, -2.8531e-01,  1.8078e-03,
        -5.4347e-04,  5.7593e-04,  1.7613e-01,  4.0763e-02, -1.6181e-04,
        -2.7492e-01, -1.2938e-05,  2.9129e-01,  2.3888e-04,  1.3173e-01,
         3.0757e-04, -1.9307e-04, -5.2527e-02,  2.8458e-01, -7.2570e-04,
        -1.9763e-01, -3.1384e-01,  6.9303e-06, -3.3777e-05, -6.2011e-02,
        -2.6020e-05,  6.8187e-05,  1.3069e-01, -8.5031e-05,  3.8117e-04,
        -2.3588e-02,  2.5287e-05,  2.9087e-03,  2.9106e-05,  1.3428e-04,
        -2.6786e-01, -3.2966e-06, -1.7723e-04, -2.4128e-01, -3.6138e-02,
        -5.7618e-04,  1.4259e-01, -1.4661e-01, -6.3777e-04,  2.0061e-01,
         5.3853e-04, -1.6818e-02,  1.0439e-01,  8.2098e-04, -1.1763e-03,
        -1.0837e-01,  2.1218e-01, -1.5611e-04,  1.8752e-01,  1.0741e-01,
        -2.2094e-04, -4.3234e-03, -3.1497e-04, -2.2933e-01, -2.9110e-06,
         4.4125e-04, -4.7776e-05, -3.4434e-05, -9.4715e-05,  5.9927e-06,
         7.3473e-02, -5.9546e-04, -1.5918e-04,  8.5098e-05, -2.1013e-01,
        -1.1881e-01,  2.6352e-01, -8.2903e-05,  2.2090e-03, -1.7677e-04,
         2.3505e-04,  2.8333e-01,  1.9248e-01, -1.6814e-04, -1.8500e-03,
        -2.3404e-04, -3.5725e-04,  2.5245e-02, -3.7923e-04,  3.2809e-04,
        -3.8974e-02, -6.4196e-04,  2.0772e-01,  9.4138e-04, -2.5599e-03,
         1.1753e-04,  4.2123e-06, -7.2847e-04,  3.6784e-02,  1.4560e-05,
        -1.0840e-04, -5.2369e-04, -2.2500e-01, -5.2225e-04, -8.5780e-02,
        -1.2215e-01,  6.0777e-05, -1.4708e-01], device='cuda:0')), ('fcs.1.weight', tensor([[-7.7170e-05,  2.1247e-04, -4.7895e-03,  1.6887e-01, -1.3791e-04,
          1.9992e-04, -8.0683e-05,  4.7449e-03, -1.2724e-01, -1.1997e-06,
         -1.3496e-02,  7.1657e-06, -9.6287e-03, -7.1796e-02, -2.1395e-02,
          5.3902e-05,  4.0414e-05, -1.0885e-04, -2.6214e-04, -1.2692e-01,
          5.1778e-04,  5.3120e-04, -1.3317e-01, -6.4730e-02, -1.9859e-01,
          3.5136e-05, -2.8707e-06, -9.2449e-05,  2.1644e-01,  8.0076e-05,
         -2.6941e-04, -1.0415e-04,  7.6436e-02, -6.0249e-02,  1.1600e-03,
          3.1256e-04, -3.9977e-07,  1.9798e+00, -2.2268e-02, -2.8398e-03,
          3.0443e-06,  6.6258e-06, -4.4070e-04,  2.5183e-02, -7.6804e-04,
         -1.8124e-05,  5.3034e-02, -7.7015e-06,  1.3309e-04,  2.5537e-02,
          8.0196e-05, -6.5492e-05, -3.5313e-01, -1.4260e-04, -1.5565e-04,
         -1.1998e-05, -8.0301e-05, -1.0476e-03, -3.9423e-05, -4.6800e-05,
         -8.5286e-02, -1.3108e-05, -4.5835e-04, -5.3574e-03, -1.0713e-05,
         -1.6083e-03, -9.3168e-03, -2.0781e-01,  1.9515e-05, -6.1802e-04,
          9.0453e-05, -1.1722e-04,  1.3441e-01,  3.8607e-05,  5.4521e-06,
         -1.2248e-03, -2.3792e-01,  3.6154e-05, -2.2733e-01,  1.9194e-01,
         -1.4612e-02, -9.7844e-02,  2.3586e-02, -2.5212e-03, -2.4870e-05,
          4.1272e-02, -1.5398e-03,  7.2660e-03, -9.1497e-05,  2.2000e-04,
         -6.1837e-02, -1.0660e-04, -1.3521e-05, -1.0010e-05, -2.1776e-06,
         -1.5183e-01,  2.9375e-02,  1.8849e-05, -8.1010e-03,  3.6354e-04,
         -7.1617e-02,  8.6820e-02, -9.1113e-02,  7.0100e-05,  1.1818e-04,
         -5.2419e-04,  2.5524e-04,  9.0198e-02, -1.3670e-02, -1.2427e-04,
         -6.9020e-05, -8.8851e-05, -1.3459e-01,  1.9699e-04, -1.3408e-01,
          1.4520e-05, -5.3096e-06, -9.6576e-05, -4.3170e-02, -4.0770e-05,
         -1.1560e-01, -1.8833e-04, -5.4400e-02,  2.9597e-04, -1.3098e-01,
          1.3539e-01,  8.0376e-05, -8.6787e-06]], device='cuda:0'))])
end of epoch 20: val_loss 0.0, val_acc 1.0
trigger times: 0
saving model weights...
Weights: OrderedDict([('fcs.0.weight', tensor([[-5.6367e-05, -4.3359e-04, -1.3001e-03,  ..., -1.2462e-03,
          4.7504e-03, -6.6989e-04],
        [ 2.8747e-04,  8.9639e-04,  4.6302e-04,  ..., -1.8700e-03,
          6.7335e-04,  1.9607e-03],
        [ 2.9667e-05,  6.3440e-05,  1.3334e-04,  ...,  3.8188e-04,
          1.0592e-04,  6.4375e-04],
        ...,
        [-1.1129e-04, -8.6401e-07,  4.4907e-04,  ...,  7.6039e-05,
          9.3937e-04, -2.7377e-04],
        [-2.1068e-04,  1.4970e-04, -4.5141e-04,  ..., -1.2941e-03,
         -1.3366e-03,  2.1733e-03],
        [-3.2796e-04, -1.8336e-05, -2.8911e-03,  ..., -2.1709e-04,
         -2.1799e-03,  7.2607e-04]], device='cuda:0')), ('fcs.0.bias', tensor([-1.1451e-03,  6.9017e-04, -1.4752e-04,  2.7840e-04, -1.0349e-04,
         4.4150e-04,  1.3640e-04, -1.4435e-01,  1.1600e-04, -1.1838e-01,
        -4.2406e-04,  7.6868e-05, -4.6699e-05,  1.0783e-03,  9.0145e-05,
        -6.5468e-04,  7.2047e-05,  3.3132e-05,  1.2301e-03,  6.5929e-05,
        -3.7544e-05,  5.6835e-04,  1.5005e-05, -7.6092e-05,  1.1885e-04,
        -1.7163e-05, -8.1916e-05,  1.3369e-04, -9.4027e-06,  1.9594e-03,
        -1.2431e-03,  1.2498e-03, -2.5447e-04,  1.0464e-04, -1.1600e-03,
         2.7524e-05, -5.4302e-05,  9.1200e-02,  4.3509e-04, -2.5220e-04,
         5.0294e-04, -4.5998e-04, -1.7518e-04, -9.4850e-06,  2.5354e-04,
         6.9001e-05, -3.1964e-02, -3.5674e-05, -1.8877e-05,  1.3620e-04,
        -3.0318e-05, -1.1426e-03, -1.1694e-01, -4.8286e-04, -6.4926e-05,
        -7.6707e-06,  1.5839e-03,  1.2677e-03,  2.9888e-04, -4.9595e-04,
         1.4204e-05, -1.1196e-05, -2.7200e-04,  6.8442e-06,  9.2591e-05,
         1.0752e-04,  1.1375e-04,  1.5791e-01,  1.3385e-03,  5.6767e-05,
         8.5520e-05,  2.1651e-04, -1.3026e-04, -4.7567e-03, -1.2888e-03,
        -2.5103e-04, -3.1403e-02, -2.5708e-04,  2.1220e-04,  4.2536e-04,
         9.0567e-04,  7.3656e-04, -5.5006e-04, -1.6580e-05, -3.5474e-05,
         4.3258e-04, -7.1193e-04, -6.7665e-05, -6.0280e-05, -2.0831e-03,
        -1.0467e-04,  6.1979e-04, -3.1788e-04, -2.5783e-05,  2.8792e-05,
         2.1919e-04,  5.1274e-05,  6.7503e-05,  3.6944e-03,  6.2508e-04,
         2.6438e-04, -1.6212e-05, -5.2531e-05, -4.6030e-04, -1.9315e-03,
        -5.6857e-04,  1.0629e-03, -1.2037e-04, -5.6850e-04, -4.0436e-04,
         2.7169e-05, -6.6149e-04, -7.0335e-05,  6.4556e-04,  8.7869e-04,
         2.8543e-04, -2.0185e-04,  1.3041e-03,  1.7547e-04,  5.3721e-05,
        -1.4597e-02,  2.0321e-03, -4.3167e-04, -7.1439e-04,  5.3440e-05,
         5.3504e-05, -1.9987e-04, -1.3731e-04], device='cuda:0')), ('fcs.1.weight', tensor([[-2.2635e-04,  2.3975e-04, -2.8857e-05, -4.9103e-05, -9.2223e-04,
         -2.4576e-04,  7.4180e-05, -8.3441e-07, -1.5970e-05, -1.2420e-05,
          1.8975e-05, -8.4379e-05, -6.3923e-06,  4.7386e-06, -1.2963e-04,
         -5.5086e-04, -6.2267e-05, -6.6587e-05, -1.2428e-03, -2.6290e-05,
          4.3193e-05, -1.1171e-03, -1.7890e-05,  2.7385e-05, -5.5601e-06,
         -1.2702e-05,  4.9427e-05,  1.3008e-04, -6.1043e-05, -4.4679e-04,
          3.3206e-05,  3.7061e-04,  9.1908e-06,  6.3053e-06, -4.4913e-04,
          2.7426e-05, -4.5859e-04,  1.5765e+00,  7.1879e-05, -1.3154e-05,
         -3.0426e-05, -2.7405e-05, -6.4311e-04, -1.4922e-07, -6.8590e-04,
         -3.1481e-05,  2.5503e-05,  5.2520e-08,  2.2814e-05, -2.2142e-05,
         -2.5144e-04,  8.6554e-05,  5.5997e-07,  4.4726e-04,  2.1332e-04,
         -7.2912e-05, -1.3582e-04,  2.3115e-03, -6.9310e-04, -1.4790e-04,
         -2.7344e-05,  4.8690e-05, -8.6449e-04,  6.6815e-06,  4.3511e-05,
         -2.4307e-03,  1.6158e-04, -3.1054e-02,  2.7890e-04, -3.5166e-05,
          6.4637e-04,  3.6308e-04, -6.2645e-06, -5.8392e-05, -7.4775e-06,
         -1.5500e-04, -2.2929e-02,  8.7794e-05, -6.1423e-02,  1.3344e-04,
          1.8566e-07,  3.2209e-05, -7.7006e-05, -8.0396e-06, -7.3814e-04,
          2.6425e-05, -5.9764e-05, -6.3803e-06,  1.2179e-05, -7.1048e-05,
         -3.1947e-05,  1.6685e-04,  7.4209e-06, -8.4189e-06, -7.9667e-06,
          2.1414e-04,  4.8416e-07, -4.6097e-05, -2.8098e-05,  2.1442e-04,
          3.5335e-06,  8.0842e-06, -3.1112e-06,  1.2842e-03,  3.3485e-04,
         -2.3165e-04,  2.7949e-05,  1.1045e-05,  1.2656e-06,  5.0244e-05,
         -1.7155e-04,  2.5646e-04, -2.3895e-02, -4.6990e-05, -1.6219e-02,
         -1.8123e-04, -5.0848e-05, -2.1273e-04,  2.6061e-05,  9.1162e-05,
         -1.3024e-02,  3.9082e-04, -1.3496e-05,  3.8494e-04, -1.2901e-04,
          3.4370e-05,  8.7233e-05, -2.2959e-04]], device='cuda:0'))])
end of epoch 21: val_loss 0.07155638158321097, val_acc 0.985
trigger times: 1
end of epoch 22: val_loss 6.079655122448457e-08, val_acc 1.0
trigger times: 2
end of epoch 23: val_loss 0.07283480716453607, val_acc 0.985
trigger times: 3
end of epoch 24: val_loss 0.0, val_acc 1.0
trigger times: 0
saving model weights...
Weights: OrderedDict([('fcs.0.weight', tensor([[-1.0109e-04,  1.4838e-05,  6.5766e-04,  ...,  2.2141e-04,
          2.2955e-03, -1.2648e-03],
        [-1.8220e-04,  1.8407e-04, -8.2310e-04,  ...,  3.0914e-04,
         -4.1797e-04,  7.0788e-04],
        [ 1.7598e-01,  2.2226e-02,  5.0533e-04,  ..., -2.8393e-01,
         -4.0406e-03, -1.1970e-04],
        ...,
        [ 2.0972e-01,  1.4559e-01,  1.3328e-01,  ...,  2.9000e-01,
          2.3572e-01, -1.7328e-01],
        [ 4.8290e-04, -1.5065e-04,  4.0620e-04,  ..., -6.3714e-04,
          4.3744e-04,  2.2423e-04],
        [-9.8496e-05,  1.5363e-03,  6.7926e-04,  ..., -1.5303e-04,
         -3.7486e-04,  5.3047e-04]], device='cuda:0')), ('fcs.0.bias', tensor([ 5.9328e-04, -1.6025e-04, -1.9766e-01,  2.8299e-01,  4.0073e-04,
        -5.9848e-02, -1.2060e-04,  2.1794e-02,  2.6454e-04,  1.0788e-01,
        -1.8001e-02, -2.7770e-01, -3.9560e-01, -1.2875e-02,  1.4863e-05,
         2.7098e-04, -3.3183e-04, -2.5022e-01, -3.9493e-02, -1.2063e-04,
         3.6798e-05,  1.7035e-04,  9.3675e-02,  2.9906e-05, -2.5335e-01,
        -5.0128e-04,  3.2513e-05, -5.9275e-03,  2.3799e-01, -2.2514e-04,
         2.7968e-01,  1.3855e-01, -1.7775e-01,  1.6562e-01,  1.1246e-04,
        -1.7537e-01, -4.4381e-04,  5.8259e-01,  2.2087e-08,  2.0413e-01,
        -1.7551e-01, -8.7376e-04, -2.2648e-01,  1.3404e-01,  2.4433e-04,
        -7.4876e-06, -2.2943e-01, -2.2139e-01,  1.5930e-01,  2.4817e-01,
         1.0676e-03,  3.5505e-04, -6.5088e-05,  1.8729e-01,  4.5815e-04,
        -9.4316e-05,  1.2678e-04,  2.0710e-04, -1.6520e-04, -2.7260e-04,
        -2.0370e-01,  7.6121e-04, -3.0352e-01, -3.3324e-02,  1.0726e-01,
        -3.1039e-04, -2.2993e-04, -4.4288e-05, -7.6135e-02, -1.0423e-03,
         8.6668e-04, -5.3618e-04, -2.5804e-02, -9.2204e-05,  2.2752e-01,
        -1.4053e-04, -1.3914e-03, -1.1976e-05, -1.2834e-04, -5.7005e-04,
        -1.6312e-01, -2.9802e-01, -1.5207e-01,  6.5254e-02, -5.6740e-04,
         2.4695e-04, -1.1801e-04, -1.1458e-01, -2.9387e-02,  1.0565e-04,
        -3.7625e-01,  1.8376e-01,  3.9885e-04,  7.7421e-04,  4.9412e-04,
         2.3167e-01, -1.1954e-01, -1.9873e-01, -1.7611e-01,  2.7011e-04,
         1.1399e-05, -5.9685e-04,  1.7256e-04,  9.8651e-04, -9.6779e-05,
        -1.7095e-06,  3.9128e-01,  1.8596e-02, -5.3798e-05,  2.3551e-04,
        -1.9897e-01,  1.0011e-03,  3.7257e-05, -1.2609e-04, -6.4167e-04,
        -1.0355e-04,  3.9186e-04, -3.5606e-01,  1.0334e-01,  1.6388e-06,
        -1.5263e-01,  5.6820e-03,  7.5964e-06, -2.8313e-01, -1.8118e-01,
         2.4265e-01, -8.0118e-05,  9.8100e-08], device='cuda:0')), ('fcs.1.weight', tensor([[ 9.6704e-06, -3.7576e-05,  1.0089e-02, -2.2693e-03, -3.0693e-05,
          7.9842e-02, -9.8323e-05, -1.3885e-01,  2.8429e-04,  3.3078e-01,
          1.5472e-01, -3.1709e-01,  1.5935e-01, -7.9585e-02,  1.4583e-04,
          2.8674e-04,  9.8967e-05,  1.5417e-01, -2.7406e-04, -2.7824e-01,
         -1.6614e-04, -9.3919e-05, -2.5855e-01, -4.6851e-04,  9.9535e-02,
         -3.2611e-04,  4.4841e-05, -1.1580e-05,  7.8042e-02,  4.9511e-05,
         -1.6277e-02, -1.2225e-01, -2.7697e-01, -1.4521e-01, -1.5708e-05,
          6.3968e-03, -6.1948e-05,  1.5812e+00, -1.0739e-03, -1.3062e-01,
         -2.5358e-01, -2.7222e-04, -1.1434e-03,  4.3326e-02, -4.5656e-06,
         -7.9219e-04, -3.6005e-02,  4.4707e-02,  9.5491e-02, -5.5046e-02,
         -8.8953e-04,  1.4147e-06,  1.4026e-02, -5.2357e-02, -8.0526e-06,
          5.0601e-04,  2.1435e-05, -3.3709e-05,  7.3209e-06, -1.0903e-05,
          9.0856e-02, -2.9620e-02, -1.8287e-01,  1.4004e-01,  2.4176e-02,
          5.0945e-04, -3.6415e-04,  2.3315e-04, -1.7043e-02,  8.8950e-03,
          1.2084e-04,  9.1389e-05, -9.3278e-06,  1.0278e-04, -1.5062e-02,
         -7.0137e-05, -2.0995e-04,  1.6195e-04,  6.3166e-05,  2.2180e-04,
         -1.6138e-01,  4.9923e-05, -4.1030e-05, -1.3469e-01, -8.5231e-05,
         -2.2857e-02,  2.5980e-04, -1.5231e-04,  1.5096e-03,  1.3885e-04,
         -1.7933e-01, -4.6581e-01,  1.5681e-01, -2.9502e-06, -2.7627e-04,
         -1.9689e-01,  1.6871e-04,  4.8823e-02, -8.3389e-03,  2.0476e-04,
         -6.6016e-04, -4.2377e-04, -4.1173e-02, -7.3190e-05,  1.4843e-07,
          2.7362e-02,  2.1899e-01, -1.9035e-01, -1.3146e-01, -1.9998e-02,
          1.0058e-07,  1.8900e-05,  3.7030e-04,  1.5970e-04,  2.6496e-04,
         -4.5192e-06,  6.4678e-04,  2.2580e-01, -2.0524e-01,  7.0317e-06,
         -3.8156e-04,  2.5888e-03,  1.1292e-03,  1.5696e-01, -3.5103e-02,
          2.2739e-01,  3.0958e-05,  2.7906e-04]], device='cuda:0'))])
end of epoch 25: val_loss 0.16778950286089625, val_acc 0.985
trigger times: 1
end of epoch 26: val_loss 6.788601956486673e-07, val_acc 1.0
trigger times: 2
end of epoch 27: val_loss 4.930460922238922e-06, val_acc 1.0
trigger times: 3
end of epoch 28: val_loss 0.0005944653451104287, val_acc 1.0
trigger times: 4
end of epoch 29: val_loss 0.15944588411773508, val_acc 0.99
trigger times: 5
end of epoch 30: val_loss 0.015453665897839529, val_acc 1.0
trigger times: 6
end of epoch 31: val_loss 0.0, val_acc 1.0
trigger times: 0
saving model weights...
Weights: OrderedDict([('fcs.0.weight', tensor([[-5.6062e-04,  2.6087e-04, -4.0739e-04,  ..., -2.0782e-03,
          1.3127e-03,  1.5533e-03],
        [ 4.9868e-04, -3.3627e-07,  5.5230e-04,  ...,  1.1135e-03,
          1.5312e-04,  1.9381e-03],
        [ 1.5187e-01, -5.4240e-02, -2.4145e-04,  ..., -6.7278e-05,
         -9.8335e-05, -8.1327e-04],
        ...,
        [-9.7364e-05, -2.2677e-04,  1.4541e-04,  ..., -8.1462e-05,
          8.0808e-05,  1.9514e-04],
        [-1.2863e-04, -3.3949e-05, -4.3200e-05,  ...,  1.3317e-04,
         -1.3363e-04,  5.4826e-04],
        [ 1.9844e-03,  1.0742e-03,  2.2434e-03,  ..., -3.8163e-04,
         -5.9563e-04, -3.1047e-03]], device='cuda:0')), ('fcs.0.bias', tensor([ 9.2209e-07, -3.0972e-04,  2.1807e-01, -4.0175e-04,  1.1504e-04,
         1.2596e-03,  5.5457e-04, -1.3928e-04,  3.6372e-04, -1.2563e-05,
         4.3954e-05, -5.5660e-06,  2.4660e-04, -2.7695e-04, -3.1966e-04,
         1.4238e-03, -4.8633e-04, -1.0185e-03, -5.3881e-05,  2.4383e-05,
         3.1542e-04, -2.2422e-04,  7.1573e-05, -4.2561e-05,  1.2389e-05,
        -1.2931e-04,  9.5541e-05,  1.4171e-04, -1.8111e-01,  6.5173e-04,
        -1.8912e-03,  4.1370e-04,  2.6438e-04, -3.6307e-03,  2.0225e-04,
         1.1293e-05, -3.2393e-04,  2.2077e-01, -2.0842e-05,  3.1174e-05,
        -1.7166e-05, -6.0808e-04, -2.5117e-04,  6.3497e-05, -2.0035e-01,
        -4.5608e-04,  5.5595e-05,  7.7215e-05,  1.1245e-04, -1.4292e-05,
         8.5107e-02,  9.5479e-05,  1.3028e-01,  1.5185e-03, -4.5481e-05,
        -4.2976e-04,  6.7904e-04,  7.0809e-04,  1.4652e-04,  1.0451e-03,
        -4.2284e-02, -2.2440e-04, -2.0079e-04,  3.9038e-04,  1.0606e-04,
        -4.8677e-05,  8.1132e-04, -2.3604e-04,  5.4336e-05,  3.1679e-05,
        -3.2696e-04,  6.2143e-04, -2.8104e-04, -2.4860e-04, -3.2419e-04,
        -1.5235e-03,  8.6557e-02,  2.5635e-03, -4.1082e-03, -2.4320e-04,
        -3.5403e-04, -5.6099e-04,  6.8450e-05,  6.7065e-05,  7.0088e-05,
        -8.2185e-05,  1.9474e-03, -1.4523e-04,  6.4014e-06, -1.1601e-01,
        -8.9965e-04, -4.9733e-04,  3.1108e-05, -2.1757e-05, -2.1742e-01,
         2.5315e-04, -1.2166e-04, -3.2102e-04,  4.6676e-04, -6.7404e-04,
        -6.1274e-05, -5.8723e-04, -3.7281e-04, -6.6174e-04,  8.7405e-05,
         6.9393e-04,  7.3412e-05, -1.0082e-04,  1.1009e-04,  4.5377e-05,
         6.7869e-06,  3.0735e-04,  9.7747e-04,  1.3730e-03,  9.3682e-04,
         6.7445e-05,  7.6288e-04, -1.7653e-04,  2.7168e-04, -1.6337e-05,
        -2.7330e-04,  1.0123e-04, -6.6732e-04, -1.9078e-04,  1.4040e-05,
         3.4420e-04,  1.9245e-04,  1.1580e-03], device='cuda:0')), ('fcs.1.weight', tensor([[-2.2983e-04,  4.3835e-04,  1.1340e-01, -2.5319e-06, -3.9437e-04,
         -2.8777e-04,  3.1275e-04,  1.1076e-04, -7.3939e-05, -5.0068e-02,
          4.7110e-04, -5.2702e-06, -3.4440e-04,  1.4362e-05,  2.9148e-04,
         -4.7770e-04, -6.7874e-04, -6.3647e-05, -4.8033e-05, -2.2191e-06,
          3.1989e-06, -5.9369e-04, -2.5881e-06, -3.9260e-05, -1.0945e-01,
         -3.1805e-05, -6.8283e-04, -8.3104e-05,  2.9193e-05, -7.7493e-06,
         -3.6844e-05,  4.2236e-05,  7.0273e-05, -1.2787e-02,  1.6478e-04,
          1.8311e-05,  1.6427e-04,  1.6914e+00, -9.6398e-06,  1.2638e-04,
          6.9225e-05,  4.9340e-05,  1.3280e-05, -2.8980e-05,  4.2962e-05,
          2.1651e-04,  1.5739e-06, -1.6426e-04,  4.1554e-05, -1.1282e-04,
          6.8989e-02,  5.3652e-04,  5.4009e-01, -2.2507e-03,  4.0322e-04,
          2.2552e-05,  3.6814e-05,  8.5729e-05,  5.3213e-05,  1.0841e-04,
          2.3283e-04,  1.1705e-05,  1.6983e-04, -2.4999e-04,  7.0461e-04,
          1.6318e-04,  1.8640e-04,  1.2770e-04,  4.2436e-05,  5.6957e-05,
         -2.9323e-05,  8.3442e-05, -1.9520e-04, -4.7936e-02, -9.5918e-05,
          3.4632e-05, -2.1993e-01, -1.4430e-03, -6.8033e-02,  4.2884e-04,
         -6.0145e-05, -4.0016e-04,  1.0316e-04, -5.9482e-04, -3.1775e-04,
         -1.0190e-04,  7.4897e-05, -2.1151e-05, -5.2983e-07,  5.7305e-05,
         -1.5913e-06,  5.5109e-06, -1.7863e-05,  2.7137e-06, -2.6931e-01,
          3.1992e-05,  4.9560e-05,  3.6104e-05,  2.1296e-04, -2.2932e-04,
         -1.1676e-04,  3.6487e-04, -2.5618e-04, -3.4852e-04, -3.8388e-05,
          1.0254e-04, -5.0517e-05, -9.7772e-06,  1.3817e-05, -1.3089e-04,
          1.8150e-04,  8.8727e-04, -1.3828e-04,  7.5280e-04, -2.5106e-04,
         -9.4083e-05,  8.7379e-05,  6.7189e-05, -4.5160e-04, -2.7712e-05,
          1.8217e-05,  8.8824e-05, -2.5554e-04, -4.7592e-05, -1.9244e-01,
         -6.5252e-02,  2.1015e-05,  2.5583e-04]], device='cuda:0'))])
end of epoch 32: val_loss 0.02394548244774313, val_acc 0.995
trigger times: 1
end of epoch 33: val_loss 0.5310730036917539, val_acc 0.98
trigger times: 2
end of epoch 34: val_loss 3.2782503431860734e-08, val_acc 1.0
trigger times: 3
end of epoch 35: val_loss 0.006231428345111922, val_acc 1.0
trigger times: 4
end of epoch 36: val_loss 0.0, val_acc 1.0
trigger times: 0
saving model weights...
Weights: OrderedDict([('fcs.0.weight', tensor([[ 1.1975e-03, -8.0169e-02, -1.0783e-03,  ..., -5.4886e-02,
          5.3190e-04, -7.4907e-04],
        [ 3.2835e-05, -1.9614e-04,  8.0196e-04,  ...,  7.6317e-04,
         -7.9462e-04,  7.4298e-04],
        [ 1.4259e-01,  1.2914e-01,  2.6054e-04,  ..., -1.4376e-01,
         -3.2826e-03, -2.0862e-03],
        ...,
        [-2.1974e-01, -7.3974e-05, -1.0241e-04,  ...,  2.1356e-04,
          6.3270e-04,  9.9960e-04],
        [-1.1364e-01, -2.3116e-04, -1.7792e-04,  ..., -4.2510e-02,
         -1.5431e-03,  1.2354e-03],
        [-1.2986e-01, -4.4974e-05,  2.1955e-04,  ..., -8.5178e-04,
         -5.0754e-04,  8.8420e-04]], device='cuda:0')), ('fcs.0.bias', tensor([ 1.3599e-04,  3.3788e-06,  1.8443e-01,  1.0302e-03, -2.6419e-03,
        -5.4323e-02,  1.5096e-03,  3.2625e-04,  1.2745e-02,  3.5090e-04,
         3.0282e-04,  8.9988e-04,  2.0447e-06, -7.5981e-02, -2.0708e-01,
        -4.1808e-02,  3.4079e-04, -2.7434e-04,  1.2001e-01, -4.4332e-02,
        -2.9665e-01, -7.0317e-02, -2.3484e-01, -2.7372e-01, -1.3667e-01,
        -1.0636e-01, -5.7061e-02, -2.0986e-01, -1.4391e-05,  5.6807e-02,
        -3.0801e-01, -4.6845e-04, -1.9137e-01, -2.6145e-01,  8.1145e-04,
         1.4840e-01, -7.4325e-04,  2.5439e-01, -2.6715e-01, -1.5207e-02,
        -2.6525e-01,  3.0747e-04,  2.9269e-04,  4.6141e-02,  4.5394e-04,
         4.8547e-05,  8.2093e-04,  1.3611e-01, -4.1904e-06,  2.8509e-04,
        -2.1814e-03,  2.3630e-02, -1.3959e-03,  4.2606e-04,  1.3249e-03,
        -2.7589e-01, -2.6068e-01,  1.8371e-01,  1.7967e-01,  3.2502e-01,
        -1.4691e-01, -7.4470e-05,  5.7465e-05, -1.7645e-02, -1.9763e-03,
        -2.8300e-04, -1.0860e-03,  3.8301e-04,  3.3427e-04, -1.4351e-01,
        -1.4261e-04, -1.0990e-01, -2.2057e-01, -1.1953e-03, -9.3970e-04,
        -4.4758e-02, -2.4246e-01,  3.9576e-01, -3.0027e-01,  4.3347e-04,
        -9.1518e-04,  6.6939e-04,  1.6741e-04,  1.7317e-04, -2.9363e-01,
        -2.7056e-01,  1.4247e-04, -3.9219e-04, -4.3398e-02, -1.7424e-01,
        -2.8593e-01, -1.4024e-01, -4.6167e-04,  2.9653e-04,  1.7465e-04,
         1.5037e-03, -1.6052e-04, -4.0225e-01, -7.7895e-02,  2.3961e-04,
         1.9472e-04, -1.8046e-01, -1.1842e-04, -8.1416e-05, -2.3215e-01,
        -2.8741e-04,  4.3042e-04,  1.7724e-01,  1.1893e-04, -2.5765e-01,
        -2.2104e-04,  2.1582e-04,  2.4601e-01,  2.7843e-05,  1.2745e-04,
         4.1324e-04, -1.1136e-01, -7.9083e-04, -2.9725e-01, -1.1123e-01,
        -3.8991e-02, -2.2600e-01, -2.6259e-01, -2.6854e-01, -2.5807e-01,
        -2.3354e-01, -2.1655e-01, -1.5471e-01], device='cuda:0')), ('fcs.1.weight', tensor([[-6.0370e-02, -2.8817e-04,  4.7877e-02, -1.0707e-01, -1.4324e-04,
          8.7481e-02, -1.1669e-01, -1.6652e-03, -1.4760e-01,  5.2443e-04,
          1.0046e-04,  1.2534e-03,  8.6271e-05,  9.2602e-04, -1.3901e-04,
         -1.1308e-01,  7.6106e-05,  8.2213e-04, -9.1442e-06, -7.4704e-02,
         -4.7423e-02,  7.2442e-02,  1.7616e-04,  3.1206e-04,  3.4603e-04,
          1.3119e-01, -3.1326e-04,  2.6799e-06, -8.6505e-04, -1.7623e-01,
         -2.4847e-01, -3.2415e-05,  1.1720e-04,  2.9204e-05, -5.3991e-04,
          1.8455e-01, -1.3386e-04,  1.6238e+00,  3.2648e-06,  1.3724e-01,
         -2.2134e-01, -7.9900e-02, -1.9657e-01,  1.7239e-02, -1.2556e-04,
         -7.9295e-02,  2.4670e-01,  5.7582e-02, -1.5264e-02, -2.0786e-05,
          1.8021e-04,  4.9033e-02, -6.3750e-05, -5.0884e-04, -5.4072e-05,
         -3.3051e-02, -4.4033e-05,  5.7882e-01, -5.0596e-01,  1.1099e-01,
          2.2623e-01, -8.9681e-02,  2.2383e-05, -2.1475e-04, -2.8248e-01,
         -3.5317e-02, -1.2518e-04,  1.5081e-03, -1.0199e-03, -2.5602e-04,
          9.0805e-04, -1.4722e-02, -5.1488e-06, -1.0008e-01, -1.1722e-05,
          3.1169e-01, -5.8381e-06,  3.8625e-01, -2.0661e-02, -3.5235e-05,
         -1.7315e-05,  8.0747e-05, -8.5825e-05,  2.3505e-04,  1.2475e-01,
          4.0937e-02, -1.6895e-03, -1.6388e-05, -1.6400e-04,  2.8634e-01,
         -2.7354e-05, -1.2248e-05, -1.3295e-01, -6.4093e-04,  1.6785e-01,
          1.1438e-01, -1.8658e-04,  1.5449e-01,  1.7886e-01, -1.6551e-03,
         -1.9028e-04, -1.8081e-04, -1.5965e-01,  1.9006e-04,  5.9006e-02,
          1.8759e-02,  1.7324e-04, -3.8841e-01,  1.4437e-01, -1.0507e-01,
          1.8998e-04,  2.1306e-05, -2.5440e-02, -3.9964e-05,  1.3725e-01,
          3.6214e-06,  2.0696e-01, -4.0868e-04, -2.1994e-02,  1.0236e-05,
         -8.7761e-02,  6.3328e-05,  5.5266e-02,  1.8592e-01, -7.1857e-02,
          6.2875e-02, -8.6477e-02,  4.8833e-02]], device='cuda:0'))])
end of epoch 37: val_loss 8.153225644456085e-06, val_acc 1.0
trigger times: 1
end of epoch 38: val_loss 0.2301340681302281, val_acc 0.98
trigger times: 2
end of epoch 39: val_loss 0.0, val_acc 1.0
trigger times: 0
saving model weights...
Weights: OrderedDict([('fcs.0.weight', tensor([[ 6.9424e-04, -1.3478e-04,  6.6045e-04,  ...,  6.1506e-04,
         -1.2789e-03, -6.0404e-04],
        [ 3.9200e-05, -1.7173e-05,  1.1636e-05,  ..., -9.0751e-05,
         -7.4752e-05,  1.4980e-04],
        [ 4.2928e-05, -1.5980e-04,  2.3861e-04,  ..., -1.4043e-04,
         -1.2143e-03, -6.6565e-04],
        ...,
        [ 6.4414e-05,  2.9756e-04,  2.5366e-04,  ...,  6.2456e-04,
         -1.2901e-03, -1.0085e-04],
        [-3.9746e-05,  1.5280e-05, -7.4422e-06,  ..., -3.9053e-04,
         -2.0885e-04, -6.3375e-04],
        [-3.9689e-04, -1.1374e-03,  5.5548e-04,  ..., -1.1425e-03,
          1.2160e-03,  1.3198e-03]], device='cuda:0')), ('fcs.0.bias', tensor([ 2.2031e-04, -8.0732e-04, -4.7992e-05, -9.9591e-05,  1.0270e-04,
         5.0114e-04,  6.0667e-04,  2.2469e-04,  1.6908e-03,  1.2564e-01,
         5.4979e-04, -5.0157e-05, -6.2188e-05,  1.6285e-05, -2.3519e-04,
        -9.4385e-02, -2.2601e-06,  1.2051e-04, -7.9602e-05, -2.2939e-04,
         1.9447e-05,  5.8366e-04,  1.0699e-04,  4.1023e-05, -2.3611e-05,
        -1.7848e-04,  3.2479e-05, -1.9412e-02,  1.0149e-03,  3.7562e-04,
        -4.4028e-05, -4.6237e-02,  2.1688e-04, -3.0867e-05,  3.3782e-04,
         9.4646e-05,  4.4929e-03,  4.3926e-01, -2.0763e-04,  2.9051e-04,
        -4.2533e-05,  2.5946e-04,  1.0203e-03,  4.9370e-04, -2.0199e-05,
        -2.8665e-04, -4.0607e-04,  6.5699e-04,  4.5383e-04,  1.5976e-05,
        -1.7437e-04,  1.5321e-04,  3.5231e-04,  3.8416e-04,  3.3664e-04,
        -1.6985e-04,  1.0168e-04,  9.6641e-05, -2.2313e-03, -2.0797e-04,
        -1.9721e-02,  5.6902e-04, -1.8795e-04, -4.7451e-06,  4.7301e-04,
         8.6987e-04,  1.9800e-01,  2.9313e-04, -5.2773e-05, -1.4041e-04,
         1.0651e-05,  3.8524e-06,  4.1185e-05, -1.2918e-03, -4.0581e-05,
         3.7760e-05,  4.2528e-05, -2.5430e-05, -4.0197e-05, -1.0520e-04,
         2.5286e-04, -6.8161e-04, -2.5375e-01, -2.3656e-01, -1.3102e-05,
         2.4846e-04, -8.9353e-02, -1.8309e-04,  6.6077e-05,  8.8917e-05,
        -7.7185e-05, -3.0595e-04, -2.9314e-04, -9.5486e-05,  1.1314e-03,
        -6.4496e-05, -3.4817e-05, -4.5808e-04, -4.2735e-05, -2.1329e-04,
         1.2563e-01, -4.4026e-05, -2.0452e-04, -5.1285e-04, -3.0766e-04,
         1.5597e-03, -1.7272e-04, -5.6317e-04,  6.9495e-05,  8.1104e-04,
         8.5543e-05, -1.9754e-04, -7.9028e-05,  5.8751e-04, -2.1047e-04,
         3.4351e-05, -1.6681e-04, -1.8238e-05, -7.2860e-06,  8.7787e-05,
        -2.1505e-04, -2.3107e-01, -9.1424e-05,  9.5135e-05,  2.8141e-04,
        -2.5859e-04,  4.3366e-05,  3.4967e-04], device='cuda:0')), ('fcs.1.weight', tensor([[-1.9460e-04,  1.9848e-05, -1.3657e-04, -4.5023e-05, -2.3864e-04,
          1.7217e-04, -2.7196e-04, -1.5252e-03, -6.2313e-05, -4.3774e-02,
         -9.2203e-05,  7.9588e-05,  9.7750e-06, -4.2956e-02, -1.7966e-04,
         -6.0637e-06,  2.2413e-02, -1.3144e-03, -1.1845e-04,  5.7567e-05,
         -2.8863e-02, -8.4110e-05, -9.4223e-06,  5.8182e-02,  1.0287e-04,
          6.3159e-04, -8.2781e-04, -4.4686e-05, -1.0214e-03, -1.1209e-04,
         -1.8841e-04, -5.6463e-05,  3.5117e-05, -1.9640e-04, -5.1626e-05,
         -3.4045e-05,  6.3528e-06,  1.8806e+00,  9.5536e-04, -1.5635e-04,
         -2.8271e-04, -1.5072e-05,  7.1053e-05, -1.8130e-04, -5.6571e-06,
          5.8214e-05, -6.4116e-05,  1.9559e-06,  7.7988e-05,  2.6193e-02,
         -4.8404e-06,  6.9974e-05,  1.4476e-05, -1.2392e-05,  1.4521e-03,
          1.2390e-04,  2.6696e-05,  3.1661e-05,  9.0283e-05,  2.9719e-04,
         -5.2095e-05,  3.4040e-05, -5.2209e-04, -2.3678e-05,  8.0181e-05,
          4.0368e-05, -6.7547e-02, -1.4010e-01, -2.2234e-01, -3.0740e-02,
          1.1393e-01,  8.1560e-06,  8.6802e-05, -8.7849e-05, -1.6130e-05,
          1.3335e-04, -2.3710e-04,  1.5985e-05,  3.6172e-05, -8.9981e-04,
         -8.5400e-04, -6.7214e-04, -1.5289e-01,  1.4275e-01,  9.6232e-05,
          3.9506e-04,  1.1398e-02,  1.8351e-06,  4.2627e-04, -1.3519e-04,
          2.4186e-04, -6.1225e-05, -1.9114e-04,  7.3389e-03,  3.3659e-05,
         -1.2819e-05, -1.7625e-05,  3.5537e-05, -1.7174e-04,  1.9525e-05,
         -9.2214e-04,  4.0866e-05,  4.6454e-05, -1.9209e-06, -1.2550e-03,
          8.6438e-05,  2.1660e-05,  4.3597e-05,  9.0275e-05,  1.4803e-04,
         -7.7836e-04, -9.6396e-06, -4.6060e-05,  6.3192e-07,  1.0549e-04,
          5.5408e-06, -6.1641e-05, -6.5586e-05,  7.0047e-04, -2.5251e-04,
          3.9364e-05,  4.6506e-06,  1.3864e-04, -1.8225e-02,  7.8564e-05,
          3.5080e-04, -7.0408e-06,  1.1378e-03]], device='cuda:0'))])
end of epoch 40: val_loss 0.0, val_acc 1.0
trigger times: 0
saving model weights...
Weights: OrderedDict([('fcs.0.weight', tensor([[ 1.1335e-03,  5.4969e-04,  7.3393e-04,  ...,  6.6622e-04,
         -1.3046e-03, -1.7346e-03],
        [ 9.8049e-05,  2.3414e-05,  7.2382e-05,  ..., -1.3898e-04,
         -1.1225e-04,  6.2059e-04],
        [-5.2572e-04,  4.1481e-04,  4.4747e-04,  ...,  1.0101e-03,
         -1.2915e-03, -6.6965e-04],
        ...,
        [-8.2053e-05, -8.8231e-04, -5.2312e-04,  ...,  7.0110e-04,
         -1.3014e-03, -7.7848e-05],
        [-1.5092e-04, -6.9772e-06,  5.7848e-04,  ..., -8.4295e-04,
          4.3686e-04, -1.2465e-03],
        [ 6.9374e-04, -1.0570e-03, -2.4383e-04,  ...,  2.2440e-04,
          9.0838e-04, -1.3124e-03]], device='cuda:0')), ('fcs.0.bias', tensor([ 1.7359e-03, -1.1637e-03,  5.6688e-04, -1.8483e-04, -1.0918e-04,
         2.0024e-03,  7.4462e-04,  5.3952e-04,  1.9075e-03, -1.5634e-04,
         2.9596e-03, -1.8885e-04, -4.8110e-04,  2.0855e-05, -2.8546e-04,
        -1.4354e-05, -1.2593e-04,  3.7013e-04, -1.0863e-03, -4.7414e-04,
        -5.9449e-05,  7.0632e-04,  2.8878e-04, -4.8954e-05,  5.9818e-05,
         1.8828e-04, -7.8781e-05,  3.0113e-05,  6.8545e-04,  6.3690e-04,
         1.9949e-04,  3.5218e-05, -1.3272e-03,  3.1515e-05,  7.6847e-04,
        -5.5100e-04, -8.4161e-05,  1.6862e-01,  4.8568e-04,  4.3556e-04,
        -1.1367e-04,  4.2099e-04, -8.4442e-04,  1.5106e-03, -3.7431e-05,
        -8.5188e-04, -3.2472e-04, -1.8148e-04,  7.8249e-04, -8.3468e-05,
         1.6353e-04,  6.2377e-04,  7.9931e-04,  9.0024e-04,  4.5438e-05,
        -1.4030e-04,  2.5383e-04,  2.3745e-04,  2.6239e-04, -6.8406e-04,
         1.6902e-05,  7.8734e-04, -6.3952e-05, -1.2635e-04,  9.0614e-04,
        -9.1945e-05, -4.2983e-05,  6.6068e-04, -4.5817e-05, -3.6395e-04,
        -5.1583e-05, -3.2076e-04,  1.6737e-04,  1.9557e-03,  1.1777e-03,
         3.2902e-04,  1.1918e-04, -6.6834e-05,  6.3495e-05, -8.9403e-04,
         3.0620e-05,  1.9477e-03, -3.7153e-05, -3.9871e-03, -2.5725e-05,
        -2.0915e-04, -3.3878e-05, -3.8237e-04, -1.6625e-05,  1.6260e-04,
        -1.3390e-04, -1.5850e-04, -6.4212e-04,  1.6358e-04,  1.5802e-03,
         1.1239e-04, -6.8012e-05, -9.6336e-04, -7.3992e-05,  2.5016e-04,
         1.4426e-05, -8.8079e-05, -4.3355e-04, -1.0178e-03, -4.1777e-04,
         2.0185e-03, -3.8982e-04,  1.0740e-03,  5.6343e-04,  1.0190e-03,
        -1.8398e-04,  8.1108e-05,  2.5954e-04, -5.9322e-06, -5.7010e-04,
         4.8550e-05, -3.4401e-04, -2.4212e-05,  7.3091e-05, -6.5245e-04,
        -1.3101e-03,  5.9931e-07, -2.9270e-04,  1.9119e-04,  1.1395e-03,
         1.2509e-04,  5.5915e-04,  4.9499e-04], device='cuda:0')), ('fcs.1.weight', tensor([[ 1.9862e-04,  4.2179e-05,  2.1465e-04, -1.7539e-05,  5.6209e-05,
          2.0264e-04, -4.6375e-04, -8.0802e-07,  1.7981e-04,  2.4654e-05,
         -4.5331e-04,  1.8454e-04, -3.5815e-05, -1.2068e-05,  1.7648e-03,
         -3.5283e-05, -1.4575e-05, -6.3588e-05,  2.2295e-06, -1.1396e-04,
          1.1890e-05,  1.0697e-04, -1.8682e-05, -1.0683e-06, -9.1304e-04,
         -5.5946e-04,  2.1403e-03, -1.2114e-05, -1.4313e-03,  9.5135e-04,
          2.4900e-04, -3.3994e-04, -5.8975e-05, -3.5093e-04, -2.9172e-04,
          2.6783e-04,  3.2738e-06,  1.4721e+00,  1.7514e-03,  1.6726e-04,
          4.5741e-04,  3.4867e-05,  8.1510e-05,  4.1733e-04, -1.6672e-05,
          8.4904e-06,  1.1145e-04, -5.0612e-05, -4.1516e-04, -2.6182e-06,
          4.7473e-05,  6.8873e-05, -1.1193e-05, -3.7405e-07,  1.1373e-03,
         -3.7069e-04, -5.8037e-05, -2.6113e-04,  2.3832e-04,  1.4290e-04,
         -2.0912e-06,  2.1333e-04,  7.0417e-04, -9.2225e-05,  1.0825e-04,
         -9.1239e-06,  4.3867e-06,  1.4482e-05,  1.0512e-04, -2.1517e-05,
         -1.0945e-05,  2.2204e-05, -8.2148e-04, -2.1786e-04, -4.0555e-05,
          2.3413e-04,  1.6292e-03, -2.4829e-05,  9.2432e-04, -1.0409e-03,
         -4.5711e-04, -1.3449e-03, -2.1811e-05,  5.7547e-05, -1.8900e-04,
         -6.1066e-04, -2.2194e-05,  1.1045e-05, -8.4656e-04,  1.0938e-04,
          6.3840e-04, -5.7152e-04,  4.2443e-04, -8.1797e-06, -4.1882e-04,
          2.0793e-05,  2.4106e-04,  8.7882e-05, -2.6547e-05, -2.5468e-05,
         -1.7800e-05, -4.3003e-05, -3.3852e-05,  1.6504e-05, -8.4999e-04,
          7.1051e-05,  1.3611e-05,  2.1497e-04, -5.4560e-04,  2.2032e-04,
         -8.4773e-04, -5.4455e-04,  8.8999e-05,  2.2488e-06,  2.2473e-05,
          1.5580e-05,  1.2508e-04,  4.1292e-05, -9.5001e-04,  1.0242e-04,
         -4.3578e-05, -1.3596e-04,  2.9956e-05, -5.8760e-05, -5.4971e-05,
          8.4120e-04, -2.4655e-05, -1.0369e-03]], device='cuda:0'))])
end of epoch 41: val_loss 0.0, val_acc 1.0
trigger times: 0
saving model weights...
Weights: OrderedDict([('fcs.0.weight', tensor([[ 6.0523e-02, -1.2597e-01,  4.1548e-02,  ..., -5.2145e-01,
          1.0107e-01, -3.7904e-04],
        [-2.7410e-04,  8.5246e-05, -1.4902e-04,  ..., -2.8733e-04,
         -1.3087e-03,  1.9737e-04],
        [ 2.3563e-01, -1.1841e-01,  2.4310e-01,  ..., -8.6430e-01,
          5.9913e-01, -9.7444e-02],
        ...,
        [-2.9859e-01, -7.5326e-02, -2.3375e-01,  ..., -2.1797e-01,
         -1.4354e-02, -1.0787e-03],
        [ 8.0696e-04,  1.6477e-05, -4.9414e-04,  ..., -5.2329e-04,
          7.4104e-04,  2.6443e-04],
        [-7.1176e-05,  1.1097e-04, -4.2298e-04,  ..., -2.2043e-05,
          8.7049e-05, -7.4553e-04]], device='cuda:0')), ('fcs.0.bias', tensor([ 2.7207e-02, -1.2832e-03,  4.4535e-03,  7.3508e-04,  8.6356e-06,
        -3.7477e-02, -5.7340e-02,  1.3089e-04, -2.1256e-02,  1.8770e-04,
         1.8660e-05, -1.2055e-04, -1.0832e-03, -3.7219e-06,  1.9457e-01,
        -3.8111e-04,  1.1581e-04, -1.3146e-01, -9.4039e-02,  2.8972e-01,
        -4.0434e-04, -1.4618e-01, -4.8656e-04,  3.1110e-04,  5.0397e-02,
         2.2642e-04, -3.3537e-03, -2.6608e-01, -5.9273e-04,  7.2223e-04,
         2.5448e-04, -1.3646e-01, -6.5259e-02,  2.8988e-01, -1.6894e-01,
        -1.1776e-04,  3.6850e-05, -3.3539e-01,  1.3388e-01,  1.1792e-04,
        -2.7758e-01, -1.3504e-01, -6.6464e-02, -1.0639e-01,  2.9478e-04,
         1.1417e-04, -1.8455e-05,  1.5802e-04,  1.4391e-01,  3.8719e-04,
        -4.8557e-04, -2.7888e-01,  4.4253e-04, -1.4865e-03, -1.0678e-02,
        -1.4500e-04,  2.4862e-05, -2.8368e-02,  2.0397e-01, -2.3369e-04,
        -9.7484e-06, -1.2512e-03, -7.9267e-02,  1.0027e-04, -4.1239e-04,
         8.2075e-04,  6.3503e-04, -8.8713e-04, -3.8879e-04,  1.5632e-04,
        -5.9527e-04, -1.6944e-04, -3.0290e-01,  1.6362e-03,  1.8433e-03,
        -2.5913e-01,  7.7960e-02,  1.8094e-04,  1.5072e-01, -3.0180e-01,
        -2.1511e-01, -2.9901e-01,  1.5414e-04,  2.9785e-05,  4.8197e-04,
         3.2732e-01,  1.2640e-04,  1.5481e-03,  1.6129e-02,  4.5309e-04,
         3.8503e-04, -2.2454e-04, -2.4571e-01, -9.2564e-04, -3.0774e-01,
        -7.8132e-04, -8.9655e-05, -5.0701e-01,  2.3895e-01, -3.8650e-05,
         1.3249e-04, -8.0388e-04, -9.3360e-04, -1.6472e-03, -2.0386e-04,
        -1.5557e-04,  3.6130e-04, -1.2740e-01, -2.7830e-01,  1.1764e-04,
        -1.1029e-04, -2.9710e-01, -2.4960e-04, -3.0312e-04, -1.3675e-04,
        -2.7397e-04,  1.6328e-05,  6.4762e-04, -1.6607e-01,  1.2397e-01,
        -2.2656e-01, -6.1142e-05,  2.2708e-01,  3.4425e-04, -2.7236e-01,
        -3.0181e-01,  1.2493e-03, -1.6402e-05], device='cuda:0')), ('fcs.1.weight', tensor([[ 1.0005e-01, -3.1708e-05,  1.8263e-01, -1.3853e-04, -6.2124e-05,
         -1.0390e-03,  6.4251e-02, -8.7190e-05,  3.1025e-02,  1.0919e-04,
         -3.5794e-02,  9.3867e-05,  6.0756e-06, -7.1233e-06,  1.8190e-01,
          7.1510e-06,  2.9210e-05,  6.1205e-02,  1.1737e-04, -9.6624e-02,
         -9.2331e-05,  2.4082e-03,  2.0756e-05, -3.1082e-05,  1.2318e-01,
         -1.0653e-01,  6.6619e-04,  2.0387e-02, -4.4705e-02,  1.3990e-03,
         -1.7556e-01,  3.9326e-06,  2.6857e-01, -5.1828e-01, -9.4345e-02,
          1.2758e-01, -8.1928e-05,  1.8484e+00, -4.1319e-01, -5.3296e-02,
          1.1217e-03,  6.9927e-05, -4.4712e-02,  6.2869e-03,  1.9978e-05,
         -1.0861e-01, -2.6558e-02,  1.7846e-04, -2.0223e-01,  3.9381e-06,
          3.3131e-05,  8.4414e-06,  1.0748e-04,  1.3692e-05,  6.9727e-05,
         -1.2449e-04, -3.0569e-05, -2.3593e-02, -4.3606e-02,  1.3322e-01,
         -9.6653e-05,  1.6032e-04, -1.4135e-05, -6.6622e-06,  3.1906e-05,
         -4.2955e-04,  4.1243e-05,  9.1016e-06,  3.5006e-06, -6.7650e-05,
         -4.1145e-05, -4.7291e-05, -1.1718e-04,  3.7082e-02, -7.5063e-05,
         -2.7048e-05, -9.0497e-02,  2.2119e-04, -5.4777e-02, -2.4317e-02,
          1.4707e-04,  8.4134e-02, -3.5164e-05, -6.2702e-05, -9.2320e-04,
          4.5075e-01, -3.8849e-05, -6.7838e-05, -3.6627e-02,  1.3634e-02,
         -5.8415e-02,  2.6737e-04,  1.8476e-04, -1.1605e-05, -4.2425e-02,
         -5.3195e-05, -9.9343e-05, -1.4532e-01, -9.6619e-02, -2.8245e-06,
          4.1663e-05,  1.5200e-04,  1.2534e-04, -2.6640e-05,  2.8900e-02,
         -5.0689e-04,  6.0558e-06, -3.8395e-04, -1.4295e-05,  2.8190e-04,
         -6.6522e-02,  1.9225e-02, -5.2834e-05,  1.0216e-05,  3.2431e-04,
          8.8049e-05, -3.7354e-02,  8.2806e-05,  6.0558e-02, -8.1141e-06,
         -1.9480e-04, -2.1583e-04,  8.8007e-02,  6.3073e-05, -1.7664e-06,
         -1.2186e-01, -3.3165e-05, -7.8657e-04]], device='cuda:0'))])
end of epoch 42: val_loss 0.001079797359076764, val_acc 1.0
trigger times: 1
end of epoch 43: val_loss 0.009809568963914933, val_acc 1.0
trigger times: 2
end of epoch 44: val_loss 0.00037024569057351184, val_acc 1.0
trigger times: 3
end of epoch 45: val_loss 0.876066141612556, val_acc 0.95
trigger times: 4
end of epoch 46: val_loss 0.0, val_acc 1.0
trigger times: 0
saving model weights...
Weights: OrderedDict([('fcs.0.weight', tensor([[-1.0147e-03, -9.4108e-02,  3.3957e-04,  ..., -5.5439e-04,
         -9.1618e-04, -6.5202e-04],
        [ 1.2003e-01,  6.9728e-03, -3.9089e-05,  ..., -1.8395e-04,
          8.0112e-04, -4.3525e-05],
        [ 1.4661e-03, -6.2977e-05, -1.3061e-03,  ..., -1.1028e-03,
          7.3551e-04, -4.3891e-04],
        ...,
        [ 7.8498e-04,  6.2301e-05, -2.8188e-04,  ..., -1.3290e-03,
         -1.9960e-03,  1.0205e-03],
        [ 9.5404e-05, -6.5788e-05,  3.5323e-04,  ...,  4.0064e-04,
         -8.7792e-04, -6.3185e-04],
        [ 2.6993e-04, -1.2170e-04, -3.0457e-04,  ...,  1.2928e-03,
         -8.3979e-04,  6.6991e-04]], device='cuda:0')), ('fcs.0.bias', tensor([ 6.0255e-05,  1.3746e-01,  2.1491e-03, -3.9704e-04, -8.7854e-06,
        -1.4255e-01, -1.8051e-01,  1.7462e-01, -2.7482e-02,  4.6193e-04,
        -1.3786e-03, -8.0835e-02, -3.4993e-04, -1.8675e-01,  1.5551e-03,
         5.7122e-05,  3.4994e-04,  1.0767e-04, -1.9620e-01,  2.3013e-02,
         5.8395e-05, -2.8024e-01,  2.6943e-02,  4.4918e-04, -5.3763e-04,
         7.6735e-05,  3.5599e-01,  8.9109e-04, -1.7404e-04,  2.9947e-05,
         1.1773e-04, -2.7696e-01, -2.0440e-01, -2.5494e-04,  3.2067e-06,
        -3.4930e-02,  3.5944e-02,  3.6374e-01,  2.2476e-01,  1.2220e-04,
        -1.3163e-04,  1.8916e-03,  1.5120e-01,  4.3856e-04,  3.6823e-04,
        -8.4882e-05,  2.0681e-01, -1.5765e-05,  2.5955e-01,  6.1910e-05,
         3.5459e-04, -1.7215e-01,  2.9039e-04,  1.5250e-04, -7.8641e-05,
         2.6879e-04,  2.4702e-04, -2.8105e-04,  2.1022e-01, -1.1282e-01,
        -4.7262e-04, -2.9524e-04,  1.9320e-04, -2.8121e-05, -6.1091e-02,
        -1.7257e-02, -4.8942e-05, -3.9884e-04,  2.2224e-04,  2.7028e-01,
         7.7151e-02,  1.1691e-04, -6.1294e-06, -1.9193e-04,  6.4935e-05,
        -8.5344e-05, -1.7186e-01,  8.4344e-04, -1.4759e-03, -5.4407e-04,
         5.1200e-04,  7.3584e-06,  3.9874e-04,  4.2959e-05, -2.8670e-01,
        -3.3275e-02,  1.0593e-01,  1.9317e-05,  7.7340e-04, -8.2393e-04,
        -8.0572e-02,  1.6420e-04,  9.9657e-05,  1.3472e-01,  2.5548e-01,
        -2.3816e-05,  2.0951e-01, -2.0496e-04,  1.1622e-03,  9.2027e-05,
         1.8058e-04, -1.8543e-05, -7.6293e-05,  2.5875e-02, -2.2650e-03,
         2.2582e-04, -3.1916e-04,  8.5791e-04,  1.0031e-04, -1.3356e-04,
        -4.7259e-04, -8.1021e-05,  1.6939e-01,  5.2409e-04,  9.0242e-05,
        -2.9901e-07, -2.0616e-01,  2.4126e-04,  1.0628e-05, -3.7182e-07,
         3.8492e-05, -1.8203e-01, -1.3781e-01, -9.0716e-05,  4.9151e-04,
         2.2609e-04, -3.8254e-06, -1.8680e-03], device='cuda:0')), ('fcs.1.weight', tensor([[-1.9461e-01,  6.2814e-03, -4.2324e-04, -9.5249e-05, -5.3663e-05,
         -7.6655e-02,  2.8336e-05,  1.1587e-02,  2.5430e-01,  2.3972e-01,
         -4.2430e-04, -5.6696e-02,  6.9813e-06,  1.2287e-02, -1.7833e-04,
         -1.4908e-04, -6.3891e-04, -7.8607e-06,  1.1606e-02,  7.4838e-02,
          7.5573e-03, -3.4984e-07,  5.3921e-03,  1.6411e-04,  1.7676e-01,
         -7.3033e-05,  3.4306e-01,  2.7302e-06, -5.1513e-04,  1.6139e-04,
         -8.1065e-05,  3.2653e-02, -6.3367e-02,  1.7823e-04,  1.0362e-05,
         -1.9410e-04,  1.9201e-02,  1.8505e+00,  5.3992e-02, -7.0310e-05,
         -5.3175e-05,  6.5685e-06,  6.7603e-03, -2.0407e-04, -1.2222e-05,
         -1.2934e-01,  2.7876e-02,  5.1016e-06,  2.8790e-01, -1.3582e-05,
          6.3444e-05, -2.0379e-01, -9.8890e-04,  3.5170e-04,  3.8321e-04,
         -1.1345e-03, -1.8910e-05, -2.2534e-06,  2.4564e-02,  2.1409e-01,
         -2.4721e-05,  3.9862e-05, -3.9162e-02, -1.4027e-05,  1.1687e-04,
         -1.4276e-01,  2.7577e-05,  5.5289e-05,  1.1171e-05, -1.0528e-01,
          3.2350e-02,  4.1742e-05, -4.3095e-05,  1.6999e-06,  1.2171e-04,
         -1.6220e-01,  4.7233e-05, -1.4774e-04, -1.9594e-03,  5.1049e-02,
         -6.3606e-05,  1.0953e-05,  1.1782e-05,  8.9809e-02, -2.4648e-05,
          3.2781e-04,  5.3859e-02,  6.7662e-05, -4.7440e-04, -1.2505e-03,
         -3.3964e-02, -4.4695e-05, -6.9804e-02,  1.5707e-05,  1.4052e-01,
         -3.0536e-05,  8.1438e-02, -1.9628e-01,  4.4055e-04, -1.1343e-05,
         -5.7491e-04,  3.6345e-05, -2.0839e-05,  1.3196e-02, -5.8943e-04,
          1.4206e-04, -7.3677e-05, -3.8659e-06, -3.3182e-06,  3.8706e-04,
          4.9327e-04, -6.8890e-06,  2.7159e-02, -3.0433e-05, -4.5651e-05,
          2.3830e-05, -2.1639e-01, -5.4327e-06, -1.1899e-03,  1.9250e-01,
         -2.7921e-05, -2.6183e-04, -1.7574e-01,  3.7056e-06, -3.2125e-06,
          4.8019e-04,  9.9731e-04, -9.4334e-05]], device='cuda:0'))])
end of epoch 47: val_loss 5.960464122267694e-10, val_acc 1.0
trigger times: 1
end of epoch 48: val_loss 0.020625940407335293, val_acc 0.995
trigger times: 2
end of epoch 49: val_loss 0.0, val_acc 1.0
trigger times: 0
saving model weights...
Weights: OrderedDict([('fcs.0.weight', tensor([[ 1.0121e-04,  1.5816e-05, -6.8832e-04,  ...,  3.5320e-06,
          9.2964e-04,  5.4366e-04],
        [ 3.6540e-04, -6.0695e-05, -2.2208e-03,  ..., -3.9751e-04,
          1.0092e-03,  1.6389e-03],
        [-1.7404e-01, -2.9348e-02, -1.8918e-02,  ..., -1.4369e-05,
          8.5001e-06,  2.8784e-04],
        ...,
        [-5.3350e-05,  2.9200e-06, -3.0361e-04,  ..., -1.1545e-05,
          4.3164e-04,  5.9554e-04],
        [-1.0994e-04,  5.9029e-06, -1.7701e-04,  ...,  1.3479e-04,
          3.8108e-04,  3.2347e-04],
        [ 5.8099e-02, -2.1754e-05, -8.4350e-05,  ..., -9.8530e-05,
         -2.6788e-04,  3.4972e-04]], device='cuda:0')), ('fcs.0.bias', tensor([-2.3988e-04, -5.7105e-04, -2.3539e-01,  4.6290e-05,  8.9667e-02,
        -2.4244e-04, -2.2805e-04,  3.6893e-04, -4.0534e-05, -9.2745e-06,
        -4.9455e-02,  1.3961e-04, -5.8521e-04, -4.3375e-04,  6.7287e-05,
        -2.5229e-05, -4.2774e-05,  8.6620e-05, -7.6937e-04, -1.3293e-04,
        -4.5378e-04, -3.0428e-04,  3.6469e-05, -1.8733e-04,  1.8241e-03,
        -8.7711e-06,  1.8653e-08, -1.0195e-04,  2.1441e-05, -2.0545e-01,
         2.0919e-05,  1.9337e-04, -2.6016e-04,  2.4369e-04,  2.1148e-04,
        -1.1723e-02, -5.9582e-04,  6.7349e-02, -2.6764e-04, -9.0024e-05,
         4.8904e-04, -5.5186e-04,  9.1222e-05, -2.2720e-04,  4.5323e-05,
         4.2571e-04,  3.6870e-04, -4.8398e-04,  1.2150e-04,  1.0866e-04,
        -1.3457e-03, -4.7417e-04, -6.1662e-04,  1.6655e-04, -4.6959e-04,
         6.9506e-04, -1.0995e-03, -3.2267e-04,  7.9043e-05, -3.3969e-05,
        -2.0764e-03, -6.8437e-04,  3.5059e-04, -3.6214e-05,  3.6230e-06,
        -8.5016e-05,  2.6811e-05,  7.3436e-04,  6.1383e-04,  2.4741e-04,
         6.5710e-04, -6.7018e-04,  1.9825e-04, -3.1484e-05,  4.9025e-04,
        -4.1631e-04,  1.9996e-05,  2.9295e-04,  4.6357e-05,  4.8538e-04,
         1.4192e-03, -1.5185e-04, -9.9992e-02,  5.2263e-04, -4.2447e-06,
         4.9063e-05,  2.4909e-04,  4.1809e-04, -6.8474e-04,  3.3777e-04,
        -6.5870e-02, -5.5556e-04,  3.6875e-04, -1.4164e-03, -3.8465e-04,
        -3.6904e-04,  3.5242e-04, -2.5323e-02,  6.7052e-05, -2.6743e-04,
         9.7738e-05, -2.4295e-05,  7.8373e-04,  3.8264e-04, -3.5137e-05,
        -2.2059e-02, -8.1435e-02,  8.5534e-07,  1.4238e-05, -9.5723e-02,
        -9.2784e-05,  5.6618e-05, -2.1993e-04, -8.0360e-06,  2.9536e-04,
        -1.1019e-05,  2.2044e-05, -6.3451e-05, -4.7912e-02,  4.1821e-04,
         2.3221e-04, -3.0710e-04,  5.5832e-04,  1.5005e-03,  1.0804e-03,
        -2.7662e-04,  7.2734e-04,  8.6593e-02], device='cuda:0')), ('fcs.1.weight', tensor([[ 6.2628e-06, -2.9426e-04, -6.1588e-02, -3.4293e-04, -3.5010e-02,
         -5.6950e-05,  1.2625e-04, -1.9737e-04,  1.9708e-04,  4.8277e-05,
          8.0752e-01, -4.1659e-06, -3.2132e-04,  3.9673e-04, -1.2897e-05,
         -8.2750e-06, -4.3749e-06,  3.5626e-05, -9.2037e-05,  8.2085e-05,
         -3.0182e-05, -1.8496e-04,  1.5580e-05, -1.6881e-06, -5.7113e-04,
         -4.1094e-02, -2.4821e-05, -1.0396e-05, -5.7901e-07,  5.1507e-02,
         -1.4897e-04, -1.2199e-04, -6.6460e-05, -1.5136e-05, -6.2442e-05,
         -3.4711e-02,  2.9733e-04,  1.5098e+00, -1.2286e-04, -4.5939e-08,
         -5.1252e-04, -2.4691e-04,  2.9413e-04, -8.0259e-04, -3.4642e-04,
         -5.9677e-05,  1.4755e-04,  1.4807e-04, -4.7991e-05,  2.2866e-05,
          3.2702e-04,  2.3603e-05, -6.9449e-06,  2.8357e-05, -1.1693e-05,
          5.7275e-04, -1.3549e-04,  3.1009e-04,  1.5423e-05,  1.8607e-04,
          9.4440e-04, -2.6084e-05, -2.8415e-05,  7.0466e-04,  7.3214e-06,
          7.2473e-05, -4.3519e-06, -1.6621e-04,  4.9966e-04, -5.8314e-05,
          1.4814e-04, -1.9165e-03, -7.0777e-06,  7.9150e-05, -2.5132e-04,
          5.5503e-05,  9.4276e-05, -2.1142e-06, -1.0560e-01,  1.3954e-05,
         -2.8329e-04,  7.4526e-05,  6.3697e-06,  6.8160e-05, -3.6193e-06,
         -5.1791e-06, -7.8483e-05, -4.8038e-06,  8.6929e-05, -5.3756e-04,
          2.5767e-06,  4.4253e-06, -2.8978e-04,  6.0357e-05,  1.7477e-04,
          1.1719e-03,  1.1642e-04,  5.6241e-05, -1.9343e-02,  1.4759e-05,
          1.6686e-05,  1.8411e-05, -1.1776e-04, -1.0219e-04,  3.3577e-06,
         -1.8907e-01,  1.1299e-05, -3.9638e-06, -5.2157e-05,  4.8064e-05,
         -7.2038e-07,  1.5437e-05, -4.1360e-05,  1.1015e-05,  2.0831e-04,
          1.8943e-05, -2.1016e-05, -3.2870e-06, -7.1539e-03, -5.5971e-04,
         -3.7182e-06,  2.4920e-03, -9.0436e-05, -2.0212e-04, -1.4731e-04,
          8.9748e-06,  8.8302e-06,  1.8724e-05]], device='cuda:0'))])
end of epoch 50: val_loss 0.0008415920978145408, val_acc 1.0
trigger times: 1
end of epoch 51: val_loss 0.0, val_acc 1.0
trigger times: 0
saving model weights...
Weights: OrderedDict([('fcs.0.weight', tensor([[-2.8186e-04,  6.7494e-05,  9.6554e-04,  ..., -1.5788e-05,
          1.9338e-03,  5.8865e-04],
        [ 1.2337e-01,  1.5545e-01,  1.8093e-01,  ...,  2.2684e-04,
          1.1812e-03, -4.8964e-04],
        [-2.5208e-04, -1.4527e-05,  1.3151e-04,  ...,  6.2154e-04,
         -1.0995e-03,  5.8862e-04],
        ...,
        [ 4.2906e-04, -2.4716e-04, -1.5502e-03,  ...,  2.3387e-04,
          1.6896e-03,  1.6949e-03],
        [-4.3760e-05,  8.3077e-05,  1.2661e-03,  ..., -8.8160e-04,
         -5.8275e-04,  6.5056e-04],
        [-1.1517e-04, -2.6107e-04,  6.1516e-04,  ..., -5.6742e-04,
         -1.0024e-03,  6.1021e-04]], device='cuda:0')), ('fcs.0.bias', tensor([-5.0732e-04,  1.4212e-01,  6.2518e-05,  7.6486e-06, -1.9871e-04,
         1.4785e-01,  1.2710e-04, -2.3201e-01, -2.1534e-01, -2.7978e-01,
        -2.5919e-01,  6.1779e-05, -1.8249e-01,  1.6550e-01,  3.2975e-04,
        -4.0704e-04, -4.4600e-04,  6.6439e-04,  2.5836e-01, -1.5825e-01,
        -1.8082e-01, -2.1089e-01, -9.9175e-04, -4.5156e-04, -1.4951e-04,
         7.1168e-05, -5.2582e-05,  5.8645e-04,  2.0541e-04,  1.1761e-04,
        -5.2551e-02, -1.8576e-01,  3.8761e-03, -2.0385e-04,  2.0754e-05,
        -1.1773e-06, -7.0154e-05,  2.7053e-01,  7.7535e-04,  1.7897e-04,
        -6.1693e-05, -2.5188e-04, -1.9918e-01,  2.8232e-04, -2.2554e-01,
         3.6233e-05, -9.9053e-04, -1.7305e-03, -9.2624e-05,  1.8232e-05,
         1.3562e-04,  9.5125e-05,  2.2770e-03, -7.8818e-04, -1.7114e-03,
        -2.6661e-01,  5.9082e-05,  3.4425e-05,  1.4226e-03, -1.6013e-04,
        -1.9533e-01, -1.7926e-03, -5.9237e-05,  5.2019e-04, -1.9025e-04,
         1.6226e-01, -1.4920e-04, -6.5813e-04,  3.6260e-05, -1.5287e-01,
        -2.6231e-06, -2.4276e-01, -5.3772e-04, -2.5348e-01,  2.7140e-01,
        -2.1453e-05, -5.7584e-04,  1.8260e-04, -9.8892e-04, -2.3612e-01,
        -2.1522e-01,  1.3421e-04,  8.6801e-05, -2.2414e-01,  7.4765e-04,
         2.0810e-03,  2.2256e-01,  1.4921e-03, -4.6584e-05,  1.6547e-04,
        -6.6377e-05,  1.8087e-04, -5.3707e-04, -1.3399e-04,  2.2261e-01,
         5.0038e-05, -3.2393e-01, -1.4058e-04,  9.0519e-05,  8.5427e-04,
         1.6797e-05,  6.9285e-04,  1.7565e-01, -5.1174e-05,  2.6029e-04,
        -7.9858e-05, -1.6897e-04, -6.8794e-04, -5.7799e-04, -1.4375e-04,
         9.1022e-05,  9.7949e-04, -6.9359e-02, -7.9808e-06, -2.9317e-01,
         1.7667e-04, -1.9083e-04,  5.1898e-04, -3.6167e-04, -6.7454e-04,
        -2.5575e-01,  2.9266e-04,  1.2785e-01, -3.2957e-01, -3.4084e-05,
         1.1628e-03, -2.2852e-03,  1.1645e-04], device='cuda:0')), ('fcs.1.weight', tensor([[-7.4159e-05,  9.4653e-02, -3.0645e-05,  5.3591e-02, -1.9442e-04,
          2.6961e-01, -1.3545e-01,  4.2038e-02, -2.7516e-05,  1.1328e-01,
          1.1407e-01, -6.7982e-04, -1.0881e-05, -1.3741e-02,  3.6611e-06,
         -2.5888e-05,  4.0501e-05, -8.1840e-05,  4.6562e-07, -1.1312e-05,
          7.5212e-05, -6.6223e-06,  8.3292e-04,  2.7726e-04,  1.8994e-03,
          7.7836e-05, -3.1394e-02, -1.1304e-04,  1.1751e-04, -5.3430e-06,
         -9.3589e-02,  8.6418e-02,  2.4924e-04, -4.3057e-05,  3.1815e-02,
         -2.4970e-05, -7.2193e-02,  2.1655e+00,  6.4126e-04,  7.6290e-05,
          2.3048e-02,  8.3039e-04,  1.1282e-05,  1.0815e-01, -1.2187e-04,
          1.4231e-01,  8.0410e-05,  2.2650e-01,  1.8048e-04,  1.5159e-04,
          7.3929e-06, -1.9175e-02, -1.5184e-05,  6.5492e-05, -2.1702e-05,
         -2.9272e-01,  3.0404e-05,  2.2375e-05, -5.9513e-04, -2.6221e-02,
         -4.9764e-02, -1.0457e-05,  1.7198e-02,  4.2619e-04, -4.5491e-05,
         -3.4240e-02, -6.2760e-05, -1.3870e-01, -2.8350e-04, -5.3298e-06,
          6.1587e-05,  8.2070e-02, -1.9072e-05, -6.1160e-02, -2.9039e-01,
          5.6977e-02, -1.3866e-04, -1.0926e-04, -4.3110e-05,  2.5715e-06,
          1.6217e-05, -2.7770e-04, -2.7576e-03, -1.0136e-01, -2.0748e-05,
          4.9146e-05,  1.5658e-01,  1.3042e-04,  8.6766e-02,  4.8801e-02,
          4.7251e-04, -5.1436e-05,  1.2819e-01,  6.7398e-04,  7.4004e-02,
          1.1679e-01, -8.8881e-02, -1.7789e-05,  4.6179e-05,  1.5176e-05,
         -2.4999e-02, -2.1123e-04,  1.2022e-01, -2.5361e-04,  3.2786e-05,
          1.1610e-04, -1.2484e-05,  6.7756e-05,  2.1207e-04, -8.4253e-05,
         -3.4430e-05,  2.1283e-05,  3.8903e-02,  3.8213e-05, -3.1775e-01,
         -1.2799e-04, -3.8593e-04, -1.6673e-05, -4.8569e-05,  2.2242e-03,
          1.0236e-01,  6.6442e-03, -2.6106e-02,  1.2090e-01,  6.3086e-02,
          3.9821e-06,  1.7719e-05, -6.4836e-05]], device='cuda:0'))])
end of epoch 52: val_loss 8.809178689261898e-07, val_acc 1.0
trigger times: 1
end of epoch 53: val_loss 0.005616029342453466, val_acc 0.995
trigger times: 2
end of epoch 54: val_loss 1.0267544412612915, val_acc 0.97
trigger times: 3
end of epoch 55: val_loss 0.0, val_acc 1.0
trigger times: 0
saving model weights...
Weights: OrderedDict([('fcs.0.weight', tensor([[-6.6497e-05, -9.2490e-05,  1.1696e-03,  ...,  8.3625e-04,
         -1.9345e-04, -6.8949e-04],
        [ 5.2713e-04,  3.2599e-04, -5.3258e-04,  ...,  2.1538e-03,
          1.2677e-03,  8.0911e-05],
        [ 8.9963e-06, -1.2530e-04,  1.0710e-04,  ..., -2.9142e-04,
          1.2961e-03, -8.4897e-04],
        ...,
        [-1.3547e-03,  2.8545e-05, -1.3044e-05,  ...,  3.0667e-04,
         -4.1118e-04, -1.5167e-03],
        [ 8.7977e-05, -5.1528e-05, -1.4385e-04,  ..., -2.1448e-04,
         -1.2167e-03,  4.1622e-04],
        [-3.0517e-05,  5.5867e-05, -2.5005e-04,  ...,  1.7682e-04,
         -2.5185e-04, -1.0741e-03]], device='cuda:0')), ('fcs.0.bias', tensor([ 5.2673e-05, -4.7173e-04,  6.5027e-05, -3.3689e-04,  1.5483e-04,
         3.2970e-04,  3.9885e-04, -2.2718e-05,  2.5684e-04, -3.0589e-04,
        -3.3840e-04,  2.4670e-04, -1.1913e-04, -3.0638e-04,  6.3564e-05,
        -7.1804e-02, -7.6391e-06,  4.5769e-04,  7.9074e-04,  5.5838e-05,
        -2.2633e-04,  1.0669e-04, -2.8962e-04, -9.7032e-05, -7.0483e-04,
         1.2079e-04, -7.3896e-05,  1.1018e-03, -3.6861e-05, -1.8967e-05,
        -1.1784e-03,  6.4367e-04,  4.5197e-05, -1.7286e-01,  3.8919e-04,
         1.4486e-03,  1.0345e-03,  1.0415e-01,  3.3975e-04, -3.0936e-05,
         1.1272e-03, -7.1086e-04,  7.2384e-04, -1.0444e-03, -8.7287e-05,
        -5.0555e-04, -1.6072e-02, -8.6458e-04, -3.5479e-04,  9.5206e-05,
         1.7024e-05, -2.1376e-03,  2.2811e-05, -3.5003e-05,  5.0870e-05,
        -7.9533e-02,  1.9990e-03,  9.9285e-05, -2.3781e-04,  6.1090e-05,
        -1.3020e-04, -1.9103e-04,  1.0737e-03, -2.5392e-05,  1.2920e-03,
        -8.7143e-04, -9.1611e-06,  1.9129e-03,  1.0526e-05, -3.3437e-05,
        -4.7219e-04, -8.9034e-05, -6.4454e-04,  1.8452e-05, -2.9707e-04,
        -8.4590e-04, -2.4605e-04,  7.7325e-05,  5.2779e-05,  1.0280e-04,
        -5.8588e-06,  8.7793e-04,  1.7728e-03, -8.3742e-05,  1.2995e-05,
        -2.2756e-04,  7.4285e-04, -5.9728e-04,  6.0457e-04,  1.2567e-03,
        -3.3748e-02, -7.1818e-05, -6.2961e-05,  4.8245e-05, -5.3629e-05,
        -2.2940e-04, -1.1691e-04,  1.4263e-04, -1.2632e-04, -6.3164e-04,
        -8.7280e-04,  2.4010e-04, -4.0762e-05,  3.5224e-06,  7.3487e-05,
        -2.4065e-04, -1.0468e-05, -9.9864e-02, -1.3888e-04,  2.3705e-04,
         2.0468e-04,  1.9148e-04, -9.5468e-05, -1.1929e-05,  7.6934e-06,
        -2.0944e-04,  1.2847e-05,  2.6663e-04, -7.4813e-06, -6.8396e-05,
         1.8700e-04,  1.1538e-03, -9.9106e-04,  7.0529e-04,  3.9743e-04,
        -1.2481e-04,  2.6873e-04, -2.0696e-05], device='cuda:0')), ('fcs.1.weight', tensor([[-6.9931e-04,  1.1532e-04, -8.2238e-05, -1.6236e-04, -2.4083e-04,
          5.8706e-04, -1.6169e-04, -5.5528e-05, -1.6489e-03,  5.8272e-05,
         -8.2345e-04, -6.4375e-05,  2.7450e-05,  1.4029e-07, -6.4569e-06,
         -8.9409e-06, -1.3826e-03,  1.5773e-05,  1.2243e-04, -2.4253e-05,
          9.2343e-06, -4.9437e-06,  6.2771e-04,  5.6006e-06,  1.3232e-04,
         -1.0336e-05,  3.0940e-05,  1.8094e-03, -1.5239e-05, -1.4947e-05,
          5.8827e-05, -2.1132e-04,  1.8004e-01,  1.3185e-05, -9.0009e-04,
          2.6779e-05, -1.5835e-04,  1.6074e+00,  7.7939e-06,  4.7462e-06,
          1.2263e-04, -1.1521e-04,  1.0904e-05, -1.8154e-04, -6.6341e-06,
          2.6306e-04,  4.0052e-05,  3.0465e-04,  5.5427e-04, -1.7405e-03,
         -1.1731e-02,  3.3307e-04, -1.3345e-05, -1.1193e-01,  5.2019e-04,
         -5.6852e-02, -4.9090e-04,  1.2402e-05,  8.3374e-07, -4.0061e-05,
         -2.9007e-04, -5.9441e-06,  3.2279e-05, -1.3557e-05,  6.1332e-04,
         -9.8439e-05,  6.5011e-02, -1.5358e-04,  1.0859e-05, -1.2801e-05,
          1.3567e-05,  1.5928e-04, -2.4429e-05, -6.6585e-05, -2.2851e-05,
          5.4385e-04,  2.8528e-05, -1.2757e-05,  2.4636e-05,  4.2467e-05,
          5.0995e-05,  1.5503e-07, -7.9681e-05, -2.4481e-05, -1.7592e-05,
          1.1233e-05, -2.1757e-04, -7.0524e-06,  3.1653e-04,  1.8151e-04,
          3.6140e-02,  1.0817e-04,  4.7681e-04,  3.7094e-02, -2.0051e-04,
         -9.4706e-05, -1.2300e-05, -7.0561e-05,  3.2901e-05, -3.2880e-03,
          9.3431e-05, -6.3452e-06, -1.7818e-04, -2.8206e-05, -3.0737e-05,
          8.4797e-02,  3.5270e-07, -1.4323e-01,  1.3985e-05, -5.7389e-04,
         -1.1930e-01, -6.3358e-01,  1.5714e-05,  8.3479e-05, -1.8879e-04,
         -1.3102e-02, -1.3071e-04,  2.4432e-04, -7.9223e-05,  2.3373e-05,
          7.5053e-06,  2.5761e-04,  1.2354e-04, -1.7450e-04,  1.6264e-04,
         -5.5470e-06, -7.9863e-06,  1.8893e-05]], device='cuda:0'))])
end of epoch 56: val_loss 0.00016678847284936181, val_acc 1.0
trigger times: 1
end of epoch 57: val_loss 3.886752761900425e-05, val_acc 1.0
trigger times: 2
end of epoch 58: val_loss 0.0032643569880637102, val_acc 1.0
trigger times: 3
end of epoch 59: val_loss 1.0728824690886541e-08, val_acc 1.0
trigger times: 4
end of epoch 60: val_loss 0.0003906102965362024, val_acc 1.0
trigger times: 5
end of epoch 61: val_loss 1.0728831796313899e-08, val_acc 1.0
trigger times: 6
end of epoch 62: val_loss 0.004083185150029891, val_acc 1.0
trigger times: 7
end of epoch 63: val_loss 0.2119905140250921, val_acc 0.985
trigger times: 8
end of epoch 64: val_loss 0.0002747602947053451, val_acc 1.0
trigger times: 9
end of epoch 65: val_loss 0.0001448096303952795, val_acc 1.0
trigger times: 10
Early stopping.
0 -68.21354946494102 -191.10004520678868
1 -69.49586719274521 -189.05007017278314
2 -74.80907437205315 -187.50220085194994
3 -63.024326637387276 -180.24009179391223
4 -63.5306184142828 -171.9613792356186
5 -52.62509062886238 -169.3817016847894
6 -60.935368955135345 -167.87631268052303
7 -74.29986876249313 -164.27567046290412
8 -71.14980950951576 -163.76742236654098
9 -53.66277436167002 -156.0786895876365
10 -61.38266098499298 -155.22804551507866
11 -57.42024786770344 -145.29002069283715
12 -59.55572474002838 -142.86657280197298
13 -37.40171733498573 -142.75441848091938
14 -45.33810153603554 -136.98962801176134
15 -56.271007016301155 -132.4813576990395
16 -34.75423355400562 -130.98347157271724
17 -53.68046209216118 -118.2436222554584
18 -31.65402413753327 -117.38411415155902
19 -53.29364366829395 -116.97382686219106
20 -36.29639917612076 -115.06704102317899
21 -25.125809962046333 -112.47832645551227
22 -45.87852755188942 -103.24187681049156
23 -26.13990681854193 -99.7422752992134
24 -10.802801687430474 -98.18526661663928
25 -24.031371066812426 -88.94674758091466
26 -15.881960257422179 -85.88346861832474
27 -7.176603821571916 -79.38307722218848
28 -11.72302202883293 -79.25112655387144
29 -29.812760274289758 -73.50697855948762
30 -25.374291903339326 -72.69803191552006
31 -13.131892977049574 -71.37326168319514
32 -20.636672355001792 -68.27187815304366
33 -16.357369344012113 -65.42298162776466
34 -13.378507865301799 -65.35816021006309
35 -11.163694995775586 -49.3186741604369
36 -34.07921780226752 -17.325441617065966
37 -9.766576737718424 -4.374511275254108
38 -10.146470423904248 -0.4258658969524013
39 -20.951820186106488 9.108146753357724
40 -15.6429164430956 17.732630180500013
41 -3.115600570461538 40.64550156746333
42 -5.365610934716642 41.11774838972275
43 -12.175235419621458 48.64917674484657
44 -6.157577578822384 52.50260039838799
45 -6.810262216255069 52.54502852695255
46 -5.149306593928486 59.52827491841281
47 -4.263414373621345 63.45606316769021
48 -2.648657176090637 66.31570758515764
49 -18.040718932636082 67.13050507695384
50 2.9386845282278955 72.16624272108386
51 -17.315305550873745 79.16074531670823
52 -14.555641612852924 84.19837606184075
53 -11.803316758188885 89.30707154325768
54 -13.355447532667313 90.2698850730257
55 -10.50038855173625 90.28646231697512
56 -3.987029517244082 90.32667007477052
57 1.8442273559203386 91.18021498086692
58 -1.7663548312848434 92.38187517969644
59 -12.589824070222676 92.67153902025292
60 -11.392356188385747 93.69474938898811
61 -1.0218605388654396 93.86112859581364
62 -11.608747359132394 95.24073532592021
63 -9.544928946183063 95.3630101766082
64 -9.562107241828926 96.09581961281374
65 -7.554602184332907 97.90553231413178
66 -8.616471752640791 98.07644230926206
67 -8.658386272174539 98.35872828331676
68 -10.680792568135075 98.57334710000995
69 -9.498053054674529 98.77895390936838
70 -8.087877146317624 99.10163703819775
71 -11.458680011157412 99.47183807834362
72 -8.508258853889856 101.36707045382526
73 -9.318169650505297 102.70820969163083
74 -8.704176687977451 103.61971441966246
75 -6.7980814272596035 104.00039883786899
76 -5.9587518472690135 104.94014608739957
77 -6.5781011343351565 105.28448326377394
78 -4.264743347885087 105.60678192821229
79 -4.365275546733756 106.95774051225432
80 -5.236227846064139 107.03525723063939
81 -3.858117123832926 107.05410485829283
82 -1.218105942942202 107.36477417456501
83 -2.955249367369106 107.72369032284489
84 -5.663848321084515 107.78006757763964
85 -5.278973607288208 107.99397435655325
86 -3.9671719198086066 108.08910889221833
87 -6.36742069455795 108.09776529440465
88 -2.343545426847413 108.24033506535473
89 -1.7117493015430227 109.15712102315346
90 -2.61725090444088 109.71287331230647
91 -2.854630903340876 110.25063890779474
92 -3.032310568029061 110.45880856467717
93 -1.4053558377781883 110.48639228144049
94 -3.1718710886780173 111.92877271779909
95 -2.831942614458967 112.29467419620224
96 -2.528564853419084 112.73910566375015
97 -1.3529292902094312 112.98274531176438
98 0.135358277708292 113.84616479719523
99 3.4766478309175 114.84612239587612
100 -3.428643226157874 115.08707834021696
101 2.6209677108563483 115.41025719446112
102 0.9335028589703143 115.5646624637931
103 0.6316654868423939 115.87882502857741
104 -2.3944359132729005 116.51927592390606
105 -0.42126335809007287 116.69939038222442
106 -0.3564033299917355 117.18809854794453
107 0.003811610942648258 117.29357601720739
108 2.342779565806268 117.43241923864416
109 -0.7287869323627092 119.84073495876005
110 5.078515071189031 122.74776106687673
111 3.671221530472394 124.10172315382671
112 4.855235157752759 124.42382576156477
113 5.989829234720673 124.48179570258212
114 4.105032899416983 125.2590893824027
115 2.7840551872504875 125.30457667780085
116 5.653931817389093 125.43458549438884
117 8.741023160953773 129.13346806288703
118 8.8375679992605 129.67718524437547
119 11.190481598954648 131.40806576766226
train accuracy: 1.0
validation accuracy: 1.0
