demo lengths 200
demos: (120, 200, 13)
demo_rewards: (120,)
[-191.10004521 -189.05007017 -187.50220085 -180.24009179 -171.96137924
 -169.38170168 -167.87631268 -164.27567046 -163.76742237 -156.07868959
 -155.22804552 -145.29002069 -142.8665728  -142.75441848 -136.98962801
 -132.4813577  -130.98347157 -118.24362226 -117.38411415 -116.97382686
 -115.06704102 -112.47832646 -103.24187681  -99.7422753   -98.18526662
  -88.94674758  -85.88346862  -79.38307722  -79.25112655  -73.50697856
  -72.69803192  -71.37326168  -68.27187815  -65.42298163  -65.35816021
  -49.31867416  -17.32544162   -4.37451128   -0.4258659     9.10814675
   17.73263018   40.64550157   41.11774839   48.64917674   52.5026004
   52.54502853   59.52827492   63.45606317   66.31570759   67.13050508
   72.16624272   79.16074532   84.19837606   89.30707154   90.26988507
   90.28646232   90.32667007   91.18021498   92.38187518   92.67153902
   93.69474939   93.8611286    95.24073533   95.36301018   96.09581961
   97.90553231   98.07644231   98.35872828   98.5733471    98.77895391
   99.10163704   99.47183808  101.36707045  102.70820969  103.61971442
  104.00039884  104.94014609  105.28448326  105.60678193  106.95774051
  107.03525723  107.05410486  107.36477417  107.72369032  107.78006758
  107.99397436  108.08910889  108.09776529  108.24033507  109.15712102
  109.71287331  110.25063891  110.45880856  110.48639228  111.92877272
  112.2946742   112.73910566  112.98274531  113.8461648   114.8461224
  115.08707834  115.41025719  115.56466246  115.87882503  116.51927592
  116.69939038  117.18809855  117.29357602  117.43241924  119.84073496
  122.74776107  124.10172315  124.42382576  124.4817957   125.25908938
  125.30457668  125.43458549  129.13346806  129.67718524  131.40806577]
maximum traj length 200
num training_obs 1800
num training_labels 1800
num val_obs 200
num val_labels 200
ModuleList(
  (0): Linear(in_features=13, out_features=128, bias=True)
  (1): Linear(in_features=128, out_features=128, bias=True)
  (2): Linear(in_features=128, out_features=1, bias=False)
)
device: cuda:0
end of epoch 0: val_loss 3.054649687043675, val_acc 0.945
trigger times: 0
saving model weights...
Weights: OrderedDict([('fcs.0.weight', tensor([[-1.6268e-01,  6.5933e-03, -2.7626e-02,  ..., -3.4279e-03,
          1.8698e-03, -1.8732e-03],
        [ 8.8162e-03,  2.2324e-03,  6.3464e-04,  ..., -1.6426e-03,
          3.0232e-03, -4.8791e-04],
        [-1.7049e-04,  1.8075e-05, -2.1726e-04,  ...,  9.8738e-05,
         -2.8007e-04, -2.4715e-05],
        ...,
        [ 3.7830e-04,  4.9453e-04,  9.8091e-04,  ..., -1.2967e-03,
          1.0448e-04,  1.5541e-03],
        [-8.0834e-03, -1.8124e-01, -1.7632e-03,  ..., -7.2460e-03,
          2.0569e-03,  2.5246e-03],
        [-2.5104e-04,  3.4636e-04, -3.5096e-04,  ..., -1.7604e-04,
         -1.9231e-05, -6.5070e-05]], device='cuda:0')), ('fcs.0.bias', tensor([-1.2975e-01,  1.0347e-02, -1.8788e-04, -1.9780e-04, -3.8776e-05,
         7.6569e-07,  1.1930e-02,  5.8073e-02, -1.3802e-01,  4.7468e-01,
         1.3618e-03,  3.1875e-01, -7.9354e-06, -9.7554e-03, -1.3832e-01,
         5.6229e-04,  1.7102e-03,  8.3545e-05,  1.1256e-02, -3.8307e-04,
         4.1467e-02, -1.8297e-04, -1.0860e-02,  4.2684e-01, -1.6853e-01,
        -1.7076e-02,  3.2674e-02, -2.1665e-02, -1.6784e-01,  1.1862e-03,
         3.4446e-01,  4.6682e-05,  1.1502e-04, -3.5261e-04,  1.3935e-01,
         5.3569e-04, -5.7921e-03, -1.0621e-04,  2.1065e-02,  1.8639e-04,
         3.0725e-02,  3.8767e-04,  6.3199e-04,  5.5400e-03, -9.9082e-05,
        -5.0753e-04, -7.1182e-02, -1.3502e-03, -9.9775e-06,  1.4283e-04,
        -4.4559e-04, -5.0991e-04,  4.7614e-04, -1.2532e-03,  1.7479e-04,
        -3.5164e-04, -4.1313e-04, -1.2158e-01,  6.2104e-05, -1.0726e-01,
        -4.5462e-04,  9.8341e-04,  1.2886e-03, -2.6263e-04,  5.3634e-05,
         5.8915e-01,  4.3288e-01, -5.0124e-04, -1.4719e-04, -1.6813e-01,
        -1.4275e-04,  5.2000e-04, -5.0841e-05,  1.8370e-01,  7.8022e-02,
        -4.6330e-02,  5.3660e-01, -9.7383e-03, -4.0936e-02, -6.5066e-02,
         3.2233e-03, -2.8754e-02, -2.4338e-01,  2.8601e-04,  2.9822e-01,
         8.8713e-04,  1.7333e-06,  2.0791e-03, -7.6810e-05,  1.2896e-03,
         2.6549e-05,  1.4607e-04,  8.1229e-05, -5.6035e-03, -4.8553e-04,
         1.0883e-03, -3.2343e-02,  8.4753e-05, -7.6200e-04, -1.8322e-04,
        -2.5729e-01, -5.6501e-02,  1.1431e-02,  1.7356e-04, -1.5952e-01,
         2.5943e-02, -2.6520e-04, -1.7555e-02,  4.2337e-02, -2.7491e-04,
         1.0436e-03, -1.0363e-04,  1.4165e-03, -9.7380e-04, -2.2068e-04,
         3.5683e-01,  7.6497e-04, -3.1552e-05,  8.8750e-04,  3.8601e-04,
         2.7199e-03, -1.5942e-01,  2.9036e-04, -3.0835e-04,  8.4108e-05,
         5.8065e-04, -4.4956e-02, -2.5590e-04], device='cuda:0')), ('fcs.1.weight', tensor([[ 4.4989e-04,  4.7014e-04, -2.8440e-04,  ...,  2.2500e-03,
         -1.6951e-03, -6.4497e-04],
        [-1.5159e-03, -2.5642e-03,  1.0482e-03,  ...,  2.0005e-03,
          9.6903e-04, -5.2501e-04],
        [-1.7537e-02, -2.7944e-04,  5.2491e-05,  ..., -7.3942e-04,
         -4.9386e-02,  1.5587e-04],
        ...,
        [-7.3873e-04,  1.3136e-03,  1.6139e-04,  ..., -6.6960e-05,
         -2.0765e-03,  5.0583e-04],
        [-1.1140e-03,  1.7778e-03,  1.7723e-04,  ...,  7.7245e-04,
          1.3760e-03, -6.4561e-04],
        [-1.2030e-02,  6.7890e-04,  3.7087e-04,  ...,  1.4329e-03,
          1.6420e-03, -5.1561e-04]], device='cuda:0')), ('fcs.1.bias', tensor([ 1.7375e-04, -2.1872e-01, -3.1072e-01, -9.7315e-04, -2.9795e-04,
         1.1843e-03,  1.7685e-03, -2.1037e-01, -9.0356e-04, -9.7676e-04,
        -8.0351e-04,  1.2215e-03, -1.3872e-03,  6.7023e-03, -2.2492e-03,
        -7.3131e-04,  9.8495e-04, -3.6610e-05, -1.1135e-04,  1.4680e-01,
        -1.0449e-01,  5.7888e-04,  7.2089e-05,  3.5821e-05, -9.4727e-05,
        -4.0670e-02,  1.2931e-04,  3.9332e-02, -2.3441e-04, -1.4863e-02,
        -2.5676e-04,  2.2172e-03,  1.9431e-04,  1.6608e-03, -2.5143e-01,
        -7.6918e-04, -2.3315e-05, -1.6036e-03, -2.4922e-03,  1.4461e-04,
         1.6346e-04,  3.0674e-04,  8.4011e-04, -1.0932e-01,  1.8072e-02,
        -2.2798e-01, -8.5120e-04,  8.7655e-02, -1.7974e-02,  2.7678e-04,
         1.3673e-03, -2.4884e-03, -1.3637e-03, -2.0004e-01, -9.0511e-03,
         3.4744e-05, -3.4581e-04,  1.1617e-02, -1.6288e-04, -9.0599e-05,
         7.5773e-04, -2.9373e-03, -3.3858e-03, -1.2936e-01, -1.9980e-04,
        -6.0693e-05, -3.4987e-04, -1.4110e-04,  1.0417e-02,  7.5690e-02,
        -2.7745e-01, -2.9047e-03, -1.9906e-04,  1.5209e-04,  1.3499e-04,
        -1.7886e-03, -2.1166e-01, -1.1228e-02, -3.1671e-03,  2.1173e-04,
        -1.1366e-01, -3.8444e-04,  6.0440e-04, -9.8287e-05, -8.1978e-05,
        -6.0823e-05,  1.7857e-04,  2.3372e-04,  2.5020e-04, -1.0073e-01,
        -3.4366e-03,  1.9582e-05,  2.1169e-03,  4.7251e-03,  1.8346e-01,
        -6.0744e-03,  4.5553e-03, -7.3906e-05,  1.5673e-03, -1.0271e-03,
         3.1097e-02, -7.4656e-02, -4.2239e-05,  2.1390e-04, -1.0596e-03,
         2.7748e-03, -3.2708e-01,  1.0362e-03,  1.4388e-03,  5.8484e-05,
        -3.8529e-04,  1.7208e-02,  1.2331e-04,  3.9389e-03,  2.7554e-04,
        -2.9376e-02, -4.8824e-04, -5.6137e-02,  6.8835e-05,  2.0749e-02,
        -1.5064e-03, -2.4066e-01,  2.4517e-01,  3.9869e-05, -2.5054e-01,
        -1.6182e-04, -2.2676e-04,  4.0939e-02], device='cuda:0')), ('fcs.2.weight', tensor([[-5.6590e-04, -4.4554e-02,  3.3790e-01,  4.2427e-03,  1.1968e-01,
          1.3658e-04, -4.4921e-02, -2.2132e-01, -2.3235e-01, -6.7311e-04,
          1.2611e-04,  3.6536e-01,  3.8982e-01, -2.8674e-01,  2.5568e-02,
         -3.6753e-02, -3.4224e-04, -1.3114e-04,  1.0755e-03, -2.2891e-02,
         -1.6901e-01, -4.9885e-02, -4.3644e-04, -2.2029e-02, -1.6460e-04,
         -1.4764e-02, -2.9607e-07, -1.1377e-01, -1.6032e-04,  3.1725e-01,
         -9.3797e-03,  1.5747e-01,  2.8524e-04, -1.2668e-01, -8.6990e-02,
         -1.2748e-03,  5.3887e-03, -8.8467e-02,  1.0852e-01,  5.7228e-04,
         -4.0581e-04,  2.0223e-04, -1.0840e-02,  7.3721e-02, -6.3166e-03,
         -1.8742e-01, -8.4648e-04,  5.1481e-01, -2.1696e-01,  1.5038e-03,
         -4.5418e-02, -7.1683e-02, -2.2792e-03,  1.0910e-02,  1.6432e-01,
          6.1605e-04,  1.0828e-03, -1.9273e-01, -6.4921e-02, -1.5160e-03,
          1.5359e-03, -7.1002e-02,  1.5886e-02, -8.1742e-02,  6.6070e-03,
          1.6792e-04, -1.2256e-05, -1.1013e-05,  1.6690e-01, -3.9287e-01,
          1.4316e-01,  1.2767e-01,  1.7287e-05, -7.7671e-03, -1.5845e-05,
         -9.8554e-02,  1.3248e-02,  6.8759e-02, -3.0910e-03,  3.5504e-02,
          1.8042e-02, -2.3493e-05,  1.1575e-03,  1.3450e-05, -8.1643e-05,
          4.2996e-02,  9.3860e-05,  1.0419e-03, -2.5118e-04,  2.0007e-01,
         -1.6983e-03,  4.0460e-04, -1.2445e-01,  3.0420e-02, -8.7068e-02,
          2.5184e-01, -1.9842e-02,  1.8943e-03, -3.6453e-02, -1.3578e-03,
         -3.2365e-01,  1.4195e-01,  2.4273e-05,  1.1762e-01, -1.3456e-03,
         -7.6693e-02,  1.3593e-01,  5.6371e-05,  4.0623e-01,  2.1287e-02,
         -2.5909e-04,  2.0598e-01, -2.3316e-03, -1.3317e-03,  1.9417e-04,
         -2.1433e-02,  3.8586e-05,  1.1443e-03,  8.8715e-04, -6.0907e-04,
          8.2010e-02,  2.7249e-01,  5.9803e-01, -7.8973e-03,  3.6161e-02,
          6.8703e-05, -5.2924e-02, -1.2693e-01]], device='cuda:0'))])
end of epoch 1: val_loss 0.0, val_acc 1.0
trigger times: 0
saving model weights...
Weights: OrderedDict([('fcs.0.weight', tensor([[-6.0503e-02, -3.0309e-05, -6.1581e-05,  ..., -6.4569e-04,
          1.5998e-04,  1.3074e-03],
        [ 6.0986e-06, -1.3432e-02,  2.1727e-05,  ...,  3.9409e-02,
         -2.2659e-05, -2.4328e-04],
        [-3.4611e-04, -6.1973e-05, -1.0055e-04,  ...,  5.7649e-05,
         -5.7630e-05,  1.0331e-03],
        ...,
        [ 5.6979e-01, -2.0730e-01,  5.2065e-02,  ...,  3.0313e-01,
         -8.2666e-05, -4.9244e-05],
        [ 2.2136e-01, -1.9494e-02,  4.4169e-05,  ..., -6.4417e-06,
          2.6601e-05, -6.9926e-05],
        [-4.0186e-04, -5.2351e-05, -6.4080e-04,  ..., -1.5745e-04,
          4.2390e-04, -1.8139e-03]], device='cuda:0')), ('fcs.0.bias', tensor([-6.2654e-02,  5.5617e-01, -2.4189e-04,  8.3330e-05,  3.9316e-04,
         2.1813e-04,  1.0892e-04,  5.5934e-01,  2.9710e-01, -6.3077e-05,
        -3.1913e-04, -1.7879e-01,  2.6066e-01, -2.5712e-04,  1.6247e-01,
         2.0596e-01, -4.9025e-02, -8.0462e-05,  1.5087e-04,  2.1469e-03,
        -1.4003e-01, -9.2329e-04,  2.7580e-01, -1.9626e-01,  2.3964e-04,
        -2.2967e-04, -8.4385e-02, -6.1687e-05,  1.9523e-01,  4.8339e-04,
        -1.6401e-01,  2.9716e-05,  9.2610e-04, -2.0988e-04,  1.8413e-01,
         2.6291e-05,  7.2772e-06, -1.4368e-03, -6.3417e-04,  6.3952e-04,
         1.1530e-03,  1.0819e-03, -8.0761e-04, -1.8538e-02, -1.0405e-01,
        -2.1899e-01, -4.9077e-02, -3.4384e-04, -6.3987e-05,  6.0333e-06,
        -6.4719e-05, -1.1519e-05,  3.3516e-01,  9.2999e-04, -1.6253e-01,
        -2.3213e-04, -1.2683e-04,  1.4077e-01, -6.0957e-04,  8.8489e-02,
         1.1869e-03, -1.2651e-01,  5.3668e-04,  6.8763e-01,  2.2488e-04,
         6.5787e-01,  1.2321e-01, -2.3414e-04, -2.0030e-02,  1.7500e-01,
         6.3281e-01, -1.8529e-01, -1.0751e-04, -1.0383e-04,  5.0441e-06,
        -2.6703e-02,  4.1669e-01,  4.0438e-05,  3.4799e-05,  5.1964e-01,
        -1.8675e-01, -1.0146e-04,  8.2829e-06,  4.7052e-04, -3.8696e-05,
        -6.4743e-02, -1.7406e-05,  8.6617e-04,  2.1140e-04, -9.3758e-04,
         4.4620e-05,  2.9090e-04, -6.7344e-05,  3.0024e-01, -3.9957e-06,
         1.5259e-01, -2.5155e-01, -1.8671e-01,  1.4280e-01,  1.6250e-05,
        -2.6974e-04, -3.1030e-05,  6.1543e-05,  1.4821e-01, -1.6692e-01,
        -1.0083e-03, -2.7697e-05, -8.0175e-06,  3.3534e-01,  3.8415e-05,
         3.5445e-04, -2.9828e-01, -1.7430e-05,  1.8345e-05, -8.1189e-04,
        -1.1595e-01,  1.3813e-01, -1.1831e-01,  3.2487e-04,  1.2864e-01,
         2.4395e-01,  2.4558e-01, -7.3685e-04,  1.0066e-04,  4.5226e-01,
         4.1882e-01,  3.9566e-01, -3.5352e-04], device='cuda:0')), ('fcs.1.weight', tensor([[-2.2872e-04,  6.0196e-05,  2.1703e-04,  ..., -7.0288e-02,
         -4.8882e-04, -1.0783e-03],
        [-1.4613e-03,  2.4154e-03,  9.9453e-04,  ..., -7.4614e-04,
          2.4339e-03, -5.4889e-04],
        [-4.1260e-04, -8.4556e-02,  2.7370e-04,  ..., -3.0973e-02,
         -2.8848e-01, -2.8377e-04],
        ...,
        [-7.6509e-04,  3.0377e-04,  3.7592e-04,  ..., -3.1747e-04,
         -5.6025e-04,  1.4523e-04],
        [ 1.2895e-03, -1.9358e-04,  2.5336e-04,  ...,  3.2751e-04,
          1.1052e-04, -1.0812e-03],
        [-6.5743e-04,  3.5529e-05,  7.4490e-05,  ..., -1.7476e-04,
          3.8318e-05,  1.2246e-03]], device='cuda:0')), ('fcs.1.bias', tensor([ 2.3046e-04, -7.3045e-06, -5.9067e-01, -2.9557e-05, -2.2620e-04,
        -1.1116e-06, -2.9856e-04, -1.3183e-04,  1.1839e-04, -1.2006e-04,
         1.4452e-04, -6.3557e-05,  5.0999e-05, -4.8961e-05, -6.4242e-04,
         7.2842e-05, -4.9201e-04,  6.4588e-04,  3.7354e-04, -4.7241e-07,
         7.5541e-04, -1.9776e-04, -2.0568e-04,  1.4979e-04,  1.0358e-03,
         9.6972e-04, -3.9712e-04, -4.0071e-04,  6.0322e-04, -4.2226e-05,
         2.4569e-05, -1.1388e-01, -1.2092e-04, -3.9875e-04, -1.4636e-04,
        -2.1698e-01, -5.8021e-04,  6.8069e-05, -2.2468e-04, -2.8979e-04,
         1.2558e-03,  9.5513e-04, -2.3616e-04, -7.0577e-04,  3.0393e-04,
         5.8661e-04,  8.3127e-04,  1.9578e-01,  7.9976e-05, -5.5587e-04,
         6.4153e-04,  2.4401e-04,  6.4840e-05,  6.0659e-05, -5.8904e-05,
         2.8561e-04,  4.7166e-04, -3.5369e-05, -1.9734e-01, -1.0662e-04,
        -6.6731e-04, -2.3517e-03, -8.0203e-05,  8.1718e-04,  1.4256e-03,
         2.2550e-05,  5.3722e-04, -5.7472e-04, -7.2503e-04,  2.0876e-04,
        -1.5316e-04,  7.5717e-05, -1.5729e-04, -5.0118e-04,  2.8464e-04,
         5.6874e-05, -4.8556e-04,  4.7946e-05, -5.7462e-04, -8.5476e-04,
        -1.1387e-05, -6.1663e-04, -4.4416e-04,  3.1248e-05, -7.1647e-04,
        -1.5732e-04, -6.7002e-04, -4.0729e-04,  1.1473e-03, -3.4111e-05,
        -2.3386e-04,  3.1613e-04,  7.9831e-05, -3.6979e-04,  5.9684e-04,
         1.4017e-01,  1.1218e-03, -1.3455e-01,  6.0866e-05, -9.7269e-05,
         1.1930e-04, -1.1098e-03, -1.4749e-04,  1.8252e-05, -6.1234e-04,
         1.8431e-04, -2.9182e-05,  1.2933e-01, -3.6241e-05, -2.7268e-05,
        -2.7692e-04, -1.5354e-04,  5.3919e-05, -1.8427e-05, -3.7145e-04,
        -5.7781e-04, -1.3090e-04,  3.4147e-04, -3.1182e-05, -6.6371e-05,
         1.5604e-04, -1.3083e-05, -5.8220e-01,  5.9182e-04,  4.8080e-04,
        -3.8605e-04,  5.3361e-04,  3.5834e-05], device='cuda:0')), ('fcs.2.weight', tensor([[ 3.5650e-02, -4.8004e-05,  4.6942e-01, -1.2593e-01,  1.3920e-04,
          2.9264e-02, -1.4533e-01, -5.1108e-06, -3.3926e-05,  7.8373e-06,
          9.8914e-02,  1.6604e-01,  2.1428e-01,  4.1688e-02, -4.9869e-04,
         -4.7375e-06, -9.4503e-03, -3.4980e-05, -2.3248e-05,  7.2019e-02,
         -6.7445e-02,  1.3634e-01, -2.9934e-03, -1.2717e-01,  6.2431e-05,
          8.6940e-05, -4.5306e-05,  2.6737e-05, -2.2074e-05,  2.6555e-01,
          9.5156e-02, -1.1293e-01, -2.1004e-01, -3.8452e-02, -6.2107e-04,
         -1.8644e-01,  4.5987e-08, -2.1974e-05,  8.8913e-02,  1.0524e-05,
          6.9341e-05,  1.4745e-05,  3.8651e-05,  2.0563e-04, -2.3374e-05,
         -2.9327e-04,  2.2448e-05,  3.9832e-01, -5.8239e-02,  3.1295e-05,
         -5.3078e-04,  1.0552e-01, -4.9992e-02,  4.6716e-02, -9.9896e-06,
         -1.5991e-01,  2.0861e-05, -7.7359e-02,  1.2865e-01,  2.8589e-06,
         -2.5456e-04, -1.7661e-04,  7.5980e-02,  4.8636e-04,  1.2307e-06,
         -4.8904e-05, -1.0305e-05,  1.0034e-01,  6.3676e-05, -9.2156e-03,
          2.6308e-05, -6.8496e-02, -2.9795e-05, -4.4463e-05, -6.5429e-06,
         -8.1786e-06,  7.2085e-04, -4.3225e-02,  6.8217e-05, -1.4938e-04,
          2.7687e-05,  2.8331e-04,  3.1795e-05, -6.3707e-05, -3.1788e-02,
          2.8774e-04, -8.6129e-06, -4.5860e-02,  1.5550e-05,  3.2281e-02,
          9.1714e-05, -1.4226e-01, -8.3292e-03,  4.5074e-04, -1.5082e-02,
          1.5752e-01,  3.2222e-04,  7.7966e-02, -4.0407e-02, -1.3613e-04,
         -1.1319e-02, -2.7194e-04,  1.4491e-06, -1.8870e-01, -5.4595e-05,
          9.1252e-02,  2.5809e-02, -3.9984e-02,  1.7354e-01, -3.7523e-02,
         -2.9787e-05, -1.8731e-04, -6.9169e-02, -7.4417e-05, -4.4408e-05,
         -1.7255e-05, -1.7012e-06,  6.4420e-02, -7.5459e-02,  6.1514e-07,
          2.1438e-03,  1.1646e-04,  7.7410e-01, -1.0832e-04,  2.6467e-05,
         -6.0685e-05,  1.5605e-05, -7.4587e-02]], device='cuda:0'))])
end of epoch 2: val_loss 0.0, val_acc 1.0
trigger times: 0
saving model weights...
Weights: OrderedDict([('fcs.0.weight', tensor([[ 9.6305e-05,  2.9819e-04, -2.4250e-04,  ..., -1.2738e-03,
          3.4785e-04,  1.3108e-03],
        [-3.6346e-07,  4.6307e-06,  5.2833e-05,  ...,  1.8543e-05,
         -7.0938e-05, -1.7567e-04],
        [-8.6400e-04, -1.0465e-04, -2.0276e-04,  ...,  6.3373e-04,
         -7.5277e-05,  1.2456e-03],
        ...,
        [ 2.4981e-01, -1.1479e-01, -2.1716e-05,  ..., -1.2918e-04,
          3.7365e-06,  1.2744e-04],
        [ 1.2342e-04,  3.5296e-06, -4.5208e-05,  ..., -1.8651e-04,
          7.2659e-05, -2.6379e-05],
        [-9.2023e-04, -1.9381e-05, -9.4919e-04,  ...,  4.6131e-04,
         -6.4648e-04, -2.1065e-03]], device='cuda:0')), ('fcs.0.bias', tensor([-4.8826e-05,  2.1523e-05, -4.5382e-04,  1.7889e-04, -2.8763e-04,
        -7.5199e-04,  2.7506e-04,  3.2506e-01, -5.8844e-06, -1.7966e-04,
        -5.3594e-04, -2.1574e-05,  1.7387e-06, -6.0188e-04, -2.1506e-04,
        -1.1964e-05, -1.4537e-05,  3.1804e-05,  2.7476e-04,  3.4969e-03,
        -4.4386e-05, -1.7624e-03,  1.4952e-01, -8.8027e-02,  1.1542e-03,
        -5.0430e-04,  1.6233e-05, -3.4146e-05,  6.6566e-02,  6.1360e-04,
        -2.4437e-05,  8.2096e-05,  6.4972e-04, -3.9664e-04,  1.4470e-04,
        -9.3122e-05,  3.5002e-05, -2.5665e-03, -1.0591e-03, -3.7949e-05,
         1.2811e-03,  2.6911e-05, -1.5035e-03, -1.6529e-05, -5.7774e-05,
        -1.8611e-02, -6.5648e-05, -6.9139e-04, -2.1227e-04,  9.4771e-05,
        -9.7666e-05,  6.5769e-05, -3.0946e-05,  1.5712e-03,  2.0783e-05,
        -4.5303e-04, -4.2541e-05,  3.0372e-05, -1.4222e-03,  2.0353e-04,
         1.7364e-03, -4.7777e-05,  6.4482e-04,  5.6493e-02,  2.5474e-04,
         2.3459e-01, -1.3780e-06, -2.3208e-05,  1.1595e-05,  4.2095e-02,
        -1.1431e-03, -4.4655e-06,  1.2677e-04,  2.2772e-04,  2.3767e-07,
         6.6227e-05, -1.5392e-04,  2.4882e-04,  9.8870e-05, -8.0965e-05,
         1.6084e-05, -2.3860e-04,  2.3598e-04,  1.0737e-03,  1.8758e-05,
        -6.9981e-06,  1.2945e-04,  1.5901e-03,  4.7237e-04, -1.4211e-03,
         1.0963e-04, -2.2815e-04,  2.2327e-04,  1.7896e-05,  6.2380e-06,
         4.3919e-06, -4.4144e-06, -3.1789e-05, -2.0581e-04,  4.2222e-05,
        -9.0998e-05, -4.6236e-06, -1.4779e-04,  4.3018e-05, -5.5531e-06,
        -1.2373e-03, -1.4025e-05, -6.9477e-05,  1.6581e-01,  8.7199e-05,
         1.2357e-03,  3.5730e-06,  1.8635e-05,  8.5378e-05, -5.3907e-04,
        -4.7843e-05, -1.6298e-04, -1.9996e-06,  6.0695e-04,  1.9523e-06,
         6.0976e-05,  1.4643e-05, -5.8332e-04, -8.8211e-05, -5.8774e-04,
         1.5365e-01, -1.5113e-04, -9.0339e-04], device='cuda:0')), ('fcs.1.weight', tensor([[-2.2833e-04,  3.3602e-04,  7.4358e-04,  ..., -2.1096e-04,
         -1.0794e-03, -1.2638e-03],
        [-1.4663e-03,  2.4837e-03, -3.2792e-04,  ..., -7.4577e-04,
          2.4392e-03, -5.5189e-04],
        [-5.2256e-04, -6.4012e-05,  6.5056e-04,  ...,  1.1849e-04,
         -1.4505e-05, -4.6510e-04],
        ...,
        [-7.6509e-04,  3.0504e-04,  5.0710e-04,  ..., -4.4738e-04,
         -6.5068e-04, -5.5806e-04],
        [ 1.3020e-03,  1.2447e-03,  4.6632e-04,  ...,  6.2644e-04,
          2.7520e-04, -1.6767e-03],
        [-6.7091e-04,  9.6181e-05,  7.9635e-05,  ..., -3.7763e-04,
          1.0000e-04,  1.2905e-03]], device='cuda:0')), ('fcs.1.bias', tensor([ 4.8320e-04, -2.7019e-05, -1.2943e-01,  5.6936e-04, -3.9100e-04,
        -4.6366e-05, -5.9634e-04,  1.7269e-04,  3.2192e-04, -2.8275e-04,
         2.9414e-04,  1.4628e-04,  9.7872e-05, -7.6964e-05, -6.6824e-04,
         1.4453e-04, -9.2592e-04,  6.6895e-04, -1.6427e-04, -1.7904e-04,
         1.3490e-03, -4.6801e-04, -4.7806e-04,  3.2938e-04,  1.8744e-03,
         1.7732e-03, -4.7707e-04, -6.3868e-04,  1.4584e-03, -9.4104e-05,
        -6.7361e-05,  1.8656e-05, -2.9061e-04, -8.5883e-04, -3.0865e-04,
        -9.4111e-05, -1.2631e-03,  7.8219e-05, -3.1328e-04, -6.1381e-04,
         2.5861e-03,  1.3964e-03, -5.5524e-04, -8.7258e-04, -2.9980e-04,
         1.2416e-03, -1.3560e-04,  4.1863e-06,  3.5352e-04, -1.5064e-03,
        -7.8859e-05,  4.9564e-04,  2.3290e-04,  1.9393e-04, -2.4452e-04,
        -5.4876e-04,  7.5067e-04, -6.5303e-05,  6.5913e-06,  2.4756e-04,
        -6.7262e-04,  2.6645e-04, -1.7707e-04,  1.0574e-03,  1.9775e-03,
         5.4152e-05,  7.1287e-04, -1.2547e-03, -1.1222e-03,  4.7767e-04,
        -3.7866e-04,  1.0654e-04,  1.1672e-03, -1.1147e-03,  5.7616e-04,
         1.5684e-04, -9.0356e-04,  1.5752e-04, -1.2078e-03, -1.1872e-03,
         8.6559e-04, -9.2638e-04, -4.8746e-04, -7.4271e-04, -1.4837e-03,
         1.7102e-04, -8.4237e-04, -9.3533e-04,  1.7147e-03,  2.4040e-05,
        -5.6674e-04,  3.9323e-04,  1.8036e-04, -5.7427e-04,  1.1401e-03,
        -4.4621e-05,  1.2970e-03,  1.6560e-05,  6.9233e-07,  4.7669e-04,
         4.0790e-04, -1.6164e-03, -3.6365e-04,  5.8985e-05, -8.2363e-04,
         3.1270e-04, -7.2760e-05,  9.9693e-05, -7.6688e-05, -4.7156e-05,
        -5.5869e-04, -2.2791e-04, -1.6826e-04, -3.4584e-05,  1.7326e-03,
         9.2931e-05, -4.2940e-04,  7.7497e-04, -6.4538e-05,  5.1226e-04,
         3.7057e-04, -8.3249e-05, -2.8361e-01,  7.3143e-04,  1.2175e-03,
        -6.0272e-04,  1.1091e-03,  4.2623e-05], device='cuda:0')), ('fcs.2.weight', tensor([[-2.8638e-05, -8.2994e-05,  2.8181e-01, -7.1272e-02,  3.1509e-04,
          3.2112e-07, -4.5222e-02, -1.1608e-05,  1.4272e-04,  2.1403e-05,
          2.5033e-02,  1.0462e-01,  1.5157e-01,  1.0921e-05, -4.4026e-04,
         -3.7342e-05,  1.0040e-05, -8.5165e-05, -6.1552e-05, -3.3072e-06,
          1.0410e-05, -1.2833e-05,  1.1298e-05, -2.0060e-02,  1.3871e-04,
          2.4129e-04, -1.2552e-04,  6.4711e-05, -9.6224e-05,  2.1103e-01,
          2.1677e-06, -1.6641e-05, -1.5789e-01, -3.4384e-05, -1.4799e-03,
         -5.4034e-03,  4.2809e-07,  5.0031e-05, -1.6838e-04,  3.1523e-05,
         -8.6851e-06,  3.1917e-05,  6.8995e-05,  4.0598e-04,  1.7403e-05,
         -7.4002e-04, -2.0948e-04,  3.2947e-01, -6.4661e-05,  1.5707e-04,
          4.5077e-06, -1.1972e-05,  1.4057e-05, -1.6496e-05, -1.9669e-05,
         -8.3886e-02,  4.6270e-05,  4.5963e-06, -1.2993e-05, -4.1104e-05,
         -6.2425e-04, -8.8902e-04,  1.2709e-05,  1.1901e-03, -5.9110e-05,
         -7.6011e-05, -1.9350e-06,  1.3271e-05,  2.5353e-04,  2.5023e-05,
         -1.1401e-04, -1.9604e-03, -1.7279e-05, -3.1640e-04, -2.9110e-04,
          1.2117e-05,  1.1934e-03,  1.7409e-05,  1.6042e-04, -5.5848e-04,
          7.8895e-06, -1.1241e-03,  7.5459e-05, -1.4743e-04,  4.8170e-06,
          5.1947e-04, -2.0407e-05,  4.0787e-06, -1.3626e-04, -2.8518e-06,
          2.1919e-04,  1.0467e-05, -6.4766e-06, -9.0869e-04,  6.1424e-06,
          1.0701e-01,  4.6775e-05,  1.4250e-05,  4.8305e-06, -3.3016e-04,
          9.2128e-06, -5.5853e-04, -1.0610e-04, -9.5502e-03, -1.2418e-04,
          2.3909e-05,  5.8034e-06, -8.5691e-05,  1.3168e-01, -8.5917e-06,
          7.4117e-06, -4.1471e-04, -1.2571e-07,  3.5051e-05,  9.4128e-05,
          4.4929e-05, -5.2421e-06,  1.2960e-04, -2.3343e-05, -2.6241e-05,
         -3.3873e-07,  5.8573e-04,  6.5527e-01, -2.1478e-04,  8.2838e-05,
         -2.0851e-05,  3.2732e-05,  7.2693e-06]], device='cuda:0'))])
end of epoch 3: val_loss 0.0036237527611386964, val_acc 1.0
trigger times: 1
end of epoch 4: val_loss 0.052379396827705024, val_acc 0.99
trigger times: 2
end of epoch 5: val_loss 0.0, val_acc 1.0
trigger times: 0
saving model weights...
Weights: OrderedDict([('fcs.0.weight', tensor([[ 1.3245e-01,  1.9451e-02, -3.6118e-02,  ...,  1.0793e+00,
         -5.2184e-01,  7.4176e-01],
        [ 4.3552e-05,  5.4786e-05, -3.5806e-04,  ...,  1.0478e-03,
         -6.6570e-04, -1.2007e-03],
        [-1.5785e-05, -1.2147e-04, -3.5350e-01,  ...,  1.2144e-04,
         -1.6206e-04, -1.0324e-04],
        ...,
        [-1.3044e-04, -1.5812e-04,  1.0280e-03,  ..., -8.9137e-05,
          4.4348e-04, -4.7713e-04],
        [-6.5214e-04, -2.4966e-05,  4.0825e-04,  ...,  4.5510e-04,
          6.4720e-04,  2.2347e-03],
        [-2.5155e-01, -6.2610e-02, -1.0045e-04,  ...,  1.9180e-01,
         -5.1409e-05, -1.8628e-05]], device='cuda:0')), ('fcs.0.bias', tensor([ 5.0263e-01, -4.7506e-04, -2.2615e-01,  6.8298e-01,  8.0927e-01,
        -1.9835e-04, -2.0949e-01, -2.8421e-01,  5.9912e-04, -4.8955e-04,
         7.3428e-01,  3.3690e-05, -5.8318e-04,  1.5088e-05,  9.3356e-05,
        -2.1649e-04, -2.0802e-01, -4.3962e-01, -2.7243e-01,  5.4905e-05,
        -2.9293e-01, -1.9184e-01, -6.1920e-04, -6.3747e-05,  1.9700e-01,
        -3.0631e-01, -3.4478e-04,  3.8846e-06,  2.1927e-04,  8.3247e-04,
         2.2597e-04, -2.6908e-01,  8.4336e-01, -1.1091e-01,  2.2400e-04,
        -2.1566e-04,  7.5953e-05, -2.8647e-01,  1.6151e-01,  9.0058e-01,
         2.4686e-01,  2.8395e-06, -4.2626e-04,  7.6632e-05,  8.9813e-05,
        -3.2263e-04, -2.1226e-05, -5.1610e-02,  5.5331e-01,  1.2374e-03,
         1.6765e-04,  3.6741e-01,  5.7627e-04,  8.2418e-01, -2.2179e-01,
        -1.1207e-04, -4.3121e-01, -5.5135e-04,  3.3253e-04,  4.6125e-04,
         4.3641e-04, -2.9899e-04,  5.8610e-01, -3.4702e-05, -5.8423e-05,
         1.8900e-04,  5.3984e-04,  5.2477e-04,  7.9977e-05, -2.7963e-04,
        -1.2960e-01,  1.7624e-01,  5.4583e-04,  4.0465e-01,  5.2276e-02,
         2.7269e-01, -3.1686e-01,  5.8289e-01,  2.3293e-01,  1.6185e-03,
         6.7758e-05, -5.8520e-04,  2.2939e-04, -1.3472e-02,  9.8242e-05,
         2.6538e-04,  2.0639e-04,  6.1029e-01,  2.9072e-01, -6.4414e-02,
         6.4683e-04, -2.1030e-01, -5.0545e-06,  9.2287e-01,  5.8725e-01,
        -6.8167e-05, -1.7563e-04,  3.1842e-06,  1.5203e-03,  2.5332e-02,
         1.2452e-03, -5.8245e-05, -2.2878e-01, -1.9027e-01,  6.1898e-01,
         1.1264e-04,  9.3559e-01,  6.6937e-01, -1.4471e-04, -1.1723e-03,
        -2.1152e-04, -8.8151e-02, -8.4157e-04, -2.2011e-01, -2.9971e-02,
         8.2102e-02,  2.5308e-04, -1.1186e-01,  1.5202e-05,  3.0314e-01,
        -2.4105e-04, -1.8059e-01, -2.4293e-03,  8.7320e-04, -1.1687e-04,
        -2.3978e-04, -5.5210e-04,  1.1457e-01], device='cuda:0')), ('fcs.1.weight', tensor([[-4.8049e-04, -2.3918e-03,  2.2742e-04,  ...,  1.5739e-03,
          2.1590e-03, -6.3418e-04],
        [-8.6788e-02,  1.3036e-03, -3.6895e-05,  ..., -1.9231e-03,
         -7.4070e-04, -7.1164e-05],
        [-2.9732e-01,  2.8626e-04, -1.6254e-04,  ...,  5.2365e-05,
         -1.2151e-03, -1.6157e-01],
        ...,
        [-7.3565e-02,  2.2465e-04, -5.9650e-05,  ..., -4.8024e-04,
          1.3131e-03, -5.9442e-02],
        [ 1.7783e-01, -7.7082e-04,  1.8201e-04,  ...,  1.1631e-03,
          6.4847e-04, -9.4233e-05],
        [-1.4958e-01, -1.9302e-03, -4.8298e-05,  ...,  5.7369e-04,
         -2.8576e-03,  2.6827e-04]], device='cuda:0')), ('fcs.1.bias', tensor([-1.0272e-04, -6.9860e-05, -4.1340e-01, -1.2769e-03,  6.4698e-05,
        -1.0290e-03, -3.4619e-04,  1.1446e-04, -2.5230e-03,  4.0080e-05,
         8.6771e-02,  6.0803e-05, -1.1683e-03, -5.7040e-05,  9.0276e-05,
         2.4457e-02, -9.3290e-05,  2.5474e-05, -8.8813e-03,  1.6030e-04,
        -7.6342e-04,  6.7126e-05, -4.5304e-07,  7.4834e-04, -1.3210e-03,
        -1.8515e-05,  6.4630e-04, -4.4877e-05,  1.2296e-03, -1.3779e-03,
         5.6740e-04, -7.3751e-05, -1.3803e-04, -6.6977e-04, -4.3871e-02,
        -4.4871e-04, -2.1432e-04,  3.4752e-04,  6.6263e-04,  1.0634e-04,
        -5.2601e-02, -3.4090e-04, -6.0912e-04, -5.3431e-06, -1.9476e-03,
        -5.2518e-05,  6.0995e-05, -1.4385e-04,  1.3615e-03, -7.2015e-05,
        -2.2279e-04, -1.2978e-03, -8.5986e-04,  1.4635e-04,  1.2664e-04,
         1.5377e-04, -9.6985e-05, -5.1767e-04, -8.7130e-05, -3.7069e-01,
        -1.5772e-04, -5.0288e-05,  6.1826e-05, -1.1274e-01,  6.9666e-04,
         1.4201e-05, -4.2638e-01,  7.0866e-04,  1.8791e-04,  1.6998e-05,
         1.0379e-03,  1.3785e-03,  1.2269e-01, -7.2637e-04, -1.0628e-01,
         6.5012e-06, -1.0673e-03, -7.9028e-04,  3.8367e-05, -2.4004e-03,
         5.7730e-04,  9.7696e-05,  1.8806e-04,  2.8174e-01, -5.9270e-05,
        -5.6260e-05,  9.5693e-05,  6.0221e-05, -4.8688e-05,  5.8678e-05,
         1.1298e-01,  1.8626e-04, -6.3114e-05,  1.4693e-04,  1.3378e-03,
         8.3671e-05, -9.3837e-05, -2.7318e-01,  3.9938e-04, -5.2579e-04,
         7.5812e-04, -2.7285e-05, -2.3242e-04, -1.0572e-04, -6.1908e-05,
         5.4726e-05,  5.3579e-04,  9.0862e-04,  4.3082e-04, -4.4968e-04,
        -6.7332e-05, -7.0431e-05, -1.1098e-03,  1.4110e-03,  3.3186e-04,
        -2.3919e-04, -2.4925e-05,  3.0450e-05, -1.3011e-03, -1.8686e-04,
        -1.1861e-02, -1.3970e-03,  1.5720e-05, -3.1882e-04,  5.6916e-05,
        -4.4658e-02, -1.3995e-05, -4.2534e-05], device='cuda:0')), ('fcs.2.weight', tensor([[ 1.3371e-05, -1.4290e-01,  3.8485e-01, -3.7009e-05,  5.8026e-06,
          4.5641e-04, -1.2337e-05,  1.0425e-01, -2.9306e-01,  8.8885e-05,
         -5.6293e-02,  1.7052e-03,  3.1661e-05, -1.8179e-01,  4.2958e-01,
         -3.0114e-02,  1.4690e-01, -3.6847e-05,  2.1134e-01, -1.5550e-05,
          1.1455e-04,  1.3754e-01, -5.0210e-06, -1.1700e-04, -5.0766e-04,
          9.2563e-05,  9.7764e-05,  1.3999e-01,  2.4875e-04,  7.1284e-05,
          3.4851e-04,  6.6961e-06,  7.9524e-02, -1.1389e-04,  4.0352e-01,
          7.6356e-05,  1.7106e-01, -2.6905e-01,  8.5767e-06, -3.8969e-01,
          2.4163e-05,  5.1459e-04, -5.5303e-04,  9.1255e-06,  8.3653e-05,
         -5.0505e-01,  1.5428e-02,  1.6821e-01, -2.1028e-05, -2.8289e-01,
          2.5092e-01, -1.7365e-01, -3.4477e-04,  1.5094e-04, -9.0673e-02,
         -8.9026e-06, -2.0863e-01,  3.3762e-05, -9.4704e-06,  6.3400e-01,
         -5.4565e-05, -2.7925e-01, -1.8037e-01,  8.7116e-01, -5.3527e-05,
          6.6459e-02,  4.2836e-01,  3.2919e-06,  2.1975e-01,  1.2550e-01,
          1.3757e-04,  1.8754e-04, -1.6170e-01,  5.9730e-04,  2.0055e-02,
          1.4092e-01, -3.3391e-06, -1.4702e-04,  1.4024e-02, -3.9761e-05,
         -1.0447e-04,  5.0207e-02, -1.1808e-02,  1.4418e-01, -2.8603e-01,
          1.8045e-02, -2.5520e-01, -1.8532e-01,  1.2582e-01, -1.8614e-01,
         -1.6174e-01,  3.4977e-04, -1.8110e-01, -2.0740e-04,  1.4004e-05,
          2.7689e-05, -1.6216e-01,  5.1587e-01, -3.8173e-05, -4.2915e-03,
         -1.1944e-04, -3.5018e-04,  8.1405e-06,  1.7838e-01,  1.5850e-01,
          6.8534e-05, -5.4509e-05,  8.9821e-05, -4.2054e-04,  2.4125e-01,
          5.7882e-01,  2.1980e-01, -2.5834e-04, -7.9436e-05,  3.2265e-05,
         -8.9337e-06, -1.0199e-01, -6.1322e-02, -9.0027e-05, -1.0967e-01,
          1.9661e-01,  3.0447e-01,  8.3528e-06, -2.2374e-04, -2.0268e-01,
          1.0564e-01, -1.1767e-01,  2.4588e-01]], device='cuda:0'))])
end of epoch 6: val_loss 1.7881390590446245e-09, val_acc 1.0
trigger times: 1
end of epoch 7: val_loss 0.07137461597060739, val_acc 0.985
trigger times: 2
end of epoch 8: val_loss 2.8061058837920428e-05, val_acc 1.0
trigger times: 3
end of epoch 9: val_loss 0.0014932127296822272, val_acc 1.0
trigger times: 4
end of epoch 10: val_loss 0.004305143640731508, val_acc 1.0
trigger times: 5
end of epoch 11: val_loss 0.00669768229607623, val_acc 1.0
trigger times: 6
end of epoch 12: val_loss 7.64670654296875, val_acc 0.98
trigger times: 7
end of epoch 13: val_loss 0.33028564453125, val_acc 0.995
trigger times: 8
end of epoch 14: val_loss 0.124227294921875, val_acc 0.995
trigger times: 9
end of epoch 15: val_loss 0.0, val_acc 1.0
trigger times: 0
saving model weights...
Weights: OrderedDict([('fcs.0.weight', tensor([[-8.1500e-04,  6.4653e-04,  2.6019e-04,  ...,  1.4186e-03,
          7.7092e-04,  5.4998e-04],
        [-1.4834e-01,  4.0807e-03,  2.2586e-05,  ..., -4.1281e-01,
          4.2846e-01,  1.5153e-04],
        [-9.9874e-06,  1.5172e-05, -3.1914e-05,  ..., -5.0625e-05,
         -2.2940e-04,  6.0956e-04],
        ...,
        [ 4.6309e-04,  7.5438e-04,  6.6758e-04,  ...,  4.9165e-04,
          6.1666e-04, -1.3179e-03],
        [ 1.8831e-05, -2.3701e-05,  2.3846e-04,  ..., -2.8127e-04,
         -4.5272e-05, -6.0141e-04],
        [ 1.5620e-04, -4.4499e-05,  1.9469e-04,  ..., -5.0493e-05,
         -8.0134e-05,  1.9130e-03]], device='cuda:0')), ('fcs.0.bias', tensor([ 4.9815e-05,  1.9550e-01, -7.8967e-03,  4.2934e-04, -1.2717e-03,
        -1.1084e-04, -4.1047e-05, -1.3171e-04,  9.6844e-06,  6.2014e-05,
        -2.3729e-04,  1.2444e-04,  8.1539e-04,  6.5341e-04,  7.3691e-05,
         2.4346e-04, -8.5442e-06,  1.3613e-03, -3.4854e-04, -4.7119e-04,
         1.1756e-04,  7.9031e-04,  9.6037e-04,  3.8166e-04,  9.2220e-05,
         5.9580e-04, -8.2391e-04, -1.2675e-03, -7.3402e-05, -2.4719e-05,
        -8.8590e-05, -1.0149e-04,  1.1264e-04, -4.8220e-05,  9.2472e-05,
        -5.4952e-04,  1.9614e-03, -6.0087e-05,  3.2526e-05,  1.1248e-03,
        -2.6485e-06,  2.7981e-05,  8.8537e-04,  2.4620e-03, -1.0048e-04,
        -7.1427e-05,  2.5405e-05, -3.7830e-05,  2.1627e-04,  5.0208e-05,
        -1.0558e-04,  6.7249e-04, -1.3644e-03, -4.3687e-04, -5.6865e-04,
         1.9955e-05,  1.7963e-04,  1.7698e-05, -9.5192e-05,  1.1011e-03,
         1.4915e-05,  2.4396e-06,  6.8381e-06,  2.4376e-01,  9.6103e-05,
        -7.6535e-05,  2.2933e-04, -4.8244e-05, -3.2484e-05, -2.8490e-04,
        -2.3163e-05,  4.8293e-05, -2.4591e-03,  1.0675e-03, -8.2470e-06,
         1.2034e-03, -7.6366e-04, -1.4111e-04,  1.6313e-01,  1.6503e-04,
         1.0997e-04, -2.5510e-04, -2.2071e-04,  6.1719e-04,  3.2155e-04,
         1.9657e-03, -2.2052e-04, -2.3487e-04,  2.6602e-05,  5.4573e-01,
         4.1512e-04,  9.0323e-05,  1.0734e-04, -6.6607e-05,  4.6234e-05,
         1.9970e-04, -2.3991e-06, -1.9602e-03, -1.8007e-01,  5.3866e-05,
        -8.4421e-04,  1.0959e-04, -4.6302e-06, -2.0335e-04, -5.2373e-04,
         2.5887e-04,  4.0529e-04,  2.4902e-06, -9.7803e-06, -1.9910e-03,
        -1.8314e-04,  5.3069e-04,  3.7481e-05,  6.7041e-05, -1.3315e-01,
         9.0110e-05, -3.4997e-04, -4.4341e-05, -1.1134e-03, -6.4168e-04,
        -1.5949e-01, -7.4193e-02,  6.8893e-05,  3.1280e-06,  8.9588e-05,
        -1.1153e-03,  1.5304e-05,  1.7360e-03], device='cuda:0')), ('fcs.1.weight', tensor([[ 6.7206e-04,  3.6139e-04, -1.3029e-03,  ...,  6.7364e-04,
         -5.9883e-04,  5.6347e-04],
        [-1.3042e-03,  3.3610e-04, -1.3833e-03,  ...,  1.3093e-03,
          3.8318e-04, -1.1320e-03],
        [ 2.0454e-03, -6.7004e-04,  7.6506e-04,  ..., -2.1805e-03,
         -8.9270e-04, -1.3043e-03],
        ...,
        [ 7.3490e-04, -1.2968e-03,  1.5796e-03,  ...,  4.9713e-04,
         -1.0401e-03, -1.0804e-03],
        [ 6.5966e-04, -2.6021e-04, -2.1778e-03,  ..., -2.8270e-04,
         -5.5024e-04, -1.3040e-03],
        [-1.4145e-03, -6.6837e-04,  1.3114e-03,  ...,  1.3043e-03,
          4.9716e-04, -2.7059e-05]], device='cuda:0')), ('fcs.1.bias', tensor([ 7.8056e-04, -2.6381e-04, -2.2356e-04,  1.2722e-04, -1.0508e-03,
         1.9815e-04,  3.2877e-03,  3.4964e-04, -3.3237e-04, -3.6830e-04,
         4.8586e-04,  1.7682e-03, -2.8768e-03,  1.9620e-04,  5.5395e-04,
        -1.0595e-04, -1.0722e-03,  1.4447e-03, -4.8201e-04, -6.7746e-04,
        -9.9285e-04, -1.7438e-04, -7.1213e-04,  1.2189e-03, -1.5514e-04,
        -2.5803e-04,  4.1526e-04, -6.0286e-04, -1.0204e-04, -1.6546e-04,
         1.3863e-04,  6.4329e-04, -4.9704e-04, -4.7253e-04, -3.4586e-04,
        -2.2374e-04,  7.5026e-04,  4.3912e-04, -1.7323e-05, -6.5474e-04,
        -6.7575e-04,  1.2573e-03, -4.9270e-04, -2.7891e-04, -5.5191e-04,
         7.3440e-05, -5.2226e-04,  1.4682e-04, -4.2400e-04,  2.6432e-05,
         2.4969e-04, -4.0085e-04, -5.2370e-05, -5.1451e-04,  5.3859e-04,
        -9.7820e-05, -1.1430e-03,  4.3467e-04,  1.6365e-04,  6.7479e-04,
        -7.2837e-04,  4.7792e-04,  7.6521e-04,  2.0157e-04, -1.5398e-03,
         6.7267e-04,  1.4223e-04,  1.6518e-03,  4.3047e-05,  6.7968e-04,
        -5.2507e-04, -7.6435e-04, -8.6325e-04,  8.1089e-05, -1.4374e-04,
         1.4671e-03, -7.4345e-05, -2.9128e-04, -4.0788e-04,  3.1544e-04,
        -3.8814e-04, -8.3010e-04,  4.0505e-03,  1.4650e-04,  4.9738e-04,
         9.9860e-04, -7.6176e-04, -1.0064e-04,  1.4082e-04,  6.7136e-04,
         1.3459e-04,  1.0568e-03, -5.2439e-05,  1.2887e-03, -9.6840e-04,
         6.0794e-04, -3.3608e-04,  1.2877e-03, -8.6253e-04, -1.5540e-03,
        -4.4101e-04, -4.9793e-04, -1.0811e-03, -1.4203e-03, -3.7558e-04,
        -2.9497e-04, -1.0300e-03,  1.6013e-03,  6.9714e-04,  6.6030e-04,
         1.3769e-04,  5.2146e-04,  2.8211e-03,  1.7490e-04, -4.4185e-04,
        -4.4820e-04, -4.6777e-04, -3.1077e-03, -1.0654e-03, -3.0720e-05,
        -4.7068e-04,  5.1563e-05, -1.8818e-04,  7.7102e-05, -1.2460e-03,
         2.7055e-04, -1.7620e-04,  3.5056e-04], device='cuda:0')), ('fcs.2.weight', tensor([[-2.9667e-05, -1.0443e-04,  7.0368e-04, -2.1448e-05, -2.7703e-04,
          4.7862e-05,  1.1539e-04, -1.4775e-03,  7.2342e-05, -6.0215e-04,
          7.5906e-02,  4.4920e-06, -7.0453e-05,  1.3238e-05, -9.8052e-06,
         -2.6217e-05, -1.7061e-03, -1.5343e-05, -4.9406e-05, -5.3082e-04,
         -5.9406e-04, -1.1345e-05, -1.1409e-03, -4.2112e-04,  1.3724e-05,
         -6.4671e-06, -2.8993e-05, -1.2572e-04,  1.2512e-03,  4.5378e-06,
          8.8660e-02,  5.6284e-04,  1.0676e-05,  1.8206e-05, -1.6956e-03,
          2.2809e-05, -1.2875e-05,  8.2077e-04, -1.8552e-05, -5.6094e-05,
          2.4906e-04, -6.8309e-04,  9.0506e-04, -8.0880e-05,  9.8210e-04,
          1.9672e-05, -5.7930e-02,  1.5438e-04,  1.6549e-05,  5.7558e-06,
          2.6026e-05, -5.0871e-02,  6.4438e-05,  7.0090e-06, -8.4847e-06,
         -9.4573e-06, -1.1251e-03, -8.6502e-04,  1.1532e-04, -4.9872e-04,
          8.8023e-04, -3.9100e-05, -2.1029e-04,  8.4207e-01, -2.5994e-05,
         -8.0037e-05,  8.6682e-08, -6.3257e-06, -6.9872e-07,  7.3269e-06,
          3.0388e-06,  1.1027e-03,  1.2175e-03,  6.9255e-05, -1.6228e-04,
         -7.6824e-05, -1.5739e-05,  7.7937e-05, -1.2841e-03,  1.0675e-03,
          5.7684e-05,  2.4289e-05,  1.6692e-03, -3.6382e-06,  1.7864e-03,
          4.0645e-05,  4.5639e-05, -3.3925e-05, -3.2646e-05, -3.5343e-04,
         -4.1138e-05, -2.9070e-05,  9.5380e-05, -2.5778e-04, -1.5563e-05,
          6.0200e-05,  1.3648e-03, -1.1597e-05, -4.6468e-04, -5.1484e-04,
          1.0449e-03, -2.4862e-04,  1.9798e-05, -9.9354e-04,  1.7216e-06,
          1.3399e-05, -2.5257e-05, -1.8251e-03,  8.7619e-05,  5.9007e-04,
          2.4996e-04,  6.2142e-05, -4.6556e-04, -5.3683e-06,  1.6388e-03,
         -5.9255e-02, -1.3755e-03,  2.7370e-04,  3.4725e-04, -1.8796e-05,
         -1.1196e-02, -4.3156e-04,  7.1151e-05,  1.7424e-05,  1.2359e-03,
         -4.1323e-04,  6.0340e-06,  1.3847e-03]], device='cuda:0'))])
end of epoch 16: val_loss 0.0039001987592089194, val_acc 0.995
trigger times: 1
end of epoch 17: val_loss 0.0030287386696090123, val_acc 1.0
trigger times: 2
end of epoch 18: val_loss 0.0, val_acc 1.0
trigger times: 0
saving model weights...
Weights: OrderedDict([('fcs.0.weight', tensor([[ 2.1077e-01,  6.2080e-02,  1.0608e-02,  ...,  6.5340e-02,
         -5.7308e-01,  3.1093e-01],
        [-3.1720e-01, -1.1547e-01, -5.8666e-01,  ...,  5.0739e-01,
         -4.5053e-04,  1.9223e-01],
        [ 1.5722e-04, -3.7656e-04,  4.2209e-04,  ..., -3.5128e-03,
          1.6103e-03,  6.3075e-04],
        ...,
        [ 4.6853e-01,  1.3109e-01,  1.3288e-02,  ..., -3.1103e-01,
         -4.5031e-01,  2.0752e-05],
        [-1.3009e-01, -1.8332e-04,  2.0358e-04,  ..., -4.6857e-04,
         -6.7293e-04,  1.1951e-03],
        [-6.1867e-02, -3.8817e-02, -6.5969e-05,  ..., -4.9173e-05,
         -2.0987e-04,  1.0719e-03]], device='cuda:0')), ('fcs.0.bias', tensor([ 2.6337e-01, -2.9328e-01, -1.8935e-04,  8.6708e-05,  1.4689e-02,
         2.4166e-05,  2.7159e-01, -2.7415e-01, -2.5376e-01,  3.0887e-01,
        -2.4533e-04,  4.7808e-01,  4.6242e-01,  4.0335e-06, -8.0750e-04,
         3.4138e-04, -2.6565e-01,  3.0811e-01, -5.7388e-02, -1.0283e-02,
        -1.0433e-01,  7.2471e-01,  2.6151e-04,  3.5218e-01,  6.5582e-04,
        -2.3636e-01,  4.7643e-01, -1.3767e-05,  4.1738e-01, -2.8258e-01,
         1.0644e-04,  4.6395e-01,  5.5374e-01, -2.5397e-01,  6.8593e-04,
        -3.1896e-01, -1.0803e-04, -2.6835e-01,  2.4129e-01,  2.7269e-01,
        -4.0969e-01, -2.1449e-01,  7.9913e-04, -9.0933e-02, -2.4980e-01,
        -3.2714e-01,  3.5815e-06,  4.5359e-01,  3.9902e-01,  4.5127e-01,
         7.7010e-01, -2.8220e-01, -2.9180e-02, -1.2509e-01,  2.9423e-04,
        -1.3335e-04, -4.4048e-05, -4.8271e-02, -1.0100e-02, -2.3004e-04,
         1.6774e-04, -6.8500e-02, -3.1477e-04,  1.0166e-04,  7.9861e-01,
        -3.7177e-01, -1.5362e-01,  2.3913e-01,  4.2183e-02,  3.1763e-01,
         8.7177e-03,  3.3374e-01, -3.7278e-02, -2.9751e-01, -3.9505e-01,
         2.1764e-02, -3.3555e-01,  2.8247e-03, -3.8219e-06,  2.8386e-04,
         1.9201e-03,  4.0133e-04,  4.6517e-01, -2.3203e-04,  2.6341e-04,
         2.2820e-04, -2.9275e-02, -3.0253e-01,  3.8107e-01,  5.7856e-01,
         1.8527e-01,  7.0810e-01,  1.5990e-04, -1.8388e-02, -2.1756e-01,
         2.1163e-01,  3.7655e-01, -6.2148e-04,  1.7800e-01, -1.7390e-01,
        -2.9164e-05, -2.0037e-01,  2.9348e-04,  5.0657e-06, -1.9380e-01,
        -5.5494e-04, -2.2338e-04, -3.1420e-04, -3.0249e-05,  1.5325e-02,
        -2.2431e-01, -5.4421e-03, -3.2787e-01, -7.9212e-02, -1.6978e-02,
        -9.1122e-04,  3.2047e-04,  1.2631e-01, -4.0025e-02, -2.3530e-01,
         5.3443e-05, -7.6785e-02, -1.9497e-01, -8.3471e-05,  1.9202e-04,
        -4.3601e-07, -1.5897e-01,  2.9392e-05], device='cuda:0')), ('fcs.1.weight', tensor([[ 4.4783e-05, -6.3189e-04,  1.2791e-03,  ...,  7.7352e-04,
          3.1396e-04, -1.8220e-01],
        [ 9.7411e-04, -6.4400e-04, -7.6951e-04,  ..., -3.3291e-04,
          6.8504e-04,  2.9187e-04],
        [-5.9232e-05,  6.0559e-04, -5.0073e-04,  ...,  3.4326e-04,
         -1.8634e-03, -6.7242e-04],
        ...,
        [-9.2060e-04,  1.9406e-04, -3.5573e-04,  ..., -2.2180e-04,
          5.9936e-04, -9.9811e-04],
        [-9.8026e-02,  3.8909e-04, -3.1205e-03,  ..., -5.8315e-02,
         -2.4282e-03, -6.5922e-04],
        [ 1.6559e-01,  2.2152e-01,  6.2532e-04,  ..., -4.4263e-02,
         -2.8122e-04,  6.8995e-05]], device='cuda:0')), ('fcs.1.bias', tensor([-6.1569e-02, -9.2135e-05, -1.0881e-03, -1.7524e-04, -2.2152e-04,
         4.1848e-04, -8.4006e-02,  5.8449e-05, -2.3035e-04, -7.3142e-04,
        -3.1113e-03,  1.1522e-02,  2.4105e-01, -9.7198e-02,  6.5490e-04,
         1.4140e-04, -1.4053e-03, -3.6616e-01,  2.2052e-04,  9.6323e-02,
         6.5732e-01, -1.6871e-01, -2.4144e-01, -7.5768e-04,  3.1792e-06,
        -1.8368e-04,  2.1048e-03, -9.7912e-04, -2.1065e-04,  4.0514e-04,
         2.3314e-01,  2.4564e-01,  8.8757e-04, -4.4388e-01,  3.0690e-02,
         1.1254e-03, -2.0206e-01,  3.6389e-04, -1.7404e-03,  1.9793e-04,
         4.1723e-03,  4.1785e-04,  1.9149e-04, -9.3977e-02,  1.9747e-01,
         1.2767e-01, -6.5783e-04,  2.1285e-03, -8.6314e-04,  2.1220e-01,
         5.2550e-04,  3.0807e-04, -1.0792e-03,  3.6979e-02, -1.4717e-04,
        -1.4621e-01,  2.3928e-01,  6.7197e-01,  2.0746e-05, -8.6765e-02,
        -2.1766e-01, -3.5455e-05,  3.3072e-05, -4.6281e-01,  8.8589e-04,
        -1.9007e-03,  3.9367e-05,  9.1183e-04, -8.7688e-05,  1.5390e-01,
        -1.6918e-01,  1.1010e-03, -3.3080e-01, -1.5728e-05,  5.9934e-04,
        -2.3039e-04,  2.3963e-03,  7.3102e-04,  5.7582e-05,  2.5097e-03,
        -7.3118e-04, -1.4217e-01,  5.4798e-04, -4.8614e-02,  1.5850e-04,
         3.1476e-01,  2.2796e-04, -1.7888e-05,  8.7508e-04,  4.6129e-04,
        -1.1007e-01, -1.7026e-01,  3.6634e-04,  2.7249e-04,  5.4805e-04,
        -1.4706e-01,  1.1890e-03,  3.4372e-02, -3.5413e-04,  1.0938e-03,
        -5.4158e-05, -3.2403e-01,  5.1659e-04,  3.5144e-01,  2.0108e-03,
        -1.3584e-01, -1.7036e-01,  2.8371e-04, -4.0564e-02,  8.1848e-04,
         3.9870e-04, -3.5416e-01, -7.0188e-05,  4.2180e-04,  7.3198e-04,
        -1.4324e-03,  5.5701e-05,  6.6162e-04, -1.8202e-01, -1.0243e-01,
         1.0152e-04, -9.6762e-02, -1.3647e-03, -1.7600e-04, -8.2569e-04,
         9.5436e-05, -2.9835e-03, -2.4592e-01], device='cuda:0')), ('fcs.2.weight', tensor([[ 2.1156e-01,  8.0085e-04,  2.1134e-01,  4.6740e-05, -1.8126e-03,
         -4.9781e-02, -4.4964e-05, -3.9584e-02,  1.4557e-01, -1.8893e-04,
         -5.0671e-02,  1.1854e-01, -2.0085e-01,  6.0005e-02,  1.3297e-04,
         -9.1469e-02, -3.6105e-05,  3.8597e-01, -8.9907e-02,  7.4150e-05,
          8.8824e-01,  1.1846e-01,  1.8885e-01,  1.6162e-04,  2.0380e-04,
          3.0630e-05, -3.6518e-01,  4.5272e-04,  1.2432e-01, -2.1014e-01,
         -2.1977e-01, -2.1295e-01, -1.1471e-01, -5.5042e-02,  8.8067e-02,
         -1.4973e-04, -2.0431e-01, -9.6681e-04, -2.3720e-05, -2.5236e-04,
          1.6520e-01, -1.3289e-01, -2.5284e-05, -1.4016e-05,  3.9710e-01,
          1.2354e+00, -9.0498e-05,  1.5782e-06, -6.7752e-05,  1.1898e-01,
          4.3907e-04,  2.9776e-06, -5.1624e-05,  1.8677e-01,  9.0246e-05,
         -1.2924e-01, -1.9830e-01,  4.8388e-01,  1.6147e-01,  1.7805e-01,
         -2.6252e-01, -4.7993e-02,  5.3936e-02,  8.9841e-01, -2.9773e-04,
          9.4713e-02, -1.1378e-01,  4.1113e-04, -5.0738e-04, -1.4006e-01,
          1.2374e-01,  8.9177e-06,  1.6269e-01,  1.6296e-04,  1.3780e-05,
          2.0311e-01, -1.6538e-01, -1.0497e-04,  6.1443e-02, -2.3860e-04,
         -3.5990e-01,  1.4527e-01, -3.4394e-04,  2.5830e-05, -8.1396e-02,
          5.1118e-02, -9.2494e-02,  1.0895e-01,  2.3700e-04, -1.5748e-01,
         -1.7994e-05,  3.0186e-03, -4.8266e-02,  1.1162e-04, -7.1609e-04,
          1.0207e-01,  1.1711e-01, -3.5330e-01, -3.0667e-04,  9.0296e-05,
          5.6219e-01,  1.5509e-01,  1.6904e-01,  8.6452e-02,  8.0926e-02,
         -1.7245e-01,  1.1372e-01,  5.0365e-01, -2.5318e-04, -4.3714e-05,
         -6.6829e-05, -1.1448e-01,  1.8200e-04,  2.6319e-04,  9.3863e-03,
          2.4797e-05,  1.3867e-06,  6.4079e-02, -4.2777e-05,  2.2346e-01,
         -1.6764e-05, -2.5814e-03,  1.0872e-04, -3.4542e-03, -6.1988e-02,
         -2.4812e-04, -1.4325e-02, -4.0348e-01]], device='cuda:0'))])
end of epoch 19: val_loss 0.0, val_acc 1.0
trigger times: 0
saving model weights...
Weights: OrderedDict([('fcs.0.weight', tensor([[ 1.1671e-01, -2.4908e-06, -1.7422e-05,  ...,  6.0697e-05,
         -4.4766e-05, -9.1121e-05],
        [-1.6192e-01, -8.7917e-06, -2.1310e-01,  ...,  2.2669e-01,
         -4.5890e-04,  2.0789e-04],
        [-1.0353e-04,  1.5712e-04,  7.0473e-04,  ..., -1.0964e-03,
          2.8724e-03, -1.9362e-03],
        ...,
        [ 6.3748e-02,  4.2148e-02, -3.9152e-05,  ..., -1.9111e-01,
          1.9070e-04, -1.1655e-04],
        [-1.8428e-05,  5.4708e-04, -5.7400e-04,  ...,  2.9168e-04,
          1.2776e-03, -8.7861e-04],
        [ 2.6419e-05, -3.3428e-05,  5.0172e-04,  ...,  1.2756e-04,
         -1.3318e-03, -1.0300e-03]], device='cuda:0')), ('fcs.0.bias', tensor([ 2.0004e-01, -1.3961e-01,  1.2452e-03, -6.5486e-05, -1.2507e-01,
        -1.7309e-04,  1.5562e-05, -3.0957e-02, -3.5636e-06,  2.1372e-01,
        -2.5596e-04,  7.1523e-02,  4.2834e-02, -1.4235e-04, -2.1276e-01,
         8.5494e-04, -5.4673e-02,  2.8495e-01,  2.0197e-05, -2.8344e-05,
         2.1429e-05,  6.2916e-01,  6.4339e-05,  1.2328e-01,  1.7474e-04,
         3.2994e-05,  3.4962e-01, -9.1410e-02,  2.6253e-01, -4.7713e-02,
         6.6732e-04,  4.4269e-01,  2.2449e-01,  2.0071e-06,  9.9276e-05,
        -1.1396e-01, -1.5116e-02,  2.6774e-06,  2.4069e-01,  2.3057e-01,
        -1.3068e-01,  6.1450e-05, -3.7636e-04, -7.7384e-05, -6.7358e-06,
        -1.3057e-01, -7.3672e-04,  3.4552e-01,  2.7789e-01,  6.3394e-02,
         4.9235e-01, -1.4368e-01, -6.2661e-05,  2.1819e-04,  6.8272e-06,
         2.5886e-04, -1.3659e-04,  8.8551e-05,  6.6937e-06,  2.0992e-05,
        -1.7371e-04,  7.0759e-07, -1.0690e-01,  3.3637e-04,  8.8138e-01,
        -2.8535e-01,  4.9899e-05,  8.8543e-02, -1.3036e-01,  2.7623e-04,
         2.2532e-01,  3.0101e-05,  6.4410e-05, -2.8509e-02, -1.5478e-01,
        -4.1152e-06, -1.3783e-01, -1.5013e-05,  1.1048e-04, -2.8443e-01,
         3.5192e-05,  1.4551e-03,  5.3249e-01,  1.7801e-04, -2.4146e-04,
        -3.4283e-04,  9.8904e-05, -1.6468e-01,  1.2971e-01,  5.0199e-01,
         4.5033e-01,  6.1870e-01,  3.2157e-01,  1.6696e-01, -2.8279e-02,
         2.0933e-04,  3.5390e-01, -2.0353e-04,  3.3813e-05,  1.5600e-05,
         1.4086e-04,  1.1972e-04, -2.8856e-04, -6.8863e-04, -3.1656e-01,
         5.5790e-05,  3.6237e-05, -1.5153e-04, -1.6727e-01,  5.1606e-01,
         7.9642e-07, -5.6057e-05, -1.5807e-01,  7.2341e-05,  6.4489e-02,
         2.7109e-01, -1.9788e-01, -1.6892e-04,  2.5399e-01, -2.4390e-05,
        -2.9724e-06,  5.0398e-05, -2.7034e-05,  7.8445e-05, -3.2349e-05,
        -2.5029e-01, -3.5347e-05, -4.8827e-05], device='cuda:0')), ('fcs.1.weight', tensor([[ 8.1515e-04, -1.2529e-03, -7.6498e-04,  ..., -1.1497e-03,
         -5.8979e-04, -7.4052e-05],
        [ 4.0182e-05, -6.7165e-04, -7.6467e-04,  ..., -1.1454e-04,
          7.3273e-04,  4.2446e-04],
        [ 1.2732e-04, -2.8173e-03,  5.5050e-04,  ..., -1.4184e-04,
          2.1117e-03, -1.0907e-04],
        ...,
        [-2.5160e-03,  1.3107e-03,  6.0884e-04,  ...,  1.2865e-03,
          1.7306e-03, -6.7008e-04],
        [ 5.3078e-05, -4.0468e-05,  3.3209e-03,  ..., -7.9441e-05,
          1.2972e-03,  1.2517e-03],
        [-5.5211e-05, -5.3991e-05,  3.8590e-04,  ...,  3.1038e-07,
         -6.0623e-04,  1.6979e-04]], device='cuda:0')), ('fcs.1.bias', tensor([-6.1720e-06, -4.8799e-04, -1.7687e-04, -4.7472e-04, -5.6398e-04,
         1.4461e-04,  1.0388e-04,  4.8350e-04,  8.5318e-05,  1.2812e-03,
         5.2246e-05, -5.3645e-05, -1.8872e-04, -9.4121e-11, -1.4654e-03,
         1.1497e-03, -1.2948e-03,  9.4314e-03,  5.2965e-04,  1.5546e-04,
         2.2989e-01, -1.8127e-04, -7.9287e-05, -2.1799e-03, -2.3237e-05,
         1.3302e-04,  6.2581e-05,  1.0734e-05, -3.8449e-04,  5.3161e-04,
         5.9315e-05,  3.4566e-05,  4.8366e-04,  1.4464e-04,  1.7650e-04,
         1.1384e-03,  3.9040e-05, -8.2097e-04,  2.5260e-03, -6.5989e-04,
         1.1160e-05, -2.0829e-04, -7.6396e-04, -1.0166e-04,  7.4928e-06,
        -2.5653e-05, -1.4347e-03,  7.6216e-04, -1.4703e-03, -4.4481e-05,
         2.4935e-03,  4.3825e-05,  8.9334e-04, -5.7991e-05,  3.3227e-04,
        -1.9314e-04, -5.9214e-05,  2.6687e-01, -9.1246e-05,  1.3438e-04,
         6.5406e-07,  4.3707e-04, -7.5579e-05, -7.0518e-01,  3.8251e-04,
        -1.0759e-05, -3.2724e-04, -6.0616e-04,  6.4691e-02, -2.5888e-04,
        -1.9011e-04, -6.0707e-02, -3.1934e-05, -4.5456e-04,  7.1515e-04,
        -5.5196e-04,  3.9046e-03,  3.8216e-04,  1.6276e-04,  2.1906e-04,
        -4.0450e-04,  8.7027e-05,  3.1726e-04, -1.9530e-04,  8.4491e-05,
         4.0716e-05, -4.7422e-04,  2.9933e-05,  1.9093e-03,  8.3690e-04,
        -2.5302e-05,  1.1218e-04,  4.2147e-05, -5.3154e-04,  8.6614e-04,
         2.5444e-05,  8.5488e-04, -1.1343e-04, -4.8011e-04, -5.9050e-04,
         4.1985e-02,  1.6064e-05,  1.0768e-03, -3.1458e-05,  2.2383e-04,
        -1.1561e-04,  4.2854e-05, -5.1260e-02,  1.6422e-04,  6.0901e-04,
        -1.9217e-03,  2.2522e-04,  7.5727e-04,  1.0130e-03,  6.5548e-04,
        -4.9689e-04,  1.0944e-03, -2.4622e-04, -7.8405e-05,  4.4601e-05,
        -1.3618e-04,  1.0255e-05, -1.9530e-03,  1.5217e-03,  1.0383e-03,
        -1.9573e-04,  5.5013e-04,  1.1542e-05], device='cuda:0')), ('fcs.2.weight', tensor([[ 8.0123e-02, -1.2460e-05, -1.5212e-01, -5.0095e-04,  1.0592e-03,
         -6.9989e-02, -5.5452e-04,  7.1892e-02, -4.2672e-06,  8.2908e-05,
          1.1605e-02,  5.3074e-02, -8.9969e-02, -1.7357e-06,  1.6457e-04,
          5.6664e-02,  2.5029e-07,  4.7406e-01, -9.0240e-02,  8.5952e-01,
          3.3825e-01, -2.2960e-01,  1.4441e-01,  4.5502e-04,  5.3008e-04,
          7.4524e-04, -2.0838e-05, -3.6162e-01,  3.2959e-01, -5.3573e-02,
         -1.1383e-04, -8.8015e-02, -1.9320e-02,  3.4271e-04,  1.1105e-02,
         -6.3439e-04, -1.7213e-01,  4.1312e-04, -1.5435e-03,  5.1931e-04,
          6.3807e-05,  6.3480e-02,  6.7757e-05, -8.8900e-05,  3.1636e-01,
          4.3458e-01,  2.0159e-01, -2.1939e-04,  7.0282e-02, -9.7753e-03,
          5.0694e-04, -1.7839e-02,  1.5894e-04,  1.0410e-02, -7.9493e-04,
         -2.3357e-02, -8.8055e-02,  3.6847e-01,  1.2484e-01,  1.2464e-01,
         -2.3307e-01,  2.6056e-02, -1.1655e-02,  1.3026e+00, -5.1863e-02,
          1.0011e-05, -4.8381e-02,  1.0825e-03, -5.4585e-01, -7.5861e-02,
          1.8872e-05, -5.5162e-06,  8.5504e-02,  2.9454e-04, -4.7051e-05,
          1.4234e-01, -1.0109e-01, -1.1058e-03,  2.4457e-05, -6.7643e-06,
         -9.4900e-02, -1.6418e-07,  5.8030e-04, -3.2993e-04,  1.3482e-04,
         -5.3694e-06, -5.4988e-02,  4.7759e-02, -1.6583e-04, -6.8251e-02,
         -1.0057e-04,  1.7982e-05,  5.2618e-02,  3.1530e-04,  2.0375e-04,
          4.3993e-02, -2.6970e-05, -3.9825e-01, -3.1791e-04,  2.9238e-04,
          3.0243e-01,  2.4014e-01,  3.5170e-05,  3.9158e-03,  2.6500e-06,
         -2.1082e-04, -2.1740e-01,  2.1024e-01, -1.0813e-03, -7.3174e-05,
          3.2214e-04, -3.8646e-03, -2.6550e-01,  9.9312e-04,  1.7191e-06,
         -1.5229e-04,  1.2877e-04,  9.1140e-02,  5.7170e-04, -7.9677e-02,
          3.5252e-05,  1.6598e-05, -2.1292e-04, -3.3170e-04,  9.6958e-06,
         -6.2259e-04,  1.9126e-06, -3.5081e-01]], device='cuda:0'))])
end of epoch 20: val_loss 0.0, val_acc 1.0
trigger times: 0
saving model weights...
Weights: OrderedDict([('fcs.0.weight', tensor([[ 1.7438e-05,  9.6995e-06, -3.2036e-05,  ..., -4.6964e-05,
         -2.3652e-06, -4.1760e-04],
        [-1.8215e-05,  5.1552e-06, -4.4969e-06,  ...,  2.0039e-05,
          1.8594e-03, -2.3673e-06],
        [-2.0374e-04,  2.8418e-03, -6.1253e-04,  ..., -1.2341e-03,
          3.0960e-03,  1.3039e-04],
        ...,
        [ 2.0077e-05,  3.2259e-05, -1.6149e-04,  ..., -1.6369e-05,
          2.3313e-04,  3.5501e-04],
        [ 3.7650e-04, -2.4312e-04, -1.6314e-03,  ...,  7.4013e-04,
          1.3056e-03, -1.2569e-03],
        [ 3.9592e-04, -1.2851e-04,  9.4537e-04,  ...,  2.8062e-04,
         -1.3999e-03, -1.1216e-03]], device='cuda:0')), ('fcs.0.bias', tensor([ 4.9227e-06,  6.0124e-06,  1.1028e-04,  8.1672e-05, -2.3046e-05,
         2.2703e-04,  5.7089e-05, -1.0452e-04,  2.7103e-05, -5.5445e-05,
        -1.0230e-03, -5.1227e-05, -3.3786e-06, -8.0086e-05,  2.8082e-05,
        -4.7169e-04,  3.9477e-05, -3.2132e-05,  7.7727e-06,  1.8340e-04,
         9.5005e-05,  3.7008e-01, -5.9769e-05, -1.5688e-04, -1.7793e-03,
         1.1694e-04,  1.0469e-01,  3.4853e-05, -1.3565e-04,  1.0249e-04,
        -1.7854e-03,  1.7764e-01, -1.2991e-05, -1.3005e-04, -7.5115e-05,
        -5.9384e-06, -5.4112e-05,  8.5730e-05,  1.0412e-05,  3.7013e-05,
         4.6428e-06,  4.5793e-04,  7.9232e-04, -2.6538e-04, -3.1194e-05,
        -1.0654e-04,  2.0910e-03,  9.6511e-03,  8.8632e-05,  3.8065e-05,
         2.0889e-01,  1.8791e-05, -1.1288e-04,  1.4254e-04, -5.7328e-05,
         1.2103e-04, -3.0085e-04,  1.9547e-04,  2.0585e-05, -5.4206e-05,
         1.5202e-04, -1.0170e-04,  3.1869e-05,  6.3205e-04,  3.0918e-01,
        -9.5170e-02,  2.6617e-06, -3.3499e-05, -2.5293e-05,  3.1762e-05,
        -1.4559e-05,  7.1670e-05,  3.7536e-04, -1.5864e-05, -4.1650e-05,
        -2.5749e-05, -1.2128e-05, -3.1684e-05, -9.1216e-04, -2.0198e-01,
        -4.4366e-05,  2.9110e-03,  1.2756e-01, -9.9471e-05, -5.1912e-04,
         1.2778e-03,  7.5927e-06, -2.9798e-05,  3.0160e-05,  4.0563e-01,
         1.2215e-01,  3.0549e-01,  2.4699e-04,  4.9888e-06,  6.5194e-05,
        -3.2728e-04,  1.8443e-01,  3.7549e-04, -7.3339e-05, -1.2338e-05,
        -1.0097e-05,  1.4748e-05, -1.6602e-03,  1.5522e-03, -2.4858e-01,
        -2.7612e-04,  7.0684e-05, -2.6097e-04,  4.6849e-05,  4.1239e-01,
         4.7979e-05,  1.8208e-04,  4.3475e-05,  1.8772e-04,  1.4034e-05,
         2.2885e-04,  1.6313e-05,  1.0314e-04,  8.8018e-05,  2.3032e-04,
        -1.7895e-04, -4.4634e-05, -6.4137e-05,  4.0644e-05,  1.2557e-04,
        -7.3978e-05, -2.2702e-04,  3.6867e-04], device='cuda:0')), ('fcs.1.weight', tensor([[ 1.0648e-03, -1.2593e-03, -7.6506e-04,  ..., -1.2401e-03,
         -1.0321e-03, -1.2385e-04],
        [-6.7386e-04, -6.7333e-04, -7.6501e-04,  ..., -1.1710e-04,
          7.4351e-04,  4.8262e-04],
        [-3.7001e-04, -2.8715e-03,  5.5216e-04,  ...,  5.5431e-04,
          2.1687e-03, -1.1607e-04],
        ...,
        [-3.0099e-03,  1.3113e-03,  6.0890e-04,  ...,  1.4322e-03,
          6.7617e-04, -6.7307e-04],
        [ 1.2100e-04, -3.7051e-05,  3.3297e-03,  ...,  1.7282e-04,
          1.3032e-03,  1.2591e-03],
        [ 7.5965e-06, -4.7182e-04, -1.2980e-03,  ...,  5.7301e-05,
         -6.6099e-04,  3.4992e-04]], device='cuda:0')), ('fcs.1.bias', tensor([-1.2218e-05, -1.0803e-03, -1.0505e-03, -4.9329e-04, -3.6901e-04,
         3.7557e-04, -5.7704e-04,  4.9602e-04,  1.5556e-04,  1.3005e-03,
         1.2544e-04, -1.9282e-04,  2.7317e-04,  5.6418e-05, -1.4669e-03,
         1.6085e-03, -1.3028e-03,  2.1051e-05,  1.1722e-03, -4.2836e-05,
        -9.0056e-05, -9.8277e-05, -1.7190e-04, -2.1804e-03,  1.1266e-03,
         2.9899e-04,  2.1560e-04,  1.4241e-04, -8.8444e-04, -1.7013e-03,
         1.3386e-04,  1.4847e-04,  1.0494e-03,  3.3040e-04,  3.9289e-04,
         1.1420e-03,  8.6752e-05, -1.1296e-03,  6.7085e-04,  1.2945e-04,
         2.3477e-05, -5.3205e-04, -7.6490e-04, -2.5215e-04, -2.4701e-05,
        -3.9169e-05,  4.1769e-04,  7.6459e-04, -2.4965e-03,  2.3935e-04,
         2.4964e-03,  8.4819e-04,  8.9365e-04, -1.5963e-04,  7.5803e-04,
         2.0257e-04,  1.4300e-04,  6.4625e-05, -1.6027e-05,  3.2632e-04,
        -9.5761e-05, -4.5245e-04, -2.6299e-04, -3.9075e-01,  8.9185e-04,
        -3.9575e-07, -4.3911e-04, -6.7324e-04,  7.3150e-05,  9.7331e-05,
        -4.4880e-04, -4.9192e-05, -7.5287e-05, -8.8727e-04,  7.4040e-04,
         4.6134e-04, -8.5277e-04,  4.7103e-04,  3.8276e-04, -1.1997e-03,
        -1.2465e-03,  2.3083e-04,  4.2359e-04, -1.2417e-04,  1.8511e-03,
         1.2393e-04,  1.6787e-03,  7.6265e-05,  1.9531e-03,  9.9685e-04,
        -6.4737e-05,  2.9383e-04, -2.7561e-04,  7.6567e-04,  8.8894e-04,
         3.2003e-05,  8.8693e-04, -2.6877e-04, -4.9553e-04, -6.5752e-04,
        -4.4743e-05,  4.3181e-05, -1.8979e-04, -1.3580e-04,  3.9480e-04,
        -2.6852e-04,  1.3930e-04,  1.1564e-04,  3.9039e-04,  6.6157e-04,
        -1.9552e-03,  1.4811e-04,  1.4776e-03,  1.2388e-03,  1.5716e-03,
        -4.9715e-04,  1.7867e-03, -1.5930e-04, -2.3452e-04,  2.3471e-04,
        -2.2166e-04,  1.7580e-05, -1.9606e-03, -4.8129e-04,  1.2517e-03,
         1.1741e-03,  1.1607e-03,  7.9044e-05], device='cuda:0')), ('fcs.2.weight', tensor([[-1.0447e-04,  3.1299e-04, -3.9603e-03,  9.4036e-04, -1.5850e-03,
         -6.6474e-03, -5.0238e-04,  1.6316e-02,  1.2343e-05,  1.4337e-03,
         -5.3917e-06,  2.8264e-06, -3.5832e-02, -3.5713e-05,  7.5451e-04,
          6.0422e-03,  4.2839e-04,  3.5818e-01,  5.7633e-05,  2.3809e-01,
          2.8101e-01, -1.6043e-01,  4.0503e-02,  7.4989e-04,  1.0752e-03,
         -5.1043e-07, -9.4666e-05, -1.4752e-05,  2.0717e-02,  8.8525e-07,
          1.8122e-06, -3.5867e-02,  2.0255e-05, -1.1841e-05, -6.4915e-06,
         -2.9841e-04, -1.0611e-01, -6.2102e-04,  3.4101e-04,  1.6669e-04,
         -8.8724e-05, -3.8933e-06, -9.1049e-04, -6.5030e-04,  2.5291e-01,
          2.9056e-01,  9.2973e-05, -7.5694e-04, -1.4250e-04, -2.0631e-05,
          6.9318e-04, -1.3328e-05, -1.2815e-03, -1.1229e-05,  9.0380e-04,
          1.1005e-05, -4.4228e-02,  3.0092e-01,  3.9053e-02,  4.0066e-03,
         -8.2347e-02,  7.0472e-06, -1.2182e-05,  1.1662e+00, -3.5540e-05,
         -8.1329e-05, -9.2634e-06,  1.4667e-03, -3.7815e-01, -1.9400e-02,
         -5.2183e-05, -2.4361e-06,  2.0654e-06,  1.4070e-03,  6.7333e-04,
          8.3957e-03, -4.7535e-06, -1.4999e-03, -9.6693e-05, -6.7104e-05,
          7.7170e-06, -5.8055e-05,  1.2687e-03,  4.7676e-04, -2.3008e-04,
         -6.8857e-07, -1.9314e-05, -1.7506e-06,  3.6497e-04,  2.4051e-05,
         -3.4659e-04,  5.7145e-06,  4.0188e-03, -3.9492e-04,  1.1259e-03,
          2.3759e-05,  3.3946e-05, -3.4374e-01,  3.4692e-04,  2.2872e-04,
          2.1263e-01,  1.0989e-02, -7.6684e-05,  3.2300e-06,  4.7418e-06,
         -4.8795e-04, -1.4945e-01,  4.7899e-02,  1.7754e-03, -5.9148e-04,
          4.1043e-04,  1.2128e-05, -1.1479e-01,  1.6174e-03,  4.0092e-06,
         -5.9205e-04,  2.0770e-04, -2.9017e-05,  8.1406e-04, -3.7179e-02,
         -1.3651e-04, -1.0323e-04, -3.8796e-04,  2.7117e-03,  7.5361e-05,
          7.2108e-04, -8.7340e-06, -2.9482e-01]], device='cuda:0'))])
end of epoch 21: val_loss 3.6750150917548294e-05, val_acc 1.0
trigger times: 1
end of epoch 22: val_loss 0.005918681382042692, val_acc 1.0
trigger times: 2
end of epoch 23: val_loss 0.010905226761498809, val_acc 0.99
trigger times: 3
end of epoch 24: val_loss 3.0072802734375, val_acc 0.99
trigger times: 4
end of epoch 25: val_loss 0.07174382567383873, val_acc 0.995
trigger times: 5
end of epoch 26: val_loss 0.024962643185875457, val_acc 0.985
trigger times: 6
end of epoch 27: val_loss 0.006661552246159772, val_acc 1.0
trigger times: 7
end of epoch 28: val_loss 5.960464122267694e-10, val_acc 1.0
trigger times: 8
end of epoch 29: val_loss 0.1613134333569178, val_acc 0.995
trigger times: 9
end of epoch 30: val_loss 0.008191982422060705, val_acc 0.995
trigger times: 10
Early stopping.
0 0.6532267953734845 -191.10004520678868
1 0.7976418752223253 -189.05007017278314
2 0.9624891602434218 -187.50220085194994
3 0.6889056169893593 -180.24009179391223
4 0.9011586315464228 -171.9613792356186
5 1.9978174641728401 -169.3817016847894
6 0.8283288164529949 -167.87631268052303
7 0.761875414988026 -164.27567046290412
8 1.0536506716161966 -163.76742236654098
9 1.4505082631949335 -156.0786895876365
10 0.8179285970982164 -155.22804551507866
11 0.8251826856285334 -145.29002069283715
12 0.7859002617187798 -142.86657280197298
13 3.291288767475635 -142.75441848091938
14 1.2551512520294636 -136.98962801176134
15 1.178548812866211 -132.4813576990395
16 3.7264876374974847 -130.98347157271724
17 0.924010984133929 -118.2436222554584
18 4.002171504776925 -117.38411415155902
19 0.9323227633722126 -116.97382686219106
20 1.439721664879471 -115.06704102317899
21 7.88297025533393 -112.47832645551227
22 1.8642644947394729 -103.24187681049156
23 11.381195533555001 -99.7422752992134
24 12.939774979837239 -98.18526661663928
25 5.848761755973101 -88.94674758091466
26 7.349142087856308 -85.88346861832474
27 17.71191862365231 -79.38307722218848
28 14.889887758996338 -79.25112655387144
29 7.2497266312129796 -73.50697855948762
30 5.5931931680534035 -72.69803191552006
31 12.565718729514629 -71.37326168319514
32 8.69593961071223 -68.27187815304366
33 9.768763971980661 -65.42298162776466
34 13.416818048339337 -65.35816021006309
35 10.993979078251868 -49.3186741604369
36 7.931215671123937 -17.325441617065966
37 18.181849054060876 -4.374511275254108
38 19.231723903678358 -0.4258658969524013
39 12.904753574635834 9.108146753357724
40 16.710212297271937 17.732630180500013
41 17.963220707839355 40.64550156746333
42 16.473137782886624 41.11774838972275
43 14.74990718299523 48.64917674484657
44 17.8099693977274 52.50260039838799
45 17.988781759981066 52.54502852695255
46 18.8439197500702 59.52827491841281
47 21.28024291433394 63.45606316769021
48 21.873935946729034 66.31570758515764
49 12.045149055309594 67.13050507695384
50 23.800834778230637 72.16624272108386
51 13.897426010807976 79.16074531670823
52 18.340107224415988 84.19837606184075
53 16.43893241812475 89.30707154325768
54 18.214330709539354 90.2698850730257
55 19.126117567997426 90.28646231697512
56 18.69113696180284 90.32667007477052
57 25.786532506812364 91.18021498086692
58 20.3941920385696 92.38187517969644
59 16.874454443342984 92.67153902025292
60 16.890711090527475 93.69474938898811
61 21.45711456029676 93.86112859581364
62 17.262864009477198 95.24073532592021
63 16.99617420649156 95.3630101766082
64 15.100685874233022 96.09581961281374
65 19.48752051917836 97.90553231413178
66 16.58612096006982 98.07644230926206
67 18.518784208688885 98.35872828331676
68 18.208481699693948 98.57334710000995
69 18.17204254725948 98.77895390936838
70 19.675652946345508 99.10163703819775
71 16.71602504560724 99.47183807834362
72 19.019467952661216 101.36707045382526
73 17.136622559279203 102.70820969163083
74 17.46302132634446 103.61971441966246
75 19.46559649007395 104.00039883786899
76 19.238913853652775 104.94014608739957
77 18.205736535601318 105.28448326377394
78 20.921721282880753 105.60678192821229
79 21.712769445497543 106.95774051225432
80 21.0450762049295 107.03525723063939
81 22.267240511253476 107.05410485829283
82 24.610736636910588 107.36477417456501
83 21.877495126333088 107.72369032284489
84 16.559108895715326 107.78006757763964
85 18.704817404737696 107.99397435655325
86 17.49483986175619 108.08910889221833
87 16.79984216275625 108.09776529440465
88 23.134957669768482 108.24033506535473
89 22.499583437573165 109.15712102315346
90 24.176952744368464 109.71287331230647
91 17.225257268641144 110.25063890779474
92 20.027516960166395 110.45880856467717
93 22.43476806813851 110.48639228144049
94 20.004127024905756 111.92877271779909
95 21.685445815790445 112.29467419620224
96 17.918681230628863 112.73910566375015
97 22.616755621973425 112.98274531176438
98 26.175148089416325 113.84616479719523
99 24.260277706664056 114.84612239587612
100 23.557679590769112 115.08707834021696
101 28.29380732635036 115.41025719446112
102 23.36030621174723 115.5646624637931
103 23.436303487978876 115.87882502857741
104 20.292924586916342 116.51927592390606
105 22.50200601387769 116.69939038222442
106 23.453590330667794 117.18809854794453
107 21.762669664109126 117.29357601720739
108 23.93020860897377 117.43241923864416
109 21.566086233127862 119.84073495876005
110 28.83712304616347 122.74776106687673
111 26.621879723854363 124.10172315382671
112 24.472339316038415 124.42382576156477
113 29.248165987432003 124.48179570258212
114 26.20046176807955 125.2590893824027
115 24.053469280479476 125.30457667780085
116 27.82732479274273 125.43458549438884
117 30.848841703031212 129.13346806288703
118 31.633993898984045 129.67718524437547
119 33.705744228791445 131.40806576766226
train accuracy: 0.9994444444444445
validation accuracy: 0.995
