demo lengths 200
demos: (120, 200, 3)
demo_rewards: (120,)
[-191.10004521 -189.05007017 -187.50220085 -180.24009179 -171.96137924
 -169.38170168 -167.87631268 -164.27567046 -163.76742237 -156.07868959
 -155.22804552 -145.29002069 -142.8665728  -142.75441848 -136.98962801
 -132.4813577  -130.98347157 -118.24362226 -117.38411415 -116.97382686
 -115.06704102 -112.47832646 -103.24187681  -99.7422753   -98.18526662
  -88.94674758  -85.88346862  -79.38307722  -79.25112655  -73.50697856
  -72.69803192  -71.37326168  -68.27187815  -65.42298163  -65.35816021
  -49.31867416  -17.32544162   -4.37451128   -0.4258659     9.10814675
   17.73263018   40.64550157   41.11774839   48.64917674   52.5026004
   52.54502853   59.52827492   63.45606317   66.31570759   67.13050508
   72.16624272   79.16074532   84.19837606   89.30707154   90.26988507
   90.28646232   90.32667007   91.18021498   92.38187518   92.67153902
   93.69474939   93.8611286    95.24073533   95.36301018   96.09581961
   97.90553231   98.07644231   98.35872828   98.5733471    98.77895391
   99.10163704   99.47183808  101.36707045  102.70820969  103.61971442
  104.00039884  104.94014609  105.28448326  105.60678193  106.95774051
  107.03525723  107.05410486  107.36477417  107.72369032  107.78006758
  107.99397436  108.08910889  108.09776529  108.24033507  109.15712102
  109.71287331  110.25063891  110.45880856  110.48639228  111.92877272
  112.2946742   112.73910566  112.98274531  113.8461648   114.8461224
  115.08707834  115.41025719  115.56466246  115.87882503  116.51927592
  116.69939038  117.18809855  117.29357602  117.43241924  119.84073496
  122.74776107  124.10172315  124.42382576  124.4817957   125.25908938
  125.30457668  125.43458549  129.13346806  129.67718524  131.40806577]
maximum traj length 200
num training_obs 1800
num training_labels 1800
num val_obs 200
num val_labels 200
ModuleList(
  (0): Linear(in_features=3, out_features=256, bias=True)
  (1): Linear(in_features=256, out_features=128, bias=True)
  (2): Linear(in_features=128, out_features=1, bias=False)
)
Total number of parameters: 34048
Number of trainable paramters: 34048
device: cuda:0
end of epoch 0: val_loss 0.014544783252095073, val_acc 1.0
trigger times: 0
saving model weights...
Weights: OrderedDict([('fcs.0.weight', tensor([[ 1.0535e-03,  1.7524e-04,  1.7239e-03],
        [-3.1354e-04,  1.4720e-03, -1.0818e-03],
        [-5.1353e-04, -1.4650e-03, -1.0773e-03],
        [ 5.3503e-04,  2.6289e-03, -7.5714e-05],
        [-4.9136e-05,  9.7726e-04,  2.1695e-03],
        [-1.6814e-03,  1.5967e-03,  4.6204e-04],
        [ 2.1376e-04,  6.2789e-04, -1.3554e-03],
        [ 3.9011e-04,  1.0325e-03,  6.9824e-04],
        [-1.8891e-03,  1.6213e-03, -5.5428e-04],
        [-6.0076e-04, -5.6650e-04, -8.3062e-04],
        [ 4.2970e-04, -9.4457e-04,  3.3425e-04],
        [ 4.9013e-04, -2.4885e-04, -8.2759e-04],
        [-2.3239e-03,  4.4286e-04,  3.8366e-03],
        [ 1.4896e-03, -5.0172e-04,  1.0412e-03],
        [ 1.2185e-03, -9.2086e-04, -7.4359e-04],
        [ 1.2683e-03, -1.1412e-03,  7.6277e-04],
        [ 1.6644e-03,  3.1326e-03, -2.2131e-03],
        [ 1.1524e-03,  8.1425e-05, -5.4533e-05],
        [ 1.9029e-03, -1.4349e-03, -1.5560e-03],
        [ 1.0546e-03,  1.4138e-04,  1.0302e-03],
        [-1.4420e-04,  5.3718e-04,  1.8770e-03],
        [ 1.5395e-03, -1.2304e-03,  1.9633e-03],
        [-1.1195e-04,  1.2662e-03,  6.2669e-04],
        [-4.6724e-04, -7.2546e-04,  8.9803e-04],
        [-1.1507e-03,  2.5040e-04,  9.5398e-04],
        [-8.2441e-04,  1.8777e-03, -9.1262e-04],
        [ 4.4766e-04, -1.6217e-03, -1.0497e-03],
        [-3.6200e-04, -1.0001e-03,  8.9324e-04],
        [ 9.7015e-04,  2.6226e-03,  9.4858e-04],
        [-7.8359e-04,  7.3697e-04, -4.4768e-04],
        [-1.8857e-04, -6.5912e-04,  2.2304e-03],
        [-2.1053e-03,  1.8027e-03,  2.8399e-04],
        [ 9.1951e-04,  3.8936e-04,  3.4606e-04],
        [ 5.2492e-05, -1.1859e-03, -5.5566e-04],
        [ 4.0235e-04,  4.0941e-05,  9.6611e-04],
        [-2.8493e-03, -9.6068e-05, -9.3785e-04],
        [-5.9740e-04,  2.7028e-03,  1.3564e-03],
        [ 9.4476e-04, -1.0020e-03,  6.9320e-04],
        [-1.7559e-03, -5.4740e-04,  1.1341e-03],
        [ 9.5311e-04,  4.3147e-04, -2.6654e-04],
        [ 8.3334e-04,  1.8107e-04, -1.0008e-03],
        [-1.3353e-04, -1.0803e-03, -1.3885e-03],
        [-1.5434e-04,  1.3180e-03,  2.2068e-03],
        [ 4.0388e-03, -7.7467e-04,  1.6762e-03],
        [-2.1171e-04, -1.0957e-03,  1.3007e-03],
        [-8.5342e-04,  1.1616e-03,  1.7130e-03],
        [-1.1330e-04, -1.6058e-03,  6.5187e-04],
        [-2.5415e-03,  1.3091e-03, -1.4148e-03],
        [-1.1656e-04,  9.9272e-05, -2.7243e-03],
        [ 1.3653e-03,  1.2844e-04,  9.3068e-04],
        [-1.1470e-03,  2.1728e-03, -1.1946e-03],
        [ 2.8712e-03,  7.6742e-05,  1.4688e-04],
        [-8.2120e-04,  2.0672e-03,  7.4193e-04],
        [ 1.3135e-03, -5.9475e-04, -1.1916e-03],
        [ 5.2502e-04, -7.4441e-04, -7.6154e-04],
        [-1.8201e-03,  4.1791e-03,  1.9674e-03],
        [ 7.4504e-04,  1.3485e-03,  1.0254e-03],
        [ 1.4372e-03,  1.1281e-05, -1.8602e-04],
        [ 1.3504e-03, -8.7646e-04,  5.7079e-04],
        [ 5.0076e-04, -5.3095e-04, -1.0189e-04],
        [-2.4643e-03,  8.9021e-04, -2.3093e-03],
        [ 2.4551e-04,  8.0937e-04,  2.7982e-04],
        [-4.9512e-04,  6.3575e-04, -3.5654e-04],
        [ 1.8395e-03, -3.7259e-04,  8.6039e-04],
        [ 1.7509e-03, -6.7318e-04,  1.4175e-04],
        [ 5.9009e-04, -7.1994e-04,  6.1728e-04],
        [ 1.1259e-03, -1.0202e-03, -9.3311e-04],
        [ 1.4164e-03, -1.3823e-04, -1.3743e-03],
        [-1.5915e-04, -8.4830e-04, -1.5487e-03],
        [-2.4108e-03, -3.2381e-04, -1.9220e-04],
        [ 1.3607e-03,  1.9090e-04,  1.2743e-03],
        [ 4.9599e-04, -1.1328e-03, -1.0970e-03],
        [ 1.8192e-03,  1.7015e-03, -1.1120e-03],
        [-2.5987e-03,  2.0669e-03, -1.2226e-03],
        [ 1.4430e-03, -5.5524e-04,  7.0516e-04],
        [ 4.1265e-04,  8.2507e-06,  1.0550e-03],
        [-7.5590e-04, -8.2922e-04, -4.7775e-04],
        [ 5.8727e-04,  4.3372e-05, -2.6323e-04],
        [-3.9800e-04, -1.8463e-03,  8.0743e-04],
        [ 2.2401e-03, -8.3083e-04,  1.9519e-04],
        [ 1.7652e-04, -1.3799e-05,  4.5659e-04],
        [ 4.1578e-04,  2.5825e-03,  7.9766e-04],
        [-2.3877e-03, -8.8004e-04, -2.4554e-04],
        [ 7.6262e-04, -1.2157e-04, -1.0322e-03],
        [-1.8852e-06, -1.9351e-03, -1.1581e-03],
        [-9.2442e-04, -1.7659e-03, -1.0375e-03],
        [-9.7891e-05,  5.2029e-04,  1.2799e-03],
        [ 1.0187e-03, -1.1597e-03,  1.3317e-03],
        [ 4.0377e-04,  3.2770e-04,  2.0884e-03],
        [-8.3012e-04,  2.0451e-03, -1.0156e-03],
        [ 9.0233e-04, -1.7876e-06, -5.8123e-04],
        [ 2.6130e-03,  2.5665e-04,  1.3244e-03],
        [-4.2446e-04,  4.1036e-04,  2.8581e-03],
        [ 4.9528e-04, -1.1717e-03, -4.0338e-04],
        [ 2.1975e-03, -2.8118e-05,  2.8999e-04],
        [-2.5028e-04,  2.1836e-03, -2.1179e-03],
        [ 9.6549e-06,  6.8854e-04, -8.4064e-04],
        [ 8.5465e-04,  8.0402e-04,  8.5542e-05],
        [-7.4247e-04,  2.5216e-04,  1.8909e-04],
        [-2.6266e-03, -2.0059e-03,  1.9337e-03],
        [-1.7756e-03, -6.0116e-04, -7.5407e-04],
        [ 1.1092e-04,  3.6416e-04, -7.9452e-04],
        [ 4.7514e-04, -1.6384e-03, -2.8839e-04],
        [ 5.7966e-04,  1.3357e-03,  9.9920e-04],
        [ 1.6715e-03,  7.6286e-04,  9.7487e-04],
        [ 3.9711e-04,  3.6768e-04, -7.1070e-04],
        [ 4.7557e-04,  7.3829e-04,  1.3443e-03],
        [-4.4816e-04, -3.4145e-04,  8.9857e-04],
        [ 2.3418e-03,  1.0220e-03,  5.6853e-04],
        [-2.8154e-03,  3.7072e-04,  2.8065e-03],
        [-1.5549e-03,  6.7718e-04, -4.2017e-04],
        [-1.3674e-03,  7.1842e-04,  7.6183e-04],
        [ 6.6875e-04,  9.8044e-04,  7.5233e-04],
        [ 1.8383e-03,  1.2598e-03,  9.2435e-04],
        [-8.4965e-04,  2.4790e-03,  7.4610e-04],
        [-1.3557e-03,  2.4897e-04, -1.1306e-03],
        [ 2.7459e-03,  1.7650e-03, -2.6835e-05],
        [ 3.9012e-03, -1.0053e-03, -1.2225e-03],
        [-5.2007e-04, -2.7612e-04, -6.2692e-04],
        [-1.5128e-03, -1.5189e-03,  8.5629e-04],
        [ 1.0736e-03,  7.0340e-04, -2.3202e-03],
        [ 3.7772e-04,  7.3247e-04,  4.6305e-04],
        [-1.3744e-03, -8.2204e-04, -7.5762e-04],
        [-2.6649e-04, -9.2422e-04, -3.2430e-04],
        [-1.1479e-03,  1.3144e-03,  2.1113e-04],
        [-4.0297e-04, -4.7117e-04, -9.1433e-04],
        [-1.6246e-03, -2.0023e-03, -1.8021e-03],
        [ 7.8092e-04,  2.3662e-04, -1.6482e-03],
        [-9.8032e-04,  4.9877e-04,  1.8804e-03],
        [-1.5632e-03,  1.8136e-03, -1.1008e-03],
        [-1.8406e-03,  3.8821e-04, -1.0107e-03],
        [-1.8251e-03, -7.4994e-04, -7.4026e-04],
        [-8.7900e-04, -1.1654e-04,  1.9959e-03],
        [ 1.5748e-03,  9.0953e-04, -9.1615e-04],
        [-1.2837e-03, -5.0423e-04,  8.0974e-04],
        [ 6.2061e-04, -5.6050e-04, -2.5903e-03],
        [-5.0514e-04,  4.7903e-04,  5.9006e-04],
        [-1.0395e-03,  9.4496e-04, -1.8883e-03],
        [-1.8482e-04, -3.1206e-04,  1.6143e-03],
        [ 2.4222e-04,  8.6830e-04,  2.9511e-07],
        [-5.9977e-04, -1.1599e-03, -2.2895e-04],
        [-1.7990e-03, -6.7260e-04,  1.2303e-03],
        [ 9.7590e-04, -1.1490e-04,  7.8231e-04],
        [-3.2026e-03,  2.1678e-03,  9.0827e-04],
        [ 3.0444e-04, -1.6676e-03, -1.0143e-04],
        [-6.9284e-04, -2.1924e-03, -1.2148e-03],
        [ 3.9166e-03,  2.4041e-03, -9.5376e-04],
        [ 1.7472e-03, -1.5776e-04, -9.3144e-04],
        [ 1.3069e-03, -3.6645e-04,  1.3104e-03],
        [-1.3125e-03, -1.0744e-03,  1.1519e-03],
        [ 1.0131e-03, -2.0406e-03,  2.7681e-04],
        [-2.4585e-03, -2.4186e-04,  1.8891e-03],
        [ 8.3821e-04,  8.4049e-04, -3.2292e-03],
        [ 8.5436e-04, -2.5746e-04,  4.4400e-04],
        [ 1.2084e-03,  2.3518e-03,  1.3733e-03],
        [-1.3720e-03, -7.7673e-04,  2.4517e-03],
        [ 1.7912e-03, -2.3439e-03,  1.6366e-03],
        [ 8.5634e-04,  3.0399e-04, -4.8911e-04],
        [ 7.2755e-04,  5.1038e-04, -9.5848e-04],
        [ 1.5240e-03, -2.3585e-05,  1.4478e-04],
        [ 1.2422e-03,  8.2322e-04,  9.3222e-04],
        [-1.0301e-04, -1.7213e-03, -1.5439e-03],
        [ 1.0081e-03,  1.7992e-03,  1.8424e-03],
        [ 1.6678e-03, -3.8368e-03, -8.5435e-04],
        [ 1.8418e-04, -2.2348e-04, -7.8384e-04],
        [-1.1930e-03, -1.6144e-04, -2.2736e-03],
        [-4.8578e-04, -2.9452e-04,  1.9996e-03],
        [ 5.8406e-04, -2.4398e-03, -3.0906e-04],
        [ 5.1643e-01, -4.5160e-02,  4.4774e-01],
        [-4.3318e-04,  6.8558e-04, -7.9676e-04],
        [-8.7890e-04, -4.2851e-04, -4.9846e-04],
        [-1.9756e-03, -2.6236e-04, -2.2087e-03],
        [-1.0289e-05, -9.5169e-04, -1.6442e-03],
        [-6.9735e-04,  3.0108e-04,  6.9204e-04],
        [ 1.1159e-03,  6.1197e-04, -1.1261e-03],
        [-3.0131e-04,  1.7731e-03,  1.3839e-05],
        [ 1.2466e-03,  1.2994e-03, -2.1608e-04],
        [-5.2339e-04, -3.8003e-04,  9.8721e-04],
        [-1.4746e-03,  8.1134e-04,  2.9035e-03],
        [ 3.6569e-04,  6.5173e-04,  7.5451e-04],
        [ 1.8625e-03,  8.1175e-05,  7.4572e-04],
        [ 4.5735e-04,  2.4567e-03,  1.3056e-03],
        [-3.6903e-04, -2.3050e-04, -1.3676e-03],
        [-1.3714e-03,  5.8602e-04,  3.5486e-04],
        [-1.3070e-03,  1.3975e-03, -4.5629e-04],
        [-6.2448e-04, -1.1532e-03, -1.8293e-03],
        [ 1.1922e-03,  2.1510e-03, -7.0223e-05],
        [-1.2160e-03, -2.3163e-04,  1.6027e-03],
        [-5.8941e-04,  6.1119e-04, -7.7835e-04],
        [ 7.7156e-04,  2.8125e-03,  1.3137e-03],
        [-1.0390e-03, -1.5424e-03,  1.0087e-03],
        [-6.6599e-04, -1.0290e-03, -2.0072e-03],
        [-9.9738e-04,  2.7170e-04, -1.2723e-03],
        [-9.6543e-04,  3.7843e-04, -1.8655e-04],
        [ 2.8656e-03, -4.8008e-04,  8.8367e-04],
        [-6.0243e-04, -2.2765e-03, -3.6983e-04],
        [-1.5508e-03,  1.0710e-03,  1.7099e-03],
        [ 3.6121e-03,  1.8265e-03, -2.1021e-04],
        [-1.0452e-03,  7.3165e-05,  1.3355e-03],
        [ 1.4411e-03,  2.6105e-03,  1.4866e-04],
        [-3.2946e-03,  8.6588e-04,  5.6246e-04],
        [ 8.3263e-04, -7.3776e-04,  4.8774e-04],
        [ 7.6099e-04, -6.2288e-04,  1.7450e-03],
        [ 3.9127e-04,  7.8634e-04, -9.3313e-04],
        [ 1.0485e-03, -1.3741e-04,  1.0346e-03],
        [ 4.0271e-05,  8.4673e-04,  5.5436e-04],
        [ 1.1363e-03,  2.8842e-04, -1.4232e-03],
        [-7.5609e-05, -1.4215e-03, -7.8371e-04],
        [-5.3642e-04, -4.2084e-04,  8.9958e-04],
        [ 4.4076e-04,  7.9546e-04,  8.8126e-04],
        [-2.2605e-03,  4.9673e-05,  6.6563e-04],
        [-7.7822e-04, -5.1262e-04, -4.2197e-04],
        [-2.2990e-04,  3.4673e-04,  2.1483e-03],
        [-8.9537e-04,  2.6060e-04, -5.1459e-04],
        [ 4.1585e-04,  1.1565e-03, -5.8078e-04],
        [-1.1164e-03, -7.9127e-04, -1.5136e-03],
        [ 8.4972e-04,  1.5930e-03, -1.5012e-03],
        [ 1.8541e-03, -5.7617e-04, -1.0784e-03],
        [-3.0907e-04,  1.1766e-03,  7.8299e-04],
        [-5.7231e-04, -1.3979e-04, -2.0398e-03],
        [ 8.2439e-04, -1.2840e-03,  2.6968e-03],
        [ 1.0629e-03,  2.3961e-03, -1.6634e-03],
        [-5.3490e-04,  1.0197e-05, -5.6573e-04],
        [-5.6910e-04, -9.2826e-04, -2.3017e-03],
        [-9.9576e-04,  1.7890e-03, -8.5405e-04],
        [-4.3711e-04, -1.5697e-03,  8.5975e-04],
        [ 3.9706e-05, -6.2011e-04,  1.1583e-03],
        [-1.1293e-03, -7.9904e-04, -1.8526e-04],
        [ 1.3803e-04,  7.2283e-04, -1.4405e-03],
        [-1.5907e-03,  1.4887e-03,  2.1712e-03],
        [-2.8307e-03, -2.0497e-04, -1.5571e-03],
        [ 3.5815e-04,  2.3018e-03, -1.1628e-03],
        [-7.1934e-04, -1.6851e-03, -5.6872e-04],
        [-1.4926e-03,  1.3544e-03, -1.0110e-03],
        [-1.5533e-03,  2.3329e-03,  8.9578e-04],
        [-1.2133e-03, -6.6318e-04, -6.8880e-04],
        [-9.8102e-04, -1.0311e-03, -2.1300e-05],
        [-3.4637e-04,  1.6152e-03, -2.0747e-04],
        [ 1.2366e-03,  5.4255e-04, -1.0531e-03],
        [-7.9977e-04,  2.5984e-03, -1.3374e-03],
        [ 1.5143e-04, -9.5621e-04, -1.3159e-03],
        [ 4.8738e-05, -1.4118e-03, -9.0192e-04],
        [ 7.3994e-04,  9.2160e-04, -1.4000e-03],
        [-3.4474e-04,  6.8882e-05,  8.4540e-06],
        [-1.5717e-04,  5.2273e-04, -5.0658e-04],
        [-1.4317e-03, -1.9815e-03,  9.9710e-04],
        [ 5.9321e-04,  7.0807e-04, -2.0030e-03],
        [ 5.3841e-04, -2.4659e-03, -1.1953e-03],
        [-5.1913e-04,  9.2329e-04,  6.5704e-04],
        [-1.1253e-03, -1.4561e-04, -1.2177e-03],
        [-3.3082e-04,  8.3400e-04, -4.5556e-04],
        [-5.0590e-04,  4.5785e-04, -9.6446e-04],
        [ 1.5854e-03, -1.6883e-03, -2.3756e-05],
        [ 1.2992e-03, -1.4075e-03, -9.8383e-04],
        [-1.7038e-03,  8.3775e-04, -9.3560e-04],
        [-1.6424e-03,  2.2168e-03, -1.4752e-03]], device='cuda:0')), ('fcs.0.bias', tensor([ 6.5152e-04, -4.8204e-04,  1.6239e-03, -2.2024e-03, -5.3799e-04,
        -6.1558e-04, -5.4253e-04,  6.4990e-04, -9.2356e-04, -2.3890e-05,
        -1.9207e-03, -1.8029e-03, -2.5660e-03,  8.6489e-04,  1.6381e-04,
        -1.5094e-03, -2.3880e-03,  4.3656e-03, -1.9404e-03,  1.1008e-03,
         4.0674e-04,  1.1316e-03,  7.4557e-04, -7.7971e-04,  1.4087e-03,
         9.9528e-04,  6.2469e-07,  1.3053e-03,  1.7927e-03,  1.4934e-03,
         4.3997e-04,  4.0275e-04, -4.0938e-04, -5.9108e-04, -2.9982e-04,
        -4.8758e-04,  6.1255e-04, -2.1590e-03, -7.5283e-04,  1.9069e-03,
        -1.5481e-03,  1.6977e-03,  7.1859e-04,  3.6523e-03, -1.4562e-04,
         1.9322e-04, -6.9940e-05,  1.2277e-03, -2.3252e-03, -1.2649e-04,
         4.9908e-04,  2.1854e-03, -4.2678e-04, -3.4909e-04, -2.0663e-03,
         5.0984e-04, -7.7650e-04, -8.6073e-04,  1.3340e-03, -7.3239e-04,
         2.7387e-03,  1.3532e-03, -1.5538e-03,  3.4977e-03,  2.0811e-03,
         3.0202e-04,  1.7814e-03,  6.7099e-04,  6.9970e-04,  1.3120e-03,
         6.6211e-04,  1.1043e-03,  7.9421e-04, -3.7300e-04, -1.6412e-04,
         1.5515e-03,  4.4371e-04, -5.9436e-04, -8.8012e-04,  4.9827e-04,
        -2.6636e-03,  6.7221e-04,  9.2060e-04, -1.1660e-03, -8.8187e-04,
        -5.3752e-04, -6.9174e-06,  1.0291e-03, -6.1669e-04,  1.0313e-03,
         1.0868e-03, -1.8063e-03,  3.3616e-04, -3.6755e-04, -1.6250e-04,
        -9.1198e-04,  6.3323e-06, -8.1206e-04,  1.3013e-03,  2.9018e-05,
        -6.6703e-04, -1.8166e-04,  1.1950e-03, -2.0044e-03, -1.6215e-03,
         1.2649e-03,  1.7424e-03, -1.1345e-03, -1.6852e-03,  1.0650e-03,
         2.9575e-04, -5.8682e-04,  1.0494e-03,  1.3982e-04, -5.9574e-04,
         6.8634e-04,  8.3117e-04,  8.4970e-04,  1.1382e-03, -5.6488e-04,
        -3.2603e-04, -5.6856e-04,  7.5035e-04,  1.9880e-03,  3.8696e-04,
         2.6563e-03, -5.7230e-04, -2.1319e-03,  2.2547e-03, -4.6694e-04,
         9.3468e-04, -9.3909e-04,  1.4507e-03, -1.4180e-03, -1.8704e-03,
        -1.8583e-03,  1.9910e-04,  1.3212e-03,  8.3514e-04, -7.1857e-04,
         7.9398e-04, -1.5223e-03, -2.9896e-06, -2.6636e-03,  8.0556e-04,
         5.1354e-04,  1.4629e-04,  1.8867e-03, -6.5153e-04, -2.3415e-03,
        -6.8352e-04, -1.1226e-03,  4.1036e-04,  1.6070e-03, -2.1317e-03,
        -3.9614e-03, -1.0181e-03, -1.3004e-03, -2.8675e-04,  5.1695e-04,
         1.8854e-03, -2.6193e-03,  1.7355e-03,  6.5057e-04,  8.4567e-04,
         4.7653e-04, -1.2626e-03, -1.4464e-03,  2.0767e-01, -3.8102e-04,
         1.7562e-03, -1.8916e-04, -1.1121e-03,  5.8247e-04, -1.2582e-03,
        -2.6425e-03,  2.5531e-03,  9.6218e-04, -8.4352e-04, -1.0591e-03,
        -5.6474e-04,  6.3506e-04, -2.0196e-03, -4.7167e-04,  3.1397e-03,
         1.1051e-03,  1.0230e-03,  4.9348e-04,  8.0511e-04, -2.3355e-04,
         2.1912e-03, -5.2922e-04,  1.9719e-03, -1.5235e-03,  6.2086e-04,
         3.4766e-04,  1.9001e-04,  1.5382e-03, -9.8113e-04,  1.2639e-03,
        -1.1855e-04, -1.1426e-03,  7.6715e-04,  1.2744e-03,  7.4502e-04,
        -2.7047e-04,  1.1480e-05, -1.5004e-03, -1.9317e-06, -7.4497e-04,
         1.2215e-03, -1.9878e-03, -1.1668e-03,  1.1158e-03,  7.8587e-04,
         5.8907e-04, -2.6502e-03,  1.9836e-03,  1.0467e-04,  1.9609e-03,
        -9.5288e-04, -7.7045e-04, -1.1266e-03,  2.0029e-03,  7.0551e-04,
        -8.5654e-05, -1.1529e-03,  9.9038e-04, -7.7314e-05,  1.4449e-03,
         1.2308e-03,  4.4682e-04,  7.9345e-04, -8.4269e-04, -2.7018e-04,
         2.0904e-04, -1.8628e-03,  6.4472e-04, -8.4649e-04, -3.0623e-03,
         1.9261e-03, -1.3678e-03, -1.6397e-03, -5.2981e-04, -7.8134e-04,
        -2.3801e-03, -7.3373e-05,  4.6616e-04, -1.4729e-03, -7.6982e-04,
        -2.2467e-04, -2.5393e-04, -1.7285e-04,  6.0099e-04, -8.1536e-04,
         5.2624e-04], device='cuda:0')), ('fcs.1.weight', tensor([[-0.0005,  0.0018,  0.0007,  ...,  0.0033,  0.0033,  0.0005],
        [-0.0002, -0.0048, -0.0013,  ...,  0.0022, -0.0008, -0.0013],
        [ 0.0007, -0.0020,  0.0016,  ..., -0.0051,  0.0011, -0.0007],
        ...,
        [-0.0013,  0.0048, -0.0009,  ..., -0.0005,  0.0048,  0.0020],
        [-0.0025,  0.0022, -0.0048,  ..., -0.0006,  0.0007,  0.0009],
        [ 0.0005, -0.0002, -0.0022,  ..., -0.0007, -0.0013, -0.0015]],
       device='cuda:0')), ('fcs.1.bias', tensor([-6.8394e-04,  7.4189e-04, -4.5193e-04, -2.0362e-03, -2.2453e-03,
        -1.2904e-03,  2.9865e-03, -1.6007e-04,  3.3036e-04, -1.6336e-03,
         1.0341e-03,  1.7180e-03,  1.7526e-03, -2.1560e-03, -1.1110e-03,
        -8.0690e-04, -7.5714e-04,  1.5893e-03,  1.5266e-03, -1.9668e-03,
        -1.7495e-03,  7.9500e-04,  2.5684e-04, -7.7844e-04, -1.8939e-04,
        -1.2230e-03, -5.5873e-04, -4.6625e-05,  1.1569e-04, -6.5073e-04,
         1.3597e-03,  4.1212e-05, -1.8746e-03, -9.9320e-04, -2.1575e-03,
        -2.6061e-03,  7.0541e-04, -1.3418e-03, -1.1401e-03,  8.0501e-04,
         1.9611e-03, -2.8165e-04,  6.2888e-04, -8.9494e-04, -1.9663e-04,
        -1.5028e-03, -3.3314e-03,  6.6304e-04,  2.1546e-03, -4.3625e-04,
        -7.2027e-04, -2.1460e-03,  2.9143e-03, -1.1080e-03,  8.4391e-04,
         3.3306e-03,  7.3361e-04,  8.8694e-04, -8.7566e-04,  2.1153e-03,
         5.9116e-04, -2.7209e-04, -2.1186e-03, -6.1558e-04,  7.8778e-04,
        -1.3162e-03, -1.4565e-03, -1.3650e-03, -1.4795e-03, -6.9289e-04,
         1.1256e-03,  2.1721e-04, -1.2364e-03,  2.0914e-03, -1.1414e-03,
         2.1656e-04,  1.1461e-03,  1.6565e-03,  6.7986e-04, -1.9063e-03,
         2.3787e-04,  2.1826e-03,  7.6267e-04,  2.1700e-03,  1.7073e-01,
        -1.6896e-03,  5.7895e-04, -7.7262e-04, -1.1225e-03,  1.2504e-03,
        -1.9607e-03,  8.8482e-04, -8.9997e-04,  1.4839e-04, -2.8555e-03,
        -7.5275e-04, -7.4596e-04,  9.9175e-04,  5.8908e-05, -5.8275e-04,
         1.1848e-03,  3.3683e-04,  1.9054e-04, -8.7917e-04,  4.3908e-03,
         7.3479e-04,  2.8341e-03, -2.9848e-03, -7.9914e-04, -6.7927e-04,
        -7.8718e-04,  9.6210e-04, -1.6054e-03,  2.2191e-04,  1.2148e-03,
        -7.3248e-04,  7.4604e-04,  2.2515e-03, -5.1403e-04, -1.9082e-03,
         2.0067e-03,  1.0553e-03,  3.3410e-03, -1.4163e-03, -4.4435e-04,
         2.1784e-03, -5.4229e-04,  3.5502e-04], device='cuda:0')), ('fcs.2.weight', tensor([[ 8.9701e-04,  7.4160e-04,  1.0411e-03,  1.2163e-03, -1.4332e-05,
          6.2258e-04, -1.5551e-03,  4.1053e-04,  1.6649e-03,  6.9030e-04,
         -1.0400e-03, -1.1622e-03,  4.5805e-04, -7.5671e-05, -7.8707e-04,
          2.2692e-03, -1.1980e-03, -2.9145e-04,  2.1698e-04,  2.2579e-03,
         -5.0659e-04,  8.4197e-04,  7.6425e-05, -3.6357e-04, -1.5989e-03,
         -3.8777e-04, -1.4913e-03, -5.8637e-04,  2.4540e-04,  6.6316e-05,
          1.1775e-03,  1.3531e-03, -4.0330e-05, -3.1579e-03,  1.0881e-05,
          2.5474e-03, -2.0676e-03, -1.2503e-03,  6.9372e-05, -1.7351e-04,
         -9.9379e-04,  3.8974e-04,  3.5802e-04,  3.4663e-04, -1.3969e-03,
         -1.4405e-03,  6.8662e-04,  3.7722e-04, -2.8626e-04,  2.1901e-04,
         -9.1230e-04,  8.3259e-05,  7.0439e-04,  2.7410e-04, -1.0374e-04,
         -1.3314e-04, -8.4667e-04,  2.8225e-03, -1.5763e-03,  6.3185e-04,
          6.6550e-04,  9.0059e-04,  2.7464e-03,  2.0875e-03,  1.7480e-03,
          4.5865e-04, -1.2059e-03, -2.8519e-04,  2.1628e-03, -1.1643e-04,
          7.6398e-04,  8.6031e-04,  1.4057e-03, -8.3815e-04,  9.2543e-04,
         -2.2255e-03, -4.1009e-04,  6.5949e-05, -1.7727e-03,  2.4307e-03,
         -1.2726e-03, -4.2940e-05,  1.9935e-03, -1.2380e-03, -7.1857e-01,
          2.6035e-04, -1.1899e-03,  1.7594e-04, -1.4045e-03,  1.3913e-04,
         -1.4393e-03, -8.4602e-04,  1.1011e-05, -7.7725e-05,  5.6671e-04,
         -3.1595e-04, -1.2624e-03,  9.9497e-04,  1.4601e-03, -1.0237e-03,
          8.1001e-04, -7.3027e-04,  2.3968e-04, -5.2450e-04,  1.5457e-03,
          1.4984e-04, -8.5422e-04,  1.1938e-03,  5.5435e-04,  2.0606e-03,
         -2.2756e-03, -5.4701e-04,  1.8269e-03,  6.4423e-04, -1.5242e-03,
         -4.4899e-05, -1.2299e-03, -8.9224e-04,  5.2416e-05, -5.3689e-04,
          1.5364e-04, -3.9803e-05,  3.0085e-03, -9.7372e-04,  9.7421e-05,
          1.3374e-03,  6.0375e-04,  2.3141e-04]], device='cuda:0'))])
end of epoch 1: val_loss 0.011878188073248025, val_acc 1.0
trigger times: 0
saving model weights...
Weights: OrderedDict([('fcs.0.weight', tensor([[-1.8689e-04, -1.7656e-03, -7.5977e-04],
        [-6.7672e-04, -1.8030e-03, -1.9304e-03],
        [-5.4227e-05, -1.3621e-03,  1.0064e-03],
        [-7.2219e-04, -1.0113e-03, -1.6960e-04],
        [ 1.2837e-04,  2.2686e-03,  1.1863e-03],
        [ 1.1558e-03, -3.9410e-04,  1.7417e-03],
        [-1.1267e-03, -1.8126e-04, -8.0497e-04],
        [-9.2142e-04,  1.2399e-03,  3.3422e-03],
        [ 4.9490e-04, -2.0123e-03, -1.6466e-03],
        [-1.6816e-05, -1.7489e-03, -1.7365e-03],
        [ 1.1879e-03,  4.9868e-04, -4.0560e-04],
        [-9.7424e-04, -1.2944e-03,  1.0600e-03],
        [-1.1405e-03,  1.2957e-03, -1.6335e-04],
        [-1.0439e-03, -1.4266e-03,  1.7088e-03],
        [ 1.4341e-03,  5.9760e-04, -1.1827e-03],
        [ 1.0425e-03,  4.9535e-04,  1.3942e-03],
        [-1.0715e-03,  1.9542e-03,  7.9497e-04],
        [-7.0503e-04,  7.4912e-04, -7.3481e-04],
        [-9.0493e-04, -1.6617e-03,  1.1942e-03],
        [ 2.4967e-04,  5.8369e-04,  8.3600e-04],
        [-8.0481e-04,  3.3300e-05, -1.1698e-03],
        [-3.7980e-04,  1.0714e-03,  3.9705e-05],
        [ 1.5691e-03, -1.5564e-03,  9.8355e-04],
        [ 3.9380e-04, -1.0069e-03, -1.8009e-04],
        [-5.3032e-04,  4.7817e-04, -6.2706e-04],
        [ 7.1768e-04,  1.7418e-03,  2.1755e-03],
        [-8.1281e-06, -1.1234e-03, -6.1158e-04],
        [ 9.7311e-06, -8.4239e-04, -9.9557e-04],
        [-2.6353e-04, -5.7882e-04, -9.5260e-04],
        [ 1.3677e-03,  5.2869e-04,  5.7465e-04],
        [ 2.8150e-03, -2.0212e-03,  4.8341e-04],
        [ 8.7395e-04,  8.7834e-04, -2.1652e-04],
        [ 4.2757e-05, -1.3335e-03,  6.9591e-04],
        [-3.0900e-03,  5.2312e-05,  4.1989e-04],
        [-7.6192e-04,  7.2485e-04, -7.7027e-04],
        [ 1.5073e-03,  8.8357e-04,  1.0067e-03],
        [-1.2358e-03,  1.6799e-04, -1.1649e-03],
        [-8.2875e-04, -6.8557e-04, -1.0974e-03],
        [ 1.2156e-03, -5.2835e-04, -1.1403e-04],
        [-2.3130e-03,  8.1245e-04,  1.1272e-03],
        [-1.5421e-03,  1.7710e-03, -1.5223e-03],
        [ 1.2580e-03,  3.1358e-05, -1.2520e-03],
        [-2.3019e-04,  6.0479e-04,  7.4780e-04],
        [-5.5869e-04, -1.0518e-03, -4.0310e-04],
        [ 1.1622e-04, -1.2100e-03, -9.6753e-04],
        [-1.0317e-03, -8.2951e-04, -1.2557e-04],
        [-1.2514e-03, -2.0200e-03, -1.0371e-03],
        [-1.5984e-03, -1.6238e-04,  4.9222e-04],
        [ 1.0538e-03, -6.3274e-04,  7.2014e-04],
        [-1.4489e-03, -4.0853e-04,  6.2999e-04],
        [ 1.8640e-03, -1.4855e-03, -4.9911e-04],
        [ 3.6416e-03,  6.3737e-04, -1.4777e-03],
        [-2.0695e-04, -3.0865e-03,  1.8906e-04],
        [-2.5105e-03,  1.1280e-03, -9.2968e-04],
        [ 5.1463e-04, -1.6097e-03,  1.7122e-03],
        [-1.3306e-03,  1.8097e-03, -1.4345e-03],
        [-1.3414e-03, -2.0726e-03, -8.7918e-04],
        [ 2.6477e-03,  1.0675e-03,  7.7254e-04],
        [-4.0535e-04,  1.4834e-03, -1.3800e-03],
        [-8.2437e-04, -2.6624e-03,  5.2518e-04],
        [-2.5851e-03,  1.9494e-04, -1.2676e-03],
        [ 7.1528e-04, -1.2369e-05,  1.1301e-03],
        [-6.2112e-05,  9.8700e-04, -8.5160e-04],
        [-7.3163e-04, -5.1715e-04,  3.0978e-04],
        [-1.3929e-03,  2.2413e-03,  5.4696e-04],
        [-3.1418e-03,  1.7645e-04,  1.2558e-03],
        [ 3.0461e-04, -5.2799e-04,  9.5958e-04],
        [-3.1123e-04, -2.2132e-03,  7.3271e-04],
        [-1.1518e-03,  4.9898e-04,  3.4827e-05],
        [-2.0619e-03,  2.2215e-04,  1.4005e-04],
        [ 3.2677e-04, -6.8011e-04, -7.7959e-04],
        [-2.7015e-03, -1.5645e-03, -2.4851e-04],
        [-7.4018e-04, -6.1326e-04,  6.1927e-04],
        [ 1.8651e-03, -1.0250e-03, -1.2827e-03],
        [-1.0544e-03,  2.4839e-03, -9.7649e-04],
        [ 7.1280e-04,  8.3306e-04, -1.0770e-04],
        [ 5.9121e-04,  2.1903e-04,  1.0362e-03],
        [ 9.6899e-04, -5.7661e-04, -7.3635e-04],
        [ 1.7820e-04,  2.4700e-03,  4.4035e-04],
        [-9.5551e-04,  1.0284e-03, -2.6859e-04],
        [ 3.7840e-04,  9.5128e-04,  1.6390e-03],
        [-1.0617e-03, -1.2767e-03, -7.1266e-04],
        [ 3.8917e-03, -9.0693e-05, -1.7815e-03],
        [-7.1351e-04, -6.4130e-04,  1.9218e-03],
        [ 1.6053e-04, -7.8793e-04,  1.7564e-04],
        [-1.9005e-03,  1.2184e-03,  2.0318e-04],
        [-1.6974e-03, -2.0453e-03, -6.9516e-04],
        [-9.8503e-04, -1.5515e-03,  2.2433e-03],
        [-5.9293e-04, -3.7176e-04,  8.1248e-04],
        [-9.4082e-04,  1.1842e-03, -8.5132e-04],
        [-1.6496e-03,  1.2898e-03,  6.3436e-04],
        [-1.1894e-03, -1.3510e-04, -1.1301e-04],
        [-2.4409e-03, -1.2930e-03,  4.1730e-04],
        [ 1.9864e-03,  3.1462e-04,  1.0623e-03],
        [-9.3010e-05,  3.4960e-04, -2.3225e-03],
        [-9.0405e-04,  4.2741e-04,  1.0313e-03],
        [ 1.0364e-03,  1.9534e-05,  4.4445e-04],
        [ 3.8456e-04, -6.6862e-04, -7.2693e-04],
        [-1.4285e-03, -1.5319e-03, -1.3022e-03],
        [ 1.1561e-03,  8.6888e-04,  3.7505e-04],
        [ 1.3154e-03, -1.2743e-03, -2.3394e-03],
        [ 1.3360e-03, -1.4392e-03, -1.6279e-03],
        [ 1.0315e-04,  5.3504e-04, -1.5725e-03],
        [ 3.5284e-04, -5.8373e-05,  1.1156e-03],
        [ 5.7614e-04,  1.8296e-04, -2.8143e-04],
        [-3.0249e-03,  6.4700e-04,  1.7548e-03],
        [-1.3577e-04,  1.0838e-03, -2.0857e-03],
        [-2.2020e-03,  5.0104e-04, -2.8985e-05],
        [-1.1555e-03, -5.7906e-04,  8.9221e-04],
        [-9.4809e-04, -2.2698e-03,  1.1057e-03],
        [ 1.0885e-04, -1.4446e-03,  2.2739e-03],
        [ 1.3785e-03, -7.2961e-04, -1.8620e-03],
        [-8.7945e-04, -1.0173e-03, -1.8400e-04],
        [-7.7661e-05,  6.7182e-04, -9.0543e-04],
        [ 3.9238e-04, -1.1422e-03, -8.4318e-05],
        [ 1.6183e-03, -5.8362e-04,  6.9521e-04],
        [-5.1000e-04, -1.6664e-03,  7.5201e-04],
        [ 4.3095e-04, -1.3954e-03,  9.4141e-04],
        [-1.3469e-04,  9.1888e-04, -2.9578e-04],
        [ 8.7997e-05, -1.3233e-03,  3.1440e-03],
        [-1.8332e-03,  6.0177e-04,  3.2387e-04],
        [ 1.1948e-03, -3.9775e-04,  1.0323e-03],
        [ 6.7357e-04, -8.4438e-04, -1.0603e-03],
        [-3.7308e-05, -1.4216e-03,  1.6047e-03],
        [ 6.7756e-04,  7.8019e-04, -1.5013e-03],
        [ 2.2601e-04,  1.0670e-03, -2.1083e-03],
        [-1.4672e-03,  2.7882e-04,  5.1628e-04],
        [ 1.7652e-03, -1.4381e-03,  2.8633e-04],
        [ 4.9535e-04, -1.2518e-03, -1.8302e-03],
        [-4.9133e-04,  3.5995e-04,  4.8250e-04],
        [ 7.7677e-04, -1.2152e-03,  2.3886e-03],
        [-5.4115e-04,  6.5506e-04,  1.8042e-03],
        [-5.0952e-04,  5.7950e-04,  6.6929e-04],
        [-8.7113e-04,  1.2789e-03,  7.3156e-04],
        [-1.3441e-03, -1.9438e-03,  2.5256e-05],
        [-4.7526e-04,  1.2419e-03, -1.2287e-03],
        [-1.2378e-03,  1.8568e-03, -9.0035e-04],
        [ 6.1779e-04,  1.7576e-03,  6.6175e-04],
        [ 1.2091e-03,  1.5563e-03, -2.8396e-04],
        [-8.9816e-04, -1.4908e-03,  1.5903e-03],
        [ 8.8990e-04,  1.2861e-03,  5.6216e-04],
        [ 1.9219e-04, -2.0219e-03, -5.3322e-04],
        [ 1.1218e-03, -3.6875e-04, -5.0065e-04],
        [ 4.3588e-04,  2.7130e-03,  4.1347e-04],
        [ 3.3992e-04,  1.8078e-03, -2.4826e-03],
        [-1.3775e-03,  5.1758e-04,  2.0157e-03],
        [-1.2066e-03, -2.2759e-03,  1.2486e-03],
        [-2.3181e-03,  1.2554e-03, -2.4042e-04],
        [ 1.2001e-03,  3.7987e-04,  8.1131e-04],
        [ 4.1179e-04, -5.9206e-04,  6.4474e-04],
        [-7.8415e-04,  3.2212e-04, -2.8165e-04],
        [ 9.0190e-06, -3.3101e-03,  2.4085e-04],
        [ 1.7807e-03, -1.6508e-03,  6.5683e-04],
        [-5.4131e-04,  5.3280e-04, -1.4812e-03],
        [ 3.2800e-04, -7.1873e-04,  7.5825e-04],
        [-9.8885e-04, -9.6674e-05, -5.0255e-04],
        [ 2.0228e-03, -5.8244e-04,  1.6633e-03],
        [ 6.2832e-04,  6.3589e-04, -1.0260e-03],
        [ 2.1745e-04, -6.6853e-04,  9.2529e-04],
        [ 1.2079e-03,  1.9567e-03,  3.5947e-04],
        [ 2.7059e-04, -3.3606e-04, -1.8449e-03],
        [ 1.6946e-04, -5.4891e-04, -1.1338e-03],
        [ 7.4031e-05,  5.7766e-04, -9.6823e-04],
        [-5.3554e-04,  1.1498e-03, -5.2997e-04],
        [ 1.7510e-03,  3.9656e-04,  1.0981e-03],
        [ 7.8009e-04, -1.5968e-03,  1.2801e-03],
        [-1.0355e-03, -3.2749e-05,  1.3183e-03],
        [ 5.8192e-04, -9.2571e-04, -1.2579e-03],
        [ 4.0082e-01,  1.2073e-03,  6.0057e-01],
        [ 3.1392e-05, -1.0121e-03, -1.2797e-03],
        [-7.9469e-04, -2.6862e-03, -9.4856e-04],
        [-1.3681e-03, -6.1781e-04,  4.1823e-04],
        [ 5.8214e-04,  5.4640e-04,  6.0032e-04],
        [-3.0235e-03, -6.2332e-04,  7.1100e-04],
        [ 3.0761e-04, -7.2414e-04, -7.0720e-04],
        [ 2.8830e-04,  1.0573e-03,  1.3578e-03],
        [ 8.7988e-04,  9.2325e-04, -2.6595e-04],
        [ 2.4090e-04,  8.8546e-04, -4.0522e-04],
        [-1.2697e-03, -3.8309e-04, -3.7458e-05],
        [-7.8704e-04, -1.2945e-03, -6.4341e-04],
        [ 5.4415e-04,  2.2255e-04,  8.0608e-04],
        [ 1.7207e-03, -1.5221e-03,  1.3710e-03],
        [-9.5238e-04,  6.0990e-04, -1.1271e-03],
        [ 1.0130e-04,  4.8678e-04,  9.4330e-04],
        [-5.1546e-04,  1.3998e-03,  2.4352e-03],
        [ 5.7901e-04, -1.1287e-03, -2.2068e-03],
        [ 1.9475e-03, -4.1523e-04, -2.2681e-03],
        [ 1.0230e-03,  1.0081e-03, -1.9454e-03],
        [-1.9442e-03,  4.7239e-04, -1.7409e-03],
        [-6.0767e-04, -3.4772e-03,  1.2970e-03],
        [ 4.3989e-04,  7.1638e-04, -1.4034e-03],
        [-6.1850e-04,  2.6695e-04, -2.3107e-04],
        [-8.8380e-04,  8.9577e-04,  2.1143e-03],
        [ 1.3095e-03,  9.8408e-04,  4.2606e-04],
        [ 1.7975e-03,  4.5899e-04,  2.8509e-05],
        [ 1.0260e-03, -6.6544e-04,  1.5722e-04],
        [ 5.2643e-04, -5.3541e-04,  1.5167e-03],
        [ 1.2376e-03, -1.8255e-03,  1.4235e-03],
        [-1.2592e-03,  2.2207e-03,  7.9535e-04],
        [ 2.2627e-04,  2.4267e-04,  1.4579e-03],
        [-6.9954e-04,  1.4355e-03,  6.9926e-04],
        [ 4.2021e-04, -2.8616e-04,  1.3835e-03],
        [ 2.4373e-03, -1.1612e-03,  6.0175e-04],
        [ 6.6976e-04,  4.0492e-04, -4.5339e-04],
        [ 5.2729e-04, -1.2798e-03, -1.1670e-03],
        [ 1.5840e-03,  6.2951e-05, -1.4961e-04],
        [ 1.0888e-03,  4.4076e-04,  1.6850e-03],
        [-2.7914e-04,  1.2034e-03, -2.8017e-03],
        [-2.1576e-03, -2.0475e-03, -4.2625e-04],
        [ 1.2978e-03,  1.0681e-03,  2.2940e-03],
        [ 1.7042e-04,  4.0260e-04, -2.5807e-03],
        [ 7.6435e-04, -1.2914e-03, -1.7061e-03],
        [-8.1588e-04,  2.0146e-04, -2.3664e-04],
        [-3.6670e-03, -5.0555e-04,  2.7592e-03],
        [ 1.1781e-03, -3.5902e-04, -1.2030e-03],
        [ 8.2597e-04,  2.4328e-04,  6.0880e-04],
        [-7.6410e-04, -6.5899e-04, -7.7588e-04],
        [ 1.0040e-03,  2.6816e-03, -3.2135e-04],
        [-1.8460e-03,  1.2401e-03, -1.9612e-03],
        [-8.2615e-04, -8.6213e-04,  1.4096e-03],
        [-2.1647e-04, -2.4767e-04,  5.7578e-05],
        [-1.1287e-03, -2.6682e-04, -9.0979e-04],
        [ 5.8526e-04, -1.3321e-03,  4.9689e-04],
        [-7.0545e-04,  3.1563e-03,  2.1968e-04],
        [-1.8121e-03,  4.6104e-04,  4.2323e-04],
        [ 1.0999e-03, -5.0401e-04,  1.2287e-04],
        [ 6.3595e-04, -5.9597e-04, -1.3584e-03],
        [-3.3332e-04, -2.0506e-04, -1.1905e-03],
        [-8.7866e-04,  4.7203e-04, -8.4854e-04],
        [ 1.9506e-03,  3.0317e-04, -4.6412e-04],
        [-1.0445e-03, -2.0304e-05, -6.2533e-04],
        [-1.4860e-03, -2.2003e-03, -1.0051e-03],
        [-1.7035e-03,  2.1070e-03, -2.4226e-03],
        [ 6.2088e-04, -1.9901e-04, -1.4876e-03],
        [ 3.0148e-04, -3.3620e-04, -2.5323e-03],
        [-6.7332e-04, -1.4904e-03, -1.9794e-03],
        [ 1.9681e-04, -2.4853e-04, -8.3939e-04],
        [ 8.0723e-04,  1.1830e-04,  8.4983e-04],
        [ 2.9638e-04, -1.2381e-03, -1.2223e-03],
        [ 1.0978e-03, -1.2061e-03, -2.4561e-04],
        [-1.4722e-03,  7.9459e-04, -1.9900e-03],
        [-5.6962e-04, -8.3971e-04,  8.2018e-05],
        [ 4.7671e-04, -4.5504e-04, -1.8536e-03],
        [-4.8897e-04, -1.1336e-03,  7.2217e-04],
        [ 1.1783e-03, -1.7513e-03, -1.0211e-04],
        [-8.4620e-04, -1.1394e-03,  2.1551e-03],
        [ 6.5990e-04,  3.8321e-04,  5.5961e-04],
        [ 5.4833e-04,  1.3061e-03,  5.9445e-04],
        [-9.8726e-05, -7.4884e-04,  8.5183e-04],
        [-6.7134e-04,  1.2124e-04,  2.7928e-03],
        [ 6.3152e-04, -5.8129e-05, -6.3109e-05],
        [-2.8307e-05, -2.4849e-04, -1.2849e-03],
        [ 3.0281e-05, -1.5601e-04,  8.5803e-04],
        [-9.8226e-04,  1.0654e-03, -1.2268e-03],
        [-8.1063e-04,  3.6050e-05, -1.4588e-04],
        [ 7.2023e-05,  1.9129e-03,  1.1209e-03]], device='cuda:0')), ('fcs.0.bias', tensor([-1.1271e-03, -1.9105e-03,  5.5470e-04, -3.1186e-03, -2.4893e-04,
        -4.0783e-04, -1.8738e-04, -4.6087e-04,  2.3124e-03, -1.4921e-03,
        -8.6227e-05, -1.4813e-03,  2.8115e-03,  6.3934e-04,  8.7714e-04,
         7.6886e-04, -2.0195e-03, -4.0224e-04,  7.6098e-04, -2.4904e-04,
         5.0010e-04,  2.4292e-03,  2.6606e-06,  9.4160e-04,  6.3259e-04,
        -8.4305e-04, -1.5183e-03,  1.4133e-03, -9.9340e-04,  5.4559e-04,
        -1.4393e-03,  4.7961e-04, -7.8743e-04,  1.8321e-03,  1.6234e-04,
        -2.1256e-03, -1.6079e-04,  1.0412e-03, -1.9696e-03, -1.5489e-03,
        -1.5148e-03, -1.7595e-03,  5.3963e-04,  1.3933e-03, -1.5303e-04,
         1.7467e-03,  6.1513e-04,  2.1434e-03,  9.6652e-04,  4.5247e-04,
         9.0736e-05, -7.7955e-04, -9.6027e-05,  1.4286e-03,  1.5805e-03,
         2.3446e-03, -1.8229e-03,  1.4734e-03,  1.2698e-03,  1.9177e-04,
         4.8508e-04, -2.0341e-03,  1.1582e-04, -1.9073e-03,  4.2524e-05,
        -6.1340e-04,  2.2478e-03, -2.5351e-03,  1.2211e-03, -5.3436e-04,
         1.1232e-03, -1.7858e-04, -1.1963e-03,  1.4890e-03, -7.7013e-04,
        -2.4198e-03, -8.2614e-04,  1.1982e-03, -8.3020e-04, -4.4687e-04,
        -1.0744e-03,  2.7746e-04,  1.9676e-04, -1.2720e-04,  2.1479e-03,
        -2.2043e-03, -7.6950e-04, -1.4778e-03,  1.3023e-03, -1.9889e-03,
         2.5247e-04,  1.0426e-03, -1.0858e-03, -4.7520e-05,  2.0177e-03,
        -1.2758e-04, -1.6486e-03, -1.0166e-03, -1.1426e-03,  1.2272e-03,
         1.8674e-03, -1.7108e-04, -4.1282e-04, -1.5841e-03, -8.8769e-04,
        -1.3339e-03,  1.6918e-04, -1.9602e-03,  2.0919e-03, -7.5704e-04,
         6.4720e-05,  6.9742e-04,  4.9910e-05,  3.6733e-03,  2.4088e-03,
         1.2451e-03, -1.4230e-03, -2.6197e-03, -1.5290e-03, -1.6521e-03,
         2.7177e-04,  4.4050e-04,  2.7678e-05,  2.7811e-03, -9.5309e-04,
         3.9180e-04,  2.8433e-05, -1.3775e-03, -6.5399e-04, -2.3417e-03,
        -1.4989e-03,  9.1111e-04,  2.0629e-03, -7.3930e-04, -7.0868e-04,
         4.5440e-05,  7.5806e-04,  1.9067e-03, -7.7391e-04, -1.7875e-03,
        -2.7474e-03, -8.6014e-05, -1.1794e-03, -5.7156e-04,  1.6257e-03,
         4.7334e-03, -1.8979e-04, -7.9878e-04,  1.7296e-03,  1.0166e-03,
        -2.3777e-03, -8.1694e-04, -4.4720e-04,  8.0542e-04, -8.9471e-04,
        -5.9209e-04,  1.0933e-03,  1.3965e-03,  1.6658e-03, -8.9319e-04,
         5.3727e-04,  5.1632e-04,  3.1045e-04,  4.4007e-03, -2.0336e-04,
         2.2105e-03,  3.3005e-03, -1.3837e-03,  6.7864e-03,  2.5373e-03,
         8.7667e-05,  4.8629e-04, -2.2685e-03, -5.7042e-04, -1.9621e-03,
        -1.3059e-04,  1.2548e-03, -9.2607e-04,  7.1349e-05, -8.7084e-04,
         4.2069e-04, -1.2588e-03,  8.3760e-04,  6.5742e-04,  1.2067e-03,
        -8.2585e-04, -8.1750e-04, -8.4798e-04, -3.6389e-04, -1.6205e-03,
         1.3642e-03,  2.4409e-04,  6.9584e-04, -2.4166e-05, -1.7485e-03,
         1.3974e-03,  2.5572e-03, -1.1178e-03,  6.6650e-04, -3.2324e-04,
        -9.8324e-04, -1.5152e-03, -2.1965e-03, -5.6582e-05,  1.1665e-03,
        -8.5642e-05,  2.3559e-03, -1.4770e-03,  1.7111e-03, -1.5994e-03,
         1.0389e-03,  3.7408e-03, -8.9196e-04,  9.8577e-04, -1.5145e-03,
        -1.1616e-03, -1.6407e-03,  8.6029e-04,  1.2816e-03,  2.7818e-03,
         1.2435e-03, -1.1204e-03, -1.0796e-03,  1.1244e-03, -6.6798e-04,
         1.0769e-03, -2.6063e-03, -2.2639e-03, -1.7712e-03, -1.4044e-03,
        -7.0930e-04, -2.0559e-03, -7.7401e-04,  4.5266e-05, -2.1898e-03,
         9.2067e-04,  1.5669e-03,  3.3946e-04, -1.2308e-03,  7.8855e-04,
         1.6740e-04,  9.6823e-04, -1.2028e-03, -2.8385e-04, -1.4197e-03,
        -1.0781e-03,  1.5587e-03,  5.8087e-04, -9.2762e-04,  1.7544e-03,
        -6.7112e-04, -1.1365e-03, -3.1129e-03, -4.5086e-04, -8.3849e-04,
         2.3047e-04], device='cuda:0')), ('fcs.1.weight', tensor([[-0.0005,  0.0018,  0.0007,  ...,  0.0033,  0.0033,  0.0005],
        [-0.0002, -0.0048, -0.0013,  ...,  0.0022, -0.0008, -0.0013],
        [ 0.0007, -0.0020,  0.0016,  ...,  0.0031,  0.0002, -0.0007],
        ...,
        [-0.0013,  0.0048, -0.0009,  ..., -0.0005,  0.0048,  0.0020],
        [-0.0025,  0.0022, -0.0048,  ..., -0.0006,  0.0007,  0.0009],
        [ 0.0005, -0.0002, -0.0022,  ..., -0.0007, -0.0013, -0.0015]],
       device='cuda:0')), ('fcs.1.bias', tensor([ 5.8662e-04, -4.1548e-04, -1.2362e-03, -1.9560e-03, -2.1817e-03,
        -1.2888e-03,  5.1543e-04,  1.7648e-03, -6.0953e-04, -2.8509e-04,
         9.1345e-04,  1.2038e-03,  1.4820e-03, -2.1681e-03, -1.5091e-03,
        -1.0439e-03, -7.8427e-04,  2.1862e-03,  1.8700e-03, -1.4067e-03,
        -2.6245e-03,  8.7189e-04,  1.8061e-05, -7.6494e-04,  1.8471e-03,
        -5.7610e-04,  4.4429e-04,  8.8203e-04,  5.7776e-04, -6.2483e-04,
        -1.2773e-03, -2.1352e-03,  3.3850e-04, -2.0094e-03, -8.9642e-04,
        -5.7057e-04,  4.5835e-04, -1.0966e-03, -1.1872e-03, -1.1012e-03,
         2.0705e-03,  4.8537e-04, -9.0553e-04,  2.4802e-03, -9.5305e-04,
        -9.9795e-04, -3.3509e-03, -6.8583e-04,  1.6420e-03,  9.1910e-04,
        -5.9309e-04,  1.5782e-04, -1.2354e-03, -9.3863e-04,  4.3308e-04,
         3.2854e-03, -4.3904e-04,  1.3488e-03,  6.5827e-04, -1.5248e-03,
         5.9732e-04,  2.2117e-03, -5.4791e-04, -1.2250e-03,  7.6431e-04,
         7.0785e-04, -1.0489e-03, -2.0376e-03,  6.9306e-04, -6.6781e-04,
         9.2761e-04, -1.2899e-03, -9.7365e-04,  2.0465e-03, -1.8424e-03,
         5.3559e-04,  1.8726e-03,  6.8847e-04,  1.0167e-03, -1.9709e-03,
        -1.0098e-03,  2.0894e-03, -6.5126e-04,  2.2372e-03,  1.5228e-04,
         3.2333e-04,  5.1006e-04,  2.3491e-03,  1.6499e-04,  1.2476e-03,
        -1.9830e-03, -1.5281e-04, -8.9341e-04,  5.4668e-04,  3.6946e-04,
         1.2761e-03, -7.0935e-04, -2.1791e-03,  8.8312e-04,  1.5212e-03,
        -1.8454e-03, -1.3208e-03,  9.1566e-04, -6.0436e-04,  2.1314e-03,
        -2.1863e-03, -4.6379e-04, -2.8380e-03, -7.4467e-04, -8.7545e-05,
        -1.7220e-04, -1.9020e-03,  1.3327e-03, -1.9600e-04, -7.6999e-04,
        -7.5217e-04,  7.8013e-04, -1.2422e-03, -1.2888e-03,  1.3295e-03,
        -4.1420e-04,  7.1465e-04,  3.0588e-03,  7.6431e-04,  2.2394e-04,
        -1.1749e-04,  1.8452e-03,  7.1277e-04], device='cuda:0')), ('fcs.2.weight', tensor([[-2.9872e-03, -4.9761e-04,  2.6636e-03, -4.4233e-04, -1.4757e-04,
          1.3933e-04, -2.1465e-03, -1.8448e-03,  1.9736e-03, -1.3677e-04,
         -1.3461e-03,  1.1408e-03, -1.0610e-03, -8.3842e-04, -2.2102e-03,
         -1.3749e-03, -1.5319e-03,  3.4557e-04,  7.5527e-06, -1.2347e-03,
          6.4303e-04, -2.6052e-03, -3.3744e-03, -1.7791e-03,  2.7564e-04,
         -8.8635e-04,  3.1303e-04, -7.8823e-04, -1.4121e-03, -6.8188e-04,
         -4.8525e-04,  5.5126e-05,  2.8084e-04, -2.8912e-04,  1.4341e-03,
         -4.1635e-04,  5.2741e-04,  2.4461e-03,  6.1591e-04, -1.2825e-03,
          1.0938e-03,  2.5474e-04, -8.2828e-04,  1.7833e-03, -9.8269e-04,
          2.3902e-04,  9.7034e-04,  6.6589e-04,  6.6068e-04,  8.1626e-05,
         -2.3936e-04,  1.3390e-03, -9.4223e-04,  1.9185e-05, -4.1388e-04,
         -1.4467e-03, -9.3833e-04, -6.1912e-04,  1.3032e-03, -2.9022e-04,
         -2.2944e-03,  1.3259e-03,  1.8458e-03, -1.2771e-03, -1.5741e-03,
          1.6778e-03,  1.3273e-03, -1.3502e-03,  6.8102e-04, -3.9076e-04,
         -1.3702e-03, -9.4665e-04, -1.4333e-03, -4.6905e-04,  1.2826e-03,
         -2.6350e-04,  2.0877e-03, -1.4881e-03, -2.4407e-03, -9.2366e-04,
         -1.0394e-03, -1.2018e-03,  5.6898e-04,  1.1699e-03, -8.0625e-01,
         -1.0039e-04, -8.6319e-04,  1.5387e-03, -7.9633e-04,  1.7273e-03,
          1.4945e-04,  7.3907e-04,  6.5050e-04,  2.1015e-03, -1.4633e-03,
          6.8884e-04,  1.3462e-03,  4.5015e-04,  1.0338e-03, -2.4001e-04,
          1.2634e-03,  1.7342e-03,  1.2608e-03, -1.0251e-03, -1.0974e-03,
         -1.5567e-03, -1.7048e-03, -8.2813e-04,  1.4823e-04,  5.6851e-04,
          1.3574e-03,  5.8371e-04,  4.9456e-04, -1.6099e-03, -2.8143e-04,
          1.7912e-04,  1.6231e-03,  6.0073e-05,  6.2596e-04,  9.3203e-04,
         -7.8677e-05,  7.9451e-04,  9.3162e-04,  2.1242e-03, -1.0276e-03,
         -5.2319e-04,  7.6109e-04,  2.3618e-05]], device='cuda:0'))])
end of epoch 2: val_loss 0.009456432377794642, val_acc 1.0
trigger times: 0
saving model weights...
Weights: OrderedDict([('fcs.0.weight', tensor([[-1.4361e-04,  1.2893e-03,  3.8309e-04],
        [ 1.6486e-03,  3.1688e-03,  1.7775e-04],
        [-1.0971e-03,  1.6358e-03, -1.3716e-03],
        [ 8.6080e-04, -5.5610e-04, -1.0567e-03],
        [ 2.8876e-03, -5.3672e-04,  5.5490e-04],
        [ 7.5559e-04,  5.4927e-04, -3.0306e-04],
        [-5.2449e-04, -2.7278e-03,  5.2515e-04],
        [-2.0550e-03, -6.5409e-04,  1.3128e-03],
        [-8.7060e-04, -4.4460e-04, -2.1762e-03],
        [ 3.2018e-04,  6.5359e-04,  2.9669e-04],
        [ 5.7842e-04,  1.5141e-03, -4.8327e-04],
        [ 1.4435e-03, -5.7790e-04, -4.6131e-04],
        [-1.2612e-03,  1.4790e-03,  1.4133e-03],
        [-2.1438e-03, -4.5571e-04,  1.3218e-03],
        [-1.8505e-04, -2.7002e-04,  3.7337e-04],
        [ 1.1564e-03,  2.5696e-03, -7.0301e-04],
        [ 6.4131e-04,  8.8231e-04, -2.4214e-03],
        [ 5.9997e-04,  5.3211e-04,  5.4494e-04],
        [ 1.3421e-03,  2.3374e-04,  1.4430e-03],
        [-8.4088e-04,  2.0805e-03,  2.6900e-03],
        [-7.6163e-04, -3.6865e-05,  1.6236e-03],
        [ 1.1308e-03, -1.9331e-04, -1.2911e-03],
        [-1.9510e-03, -1.6962e-04, -5.6313e-04],
        [ 2.0999e-04, -3.4488e-04,  9.2311e-04],
        [-1.4957e-03,  4.3280e-04, -1.1505e-03],
        [-1.1385e-03,  2.8792e-03, -2.7698e-03],
        [-1.0020e-03,  8.4126e-04, -2.8998e-03],
        [ 2.4936e-03,  1.4630e-03,  2.3318e-04],
        [ 1.0670e-03,  1.8778e-04,  1.4492e-04],
        [ 1.7268e-03, -1.4446e-03, -1.2246e-03],
        [-9.6094e-04,  2.8835e-04,  2.0339e-03],
        [-2.8874e-03,  3.9832e-04,  1.7549e-03],
        [ 8.0861e-04, -1.0646e-03, -1.4106e-03],
        [ 8.9966e-04,  8.1134e-04, -9.1806e-04],
        [-1.5614e-03, -1.2558e-03, -7.1447e-04],
        [-1.2176e-03, -1.0241e-03, -5.9296e-04],
        [ 6.5790e-04, -1.2637e-03, -9.8944e-04],
        [ 1.6967e-03, -1.1472e-03, -5.5365e-04],
        [ 5.1134e-04,  5.8845e-04, -8.0808e-05],
        [ 2.8157e-03, -8.4169e-04, -5.7412e-04],
        [-5.8542e-04,  2.6181e-04,  8.9346e-04],
        [-4.5851e-04, -2.4916e-04,  1.3397e-03],
        [ 2.1061e-04,  4.7273e-04, -5.8258e-05],
        [-8.6236e-04,  2.2509e-03, -8.2621e-05],
        [ 6.0996e-04,  2.2593e-03,  6.6313e-04],
        [ 1.5030e-03,  3.0568e-04, -1.3152e-03],
        [ 1.6561e-03,  2.1988e-04, -1.5453e-03],
        [ 2.8149e-03, -6.3492e-06, -1.3955e-03],
        [-4.3725e-05,  1.2817e-03,  1.0009e-04],
        [-1.0971e-03, -7.9112e-04,  4.5714e-04],
        [-1.3100e-03,  3.8895e-04,  1.6520e-03],
        [-1.5497e-03,  1.6523e-04,  2.2975e-03],
        [-4.8677e-04, -9.3918e-04,  6.0971e-04],
        [-3.2334e-03, -3.2704e-04, -5.6345e-04],
        [ 8.2115e-04, -1.3786e-03, -1.8331e-03],
        [ 7.7286e-06,  2.0132e-03,  1.9995e-03],
        [ 1.9121e-04,  1.2325e-03,  2.1302e-04],
        [-1.1478e-03,  2.4407e-04,  1.1707e-03],
        [-2.5859e-04, -1.2612e-03, -7.5712e-06],
        [ 1.4052e-03,  6.3231e-04, -1.1537e-03],
        [-3.0123e-03, -2.5008e-03, -8.1765e-04],
        [ 2.7567e-04, -6.6985e-04,  5.0446e-04],
        [-1.6905e-03, -1.2043e-03,  1.2073e-03],
        [ 3.4528e-04,  9.0838e-05, -1.4733e-04],
        [ 7.3754e-04, -1.2244e-03, -1.5500e-03],
        [ 1.8240e-03, -1.4079e-03,  3.9983e-04],
        [ 4.9160e-04, -1.2386e-04, -6.5511e-04],
        [-5.2462e-04,  1.6889e-03,  1.4473e-03],
        [-7.3173e-04, -8.8055e-04,  1.0334e-03],
        [-8.1581e-04,  1.4191e-03, -1.0556e-03],
        [ 1.9105e-04,  1.5193e-03,  1.5915e-03],
        [-1.1325e-03, -4.9927e-04, -1.6156e-03],
        [ 8.8114e-04,  7.3556e-04,  1.5759e-03],
        [-1.1063e-03,  6.1826e-04,  3.9653e-04],
        [ 3.8483e-04,  2.9662e-05,  2.7875e-04],
        [-3.2745e-03, -4.3145e-04,  1.2337e-03],
        [ 6.3214e-04, -1.3045e-03, -1.8403e-03],
        [-1.2205e-03, -7.6356e-04,  9.6309e-04],
        [-3.3211e-04,  1.8531e-03, -6.9561e-04],
        [-1.5111e-03,  2.0729e-04, -1.6851e-03],
        [ 1.4919e-03,  4.0902e-04,  1.9199e-03],
        [-1.7818e-04, -1.9731e-03,  7.4888e-04],
        [ 7.4929e-04, -7.7966e-04, -1.5677e-03],
        [-7.9234e-04,  9.9868e-04,  3.1884e-04],
        [ 6.0264e-04, -9.7972e-04,  2.1757e-03],
        [-9.3140e-04, -7.1994e-04, -2.7002e-03],
        [ 7.0050e-04, -1.1222e-03,  1.0621e-03],
        [ 3.7626e-04, -3.7222e-04, -1.7506e-03],
        [-1.7683e-03,  9.2551e-04, -3.8413e-04],
        [-9.7687e-04, -1.4832e-03,  6.7734e-06],
        [-3.5096e-04,  1.2457e-03,  2.0422e-03],
        [-3.2389e-03,  7.1285e-04, -4.1397e-04],
        [-1.7997e-05, -8.2827e-04,  1.3714e-04],
        [ 1.7476e-04, -1.2532e-03, -1.0605e-04],
        [ 1.1526e-03, -1.4455e-03, -2.7827e-03],
        [ 1.9487e-03, -1.7893e-04,  5.9114e-04],
        [ 2.7100e-03, -2.9746e-03,  5.8145e-05],
        [-1.4067e-03, -5.1475e-04,  1.5255e-03],
        [ 1.8941e-03,  4.9521e-04, -1.3096e-03],
        [-8.3284e-04,  1.8124e-03,  5.1466e-04],
        [ 7.2176e-04, -1.2428e-03, -7.1052e-04],
        [ 7.6902e-04, -7.3371e-04,  2.5818e-03],
        [ 4.8587e-04,  2.1852e-04,  7.8666e-04],
        [-4.1541e-04, -4.3869e-04,  1.3190e-03],
        [-1.2952e-03, -2.0575e-03, -3.7767e-04],
        [ 5.6509e-04,  6.7702e-04, -2.3766e-03],
        [-1.7417e-03, -8.4489e-04,  4.6119e-04],
        [-2.5696e-03, -1.8030e-03,  7.4141e-04],
        [ 1.4964e-03, -8.3463e-04,  1.3905e-03],
        [ 1.0504e-03, -8.3533e-04,  1.5321e-03],
        [-3.9396e-04, -1.1894e-03,  2.9820e-04],
        [-7.1064e-04,  7.3705e-04, -1.3718e-03],
        [-1.3061e-03, -8.1509e-04,  1.6389e-03],
        [ 6.1401e-04,  4.4342e-03,  6.6754e-04],
        [ 3.5769e-04,  1.3274e-03, -1.3700e-03],
        [-2.1403e-03,  2.8663e-04, -7.3032e-04],
        [-6.4701e-04, -3.1032e-03,  6.8253e-04],
        [ 5.0117e-04,  2.4639e-03,  1.0390e-04],
        [ 1.3343e-03, -1.6677e-03, -5.1576e-04],
        [-8.4278e-04,  9.1193e-04,  1.4561e-03],
        [-4.4889e-04,  8.8916e-04,  1.8184e-03],
        [-1.1733e-03, -1.1046e-03,  7.0211e-05],
        [-9.3318e-04,  9.8173e-04,  7.0529e-04],
        [ 1.9897e-04,  8.9619e-04,  1.9672e-04],
        [-2.7528e-03, -8.4069e-04,  1.6112e-03],
        [ 2.9124e-05, -1.8535e-03,  1.6821e-04],
        [-9.9776e-04,  1.4931e-04, -6.8585e-04],
        [ 1.4115e-03,  3.6278e-04,  9.1290e-04],
        [-4.3088e-04, -1.7506e-03, -9.5785e-04],
        [ 1.4020e-03, -1.8104e-03,  1.0774e-03],
        [-1.4470e-04, -2.5329e-04,  9.5892e-04],
        [-4.8934e-04,  1.6007e-03, -2.5185e-05],
        [ 1.4931e-03, -2.8561e-03,  1.5533e-03],
        [-2.3476e-03, -8.9933e-04, -5.6469e-04],
        [-1.5522e-03, -1.1887e-03,  1.7599e-04],
        [-9.6186e-04,  1.8767e-03,  1.6323e-03],
        [ 5.5508e-04, -2.2799e-03,  1.3488e-03],
        [ 7.9722e-04, -1.4896e-03, -1.7262e-03],
        [-6.5488e-04, -1.1640e-03,  2.4294e-03],
        [-1.1533e-04, -1.4916e-03, -2.6372e-03],
        [ 8.2748e-04, -2.5277e-03, -5.1389e-05],
        [ 2.4282e-03, -1.4320e-03, -1.0257e-03],
        [ 4.2900e-04, -7.5426e-04, -4.5981e-04],
        [-3.5391e-04, -6.2881e-04, -8.4494e-04],
        [ 1.1957e-05, -7.5111e-04,  2.0480e-03],
        [ 9.1584e-04,  1.6889e-03,  5.7924e-04],
        [ 6.0959e-04, -1.5301e-03, -5.9286e-04],
        [-1.7129e-03, -1.3116e-03,  1.7580e-03],
        [ 9.6485e-05,  6.2913e-04,  2.4573e-04],
        [-1.4495e-03, -1.0525e-03,  1.2739e-03],
        [ 5.7545e-05,  1.5552e-03,  1.3182e-03],
        [-1.0668e-03, -1.3280e-03, -8.5609e-04],
        [-4.6118e-05, -1.7746e-03,  8.5039e-04],
        [-2.5036e-04, -8.8777e-04,  6.1133e-04],
        [ 1.9088e-03, -1.0247e-04, -1.9036e-03],
        [-1.1097e-03, -7.9194e-04,  1.5978e-04],
        [ 1.3921e-04,  6.8939e-04, -4.6705e-04],
        [-5.6673e-04,  1.7148e-03, -7.5963e-04],
        [-3.8982e-04, -1.2172e-04,  2.9421e-04],
        [ 7.9632e-04, -4.9733e-04,  1.0054e-04],
        [-2.9288e-04, -1.5644e-05,  2.0217e-03],
        [ 1.8481e-03,  1.9602e-04,  4.6460e-04],
        [-4.1456e-04,  1.2255e-04,  9.9669e-05],
        [ 9.1365e-04,  7.2312e-04, -7.3815e-04],
        [ 1.7417e-03, -1.8446e-03, -5.7832e-04],
        [ 2.1137e-03, -8.5220e-04,  1.5457e-03],
        [-1.9961e-03,  2.9297e-03,  4.9843e-04],
        [-3.6183e-03, -7.9340e-04, -1.4068e-03],
        [ 4.6345e-01, -4.7846e-02,  5.6378e-01],
        [ 1.6279e-03, -2.5823e-05,  1.6171e-03],
        [-1.0244e-03, -1.8115e-03,  2.7347e-03],
        [-3.0268e-03,  3.7022e-03, -7.7502e-04],
        [ 4.0497e-04, -2.3733e-04,  3.4249e-04],
        [ 1.6167e-03, -1.0473e-03,  3.3438e-04],
        [ 8.6664e-04, -1.6980e-03, -1.3492e-03],
        [ 1.5095e-03,  1.3143e-03, -6.3657e-04],
        [-1.4801e-03,  4.7089e-04, -5.5573e-04],
        [-2.0740e-03, -9.3805e-05,  5.4827e-04],
        [ 4.0886e-04,  7.8471e-04,  1.7926e-03],
        [ 1.7288e-03, -6.7709e-04, -1.9632e-03],
        [ 2.6632e-03,  1.7377e-03,  1.2769e-03],
        [ 1.5302e-04, -2.1291e-04,  1.8677e-03],
        [ 2.6306e-03,  1.2064e-03, -7.7437e-04],
        [ 8.6673e-04,  2.0443e-03, -1.2317e-03],
        [-1.6733e-04, -6.9214e-04,  2.1200e-03],
        [-2.1284e-03,  1.5295e-03,  5.4554e-04],
        [ 6.1219e-04,  1.1650e-03, -3.5725e-03],
        [-1.7527e-03,  5.8150e-04,  1.4077e-03],
        [ 2.7497e-04,  1.8962e-03,  1.0476e-04],
        [ 3.5726e-04,  2.7287e-03, -1.1722e-03],
        [-4.3634e-03, -4.2771e-03,  1.1064e-03],
        [ 2.6066e-03,  2.0076e-03, -1.0066e-03],
        [ 8.3743e-04, -1.2821e-03,  2.0662e-04],
        [-2.3042e-04,  7.0602e-04, -1.1172e-04],
        [-4.4947e-04,  6.9089e-04,  1.2033e-03],
        [ 8.2963e-04, -1.1317e-04, -3.8347e-04],
        [ 6.2717e-04,  1.0167e-03, -1.3248e-03],
        [ 5.9231e-04,  3.7308e-04,  1.7764e-03],
        [-1.5838e-03,  5.4688e-04, -1.5866e-03],
        [ 8.5267e-04,  1.8392e-03, -1.5791e-04],
        [-9.8721e-04,  5.7893e-04,  8.6349e-04],
        [-1.7603e-03,  7.8307e-04, -2.6658e-03],
        [ 1.2548e-04,  1.4801e-03, -9.6372e-05],
        [-1.1584e-03, -1.2017e-03,  8.0875e-04],
        [ 5.9911e-04,  2.0723e-04, -1.0339e-03],
        [ 2.1986e-04,  1.7600e-03,  4.1890e-04],
        [-5.9162e-04,  1.3469e-03, -1.1539e-03],
        [ 1.6263e-04,  1.2408e-03, -6.4852e-04],
        [-2.0108e-04,  1.5964e-03,  2.3954e-03],
        [-1.0398e-03, -9.2166e-04, -1.7731e-03],
        [ 2.7653e-03,  2.0312e-03, -1.5357e-03],
        [ 9.2852e-04, -5.0471e-04, -1.4201e-03],
        [ 9.6246e-04, -6.1016e-04, -1.7979e-03],
        [ 9.1505e-04, -9.9841e-04,  2.1011e-03],
        [ 1.2309e-03, -2.8735e-04, -8.2226e-04],
        [ 8.7660e-04,  4.3659e-04, -2.7213e-03],
        [ 7.3047e-04, -1.9251e-03,  4.4694e-04],
        [-1.0010e-03, -1.4261e-03, -1.4775e-03],
        [-8.9919e-04,  3.8459e-04,  2.6877e-04],
        [ 1.9684e-05, -8.5717e-04, -1.5700e-03],
        [-7.2245e-04, -5.4375e-04,  2.4698e-03],
        [-6.3068e-04,  1.6250e-03,  6.9256e-04],
        [ 1.7368e-03,  7.0553e-04, -5.2612e-04],
        [-6.6036e-04,  1.1799e-03,  1.6490e-03],
        [ 1.3822e-03, -6.0579e-04, -5.7789e-04],
        [ 1.3163e-03,  1.7984e-03, -1.8896e-03],
        [ 4.6781e-05,  1.6661e-03,  2.0856e-03],
        [ 7.9247e-04,  1.6082e-05,  2.2343e-03],
        [ 3.4076e-03, -9.1287e-04, -2.4626e-03],
        [-3.8470e-04, -1.6763e-03,  1.5165e-04],
        [ 7.5767e-04, -9.8570e-04,  3.5388e-04],
        [ 8.7891e-04, -1.8226e-03,  1.3103e-03],
        [ 3.2895e-04, -1.9832e-03, -1.0977e-03],
        [-5.1940e-04,  1.1545e-05,  2.3403e-03],
        [-6.9971e-04,  4.9392e-04, -3.1298e-04],
        [ 4.3901e-05, -1.0714e-04, -9.9436e-04],
        [ 1.6431e-04,  1.4410e-04, -1.6730e-03],
        [-9.1201e-04, -1.2512e-03,  8.5586e-05],
        [ 8.6033e-04, -1.2685e-03,  1.0239e-03],
        [-8.5166e-04,  8.3423e-04, -1.8347e-03],
        [-9.5178e-04,  1.1833e-03, -3.5761e-04],
        [-5.7948e-04, -1.4340e-03,  9.1880e-05],
        [-9.3576e-04,  5.2464e-04, -1.5386e-03],
        [ 1.1600e-03, -8.8472e-04,  5.2972e-04],
        [ 5.8327e-04,  1.4048e-03, -1.8245e-03],
        [-1.0186e-03, -9.3092e-04,  2.4030e-03],
        [-7.0460e-04,  1.4838e-04, -3.9445e-05],
        [-4.0035e-04,  2.1045e-03,  5.8636e-05],
        [-2.3990e-04, -2.6145e-03,  1.1014e-04],
        [-7.7145e-04,  1.4242e-04,  6.4691e-04],
        [-1.8597e-03, -2.2545e-03, -1.4961e-03],
        [-3.5843e-03,  1.3339e-03, -9.2156e-04],
        [ 1.7165e-04,  8.5969e-04,  2.1420e-03],
        [-1.8112e-03, -1.0763e-04, -1.2378e-03],
        [-7.7890e-04,  3.2215e-04, -1.5679e-03],
        [ 1.0920e-03,  1.5752e-03, -7.6536e-04]], device='cuda:0')), ('fcs.0.bias', tensor([ 6.0863e-04,  2.4579e-03, -5.5702e-04,  1.8417e-04,  8.9587e-04,
        -2.0177e-03,  2.4474e-03,  1.6664e-03, -6.8850e-04, -2.7942e-03,
        -1.3600e-05, -2.1764e-04,  1.0290e-03,  1.8792e-03, -2.6999e-03,
         1.3983e-03, -8.5845e-04, -3.2420e-04, -1.5834e-03, -8.2475e-04,
         2.0175e-03,  1.8620e-03, -1.5441e-03, -1.6202e-03, -5.4500e-05,
         2.7875e-03,  9.8984e-04,  8.4234e-04, -3.5594e-04, -8.9379e-04,
         1.8415e-03,  2.2143e-03,  3.8643e-04, -2.0374e-03, -1.6646e-04,
         2.3981e-03, -1.5813e-03, -1.0920e-03, -1.7391e-03,  1.5359e-03,
         2.4007e-03, -1.4008e-03, -4.0383e-04, -1.3058e-04,  1.1498e-03,
        -1.6908e-04, -5.9835e-04, -1.2492e-03,  5.7821e-04, -4.4227e-04,
         1.5326e-03, -5.0450e-05,  1.6157e-03, -6.8265e-04, -5.0558e-04,
         1.4813e-03, -1.1522e-03,  8.6682e-04,  1.3232e-03,  3.5969e-04,
         1.6023e-03,  6.5487e-04, -4.3608e-03, -1.9169e-04,  9.4554e-04,
         2.2840e-03, -2.0686e-04, -1.7901e-03, -3.7979e-04,  2.2764e-04,
         5.1634e-04,  1.2605e-03, -6.7304e-04,  1.3135e-04,  5.1174e-04,
         1.6357e-03,  2.9622e-03,  1.5197e-03, -4.1874e-04, -3.3279e-04,
        -1.1203e-03,  3.1818e-03,  1.0350e-03,  1.3111e-03,  1.2553e-03,
         1.2681e-03,  1.2022e-03, -2.1172e-03, -1.1387e-03, -1.0083e-03,
        -1.1026e-03, -9.3416e-04,  2.3139e-04,  1.8680e-03,  3.1088e-04,
         1.6439e-03, -2.7425e-03,  1.1014e-03, -9.0952e-05,  1.6788e-03,
        -6.2091e-04, -6.4769e-04, -4.6413e-04, -7.9737e-04,  1.8891e-03,
        -9.9210e-04,  4.7433e-04,  1.5933e-03, -9.3922e-04,  1.9334e-03,
         1.6166e-03, -5.6196e-04,  2.6196e-03,  1.1051e-03,  1.2753e-03,
        -1.3241e-04,  3.4658e-03,  2.9602e-04,  1.4284e-03,  2.0484e-04,
        -9.9486e-04,  1.7939e-03,  9.8772e-04, -1.0510e-03,  1.5067e-03,
         1.2847e-03, -1.1807e-03, -8.2970e-04, -1.8595e-03, -5.5852e-04,
        -2.3902e-04, -2.8876e-04, -1.5854e-03,  1.4710e-03,  2.1300e-04,
         3.3347e-04,  5.2298e-04,  1.7915e-03,  1.1344e-03,  3.4856e-04,
        -6.9905e-04,  3.1118e-04, -1.3102e-03, -1.5116e-03, -1.8079e-03,
        -1.3447e-03, -1.3418e-03, -2.2640e-03, -3.5692e-04, -1.8630e-04,
        -6.6735e-04, -2.2718e-03,  9.6662e-04, -4.0490e-05, -4.6822e-04,
         4.3855e-04,  8.9896e-04, -1.4612e-03,  2.4072e-04,  7.4361e-04,
        -2.9823e-03, -5.6832e-04, -6.0832e-04,  3.2503e-03,  8.8508e-04,
         2.4068e-04, -1.3035e-03, -1.7898e-03,  1.8547e-01,  1.8195e-03,
         1.2583e-03,  2.6360e-04, -1.6567e-03, -5.9167e-04, -1.8014e-03,
        -6.2152e-04, -5.0255e-04, -1.9084e-03, -1.5457e-03, -2.4904e-03,
        -1.3687e-03, -5.5327e-04, -4.5497e-06,  8.8638e-04,  1.0932e-03,
        -1.1072e-04, -3.1836e-03,  3.8628e-04, -9.8068e-05, -1.2042e-03,
        -4.3066e-04,  1.6003e-03,  7.8132e-04,  3.0089e-04,  1.4751e-03,
        -8.6984e-04,  1.5647e-03, -1.7179e-03, -6.8568e-04,  3.1102e-04,
         3.6393e-04,  6.8179e-04,  1.3608e-03,  2.1721e-03, -3.9704e-04,
         2.8739e-04, -6.2234e-04,  9.6426e-04,  8.1578e-04,  3.0198e-04,
        -1.1651e-03,  8.3582e-04, -1.4773e-03, -1.1311e-03, -1.1074e-03,
         2.2816e-03,  4.3404e-04,  4.5670e-04,  1.1897e-04, -9.0633e-04,
        -2.1389e-04, -6.7247e-04,  5.7674e-04,  9.9188e-04, -1.2064e-03,
        -7.6192e-04,  1.4290e-03, -8.8205e-04, -1.7541e-03, -9.1997e-04,
         4.7572e-04,  7.9124e-04,  8.4990e-04,  1.2576e-04, -4.8484e-04,
        -4.0259e-04,  2.0574e-03, -2.6278e-03,  2.8099e-04, -1.7823e-03,
         2.0048e-03, -5.0306e-04, -9.0404e-04, -2.3086e-03, -1.8664e-03,
        -1.7859e-03, -2.2856e-04,  2.4343e-03,  1.1843e-03,  2.5623e-03,
         1.2418e-03,  7.1957e-06,  2.0782e-03, -3.2303e-04,  1.5687e-03,
        -1.5748e-04], device='cuda:0')), ('fcs.1.weight', tensor([[-0.0005,  0.0018,  0.0007,  ...,  0.0033,  0.0033,  0.0005],
        [-0.0002, -0.0048, -0.0013,  ...,  0.0022, -0.0008, -0.0013],
        [ 0.0007, -0.0020,  0.0016,  ..., -0.0003, -0.0007, -0.0007],
        ...,
        [-0.0013,  0.0048, -0.0009,  ..., -0.0005,  0.0048,  0.0020],
        [-0.0025,  0.0022, -0.0048,  ..., -0.0006,  0.0007,  0.0009],
        [ 0.0005, -0.0002, -0.0022,  ..., -0.0007, -0.0013, -0.0015]],
       device='cuda:0')), ('fcs.1.bias', tensor([ 9.4926e-05,  7.4285e-04, -8.7396e-04, -1.9631e-03,  1.3046e-03,
        -1.2971e-03, -7.0080e-04, -9.1065e-04, -1.2961e-03, -9.3904e-04,
         8.1181e-04, -7.0765e-04, -2.6327e-03, -5.9904e-04,  2.1597e-03,
         1.8126e-03, -6.5449e-04,  2.1803e-03,  1.9902e-03,  1.4688e-03,
        -3.0556e-03,  8.8726e-04,  2.3540e-03, -7.6503e-04, -5.7481e-06,
        -1.1449e-03, -2.0401e-03,  2.8364e-04, -8.2771e-04,  1.0840e-03,
        -1.2950e-03,  6.2212e-04, -1.8971e-03,  2.1791e-03, -8.6502e-04,
        -1.2573e-03,  3.2455e-03,  7.1986e-04, -5.8262e-04,  2.0007e-03,
         2.0768e-03,  1.0902e-03, -8.7845e-04,  2.4980e-03, -6.7405e-04,
        -8.9261e-04, -3.3932e-03, -4.0390e-04,  1.0020e-03,  8.9871e-04,
        -7.3590e-04,  2.2077e-03, -1.1117e-03, -7.9789e-04, -3.4938e-03,
         3.7032e-03, -8.0950e-04,  1.0149e-03,  5.2480e-04,  9.7397e-04,
         5.9247e-04,  2.3145e-04, -5.4073e-04, -1.1524e-03,  1.1411e-03,
         1.0061e-03, -1.8040e-05, -2.1358e-03, -1.3691e-03,  1.3985e-03,
        -1.3456e-03, -1.5212e-03, -1.3117e-03,  2.1611e-03, -2.1344e-03,
         4.7067e-04,  1.8381e-03,  8.2857e-04, -1.4752e-03, -1.8303e-03,
         1.2666e-03,  3.8839e-04,  1.6647e-03,  2.1547e-03,  2.0422e-01,
        -1.1059e-06,  1.1505e-04, -1.4120e-03,  9.0783e-04, -2.2149e-03,
        -1.9376e-03,  5.2242e-04, -7.7808e-04,  6.3736e-04,  1.9480e-03,
         1.1617e-03, -7.9068e-04, -2.1803e-03, -1.9631e-03,  3.1790e-04,
        -1.4406e-03,  8.7280e-04, -5.7426e-04,  1.2194e-03, -1.1227e-04,
        -2.1771e-03, -1.3792e-04, -2.8911e-03, -8.7430e-04,  1.6118e-03,
        -1.9141e-03, -1.6008e-03, -6.9117e-04,  7.9345e-04, -1.8633e-03,
        -8.9425e-04,  3.5487e-03,  8.6877e-04, -1.5227e-03,  6.9596e-04,
        -1.2010e-03,  1.2429e-04,  1.3187e-03,  6.8531e-04,  1.3789e-03,
         6.5128e-04, -8.1920e-04,  6.2176e-04], device='cuda:0')), ('fcs.2.weight', tensor([[ 9.5119e-04, -8.6083e-04,  3.1195e-04,  3.1127e-05,  1.6091e-03,
         -8.0859e-04, -1.9307e-04,  6.2728e-04,  3.5560e-04, -6.6952e-04,
         -8.0236e-04,  5.2205e-04, -7.5811e-04, -1.6921e-03, -1.3578e-03,
          9.6099e-04,  6.0960e-04,  8.7163e-04, -6.4245e-05, -1.4560e-03,
         -9.0688e-04,  8.0979e-04, -2.0770e-03,  5.3265e-04,  1.3747e-03,
         -7.7471e-04, -5.8086e-04, -8.3327e-04,  3.5989e-04,  5.9781e-04,
          7.0385e-04, -6.4255e-05,  6.6344e-04,  1.6317e-03,  2.7901e-05,
          2.1351e-04, -8.0760e-04,  7.7279e-04, -2.3057e-03, -2.9687e-04,
         -1.4933e-03, -1.3396e-03, -1.8450e-03, -1.4061e-03,  2.3551e-03,
          6.7838e-04, -2.9691e-04, -1.2811e-03,  1.4219e-03, -4.7179e-04,
         -1.9390e-03,  1.2976e-04,  9.7931e-04,  1.6901e-03, -1.2429e-03,
          2.8014e-03, -1.0102e-03,  3.8178e-03,  2.5685e-04,  1.2252e-04,
         -1.1250e-03, -5.1312e-06,  4.7081e-04, -2.3124e-04,  2.0357e-03,
          8.7666e-05, -8.4889e-04,  1.0638e-03,  1.0770e-04, -2.0605e-03,
         -1.3738e-03,  2.6848e-03, -1.1037e-03,  1.2764e-03, -6.7199e-04,
         -1.1293e-03,  1.1131e-03,  1.3233e-03,  1.0974e-03, -2.3321e-03,
         -9.4478e-05,  1.3611e-04,  1.3032e-03,  1.0123e-03, -8.2004e-01,
         -1.0759e-03, -1.0229e-03, -1.3518e-03, -5.8498e-04,  1.2869e-04,
         -6.8030e-04, -9.0835e-04,  4.4220e-05,  2.7443e-04,  1.2167e-03,
          7.1823e-05,  3.6200e-04,  4.5251e-04, -8.9437e-04,  5.7679e-04,
          7.1741e-04, -2.1621e-04,  6.5712e-05,  1.9706e-04,  3.8863e-04,
         -5.4497e-04,  8.3785e-04,  1.5041e-03, -8.1400e-04,  1.8311e-03,
          9.6696e-04,  5.2618e-04,  6.0361e-05, -7.3726e-04, -1.2535e-04,
          3.2435e-04,  2.3081e-03,  1.2221e-03, -8.9533e-04,  3.6093e-04,
         -2.1671e-03,  1.8620e-03,  4.1941e-04, -1.4353e-03,  4.4223e-04,
         -1.2164e-03,  7.6459e-04,  4.7733e-04]], device='cuda:0'))])
end of epoch 3: val_loss 0.011605587549008013, val_acc 1.0
trigger times: 1
end of epoch 4: val_loss 0.014624402614451349, val_acc 0.995
trigger times: 2
end of epoch 5: val_loss 0.012362690232431497, val_acc 1.0
trigger times: 3
end of epoch 6: val_loss 0.01469217195941564, val_acc 0.995
trigger times: 4
end of epoch 7: val_loss 0.005037429909349101, val_acc 1.0
trigger times: 0
saving model weights...
Weights: OrderedDict([('fcs.0.weight', tensor([[-3.1765e-03, -7.8305e-04, -5.6681e-04],
        [-3.4354e-04,  3.0671e-04, -1.8628e-03],
        [-1.2438e-03, -2.7624e-04, -8.5251e-05],
        [-9.2427e-04,  6.0753e-04,  1.0148e-03],
        [ 1.1456e-04,  6.3099e-04,  3.5276e-03],
        [-1.0803e-03, -4.4189e-04,  1.2479e-03],
        [ 3.3571e-04,  8.9283e-04, -1.8516e-03],
        [-2.5507e-03,  1.3721e-03, -4.2135e-04],
        [ 2.3519e-03, -2.0386e-04,  5.4102e-04],
        [ 4.5953e-04, -1.1351e-03,  9.8843e-04],
        [ 2.5979e-04,  5.6671e-04, -5.5971e-04],
        [-1.2797e-04, -1.5198e-03,  2.0321e-03],
        [-4.6142e-04,  3.1361e-03, -2.6650e-04],
        [ 1.0917e-04, -1.3756e-03,  1.5821e-03],
        [ 5.5796e-04,  4.0441e-04, -2.8836e-03],
        [-2.8956e-04, -1.8176e-03,  1.0183e-03],
        [-1.8038e-03,  2.9720e-05, -1.5649e-03],
        [-9.9627e-06, -4.7067e-04,  7.4820e-04],
        [ 2.0634e-05,  6.2798e-04,  6.0258e-04],
        [ 9.2795e-04, -8.4230e-04, -6.0306e-04],
        [-2.4790e-03,  1.7732e-03,  6.5196e-04],
        [-1.0159e-03,  1.2045e-03,  1.3384e-03],
        [-1.2355e-03,  4.9669e-04,  1.7300e-03],
        [-1.1567e-03,  3.2398e-03, -1.3370e-03],
        [ 1.0288e-03, -5.9910e-04,  8.8369e-04],
        [-2.8454e-03,  4.5949e-04, -4.6049e-04],
        [-4.0134e-04, -5.6386e-04, -1.4805e-03],
        [ 5.1925e-04, -1.5972e-05,  7.3912e-04],
        [ 1.3832e-04,  3.0696e-04, -8.4810e-04],
        [-6.0027e-04,  1.2389e-03, -8.5143e-04],
        [ 2.8369e-04, -1.7140e-04, -1.6819e-03],
        [ 4.5744e-04, -4.9480e-04, -1.6703e-03],
        [ 1.8577e-03, -2.0011e-04,  9.5377e-04],
        [ 2.1442e-03,  9.8667e-04, -1.9071e-04],
        [ 8.9319e-04, -1.9904e-03,  1.6774e-03],
        [ 1.7021e-04,  8.6806e-04,  1.5797e-03],
        [ 1.2748e-03,  2.1028e-03, -1.4525e-03],
        [ 6.3533e-04,  1.1305e-04, -6.8644e-04],
        [-1.8021e-03, -1.2899e-03,  6.7665e-04],
        [-8.1644e-04,  4.7074e-05, -2.1958e-04],
        [ 1.0996e-03,  1.2450e-03,  1.0059e-03],
        [ 8.7578e-04, -7.6203e-04, -2.8660e-03],
        [-3.6784e-04,  7.3734e-04, -1.7202e-03],
        [-1.2335e-03,  6.1976e-04, -1.8525e-03],
        [ 1.4715e-04, -1.3287e-03, -9.9044e-04],
        [-7.1261e-04, -1.1728e-03, -5.6161e-04],
        [ 1.0253e-03, -1.8323e-03, -5.5105e-04],
        [ 1.4982e-03,  3.1448e-03, -4.0672e-04],
        [ 1.0478e-03, -1.5778e-03, -1.3406e-03],
        [ 1.1617e-03, -9.7148e-04,  1.4498e-03],
        [ 4.4870e-04, -1.8651e-04,  2.4290e-04],
        [-1.1912e-03,  7.4661e-04,  3.6577e-04],
        [-8.6997e-05,  9.9259e-04,  9.0558e-04],
        [ 2.9356e-05, -4.2616e-04, -4.2414e-04],
        [-1.1355e-03, -3.1749e-03,  2.5599e-03],
        [-4.7559e-04, -2.1003e-03,  2.0830e-03],
        [-2.7975e-04, -1.3972e-03, -9.0153e-04],
        [-1.4012e-04, -3.3851e-03, -4.7330e-04],
        [ 4.3340e-04, -8.2930e-04,  1.6280e-03],
        [ 6.6139e-06, -6.0989e-04, -1.2269e-03],
        [-9.9823e-04, -1.8447e-03,  6.9830e-04],
        [-6.2228e-04,  2.1653e-03, -5.1631e-04],
        [ 2.2332e-03,  4.5815e-04,  6.6797e-04],
        [-4.1969e-04, -5.7319e-05,  9.3971e-04],
        [ 1.1438e-03,  2.2595e-03, -8.6317e-04],
        [-2.0027e-03,  3.5820e-04,  5.0070e-04],
        [ 7.2502e-04,  1.2838e-03,  2.0555e-03],
        [-2.4937e-03,  1.8081e-03, -1.7172e-03],
        [-2.0563e-03, -3.4094e-04,  8.8547e-04],
        [-2.5078e-03, -7.0400e-04, -2.1285e-03],
        [ 7.1678e-06,  8.8998e-04,  6.6036e-04],
        [ 5.4409e-04,  2.0930e-04, -2.4732e-03],
        [ 1.6107e-03, -6.2135e-04, -1.1380e-03],
        [-3.2473e-03,  5.9714e-04,  8.5699e-04],
        [ 2.1882e-03,  9.6344e-04, -9.0762e-04],
        [ 4.1920e-04,  1.3641e-03, -1.6278e-03],
        [-2.0400e-03, -6.1307e-04, -4.4923e-04],
        [ 3.8983e-04,  2.1219e-04,  3.3066e-03],
        [ 1.1702e-03, -1.5495e-03,  1.9617e-03],
        [ 7.9308e-04,  8.9051e-04,  3.5241e-04],
        [-7.8458e-04,  7.6215e-04, -1.5270e-03],
        [-9.3684e-06,  1.1063e-03,  1.4332e-03],
        [ 3.2217e-04,  2.2536e-03, -4.0394e-04],
        [-1.0669e-03,  2.6129e-03, -1.7448e-03],
        [ 1.9421e-04,  6.6454e-06,  1.3878e-03],
        [-9.7657e-04, -3.0599e-03, -1.1145e-03],
        [ 1.9313e-03,  2.2469e-03,  7.7010e-04],
        [-1.2094e-03,  3.3944e-04,  6.4822e-04],
        [-1.1615e-03,  1.0552e-03,  1.0952e-03],
        [ 8.6163e-04,  7.6482e-05, -3.9100e-04],
        [ 3.5640e-04, -8.3898e-04, -1.2753e-03],
        [ 6.4462e-04, -4.1683e-03,  1.0144e-03],
        [ 2.5742e-03, -1.4855e-03, -1.3987e-04],
        [ 9.2144e-04, -1.5364e-03,  1.1534e-03],
        [-1.0554e-04, -1.7554e-03,  1.5175e-03],
        [ 5.7683e-04,  5.0455e-04, -8.4660e-04],
        [-9.4507e-04, -2.1702e-03,  4.0030e-04],
        [-1.7852e-03, -1.9257e-03, -2.2535e-03],
        [ 1.2962e-03,  1.4299e-03, -2.0038e-03],
        [ 3.2051e-04,  4.1903e-05,  1.4741e-04],
        [ 5.6291e-04,  1.1184e-03, -1.9110e-03],
        [-1.8947e-03, -1.5258e-03, -2.7943e-04],
        [-1.4441e-04, -1.6064e-03,  1.5815e-03],
        [-7.7780e-04, -1.6006e-03,  2.9110e-03],
        [-2.6200e-03, -1.0700e-03,  5.8148e-04],
        [ 4.6885e-04, -1.6733e-04, -2.9985e-03],
        [ 2.9347e-03,  2.1762e-04,  6.3307e-04],
        [ 1.2088e-03,  1.4258e-03,  3.7170e-04],
        [-5.4778e-04,  1.1162e-03, -7.6698e-04],
        [-7.6490e-04, -1.8588e-03,  1.7371e-04],
        [ 1.8544e-03, -7.7694e-04,  6.3142e-04],
        [-4.0661e-04,  1.7324e-03, -3.0685e-03],
        [-1.8600e-03, -5.9019e-04,  1.2716e-03],
        [ 1.5591e-04,  5.8177e-05, -2.1700e-03],
        [ 2.3368e-04, -5.9165e-05,  7.2791e-04],
        [-6.4668e-04,  1.4524e-05,  1.3946e-03],
        [ 1.5122e-03, -7.0842e-04, -1.2798e-03],
        [-6.8552e-04,  6.2488e-04, -5.0621e-04],
        [-8.1355e-04, -7.2988e-04,  3.0230e-04],
        [ 3.1517e-04, -1.9798e-03,  5.9300e-04],
        [ 1.7433e-03,  9.4102e-05, -2.4496e-04],
        [-1.6443e-03,  3.1987e-05,  8.3304e-04],
        [-4.3594e-04, -1.1815e-03, -2.0742e-04],
        [ 1.0565e-03, -1.1155e-03, -1.4666e-03],
        [ 1.1045e-03, -1.2781e-03,  1.2466e-03],
        [ 7.6775e-04, -2.2327e-04,  1.6152e-04],
        [-1.0016e-03, -7.3161e-04, -4.5724e-04],
        [-7.5738e-04,  1.3234e-03,  7.7314e-04],
        [ 3.4694e-04, -7.0341e-04, -1.0139e-03],
        [ 7.8271e-04, -7.4523e-04, -1.0124e-03],
        [ 7.4728e-04, -2.0430e-03, -5.1338e-04],
        [ 4.3614e-05, -8.5664e-04, -2.2612e-04],
        [-7.4565e-04, -1.9303e-03, -9.2131e-04],
        [ 2.3032e-03, -8.6026e-04, -2.5287e-03],
        [-1.3811e-04,  1.6670e-03, -8.3281e-04],
        [ 9.7805e-04,  9.7832e-04, -8.2945e-04],
        [ 2.3655e-03,  2.0891e-04,  1.5158e-03],
        [-8.8532e-04,  1.4424e-03,  9.6038e-04],
        [ 3.0473e-04, -6.3540e-04,  1.7096e-04],
        [-5.5887e-04, -1.8411e-03, -7.3679e-04],
        [ 1.3025e-03,  1.4385e-03, -7.4965e-04],
        [-1.6928e-03, -1.7220e-03,  1.6994e-03],
        [ 4.3922e-04,  3.3085e-04, -7.9861e-04],
        [ 5.2077e-04, -7.7199e-04,  1.3759e-03],
        [ 1.8596e-04, -1.9862e-04, -2.9316e-03],
        [-1.2394e-03, -9.7719e-04,  7.1992e-04],
        [ 2.2765e-04, -2.6315e-03,  8.3369e-04],
        [ 1.3929e-03,  2.9672e-04,  6.8421e-04],
        [-1.0090e-04,  1.1568e-03,  4.0693e-04],
        [ 2.3116e-04, -3.9811e-04,  2.8046e-04],
        [ 8.0809e-04,  6.2840e-04,  8.5853e-04],
        [-2.2256e-03,  6.6299e-04,  6.7294e-04],
        [ 1.7938e-03, -5.7168e-04, -2.1834e-03],
        [ 1.1703e-03, -2.0928e-04,  3.3949e-04],
        [ 2.2798e-05,  2.0011e-03, -1.2232e-04],
        [ 2.9362e-04, -1.6092e-03, -8.3001e-04],
        [ 1.9561e-03, -1.3916e-03,  1.0735e-03],
        [ 2.1034e-03, -1.3310e-03, -4.8484e-04],
        [ 3.1508e-04, -1.0528e-03, -3.0810e-04],
        [ 3.7503e-04,  1.2305e-03,  5.2437e-04],
        [ 3.1784e-03,  6.4469e-04,  4.6090e-04],
        [ 4.8022e-05,  8.1560e-04,  2.5585e-03],
        [-9.8727e-04, -7.6633e-04,  1.2552e-05],
        [-1.0235e-03, -1.4063e-03,  1.0477e-04],
        [ 1.0732e-04,  6.4661e-05, -1.9313e-04],
        [ 1.2915e-03, -7.8181e-04,  1.0506e-03],
        [-7.9652e-04,  1.2271e-06,  4.3359e-04],
        [ 1.9669e-03,  2.1315e-03, -6.6956e-04],
        [ 3.1031e-01, -4.0003e-02,  7.9317e-01],
        [ 2.2484e-04,  1.4273e-04,  1.4892e-04],
        [ 5.9933e-04,  9.9344e-04,  1.8360e-03],
        [ 2.0472e-04,  4.1551e-03,  4.3608e-04],
        [ 6.9204e-05, -1.0066e-03,  1.9061e-03],
        [-3.1026e-04,  9.3164e-04,  2.9585e-03],
        [ 9.7814e-04,  1.3451e-03,  3.3731e-04],
        [ 2.0557e-03, -6.2818e-04, -2.8296e-03],
        [ 1.4583e-03,  1.5121e-03,  5.4220e-04],
        [ 4.3926e-04, -1.1312e-03,  8.6362e-04],
        [ 1.2271e-04,  1.0836e-03, -2.4264e-03],
        [-1.8970e-03, -3.3845e-04,  2.3200e-03],
        [ 1.7040e-03,  6.8359e-04, -7.7933e-05],
        [-1.5140e-03, -3.1427e-04,  5.8676e-06],
        [-1.6946e-03, -1.2476e-03,  8.0135e-05],
        [ 1.8378e-03,  1.5416e-03,  1.8048e-03],
        [-2.0265e-03,  1.1207e-03,  1.6222e-03],
        [-2.4140e-03, -2.3662e-03, -5.6376e-04],
        [ 1.3258e-03, -1.7859e-03,  1.3266e-04],
        [-2.8056e-04,  5.0327e-04,  6.8161e-04],
        [-1.2679e-03, -4.9589e-04,  5.7776e-04],
        [ 1.0261e-03,  1.7413e-03, -2.7758e-04],
        [-2.7260e-04, -7.5179e-04, -6.8228e-04],
        [-6.5526e-04, -8.9405e-04,  3.4610e-04],
        [ 8.1064e-04,  6.4075e-04, -1.3552e-03],
        [ 1.2072e-03, -1.2161e-04, -3.3312e-04],
        [-1.3138e-03, -6.4069e-04,  3.3618e-04],
        [ 4.1038e-03,  2.0965e-03, -2.0446e-03],
        [-5.0497e-04, -6.9900e-04,  9.3752e-04],
        [ 2.2879e-04,  1.2667e-03,  1.4326e-03],
        [-2.1031e-03, -8.7653e-04,  1.4168e-03],
        [-1.3611e-03, -2.9384e-05,  2.1597e-03],
        [-1.4965e-03,  1.8480e-03, -8.6486e-04],
        [ 1.3301e-04, -2.0234e-05, -1.8132e-03],
        [ 2.0256e-03, -4.2030e-04, -1.1265e-03],
        [-1.5445e-03,  1.6581e-03, -2.3414e-03],
        [-1.0714e-03,  1.4078e-03, -3.4503e-05],
        [ 8.6655e-04, -4.2614e-05,  1.2862e-05],
        [ 9.1992e-04,  3.1833e-03, -1.6686e-03],
        [ 5.7262e-04,  8.2164e-04, -8.6287e-04],
        [-5.4094e-04, -1.1035e-03,  1.5430e-03],
        [ 4.0359e-04,  1.7440e-03, -1.4071e-03],
        [-1.8251e-03, -3.3834e-04, -1.4464e-04],
        [-5.5658e-04, -1.7578e-03, -4.8903e-04],
        [-1.1956e-03,  1.3714e-03, -1.1815e-03],
        [ 5.7524e-04, -1.1783e-03, -2.0349e-03],
        [ 1.2656e-03, -7.7023e-04, -1.6444e-03],
        [-8.3274e-04,  1.2510e-03,  5.6936e-04],
        [-1.2645e-03,  1.9769e-03,  4.0670e-04],
        [ 3.9629e-04, -2.2678e-03,  1.3855e-03],
        [ 9.3196e-05,  8.8319e-04,  8.7727e-04],
        [-5.9607e-04, -2.0027e-05, -4.4042e-04],
        [-6.9152e-04,  5.9607e-04, -1.3152e-03],
        [-2.3044e-04, -3.4172e-03, -8.0070e-04],
        [-1.9665e-03, -2.3926e-03, -1.3701e-04],
        [-1.2291e-03,  1.9302e-04, -1.3852e-03],
        [ 2.8240e-03,  1.0323e-03, -9.1052e-04],
        [ 6.9406e-04, -3.9119e-03,  1.2012e-03],
        [ 1.2017e-03, -1.2079e-03,  2.2334e-03],
        [ 2.8661e-03,  1.3960e-03, -3.8996e-04],
        [ 2.8701e-04, -1.2063e-03,  2.2650e-03],
        [ 3.2402e-04,  6.3536e-04, -2.5236e-05],
        [-1.2908e-03,  8.0582e-05, -1.6677e-03],
        [ 3.1358e-04,  1.2332e-03,  1.3380e-03],
        [-8.2789e-05, -3.3557e-04,  9.0780e-04],
        [ 3.4674e-04,  1.0862e-03,  7.7730e-04],
        [ 2.7687e-03, -2.3016e-03, -1.1962e-03],
        [ 1.2845e-03,  6.0270e-05, -1.1073e-03],
        [ 1.6376e-04,  5.7995e-04, -2.1169e-03],
        [-4.2903e-05, -3.0802e-05, -1.3519e-04],
        [-5.1053e-04, -1.3031e-03,  1.9980e-03],
        [-1.1570e-03, -9.7901e-04, -7.5615e-04],
        [-4.4199e-05, -1.8633e-03,  2.4078e-04],
        [-3.0961e-03, -1.0579e-03, -1.4117e-03],
        [ 7.6711e-04,  2.1950e-03, -1.7602e-03],
        [ 9.1060e-05,  1.7693e-04,  7.4126e-04],
        [ 3.6691e-03,  9.0518e-05,  4.1291e-04],
        [ 1.3889e-03, -1.8080e-03,  1.6418e-03],
        [-1.1897e-03, -1.5276e-03, -2.0138e-03],
        [-2.0423e-04,  1.4917e-03, -1.5118e-03],
        [-1.9652e-04, -1.2407e-03,  2.7607e-04],
        [-4.2301e-04, -1.5553e-03,  1.2095e-03],
        [ 1.2337e-04,  3.0518e-04, -8.6181e-04],
        [-9.8488e-04, -7.2290e-04, -1.3927e-03],
        [-2.3855e-04, -3.3767e-03, -9.9376e-04],
        [-1.6904e-03, -1.0691e-04,  3.3169e-04],
        [-9.7983e-04,  1.4990e-03, -6.2063e-04],
        [-1.2588e-03,  1.1972e-03, -9.6675e-04]], device='cuda:0')), ('fcs.0.bias', tensor([ 2.0159e-03, -3.3402e-04, -4.2527e-04, -6.0691e-04, -5.9161e-04,
        -1.1897e-03, -4.4007e-04, -3.1027e-03, -2.3140e-03,  1.5498e-03,
         1.6311e-04,  2.7804e-03, -2.4477e-04,  1.1118e-03,  7.0265e-06,
        -7.5319e-04,  5.5986e-04,  7.8816e-04, -1.2292e-03,  1.1930e-03,
        -3.0867e-04, -3.7659e-03, -4.1287e-04,  2.5919e-03, -1.3393e-03,
        -7.1305e-04, -7.8854e-04, -1.3777e-03,  1.3321e-03, -2.2353e-04,
         1.4077e-03,  7.6509e-04, -5.3756e-04,  1.1012e-03, -6.2334e-04,
        -1.6773e-04,  2.8781e-04,  1.7052e-03, -1.5171e-03, -1.7471e-03,
         5.5280e-05,  1.3306e-03,  8.9827e-04,  7.9261e-04, -4.2386e-04,
         2.9346e-05,  7.3529e-04, -1.2228e-03, -9.1770e-04, -8.2704e-04,
         1.1701e-03, -5.5502e-04,  2.7284e-03, -3.2021e-04, -1.0482e-03,
         3.2437e-05, -5.0292e-04, -1.2470e-04,  8.8530e-04,  1.7621e-03,
         1.3102e-03, -7.4204e-04, -2.6796e-03,  1.2390e-03,  1.2380e-03,
         1.1805e-03, -1.3216e-03, -3.5753e-03,  2.6592e-03, -2.1672e-04,
         1.0839e-03,  5.1756e-04,  2.4727e-04,  7.7114e-04, -7.4029e-04,
         1.2958e-03, -1.6772e-03,  7.2246e-05, -2.1538e-04, -1.3200e-03,
         1.2878e-03, -6.1651e-04,  6.8073e-04, -3.7074e-05,  1.9546e-03,
        -1.3574e-04,  1.4440e-03,  1.3665e-03,  5.5193e-04,  1.0170e-03,
         8.3243e-04, -4.7586e-05, -3.0464e-03, -6.2710e-04,  2.3664e-05,
         5.2993e-04,  1.3639e-03,  1.6847e-03,  1.0375e-03, -7.9328e-04,
        -2.1028e-03, -6.1806e-04, -8.7289e-04, -1.4495e-03,  6.1591e-04,
        -7.5191e-04,  1.3205e-04,  1.2955e-03, -7.9085e-04, -2.5045e-03,
         3.2366e-04, -8.4282e-04,  7.1806e-04, -4.6030e-04, -7.0197e-04,
         3.1929e-05,  2.0722e-04, -1.2511e-04,  3.3784e-03,  2.0915e-03,
         1.6927e-03,  7.8944e-04, -1.8921e-03, -1.8254e-03, -9.4094e-06,
        -2.4996e-03, -7.0625e-04,  1.8146e-03, -1.2651e-03,  5.1189e-04,
         1.1783e-03, -1.3887e-03,  2.4248e-04, -2.9690e-04,  4.7995e-04,
         7.3676e-04, -2.2254e-05,  4.8278e-04,  1.6754e-03, -9.5354e-04,
        -8.4747e-04, -4.1247e-04,  8.0179e-05,  4.8105e-04, -2.9613e-04,
        -3.1354e-03, -5.2812e-04, -9.7990e-05, -5.0961e-04,  8.5348e-04,
         1.8240e-03, -2.6799e-03, -2.2477e-03,  5.9500e-04, -2.8471e-03,
         9.2897e-04, -2.1706e-03,  1.5332e-03,  3.5479e-04, -4.3836e-03,
        -1.9300e-03,  9.7288e-04, -1.4533e-03, -7.7634e-04, -3.3699e-04,
         7.8333e-04,  2.3721e-04, -1.8785e-03,  7.7337e-02, -3.2798e-04,
         1.6904e-03,  1.8526e-05, -1.3416e-03, -1.6215e-03,  1.6774e-04,
        -2.2598e-03, -1.6814e-03,  1.9744e-03,  1.8597e-03,  1.9254e-03,
         1.6518e-03,  1.4052e-05, -5.8924e-05,  2.3199e-03,  9.7021e-05,
         1.4418e-03,  4.0769e-04,  9.7819e-04, -7.6690e-06,  4.2984e-04,
         1.7164e-03, -7.0824e-04, -2.0385e-03, -1.2078e-03, -5.4815e-04,
        -1.5142e-03,  4.5557e-05, -1.4651e-03, -5.9505e-04,  9.0161e-04,
        -7.2848e-04, -7.1455e-04, -1.7301e-03,  2.9057e-04, -8.4393e-04,
         1.3434e-03,  1.8773e-03,  6.5870e-04,  1.2639e-03, -1.5641e-03,
         9.4276e-04,  1.5705e-03, -1.1024e-03,  5.9734e-04, -1.6792e-03,
         1.2411e-03, -1.4866e-03,  5.2874e-04,  2.0225e-03, -1.2034e-03,
        -2.2985e-03, -3.1769e-03,  7.3004e-04, -2.1265e-03,  1.4287e-03,
        -8.5335e-04, -3.9846e-04, -2.9274e-03,  3.4316e-05, -9.2512e-04,
         7.9501e-04,  1.6574e-03,  9.4025e-04, -1.8530e-03, -2.2973e-03,
        -1.6024e-03,  5.6748e-04, -8.1330e-04, -8.0462e-04,  1.6503e-03,
        -7.1256e-04,  1.4466e-03, -9.8577e-04, -7.5594e-05,  2.1646e-03,
        -4.6707e-04,  2.5205e-03,  1.8492e-03,  1.5949e-03, -1.8201e-03,
        -7.1139e-04,  6.1044e-04, -1.3226e-03, -2.3088e-03, -4.4885e-04,
        -2.2025e-04], device='cuda:0')), ('fcs.1.weight', tensor([[-0.0005,  0.0018,  0.0007,  ...,  0.0033,  0.0033,  0.0005],
        [-0.0002, -0.0048, -0.0013,  ...,  0.0022, -0.0008, -0.0013],
        [ 0.0007, -0.0020,  0.0016,  ..., -0.0051,  0.0011, -0.0007],
        ...,
        [-0.0013,  0.0048, -0.0009,  ..., -0.0005,  0.0048,  0.0020],
        [-0.0025,  0.0022, -0.0048,  ..., -0.0006,  0.0007,  0.0009],
        [ 0.0005, -0.0002, -0.0022,  ..., -0.0007, -0.0013, -0.0015]],
       device='cuda:0')), ('fcs.1.bias', tensor([-1.3501e-03, -1.0247e-03,  1.9581e-03,  1.3120e-03,  7.3903e-04,
         1.5218e-03, -1.3472e-03,  1.2775e-03, -1.9420e-03,  3.7618e-04,
        -1.0079e-03,  5.2905e-05, -1.0344e-03,  6.4874e-04,  6.3499e-04,
         4.2414e-04,  7.5180e-04,  2.0333e-03,  2.8126e-03,  2.1806e-03,
        -1.1007e-04,  8.7248e-04, -5.5249e-04, -1.3180e-03,  1.6218e-03,
         3.0963e-03, -1.4092e-03, -2.3605e-04, -2.2739e-03,  1.8104e-03,
        -7.4519e-04, -7.9561e-04, -1.8479e-03,  2.1462e-03,  3.4014e-03,
        -2.1682e-03,  1.2847e-03, -7.8113e-04, -1.2475e-03,  9.8300e-04,
         1.5073e-04,  1.9564e-03,  7.7107e-04, -5.3711e-04, -6.7097e-04,
        -2.1974e-03,  1.1589e-03,  7.5206e-04, -5.9272e-04,  5.3261e-04,
         7.4904e-04,  2.1831e-03,  2.9584e-03,  2.0706e-03, -1.8873e-03,
        -2.8800e-03, -1.2644e-03, -1.6485e-03,  8.6545e-04, -2.0250e-03,
        -1.9964e-03,  9.3932e-04, -1.5671e-03, -5.4755e-05,  1.7522e-03,
        -1.2878e-03, -6.5044e-04,  1.9869e-03,  8.3326e-04, -1.9929e-03,
         8.6309e-04, -6.6287e-04, -9.6793e-04,  1.2338e-03, -7.9710e-04,
        -1.3681e-03,  3.8055e-04,  2.2439e-03,  7.5775e-04, -8.5176e-04,
        -2.1641e-03,  6.6338e-04, -2.1503e-03, -2.4973e-03, -1.9711e-03,
        -1.6287e-03, -1.7051e-03,  7.6498e-04, -2.2825e-03,  9.4944e-04,
        -1.1990e-03, -1.3136e-03, -1.1956e-03, -1.0543e-03, -1.9854e-03,
         3.1646e-04, -5.8356e-04, -1.9621e-03,  7.7978e-04,  8.6713e-04,
        -8.4446e-04, -8.6438e-05,  1.3296e-03, -9.5825e-05,  6.3342e-04,
         7.7314e-04, -2.5312e-03, -1.8997e-03,  1.9870e-03,  7.4585e-04,
        -1.0062e-03, -2.0767e-03,  8.7730e-04,  4.8477e-04,  1.2320e-04,
         1.7779e-03, -8.1628e-04,  2.8149e-03,  3.8684e-03, -1.1570e-04,
        -7.3490e-04,  7.5557e-04,  1.4748e-04, -9.2682e-04,  2.5635e-04,
        -6.7297e-04,  1.8870e-03,  2.0568e-03], device='cuda:0')), ('fcs.2.weight', tensor([[-6.3744e-04, -8.7363e-05,  1.6691e-04,  1.1282e-03,  8.1196e-04,
          7.1311e-04,  1.6703e-03, -2.0046e-03, -6.7741e-05, -4.5975e-04,
          6.4986e-05, -1.3620e-03,  1.0072e-04,  2.3630e-03, -2.1394e-04,
          8.6227e-04,  1.7460e-03, -4.1174e-04, -4.1800e-03, -1.6995e-03,
         -1.0730e-03, -2.1372e-03,  5.0137e-04,  1.8093e-03, -1.6119e-03,
         -6.2510e-04, -1.0514e-03, -2.0011e-04,  1.6718e-04,  1.9224e-03,
         -1.4418e-03, -8.7518e-04,  1.3208e-03, -4.7526e-04,  3.7195e-04,
          1.1435e-03,  1.4354e-03,  9.0408e-04,  4.3269e-04,  1.4345e-03,
         -2.4153e-04, -5.5396e-04,  1.1767e-03,  1.2081e-03,  3.6645e-03,
          5.6656e-04,  8.1444e-04, -1.8296e-04, -1.5658e-03, -2.1353e-03,
          1.5110e-03,  1.9543e-03,  2.9769e-04,  2.3037e-03,  1.9316e-04,
         -4.4616e-04, -1.0362e-03,  5.1944e-04,  9.7881e-04, -7.2811e-04,
          6.1379e-04, -1.3079e-03,  5.9307e-04,  1.1901e-03, -1.2330e-03,
          2.1326e-03, -2.2158e-03,  1.4759e-03,  2.5671e-03, -1.5022e-03,
          1.6825e-03, -5.9882e-04, -8.6861e-04,  2.7120e-03,  2.5319e-04,
         -3.2393e-03,  1.6554e-03,  2.0579e-03, -1.1928e-04,  3.3356e-03,
          1.2775e-03,  2.6825e-04,  5.3994e-04, -2.0839e-04, -9.4076e-01,
         -3.1175e-03,  2.2224e-03, -2.1151e-03,  1.1173e-03,  1.2629e-04,
         -1.0652e-03, -4.7504e-04,  1.3417e-03,  2.6856e-05, -4.7802e-04,
          1.8231e-03,  4.7272e-04,  1.4319e-03, -1.2952e-03,  1.1071e-03,
          1.0508e-03, -2.2573e-03,  2.0774e-03, -4.7346e-05,  1.5187e-03,
          1.8836e-03,  1.7517e-04,  2.2516e-03,  1.4838e-04,  2.6455e-03,
          5.5358e-04, -2.6211e-03,  2.2648e-03, -1.2670e-03,  3.7909e-04,
         -3.9973e-04, -1.1784e-03,  1.6492e-03, -1.8781e-04, -1.1460e-03,
          2.4806e-04,  9.6122e-04, -1.5285e-03,  1.9855e-03, -2.0020e-03,
          9.2852e-04,  1.5861e-03,  2.7237e-04]], device='cuda:0'))])
end of epoch 8: val_loss 0.01054931933140601, val_acc 1.0
trigger times: 1
end of epoch 9: val_loss 0.016113000976369564, val_acc 1.0
trigger times: 2
end of epoch 10: val_loss 0.011492229377049164, val_acc 1.0
trigger times: 3
end of epoch 11: val_loss 0.016835179425919264, val_acc 1.0
trigger times: 4
end of epoch 12: val_loss 0.008573061262663374, val_acc 1.0
trigger times: 5
end of epoch 13: val_loss 0.01260416080383422, val_acc 1.0
trigger times: 6
end of epoch 14: val_loss 0.009421475041477088, val_acc 0.995
trigger times: 7
end of epoch 15: val_loss 0.0101622737634138, val_acc 1.0
trigger times: 8
end of epoch 16: val_loss 0.014430162447560377, val_acc 1.0
trigger times: 9
end of epoch 17: val_loss 0.007400319727531048, val_acc 1.0
trigger times: 10
Early stopping.
0 -57.17206633090973 -191.10004520678868
1 -56.8187645226717 -189.05007017278314
2 -57.64786107838154 -187.50220085194994
3 -53.21200913190842 -180.24009179391223
4 -50.478631883859634 -171.9613792356186
5 -48.962391801178455 -169.3817016847894
6 -48.859752267599106 -167.87631268052303
7 -54.45106314122677 -164.27567046290412
8 -52.88850609958172 -163.76742236654098
9 -43.45674606412649 -156.0786895876365
10 -47.019686460494995 -155.22804551507866
11 -46.148050636053085 -145.29002069283715
12 -46.49904665350914 -142.86657280197298
13 -38.08571703732014 -142.75441848091938
14 -39.143677808344364 -136.98962801176134
15 -44.1546817868948 -132.4813576990395
16 -36.114635959267616 -130.98347157271724
17 -41.51177431643009 -118.2436222554584
18 -31.47063286602497 -117.38411415155902
19 -40.96003723144531 -116.97382686219106
20 -33.45684440433979 -115.06704102317899
21 -27.8954074755311 -112.47832645551227
22 -36.25591462850571 -103.24187681049156
23 -25.928522242233157 -99.7422752992134
24 -20.95929848961532 -98.18526661663928
25 -24.44374806433916 -88.94674758091466
26 -20.37988544255495 -85.88346861832474
27 -16.59450771845877 -79.38307722218848
28 -18.373660506680608 -79.25112655387144
29 -28.20849529025145 -73.50697855948762
30 -24.579786555841565 -72.69803191552006
31 -20.994482815265656 -71.37326168319514
32 -21.816435815766454 -68.27187815304366
33 -20.27533597126603 -65.42298162776466
34 -17.994111333042383 -65.35816021006309
35 -15.802611652761698 -49.3186741604369
36 -32.139189858789905 -17.325441617065966
37 -18.770346414865344 -4.374511275254108
38 -20.18203446007101 -0.4258658969524013
39 -23.250981998891803 9.108146753357724
40 -23.267063636216335 17.732630180500013
41 -13.26527639850974 40.64550156746333
42 -13.834504142403603 41.11774838972275
43 -20.22064673816203 48.64917674484657
44 -14.894841328496113 52.50260039838799
45 -15.957932454562979 52.54502852695255
46 -15.157652897612934 59.52827491841281
47 -14.312175492901588 63.45606316769021
48 -12.660517818119843 66.31570758515764
49 -22.68965690836194 67.13050507695384
50 -10.08725553106342 72.16624272108386
51 -23.821301188372672 79.16074531670823
52 -20.549145618235343 84.19837606184075
53 -20.598750126411687 89.30707154325768
54 -20.643322031202842 90.2698850730257
55 -19.517629221605603 90.28646231697512
56 -13.507585714105517 90.32667007477052
57 -10.611888482992072 91.18021498086692
58 -12.37091706211504 92.38187517969644
59 -20.279397081198113 92.67153902025292
60 -19.97092620755393 93.69474938898811
61 -12.19959329609992 93.86112859581364
62 -18.971592759709893 95.24073532592021
63 -19.031636228071875 95.3630101766082
64 -18.43959419586463 96.09581961281374
65 -16.753189634211594 97.90553231413178
66 -18.039140626917288 98.07644230926206
67 -17.52802279464231 98.35872828331676
68 -18.950771938802063 98.57334710000995
69 -17.928898290694633 98.77895390936838
70 -18.32197538926266 99.10163703819775
71 -17.750669746514177 99.47183807834362
72 -17.590935534532036 101.36707045382526
73 -17.04124757606951 102.70820969163083
74 -17.467017683993618 103.61971441966246
75 -16.22667277014625 104.00039883786899
76 -16.144615295350377 104.94014608739957
77 -17.174793163721915 105.28448326377394
78 -15.540286607816597 105.60678192821229
79 -14.245823961644419 106.95774051225432
80 -15.965147786278976 107.03525723063939
81 -15.115872689784737 107.05410485829283
82 -13.636161257512867 107.36477417456501
83 -13.884918062292854 107.72369032284489
84 -16.3225627658303 107.78006757763964
85 -15.78803136726492 107.99397435655325
86 -14.716438298491994 108.08910889221833
87 -15.71696209214133 108.09776529440465
88 -14.010926093891612 108.24033506535473
89 -14.172648587147705 109.15712102315346
90 -14.639707460737554 109.71287331230647
91 -14.398415992007358 110.25063890779474
92 -14.184891549521126 110.45880856467717
93 -13.278797128179576 110.48639228144049
94 -13.834622865440906 111.92877271779909
95 -13.998251337965485 112.29467419620224
96 -13.585633177892305 112.73910566375015
97 -13.359459682809756 112.98274531176438
98 -12.974835908069508 113.84616479719523
99 -10.899080548959319 114.84612239587612
100 -13.705821793992072 115.08707834021696
101 -11.227700545830885 115.41025719446112
102 -11.77402939494641 115.5646624637931
103 -11.451706429841579 115.87882502857741
104 -12.915830857964465 116.51927592390606
105 -13.253272394023952 116.69939038222442
106 -11.724104496381187 117.18809854794453
107 -11.92815878719557 117.29357601720739
108 -10.967969649225779 117.43241923864416
109 -12.000754334483645 119.84073495876005
110 -10.048510025255382 122.74776106687673
111 -10.280123253865895 124.10172315382671
112 -9.089527110947529 124.42382576156477
113 -10.025016115047038 124.48179570258212
114 -9.961597231282212 125.2590893824027
115 -9.712426794692874 125.30457667780085
116 -9.705863830575254 125.43458549438884
117 -7.390576772755594 129.13346806288703
118 -7.515251825941959 129.67718524437547
119 -6.409202248963993 131.40806576766226
train accuracy: 0.9994444444444445
validation accuracy: 1.0
