demo lengths 200
demos: (120, 200, 3)
demo_rewards: (120,)
[-191.10004521 -189.05007017 -187.50220085 -180.24009179 -171.96137924
 -169.38170168 -167.87631268 -164.27567046 -163.76742237 -156.07868959
 -155.22804552 -145.29002069 -142.8665728  -142.75441848 -136.98962801
 -132.4813577  -130.98347157 -118.24362226 -117.38411415 -116.97382686
 -115.06704102 -112.47832646 -103.24187681  -99.7422753   -98.18526662
  -88.94674758  -85.88346862  -79.38307722  -79.25112655  -73.50697856
  -72.69803192  -71.37326168  -68.27187815  -65.42298163  -65.35816021
  -49.31867416  -17.32544162   -4.37451128   -0.4258659     9.10814675
   17.73263018   40.64550157   41.11774839   48.64917674   52.5026004
   52.54502853   59.52827492   63.45606317   66.31570759   67.13050508
   72.16624272   79.16074532   84.19837606   89.30707154   90.26988507
   90.28646232   90.32667007   91.18021498   92.38187518   92.67153902
   93.69474939   93.8611286    95.24073533   95.36301018   96.09581961
   97.90553231   98.07644231   98.35872828   98.5733471    98.77895391
   99.10163704   99.47183808  101.36707045  102.70820969  103.61971442
  104.00039884  104.94014609  105.28448326  105.60678193  106.95774051
  107.03525723  107.05410486  107.36477417  107.72369032  107.78006758
  107.99397436  108.08910889  108.09776529  108.24033507  109.15712102
  109.71287331  110.25063891  110.45880856  110.48639228  111.92877272
  112.2946742   112.73910566  112.98274531  113.8461648   114.8461224
  115.08707834  115.41025719  115.56466246  115.87882503  116.51927592
  116.69939038  117.18809855  117.29357602  117.43241924  119.84073496
  122.74776107  124.10172315  124.42382576  124.4817957   125.25908938
  125.30457668  125.43458549  129.13346806  129.67718524  131.40806577]
maximum traj length 200
num training_obs 1800
num training_labels 1800
num val_obs 200
num val_labels 200
ModuleList(
  (0): Linear(in_features=3, out_features=128, bias=True)
  (1): Linear(in_features=128, out_features=64, bias=True)
  (2): Linear(in_features=64, out_features=1, bias=False)
)
device: cuda:0
end of epoch 0: val_loss 0.006958902034587809, val_acc 1.0
trigger times: 0
saving model weights...
Weights: OrderedDict([('fcs.0.weight', tensor([[ 3.4593e-04,  1.2655e-03, -9.1608e-04],
        [-1.1671e-03,  8.3731e-04, -1.3094e-03],
        [-2.0543e-03, -7.2122e-04,  8.9299e-04],
        [ 9.0577e-04,  7.5462e-04,  7.0585e-04],
        [-8.6948e-04,  1.0576e-03, -9.1048e-04],
        [-1.3893e-03,  2.2622e-03, -1.5392e-03],
        [-1.2795e-03,  6.8656e-04,  9.2553e-04],
        [ 1.9619e-03, -3.3338e-04,  1.4044e-03],
        [-1.9378e-04,  2.0134e-04, -7.8219e-04],
        [ 4.3946e-04, -1.5038e-03, -7.7074e-04],
        [-1.4619e-03, -5.1765e-04,  1.1434e-03],
        [ 5.6400e-04,  3.8888e-04, -7.6956e-04],
        [-1.6866e-03,  5.2580e-04,  8.5026e-04],
        [ 1.1984e-03,  4.7572e-04,  2.4940e-03],
        [-3.7247e-04, -1.2418e-03,  3.0771e-04],
        [-6.6312e-05, -2.9298e-04, -2.1769e-03],
        [ 9.1977e-04, -5.8302e-04, -4.8152e-04],
        [-3.6358e-04,  1.9274e-03,  9.3845e-04],
        [-8.1181e-04,  7.1130e-04, -1.4989e-03],
        [ 1.8938e-03, -2.3916e-04, -1.3684e-03],
        [ 1.5167e-04,  1.2080e-03, -7.4212e-04],
        [ 6.7050e-05, -1.4876e-03,  6.8143e-04],
        [-3.2542e-04,  1.7775e-03, -8.9338e-04],
        [-1.2403e-03, -1.0502e-03,  2.1392e-04],
        [ 8.4290e-04, -1.5965e-03,  2.4708e-03],
        [-1.0255e-03, -9.8984e-05,  8.8011e-04],
        [ 1.4440e-03, -1.0599e-03,  2.3110e-03],
        [ 4.0777e-01, -3.9227e-02,  6.3557e-01],
        [ 9.5613e-04,  6.9349e-04,  2.8944e-04],
        [-9.6644e-04,  3.8318e-04, -1.7345e-03],
        [ 1.2815e-03,  1.2789e-03, -2.6028e-04],
        [ 4.2378e-04,  1.7989e-03,  2.4058e-03],
        [-7.9123e-04, -4.1098e-05,  1.3658e-03],
        [-1.1158e-03, -6.3483e-04,  6.2349e-04],
        [ 2.8308e-04,  2.3494e-03,  7.6429e-04],
        [-7.2483e-04, -2.6035e-03,  7.4315e-04],
        [ 9.9386e-04,  1.2698e-03,  1.2853e-03],
        [ 1.9100e-03, -1.5829e-03,  9.9747e-04],
        [-5.4977e-04, -3.8858e-04, -1.9002e-03],
        [ 6.9389e-04, -1.4657e-04, -1.3596e-03],
        [-1.1097e-03,  5.6764e-05,  1.3312e-03],
        [ 2.4924e-03, -9.7068e-04, -1.4020e-03],
        [ 1.6384e-03, -5.3568e-04,  1.4877e-03],
        [-4.2070e-04,  1.1747e-03, -1.4060e-03],
        [ 9.5849e-04,  9.8228e-04, -1.9804e-04],
        [-1.3689e-03, -8.9413e-04,  4.8707e-04],
        [-8.8412e-04, -1.1430e-03,  3.0125e-04],
        [-4.7913e-04,  4.0835e-04,  8.7807e-04],
        [ 1.3143e-03, -9.3813e-04,  7.9185e-04],
        [ 6.9852e-04, -1.7190e-03, -1.2764e-03],
        [ 3.8982e-04, -1.3888e-03, -2.8400e-04],
        [ 1.6548e-04, -4.0668e-04, -1.1629e-03],
        [ 2.0735e-03,  1.3134e-03, -1.4053e-04],
        [ 5.9481e-04,  9.4215e-04,  1.1562e-03],
        [-2.7469e-03,  1.9346e-03, -5.3801e-04],
        [-1.6712e-04, -1.3109e-03,  1.1921e-04],
        [ 1.0133e-03, -2.1812e-03,  1.0882e-03],
        [ 4.5014e-04, -1.7521e-03,  5.0993e-04],
        [-2.1057e-04, -1.7204e-03, -5.3603e-04],
        [ 7.1331e-04,  2.2637e-04, -5.4947e-04],
        [ 1.4893e-03, -5.7851e-04, -9.9817e-04],
        [ 1.6051e-03,  6.6965e-04, -2.8222e-04],
        [ 1.2254e-04,  8.2733e-04,  1.2350e-03],
        [-1.2056e-03, -5.0270e-04, -1.4762e-03],
        [-9.1523e-04,  7.5245e-04, -1.2112e-03],
        [-1.1214e-03,  1.6974e-03,  7.8629e-04],
        [ 3.5315e-04, -3.7438e-04,  3.4899e-04],
        [-5.9510e-04,  1.8650e-03,  1.2050e-03],
        [-8.4995e-04,  2.1007e-03,  2.1217e-03],
        [-2.4962e-04,  2.8223e-03,  5.1589e-04],
        [ 9.8369e-04,  6.0775e-04,  5.8124e-04],
        [ 7.0316e-04, -1.5445e-03,  2.9607e-05],
        [ 1.9164e-03, -1.3636e-03, -1.1949e-03],
        [ 1.4920e-03, -1.8134e-03,  2.1592e-03],
        [-1.1529e-03, -2.1688e-03, -1.6474e-03],
        [ 1.5351e-03, -2.1878e-03, -4.4597e-04],
        [-1.6741e-03, -4.2808e-04,  6.5865e-04],
        [-1.2675e-03, -2.9858e-04, -8.5949e-04],
        [-8.3977e-04, -1.4032e-03, -4.6211e-04],
        [-6.1669e-04,  1.2228e-03, -5.9180e-04],
        [ 3.8960e-04,  5.2274e-04,  2.7203e-04],
        [-9.1856e-04, -5.9387e-04, -1.6402e-03],
        [ 5.9146e-04,  1.0425e-03,  4.2329e-04],
        [ 1.3107e-03,  1.6019e-03, -3.4855e-04],
        [-2.3719e-03, -3.9683e-04,  9.1941e-04],
        [ 1.8292e-03, -8.5453e-04, -2.8868e-03],
        [ 6.2519e-04, -8.3190e-04, -7.7555e-05],
        [ 1.3119e-03,  2.5136e-03, -1.1214e-03],
        [-3.4120e-03,  3.6414e-03, -1.4070e-03],
        [ 4.0275e-05,  2.2626e-03,  2.2966e-04],
        [ 4.9589e-04, -1.4060e-04, -2.5385e-03],
        [-7.4218e-04, -6.9416e-04, -1.5760e-03],
        [-1.0329e-03, -1.1460e-03,  1.5205e-03],
        [-1.5964e-03,  2.0926e-03,  4.6788e-04],
        [ 1.4148e-03, -5.3212e-05, -2.1879e-03],
        [ 1.2301e-03, -6.7486e-04, -2.0214e-03],
        [ 7.4741e-04, -1.6905e-03, -1.1432e-03],
        [ 5.8140e-04,  6.2983e-04, -5.0853e-04],
        [ 1.0736e-03,  1.4344e-03, -8.2583e-04],
        [ 3.5102e-04,  3.7373e-04, -9.3192e-04],
        [-6.0468e-04,  9.3167e-04, -1.4069e-03],
        [-4.8551e-04, -9.1791e-04, -1.1033e-03],
        [-9.9146e-04,  5.0988e-04, -2.2806e-03],
        [-1.2137e-03,  1.9280e-03,  7.4036e-05],
        [-3.9586e-04, -3.2127e-04, -5.1795e-06],
        [ 4.2591e-04, -2.1244e-03,  1.3751e-03],
        [-5.1309e-04, -8.0798e-04,  1.1087e-03],
        [-1.2115e-03,  1.3613e-03, -1.0979e-03],
        [-2.5080e-04, -3.1273e-04,  6.8342e-04],
        [ 1.8182e-03,  1.7057e-04,  1.6176e-03],
        [ 7.4880e-04,  6.7614e-04,  5.1487e-04],
        [ 5.1742e-04,  2.5726e-03, -3.0722e-04],
        [ 2.6049e-03, -1.2548e-03,  6.4948e-04],
        [-1.6085e-03,  6.8426e-05,  1.5667e-03],
        [ 2.4261e-03,  1.0271e-03, -3.7783e-05],
        [ 4.7112e-04, -1.2096e-03,  1.4219e-03],
        [-1.0473e-03, -1.0117e-03,  1.2822e-03],
        [-2.6982e-03,  3.1799e-04, -7.3837e-04],
        [ 4.6076e-04,  2.0485e-04, -1.3328e-03],
        [-1.2663e-03, -1.4566e-03,  1.0824e-03],
        [ 8.7035e-04,  8.5469e-04,  5.1303e-04],
        [ 2.1790e-03,  9.7137e-04, -4.1304e-04],
        [ 1.5458e-03,  9.4174e-04, -1.2806e-03],
        [-2.0094e-03,  7.7710e-05,  5.0068e-05],
        [ 2.0091e-04,  1.0283e-04, -8.3488e-04],
        [-1.0438e-04, -5.9607e-04,  9.4815e-04],
        [-6.3438e-04, -1.6799e-03,  2.2854e-03],
        [ 8.7789e-04, -8.0998e-05,  6.9690e-04]], device='cuda:0')), ('fcs.0.bias', tensor([ 2.1368e-03,  1.0212e-03,  3.5585e-04,  2.7847e-04,  1.2900e-03,
         4.4397e-04,  8.8228e-04,  1.3842e-03,  7.5065e-04,  1.7054e-03,
         8.1657e-04,  8.0543e-04,  1.6844e-03, -5.1148e-04,  1.5653e-03,
         8.7322e-04,  1.1310e-03,  4.3617e-04, -2.2653e-04,  1.5265e-03,
        -3.3254e-04, -2.9634e-03,  1.5155e-03, -5.5852e-04,  1.3454e-03,
         7.4539e-04,  1.0190e-03,  7.0014e-02,  8.5192e-04,  1.4968e-05,
         1.2438e-03,  1.4558e-03,  1.9031e-03,  1.2758e-03, -7.9861e-04,
         1.4050e-03,  2.2648e-03, -8.0018e-04, -1.6307e-04,  1.2301e-03,
         2.1545e-03,  1.1060e-04,  2.1953e-03,  2.8449e-05, -6.4880e-04,
        -7.5970e-04,  1.3164e-03, -3.3182e-06, -5.3803e-04,  1.2870e-04,
         1.6297e-04, -8.3027e-04, -3.3758e-04,  1.6129e-03,  3.4707e-04,
        -7.0600e-04,  1.0034e-04,  1.2553e-03,  1.4002e-03, -1.4777e-03,
         4.9334e-05, -1.2250e-03,  3.6623e-04, -1.5550e-03, -2.0967e-03,
         1.2963e-03,  4.8051e-04,  7.6429e-04,  2.1295e-03,  1.4213e-03,
         9.4658e-04,  1.0831e-03,  2.2642e-03, -8.1612e-04,  2.4523e-04,
        -1.8868e-04,  1.7895e-03,  5.7433e-04,  1.2571e-03, -2.6284e-05,
         8.9851e-04, -6.4674e-04, -5.9991e-05,  2.0620e-03,  1.8996e-03,
        -5.4634e-05, -1.4691e-03, -4.9959e-04,  6.2749e-04,  4.7061e-04,
         4.9026e-04,  7.3003e-04, -8.0642e-04, -1.5298e-03,  1.0284e-04,
         2.9030e-04, -7.7489e-04, -1.2389e-03, -1.0931e-03, -6.7403e-04,
        -5.1169e-04, -4.1127e-04,  5.5796e-04,  4.9593e-04, -9.6399e-05,
         6.8110e-04,  1.3112e-03, -5.0456e-04,  1.1027e-03,  6.0256e-04,
         1.6926e-05, -7.1344e-04,  2.2481e-03,  6.7505e-04, -1.0231e-03,
        -2.9610e-04, -4.2497e-04, -1.1093e-03, -1.3404e-03, -1.7949e-03,
         5.7778e-04, -2.4017e-03, -5.7885e-04,  2.0480e-03, -2.0286e-04,
        -8.3981e-04, -1.1704e-03, -1.3706e-03], device='cuda:0')), ('fcs.1.weight', tensor([[-0.0008, -0.0015,  0.0002,  ...,  0.0031,  0.0010, -0.0007],
        [ 0.0005, -0.0013, -0.0006,  ..., -0.0011, -0.0018,  0.0013],
        [ 0.0006,  0.0021, -0.0001,  ...,  0.0008, -0.0013,  0.0024],
        ...,
        [-0.0018,  0.0007, -0.0007,  ...,  0.0008,  0.0031, -0.0016],
        [-0.0011,  0.0004,  0.0009,  ...,  0.0010,  0.0018, -0.0025],
        [ 0.0006,  0.0012, -0.0009,  ..., -0.0034, -0.0015,  0.0031]],
       device='cuda:0')), ('fcs.1.bias', tensor([-6.2549e-03, -6.5707e-04,  1.6277e-03,  7.4392e-04, -1.4471e-04,
         1.4819e-03,  2.0279e-03, -5.7229e-04,  3.5866e-04, -8.0666e-04,
         5.9329e-04, -1.1125e-03,  1.1179e-03,  3.2079e-04, -1.0213e-04,
        -1.7059e-03,  5.4271e-04,  5.5546e-05, -9.4356e-04, -1.4066e-03,
         1.4006e-03, -1.9718e-03,  2.2243e-03, -2.1438e-03,  2.3556e-03,
         7.6474e-04,  6.3621e-04,  1.8251e-04, -1.3047e-03,  8.7785e-04,
        -6.4591e-04, -1.2980e-03,  2.3508e-04, -6.1413e-04,  2.7111e-04,
         5.3690e-04,  4.0561e-04, -7.2910e-04, -2.7115e-04, -1.9518e-03,
         7.3314e-04,  1.6523e-03, -1.3329e-03, -7.5570e-04,  7.8296e-04,
        -2.7541e-03,  1.0154e-03, -4.7672e-03, -1.2970e-03, -3.5109e-04,
         1.0023e-03,  3.6448e-03, -6.5946e-04, -1.3021e-03,  1.3368e-03,
        -9.6765e-04,  1.9635e-03,  6.5886e-02,  7.3851e-06, -1.5046e-03,
         2.4425e-03, -2.0957e-03, -7.7595e-04, -1.2489e-03], device='cuda:0')), ('fcs.2.weight', tensor([[ 5.9814e-04, -4.4438e-04,  9.0436e-04,  1.0666e-03, -5.5893e-04,
          2.1699e-04,  6.1717e-04, -8.4312e-04, -2.0011e-04, -2.1792e-04,
         -4.1273e-04, -9.4080e-04,  1.1827e-05, -6.2462e-04,  5.6888e-05,
         -5.1705e-06, -4.5908e-04,  1.3482e-03, -2.0805e-03,  5.0046e-04,
          7.5616e-04,  4.2915e-05,  4.6623e-04,  3.9207e-04,  8.9558e-04,
         -1.6714e-04,  1.6721e-03, -1.0948e-03, -9.3045e-04, -2.8227e-04,
         -9.3590e-05,  5.5533e-04,  6.2489e-04, -9.1351e-04, -9.4740e-04,
          3.3120e-05, -1.2565e-03,  3.0607e-04,  7.7136e-05,  1.7176e-04,
         -2.3159e-04,  5.9516e-04, -1.4072e-03,  9.8420e-04, -3.4647e-04,
          1.0733e-03,  1.8882e-03, -5.9034e-05,  6.5941e-04,  2.2678e-03,
          4.0265e-04, -8.7164e-04,  1.3316e-03, -1.2531e-03, -8.0053e-04,
         -3.6391e-04,  1.5384e-03, -8.2497e-01, -1.0760e-03, -6.3560e-04,
          1.0520e-03, -1.2255e-05, -3.7195e-05,  1.5729e-04]], device='cuda:0'))])
end of epoch 1: val_loss 0.0065567113270087775, val_acc 1.0
trigger times: 0
saving model weights...
Weights: OrderedDict([('fcs.0.weight', tensor([[-3.7710e-04, -1.1360e-03, -3.5876e-03],
        [-4.3197e-05, -1.5098e-03, -3.8830e-03],
        [-4.4540e-04,  7.7145e-04,  1.7187e-03],
        [ 6.6020e-04, -8.4626e-04,  8.1673e-04],
        [-4.3811e-04, -1.3572e-03,  1.4586e-03],
        [-1.0374e-03,  1.4072e-03,  1.7446e-03],
        [-1.5074e-03, -2.6362e-03,  6.3733e-04],
        [ 1.2489e-04,  1.4883e-03, -4.9148e-04],
        [-1.5953e-03, -3.8122e-03, -1.2375e-04],
        [ 5.1428e-04, -1.5143e-05, -1.3953e-03],
        [-1.3217e-03,  1.5892e-03,  6.4089e-04],
        [-1.8424e-03,  4.4153e-04, -1.7471e-03],
        [ 1.5180e-03,  1.6737e-04,  8.1471e-04],
        [-9.1504e-04,  6.5821e-05,  3.6371e-04],
        [ 1.1967e-03,  3.5534e-03, -3.7632e-03],
        [-1.1302e-03, -1.2455e-03, -1.1539e-03],
        [-2.7160e-03,  4.3704e-04,  2.8378e-04],
        [ 1.4537e-03, -1.8161e-03, -1.8254e-03],
        [-8.1152e-04, -1.6845e-04, -1.9322e-03],
        [-1.8993e-03,  1.3275e-03,  1.3624e-04],
        [ 5.5913e-04,  1.6451e-04,  1.2891e-03],
        [-1.0047e-03,  3.8350e-04,  1.8210e-03],
        [-1.3496e-03,  1.4642e-03,  1.8792e-04],
        [ 8.5340e-04, -2.9058e-03,  3.1810e-04],
        [ 2.0272e-04,  1.0228e-03, -2.9438e-04],
        [-6.8724e-04, -1.1958e-03, -1.8719e-04],
        [-8.7688e-04,  1.1816e-03,  2.4205e-03],
        [ 5.6472e-01,  2.2112e-02,  4.9215e-01],
        [ 1.5611e-03,  1.6601e-04, -4.2397e-04],
        [ 3.1825e-04,  1.6895e-03, -1.3873e-03],
        [-9.0380e-04,  4.6454e-04, -3.8097e-04],
        [-1.2792e-03,  7.2837e-04,  1.1922e-03],
        [ 8.2085e-04,  1.6453e-03, -5.9649e-04],
        [ 5.1474e-04, -1.6305e-03,  1.5896e-03],
        [-4.3192e-04,  1.7064e-04, -1.7617e-04],
        [ 7.4032e-04, -7.1675e-04, -1.9818e-04],
        [ 8.9391e-05,  1.1682e-04,  6.6808e-04],
        [-1.0421e-03, -1.0156e-03,  1.2033e-03],
        [-1.6846e-03, -1.2217e-04, -5.1688e-04],
        [-8.8495e-04,  5.6325e-05,  1.2729e-03],
        [ 2.4976e-04, -8.2002e-04, -2.1784e-03],
        [-5.8643e-04,  2.0472e-04, -1.1249e-04],
        [-3.4332e-03,  7.0333e-05, -3.7292e-03],
        [-5.8865e-04,  1.0688e-03,  1.3507e-03],
        [ 4.0718e-04, -2.3609e-03,  8.7185e-04],
        [ 1.7769e-03, -2.0322e-03, -4.2379e-04],
        [-2.3428e-03, -6.9496e-04, -1.5484e-04],
        [-9.4759e-04,  1.5103e-03, -3.3250e-04],
        [-1.5795e-03,  8.3141e-04,  8.2989e-04],
        [ 1.1773e-03,  3.9043e-04,  2.2441e-03],
        [-1.7110e-03,  1.3482e-03, -8.3730e-04],
        [-1.1619e-04, -4.2498e-04,  5.9197e-04],
        [ 1.8360e-03,  8.0012e-04,  8.5717e-04],
        [ 1.6106e-03,  1.0492e-03, -1.1986e-03],
        [ 1.4472e-03, -1.4334e-04,  1.6293e-03],
        [-1.0218e-04,  1.0360e-03,  2.4802e-04],
        [ 3.5161e-06, -1.4809e-03,  4.7949e-04],
        [ 1.8925e-03,  2.7720e-03,  1.3149e-03],
        [ 1.7264e-05,  5.5806e-05, -8.9939e-04],
        [ 1.6958e-03,  1.4661e-03,  4.9275e-05],
        [-1.9696e-04, -3.8640e-03,  7.1794e-04],
        [ 4.9923e-04, -4.9212e-04,  1.6677e-03],
        [ 1.0900e-03,  3.5962e-04, -1.1040e-03],
        [ 1.2566e-03, -8.6386e-04, -1.7622e-04],
        [ 1.0905e-03, -1.1415e-03,  7.5324e-04],
        [-9.7454e-04, -1.1007e-03,  1.3076e-03],
        [-8.3095e-04, -4.8150e-04, -1.5438e-03],
        [-2.2785e-03, -2.6960e-03, -9.0239e-04],
        [ 1.6951e-03, -3.4478e-04,  2.4360e-04],
        [-4.2047e-04,  1.8617e-03, -1.2320e-03],
        [-1.8627e-03,  7.6954e-04,  9.8155e-04],
        [-3.4250e-04, -1.2804e-03,  1.0697e-03],
        [-2.0625e-03, -1.7078e-03,  1.0028e-03],
        [-5.2547e-04, -2.5406e-03,  8.8865e-05],
        [-1.3260e-03,  9.3875e-04, -3.0574e-07],
        [-3.2571e-04, -1.9028e-03,  1.3075e-03],
        [ 3.5058e-03, -6.5624e-04, -6.7044e-04],
        [-1.4131e-03,  6.0278e-04,  1.2917e-04],
        [ 5.6640e-04,  4.0938e-03, -2.9790e-03],
        [ 1.8415e-03,  5.4392e-05,  1.1112e-03],
        [-1.5229e-03,  1.3043e-03,  6.2125e-04],
        [-4.3337e-04,  6.7182e-04,  8.0496e-05],
        [ 6.9394e-04,  8.5229e-04, -7.4307e-04],
        [-1.4123e-03, -1.5944e-04, -2.7287e-03],
        [ 3.2210e-03,  5.0431e-04, -8.2658e-04],
        [-9.6221e-04, -1.3442e-03, -1.9376e-03],
        [-2.6808e-04, -5.0851e-04, -1.3892e-03],
        [-1.7989e-03,  1.3352e-03,  1.7659e-04],
        [-4.8617e-04,  6.9539e-04,  8.4172e-05],
        [ 1.0476e-04,  7.2535e-04,  2.3567e-03],
        [-1.2213e-03,  1.7850e-03,  2.8870e-03],
        [ 8.7632e-04, -2.2744e-04,  4.4822e-04],
        [-1.3649e-03, -8.1257e-05,  2.4869e-03],
        [-1.6660e-04,  3.7110e-04, -1.4251e-03],
        [-8.3530e-04, -1.4815e-03,  6.6152e-04],
        [-6.7653e-04, -3.7064e-04, -1.3458e-04],
        [-3.8364e-04,  3.2277e-04, -5.7206e-04],
        [ 5.0073e-05, -9.6203e-04, -1.5801e-03],
        [ 7.9013e-04, -5.5251e-04, -9.6550e-04],
        [-8.4381e-04, -1.0957e-04, -1.6628e-04],
        [ 7.3381e-04, -2.5154e-03,  7.4242e-04],
        [-6.1136e-04, -3.6932e-03,  1.9643e-03],
        [-4.3135e-03, -1.3413e-03,  1.7423e-03],
        [ 2.7339e-03, -7.9192e-04, -1.4766e-03],
        [-2.0793e-03,  7.1076e-04,  1.6054e-03],
        [ 7.2160e-04,  1.7171e-03, -5.1855e-04],
        [-1.3374e-03, -1.3567e-03,  5.5931e-04],
        [ 1.4914e-04,  2.9252e-04,  4.6312e-04],
        [-1.7866e-04,  4.3369e-04,  9.6344e-04],
        [-1.9416e-03,  2.5533e-04,  1.3909e-03],
        [ 1.0092e-03,  6.5933e-04,  1.1160e-03],
        [-5.5041e-04,  1.7350e-03, -3.3834e-04],
        [-1.4448e-03, -1.6370e-04,  1.6569e-03],
        [ 1.0479e-03, -1.7046e-03, -1.1011e-03],
        [-2.1264e-03, -3.5023e-03, -5.4910e-04],
        [ 7.4604e-04,  1.7018e-03,  3.1601e-04],
        [ 2.2574e-05, -2.4798e-03, -2.0035e-03],
        [ 8.2974e-04,  1.5730e-03, -3.3343e-04],
        [ 1.5745e-03,  1.1260e-03,  4.8803e-04],
        [ 2.8902e-03, -1.4275e-04,  1.7810e-03],
        [-1.3481e-03, -2.2664e-03,  6.5499e-04],
        [-5.8244e-04, -1.1758e-03, -1.1155e-04],
        [-7.0067e-05,  2.3513e-03, -9.6309e-04],
        [-8.6312e-04,  1.2148e-03,  1.1082e-03],
        [-1.0830e-04,  6.5791e-04, -9.0399e-04],
        [-1.6270e-03, -1.0584e-04,  5.8947e-04],
        [-5.3393e-04, -2.1533e-03, -1.6951e-03],
        [ 2.1432e-04,  8.5913e-04, -3.7072e-04]], device='cuda:0')), ('fcs.0.bias', tensor([ 1.3043e-03,  2.7332e-03, -2.1836e-03,  6.5842e-04,  1.8744e-03,
        -7.1546e-04, -1.3014e-03,  1.2066e-03,  1.5555e-03, -1.3135e-03,
         1.6702e-03, -2.6861e-03, -1.3613e-04,  1.7045e-03, -7.5255e-04,
        -4.3078e-04, -1.9774e-03,  1.1817e-03,  2.7720e-03, -1.4226e-03,
         1.2371e-03, -3.2741e-05, -3.5455e-04,  5.8072e-04, -8.5297e-04,
         7.0598e-06,  1.3775e-03,  2.4947e-02, -1.5510e-04, -3.3839e-03,
        -1.4305e-03,  2.5652e-04,  2.4254e-03, -1.1154e-03,  4.3023e-04,
        -7.9763e-04,  1.0783e-03, -2.7037e-04, -2.3644e-03,  1.9427e-03,
        -1.8200e-03, -2.1848e-03,  3.5094e-04, -1.2756e-03,  1.0240e-03,
         9.2908e-04, -1.0773e-03,  3.2771e-03, -1.5650e-03, -1.2360e-03,
         1.4860e-03,  1.0532e-04,  9.2093e-04,  4.9581e-04, -1.2027e-04,
         1.9359e-03, -2.4628e-03, -1.4463e-03, -1.1109e-03, -5.8734e-04,
         1.1335e-03, -1.1805e-03, -6.7396e-04,  4.6037e-04,  1.1727e-03,
        -8.7546e-04,  6.1207e-04, -3.5698e-03, -6.5126e-04,  1.0125e-03,
        -1.3592e-05, -1.6382e-04, -9.0310e-04,  1.8352e-03,  1.2757e-04,
        -1.2159e-04,  8.5586e-04,  5.9193e-04,  3.7400e-03,  6.3731e-05,
        -1.1013e-03,  2.1954e-03, -1.6810e-03, -5.3886e-04,  7.4010e-04,
         9.1961e-04,  1.5326e-03, -1.0543e-04,  1.0954e-03, -2.8251e-03,
        -1.4538e-03, -2.4778e-03, -3.8928e-05, -5.9201e-04,  1.9867e-04,
        -3.1961e-03,  2.9096e-03, -2.2795e-03, -2.2706e-04, -1.7908e-03,
        -1.3471e-03, -7.8461e-04,  1.7808e-04, -8.6231e-05, -6.1170e-04,
        -3.8888e-04, -1.2695e-03, -1.7416e-03,  8.5006e-04,  1.5039e-03,
         1.8176e-03, -3.2741e-03, -1.7604e-03,  5.1463e-04, -5.5910e-04,
         8.9475e-04,  1.9358e-03, -1.8503e-03,  3.3994e-04,  1.2295e-03,
        -1.2489e-03,  6.3181e-04,  1.8085e-05, -2.0141e-03,  1.2218e-03,
         1.9086e-04, -1.4455e-03, -9.4628e-04], device='cuda:0')), ('fcs.1.weight', tensor([[-7.7163e-04, -1.4666e-03, -6.0907e-04,  ...,  3.1445e-03,
          9.8617e-04, -6.5157e-04],
        [ 4.6151e-04, -1.3101e-03, -5.5434e-04,  ..., -1.1422e-03,
         -1.8299e-03,  1.3052e-03],
        [ 6.5081e-04,  2.1754e-03, -1.1847e-04,  ...,  7.6413e-04,
         -1.3091e-03,  2.4456e-03],
        ...,
        [-1.8285e-03,  8.5279e-04, -6.7318e-04,  ...,  8.7204e-04,
          3.1434e-03, -1.6369e-03],
        [-1.1387e-03,  4.8586e-04,  8.9001e-04,  ..., -2.2008e-05,
          1.7863e-03, -2.4915e-03],
        [ 6.0767e-04,  1.2745e-04, -9.0631e-04,  ..., -4.0745e-03,
         -7.0255e-04,  3.1373e-03]], device='cuda:0')), ('fcs.1.bias', tensor([ 6.7310e-04, -2.5542e-04,  2.2192e-03, -2.4104e-03, -2.1801e-03,
         6.9521e-04,  1.9621e-03,  7.5652e-04, -7.2182e-04, -1.3249e-03,
         7.5146e-04, -6.7276e-04,  3.5506e-04,  5.0926e-04,  2.1823e-03,
         1.9347e-03,  2.1962e-04, -1.3494e-03, -4.2039e-03,  1.9913e-04,
         1.1380e-04,  1.0797e-03,  1.3617e-03, -2.1825e-03,  2.5859e-03,
         1.4232e-03, -1.3187e-03, -7.5470e-04,  3.0695e-04, -3.1238e-03,
        -1.1981e-03, -1.3048e-03,  1.9952e-03,  1.0597e-03,  1.0535e-03,
        -3.0145e-03,  6.6106e-04, -7.6765e-04, -2.2056e-04,  2.1685e-03,
         6.5573e-04,  1.8237e-03,  8.1279e-04, -7.3698e-04, -9.0037e-04,
         1.3170e-03, -2.2394e-03, -2.2172e-03, -1.3476e-03, -1.6593e-03,
         2.8746e-05, -2.1446e-03,  3.3895e-04, -2.5605e-03,  1.1646e-03,
         1.3036e-03,  1.9858e-03, -5.0231e-04,  4.5092e-04, -6.6437e-04,
         2.3485e-03, -2.3768e-03, -7.2365e-04, -1.2986e-03], device='cuda:0')), ('fcs.2.weight', tensor([[ 2.0266e-03,  8.3982e-04, -4.5095e-04, -1.7619e-04,  1.1593e-03,
         -1.6638e-04,  6.6903e-04, -1.7625e-03, -1.2698e-03, -5.6668e-04,
          1.2629e-03, -3.4560e-03, -2.1357e-03, -1.7215e-03,  3.5035e-04,
          2.0204e-04,  3.9183e-04,  6.1279e-04,  1.4966e-03, -7.0201e-04,
         -7.6315e-04,  7.5081e-04,  1.1725e-03,  6.2162e-04, -1.2252e-03,
          6.6263e-04, -3.6089e-04,  8.3421e-04, -1.7859e-03, -7.3147e-04,
         -7.9019e-04, -1.0725e-03,  1.6361e-03,  7.0862e-04, -1.1130e-03,
         -6.3336e-04,  1.9730e-04, -1.8572e-03, -4.1619e-04,  6.9061e-04,
          9.7036e-05, -9.0917e-04, -5.8235e-04,  1.4170e-03, -4.1195e-05,
          1.3103e-03,  8.2586e-05,  9.5180e-04, -4.1274e-04,  1.5045e-03,
         -2.4742e-03, -1.1227e-03, -1.0948e-03, -8.0075e-04,  2.0518e-03,
         -1.2224e-03,  9.3035e-04, -8.6164e-01, -9.0609e-04, -1.2869e-03,
         -7.4870e-04,  8.5007e-04,  7.5689e-04, -2.0068e-03]], device='cuda:0'))])
end of epoch 2: val_loss 0.008175817279170517, val_acc 1.0
trigger times: 1
end of epoch 3: val_loss 0.0036485673532646603, val_acc 1.0
trigger times: 0
saving model weights...
Weights: OrderedDict([('fcs.0.weight', tensor([[ 3.3602e-03,  1.1554e-03,  1.6509e-03],
        [ 1.4054e-03, -1.2549e-04, -2.2883e-03],
        [ 4.5978e-04, -1.8348e-03, -9.5135e-04],
        [ 9.9685e-05,  1.6207e-05,  5.4187e-04],
        [-1.5258e-03, -3.0029e-04,  3.2771e-04],
        [ 9.2706e-04, -1.3517e-05,  2.8516e-05],
        [ 3.6059e-04, -8.1535e-04,  1.4430e-03],
        [-2.2193e-03, -5.4158e-04, -7.5425e-04],
        [ 2.2761e-04,  4.5513e-04, -8.6337e-04],
        [ 1.8507e-04,  2.2344e-04,  1.5421e-03],
        [ 4.4114e-04, -5.2445e-04, -1.9714e-03],
        [ 5.9205e-04, -1.6168e-05, -1.3933e-03],
        [ 4.6724e-05, -4.3213e-04, -4.2458e-04],
        [ 2.0576e-03, -1.5854e-04,  3.6740e-04],
        [-2.3287e-03,  2.6275e-03, -9.0444e-04],
        [-1.5265e-03, -1.0136e-03, -9.9350e-04],
        [ 8.6547e-04, -3.1372e-03, -2.9174e-03],
        [-1.0292e-03, -2.8078e-04, -2.4772e-03],
        [-2.4970e-04, -1.8210e-04, -1.9563e-03],
        [ 1.3971e-03, -9.0695e-04, -1.4202e-03],
        [-1.6007e-04,  1.1942e-03, -9.5290e-04],
        [-9.6135e-04, -2.2662e-03, -2.2739e-03],
        [-8.2223e-05,  1.8257e-03,  1.9471e-03],
        [ 2.6724e-04, -1.0584e-03, -1.7060e-03],
        [-2.6944e-04,  6.9194e-04, -7.5316e-04],
        [-1.0270e-03, -7.6627e-04,  2.4283e-03],
        [ 1.7200e-03, -2.9126e-03,  4.7740e-04],
        [ 4.1340e-01, -4.1021e-02,  7.2430e-01],
        [ 1.3988e-03, -6.7285e-04, -1.2780e-03],
        [-9.5965e-05,  3.1828e-04, -7.3012e-04],
        [-2.1520e-03, -1.1999e-03,  2.7123e-03],
        [ 2.9412e-03,  2.2420e-03, -1.4508e-03],
        [ 7.7146e-05, -3.3284e-03, -1.2400e-03],
        [ 1.6348e-03, -9.5133e-04,  1.4357e-03],
        [ 2.9420e-04,  1.7829e-03,  1.2806e-03],
        [-1.8990e-04, -1.0727e-03, -2.4246e-03],
        [ 2.9913e-04, -1.7811e-03,  1.7335e-03],
        [-9.6218e-05,  1.7438e-04,  4.5779e-04],
        [ 3.0270e-03, -9.9234e-04, -5.0395e-05],
        [ 1.0068e-03,  4.6963e-05, -6.0841e-04],
        [ 3.4499e-04, -8.9748e-04,  6.1736e-05],
        [-4.6203e-04, -2.6116e-03, -5.5997e-04],
        [-1.1292e-03,  4.6467e-04, -1.3295e-03],
        [-1.2233e-03, -6.7724e-04,  8.4250e-04],
        [ 8.1393e-04, -4.0661e-04,  1.1199e-03],
        [ 6.8092e-04,  3.7689e-04,  5.2354e-04],
        [-4.3530e-04, -9.9046e-04,  9.2488e-04],
        [ 9.6542e-04, -4.7747e-04,  2.9109e-04],
        [ 7.4318e-04,  7.7710e-04,  7.3786e-04],
        [ 2.6642e-04, -7.8031e-04, -1.6354e-03],
        [-4.7676e-04,  2.5792e-03,  1.2471e-03],
        [-1.2893e-04,  1.5147e-03, -2.4840e-03],
        [-7.7770e-05, -1.4566e-04,  1.6431e-03],
        [-6.3159e-04, -3.8931e-03,  4.7221e-04],
        [-3.9325e-04,  4.7581e-04, -1.4267e-03],
        [-9.0649e-04,  1.3734e-04,  1.6071e-03],
        [ 4.3698e-04, -1.3108e-03,  1.3677e-03],
        [-4.9404e-04, -6.4933e-05, -5.6904e-04],
        [ 4.0467e-04, -2.8523e-03,  7.5346e-04],
        [-1.3334e-03, -7.2250e-04,  2.1516e-03],
        [ 1.1695e-03,  1.7477e-03, -6.8430e-04],
        [-3.0382e-04,  2.2581e-03, -8.1798e-04],
        [ 6.4813e-04, -2.0571e-04, -2.0229e-03],
        [ 3.4564e-03,  2.7872e-03, -8.8228e-04],
        [-1.8856e-03,  1.5281e-03, -1.4409e-03],
        [-3.2292e-03,  1.7110e-03, -1.5702e-03],
        [-3.0757e-03, -1.3144e-03, -1.3418e-03],
        [-6.8455e-04,  4.4207e-03,  6.3022e-04],
        [-1.3298e-03,  5.1999e-06, -6.9807e-04],
        [-1.7610e-03, -6.6641e-04,  2.1257e-04],
        [ 1.7878e-03, -5.9669e-04,  2.6806e-04],
        [-6.5802e-04,  2.0408e-04, -9.1173e-05],
        [-1.7960e-03, -1.4712e-03, -7.2993e-04],
        [ 2.0172e-03,  1.5808e-03, -5.6674e-04],
        [-1.9596e-03,  6.8666e-04, -8.1743e-04],
        [-2.7313e-04, -9.0683e-04,  3.8281e-04],
        [ 1.3427e-03, -1.4385e-03, -1.6379e-03],
        [ 1.2333e-03,  4.4025e-03, -7.5168e-04],
        [ 8.3544e-04,  2.6287e-04,  3.4263e-04],
        [ 1.2676e-03, -3.2275e-05,  6.0968e-04],
        [ 5.5009e-04, -1.3702e-05,  7.1953e-04],
        [-5.9445e-04,  5.3266e-04, -1.8919e-03],
        [ 1.1299e-03, -4.7469e-04, -4.1607e-04],
        [ 2.4881e-03,  3.0301e-04, -2.4444e-04],
        [-4.8145e-04, -1.6362e-03, -2.8971e-03],
        [ 1.2622e-03, -2.5094e-03, -5.1646e-04],
        [-2.9759e-03, -1.3680e-03, -2.3393e-03],
        [ 2.0764e-03, -1.0559e-03,  1.3204e-03],
        [ 3.9561e-04,  3.1131e-04, -8.0902e-05],
        [-1.4685e-03, -1.2802e-04,  8.5617e-04],
        [-2.0009e-03, -2.4778e-03,  1.1177e-03],
        [-3.7028e-05,  3.2047e-04, -7.9484e-04],
        [-9.6596e-04,  4.0511e-04,  9.0552e-04],
        [-1.8111e-03, -1.6515e-03,  2.2479e-03],
        [-9.2550e-04, -1.4131e-03, -1.9041e-03],
        [ 3.7944e-03, -1.0677e-03, -4.3510e-03],
        [ 6.3635e-04, -1.1079e-04, -3.5678e-04],
        [-1.0296e-03,  5.7183e-04,  2.6339e-04],
        [-2.0333e-04, -6.8971e-06,  7.5175e-04],
        [-1.0627e-03,  6.8510e-04,  1.2651e-04],
        [-4.6264e-04, -1.1748e-03,  2.4395e-03],
        [ 3.0677e-04,  6.3185e-04,  1.3820e-03],
        [-3.4877e-03, -1.9614e-03, -1.1798e-03],
        [ 1.3541e-03,  5.2158e-05, -1.7835e-04],
        [ 1.0554e-03,  4.1229e-04, -2.8249e-03],
        [-8.5579e-04, -1.8579e-04, -7.4546e-04],
        [-4.8969e-04, -1.5583e-03,  5.2080e-04],
        [-7.7952e-04,  1.2649e-03,  8.6992e-04],
        [ 7.5864e-04,  1.3282e-03, -7.1086e-04],
        [-1.5979e-03,  1.4557e-03, -1.7658e-03],
        [-8.3252e-04, -9.5045e-04, -1.3093e-03],
        [ 1.1024e-03, -6.4233e-05,  1.3015e-03],
        [-1.1695e-03,  5.7074e-04, -1.4000e-03],
        [ 4.1781e-04,  1.3545e-04,  1.8039e-03],
        [-1.9109e-03,  1.4133e-04, -1.0869e-03],
        [ 2.7671e-04, -7.2671e-04,  1.1665e-03],
        [-1.3485e-03, -1.1584e-03,  1.5120e-04],
        [-3.1344e-04, -1.2182e-04, -3.8160e-04],
        [-1.2800e-03, -1.5963e-03, -9.2088e-04],
        [-6.5042e-04, -1.0837e-03,  2.9999e-04],
        [ 7.0936e-04,  1.9504e-03, -3.2631e-04],
        [-4.5992e-04, -1.8282e-04,  6.0094e-04],
        [ 2.4571e-03,  1.8388e-03,  3.1402e-05],
        [-1.1943e-03,  3.4533e-04,  5.0780e-04],
        [-1.6232e-03, -1.5968e-03, -3.9711e-04],
        [ 8.4729e-05, -1.2746e-03, -5.6898e-04],
        [-5.1758e-04, -7.7374e-04,  3.8680e-04],
        [-1.3742e-03,  7.2989e-04,  2.1160e-03]], device='cuda:0')), ('fcs.0.bias', tensor([-1.2264e-03, -2.8431e-04,  8.8533e-04, -5.8889e-04,  1.2857e-03,
         1.2493e-03,  1.2109e-03, -1.6733e-03, -7.6347e-04, -1.3437e-03,
        -5.5781e-04, -1.5944e-03,  6.5623e-04, -1.3624e-04,  2.1944e-03,
         1.2595e-03,  1.2978e-03,  4.6038e-03, -5.7856e-04, -2.5603e-03,
         1.9234e-03, -3.4705e-04,  1.7670e-03,  1.4975e-03, -2.1689e-05,
         4.4213e-04, -4.7989e-05,  1.5638e-01, -1.7524e-03,  2.2482e-03,
        -1.9561e-03, -2.1122e-03,  2.7069e-04,  1.3422e-03,  1.1150e-03,
        -4.9519e-05, -6.5893e-04, -2.0597e-03,  4.3274e-04,  1.3342e-03,
        -1.7869e-03,  1.1050e-03,  8.4466e-04,  2.1168e-03,  1.7688e-03,
        -9.3656e-04, -1.8265e-03,  9.7769e-04,  2.0840e-03,  4.3205e-04,
        -1.4924e-04,  1.9433e-03, -3.8575e-03, -1.2088e-05,  1.1333e-04,
         1.4397e-03, -3.5331e-04,  2.0487e-03, -1.7612e-05, -1.0434e-03,
        -3.5710e-04,  5.7056e-05, -2.8723e-04,  5.7616e-04,  6.9874e-04,
        -4.2301e-04,  2.8122e-05, -4.4600e-04, -2.5649e-03,  7.4640e-04,
        -2.0624e-03,  4.6723e-04,  6.8067e-05,  1.5793e-03, -1.2036e-04,
         6.0823e-04, -8.9258e-06, -3.5282e-04,  9.6695e-04,  8.1294e-04,
        -1.0290e-03,  1.6177e-03,  1.2459e-03, -1.4100e-03, -2.8746e-04,
        -8.8192e-04, -6.9796e-04, -3.2061e-04,  2.4012e-03, -5.9878e-04,
        -3.1487e-03,  3.9246e-04, -8.9167e-04,  8.0789e-04, -1.4865e-03,
         1.7298e-03, -2.7618e-04,  1.8593e-03,  7.3572e-04, -1.0639e-03,
         1.2231e-03,  5.6627e-04, -2.7205e-05, -2.3814e-04,  2.1241e-03,
         8.1633e-04,  2.7245e-04, -1.4197e-03, -1.0630e-03,  7.0361e-04,
         1.2289e-03,  1.9301e-03,  1.3717e-03,  1.2975e-03, -3.0130e-03,
         7.1510e-04, -1.0427e-03, -4.3270e-04, -8.7802e-05,  1.7502e-03,
        -7.6456e-04,  5.9026e-04, -2.4461e-03, -1.7555e-03, -1.2095e-03,
         7.9430e-04, -4.5025e-04,  3.7796e-04], device='cuda:0')), ('fcs.1.weight', tensor([[-0.0008, -0.0015, -0.0007,  ...,  0.0032,  0.0010, -0.0007],
        [ 0.0005, -0.0013, -0.0006,  ..., -0.0011, -0.0018,  0.0013],
        [ 0.0007,  0.0022, -0.0001,  ...,  0.0008, -0.0013,  0.0024],
        ...,
        [-0.0018,  0.0009, -0.0007,  ...,  0.0009,  0.0031, -0.0016],
        [-0.0011,  0.0005,  0.0009,  ..., -0.0024,  0.0018, -0.0025],
        [ 0.0006, -0.0025, -0.0009,  ..., -0.0042,  0.0012,  0.0031]],
       device='cuda:0')), ('fcs.1.bias', tensor([ 1.1124e-03, -7.6809e-05,  1.1731e-03, -4.2940e-04, -1.1333e-03,
         8.5944e-04, -3.7472e-04,  4.1320e-04, -8.5394e-04,  1.8002e-03,
         5.0802e-04,  6.5463e-04, -9.0893e-04,  9.5224e-04, -2.1451e-03,
         1.3717e-03,  6.5737e-04,  2.9054e-03, -9.9398e-05,  1.9085e-03,
         5.0346e-05, -8.9736e-04,  5.8886e-04, -2.5812e-03, -8.7793e-04,
        -7.0027e-04, -1.5044e-03,  1.5556e-03, -1.4268e-03, -6.2883e-04,
         2.4197e-03, -1.3802e-03, -1.3110e-03, -9.6062e-04, -8.4020e-04,
         8.8971e-04,  1.0018e-03, -8.7356e-04, -2.5741e-03,  2.1825e-03,
        -6.9494e-04, -3.6900e-03,  5.4609e-04, -7.9779e-04, -4.2910e-04,
         1.3717e-03, -1.5330e-03,  6.5668e-04,  4.6287e-04,  1.3537e-03,
        -1.9490e-03, -2.1555e-03, -1.7519e-03,  2.1084e-03, -5.8373e-04,
         1.3114e-03, -4.2414e-04, -2.1214e-03, -1.8151e-03,  2.2308e-03,
        -2.1672e-03, -2.4959e-03,  1.6651e-03, -4.7533e-05], device='cuda:0')), ('fcs.2.weight', tensor([[ 1.9860e-03,  8.7494e-04,  1.3173e-03,  1.3631e-03, -1.5645e-04,
          1.6329e-03, -2.0257e-04, -8.0922e-04, -1.4963e-03,  6.5120e-04,
          4.5514e-04, -2.0355e-04,  7.1538e-05, -2.1187e-03, -1.4799e-03,
          1.9018e-03, -1.3667e-03, -1.7116e-03,  2.4902e-03,  1.3313e-03,
          1.2774e-03,  1.6978e-03, -2.7090e-03, -1.2838e-03,  1.7183e-03,
         -1.9326e-03, -4.3414e-05,  4.9518e-04,  1.7854e-03, -1.3082e-03,
         -1.6913e-03, -6.2339e-04, -9.4943e-04,  1.6514e-03, -1.7460e-03,
         -1.0032e-03, -1.4126e-03,  1.1504e-03,  1.4791e-03, -1.1108e-03,
          9.0225e-04,  1.1968e-03,  4.7550e-04, -1.3446e-03, -9.7587e-04,
          1.0840e-03,  5.2305e-04,  9.6150e-05, -5.9346e-04,  1.8786e-03,
          3.1564e-04,  1.4923e-03,  5.1830e-04,  1.5024e-03, -7.5470e-04,
         -2.8053e-04,  9.4909e-04, -9.2197e-01,  2.1053e-03, -5.7140e-04,
          6.7124e-04,  2.7417e-03, -2.0672e-04, -2.0438e-03]], device='cuda:0'))])
end of epoch 4: val_loss 0.004723898587462685, val_acc 1.0
trigger times: 1
end of epoch 5: val_loss 0.006358497833001628, val_acc 1.0
trigger times: 2
end of epoch 6: val_loss 0.005643469015507314, val_acc 1.0
trigger times: 3
end of epoch 7: val_loss 0.006863390716689963, val_acc 1.0
trigger times: 4
end of epoch 8: val_loss 0.0070858160450217155, val_acc 1.0
trigger times: 5
end of epoch 9: val_loss 0.005198103025699083, val_acc 1.0
trigger times: 6
end of epoch 10: val_loss 0.011311659661588038, val_acc 1.0
trigger times: 7
end of epoch 11: val_loss 0.005560887649165132, val_acc 1.0
trigger times: 8
end of epoch 12: val_loss 0.006622157750494928, val_acc 1.0
trigger times: 9
end of epoch 13: val_loss 0.008257483072123968, val_acc 1.0
trigger times: 10
Early stopping.
0 -62.20228761434555 -191.10004520678868
1 -61.90110057592392 -189.05007017278314
2 -62.72038967907429 -187.50220085194994
3 -58.82633951306343 -180.24009179391223
4 -56.49616937339306 -171.9613792356186
5 -55.203583002090454 -169.3817016847894
6 -55.11606605350971 -167.87631268052303
7 -60.44514511525631 -164.27567046290412
8 -59.000559106469154 -163.76742236654098
9 -50.510044038295746 -156.0786895876365
10 -53.77241866290569 -155.22804551507866
11 -53.25436598062515 -145.29002069283715
12 -53.66607320308685 -142.86657280197298
13 -45.93125092983246 -142.75441848091938
14 -47.058195903897285 -136.98962801176134
15 -51.78003349900246 -132.4813576990395
16 -44.36344073712826 -130.98347157271724
17 -49.75196085870266 -118.2436222554584
18 -40.40445602685213 -117.38411415155902
19 -49.28162541985512 -116.97382686219106
20 -42.322708025574684 -115.06704102317899
21 -37.244117103517056 -112.47832645551227
22 -45.27137300372124 -103.24187681049156
23 -35.792267464101315 -99.7422752992134
24 -31.331121057271957 -98.18526661663928
25 -34.751589216291904 -88.94674758091466
26 -31.062195725739002 -85.88346861832474
27 -27.947563037276268 -79.38307722218848
28 -29.576814487576485 -79.25112655387144
29 -38.048826199024916 -73.50697855948762
30 -35.31757029145956 -72.69803191552006
31 -31.44603480026126 -71.37326168319514
32 -32.849343471229076 -68.27187815304366
33 -31.53559496253729 -65.42298162776466
34 -29.590784266591072 -65.35816021006309
35 -27.835080742836 -49.3186741604369
36 -41.59842222929001 -17.325441617065966
37 -29.867154110223055 -4.374511275254108
38 -31.074066415429115 -0.4258658969524013
39 -34.14034486934543 9.108146753357724
40 -33.902774296700954 17.732630180500013
41 -25.192718625068665 40.64550156746333
42 -25.695857509970665 41.11774838972275
43 -31.309509463608265 48.64917674484657
44 -26.98866454511881 52.50260039838799
45 -27.697382658720016 52.54502852695255
46 -27.03652250766754 59.52827491841281
47 -26.202420599758625 63.45606316769021
48 -24.855366609990597 66.31570758515764
49 -33.50157614424825 67.13050507695384
50 -22.63285392522812 72.16624272108386
51 -34.62507801502943 79.16074531670823
52 -31.789796978235245 84.19837606184075
53 -31.877967316657305 89.30707154325768
54 -31.916006490588188 90.2698850730257
55 -30.8843153975904 90.28646231697512
56 -25.579908829182386 90.32667007477052
57 -23.17041325569153 91.18021498086692
58 -24.699140518903732 92.38187517969644
59 -31.605622556060553 92.67153902025292
60 -31.342625230550766 93.69474938898811
61 -24.551805719733238 93.86112859581364
62 -30.49070118367672 95.24073532592021
63 -30.53883346915245 95.3630101766082
64 -29.95755860209465 96.09581961281374
65 -28.55661529675126 97.90553231413178
66 -29.66806298866868 98.07644230926206
67 -29.260154701769352 98.35872828331676
68 -30.47301561012864 98.57334710000995
69 -29.601797487586737 98.77895390936838
70 -29.865176673978567 99.10163703819775
71 -29.37130943313241 99.47183807834362
72 -29.313859026879072 101.36707045382526
73 -28.845239829272032 102.70820969163083
74 -29.18674197420478 103.61971441966246
75 -28.150751616805792 104.00039883786899
76 -28.054340083152056 104.94014608739957
77 -28.913257837295532 105.28448326377394
78 -27.565631195902824 105.60678192821229
79 -26.436696626245975 106.95774051225432
80 -27.854929368942976 107.03525723063939
81 -27.13189398124814 107.05410485829283
82 -25.83996558561921 107.36477417456501
83 -26.110443715006113 107.72369032284489
84 -28.232594721019268 107.78006757763964
85 -27.72458754107356 107.99397435655325
86 -26.812176432460546 108.08910889221833
87 -27.66425183042884 108.09776529440465
88 -26.215796165168285 108.24033506535473
89 -26.29603235796094 109.15712102315346
90 -26.663385841995478 109.71287331230647
91 -26.448030591011047 110.25063890779474
92 -26.363844580948353 110.45880856467717
93 -25.565204817801714 110.48639228144049
94 -26.00283569842577 111.92877271779909
95 -26.207462903112173 112.29467419620224
96 -25.764873541891575 112.73910566375015
97 -25.706441588699818 112.98274531176438
98 -25.27276650816202 113.84616479719523
99 -23.502739313989878 114.84612239587612
100 -25.89955659583211 115.08707834021696
101 -23.78050984814763 115.41025719446112
102 -24.27958844229579 115.5646624637931
103 -24.080163072794676 115.87882502857741
104 -25.190882369875908 116.51927592390606
105 -25.568757101893425 116.69939038222442
106 -24.312415797263384 117.18809854794453
107 -24.40887650474906 117.29357601720739
108 -23.64243220165372 117.43241923864416
109 -24.475425135344267 119.84073495876005
110 -22.71534876152873 122.74776106687673
111 -23.059816882014275 124.10172315382671
112 -21.981519784778357 124.42382576156477
113 -22.698316864669323 124.48179570258212
114 -22.7579647898674 125.2590893824027
115 -22.42625191435218 125.30457667780085
116 -22.48846449330449 125.43458549438884
117 -20.596457842737436 129.13346806288703
118 -20.6552966311574 129.67718524437547
119 -19.67845317348838 131.40806576766226
train accuracy: 0.9977777777777778
validation accuracy: 1.0
