demo lengths 200
demos: (120, 200, 13)
demo_rewards: (120,)
[-191.10004521 -189.05007017 -187.50220085 -180.24009179 -171.96137924
 -169.38170168 -167.87631268 -164.27567046 -163.76742237 -156.07868959
 -155.22804552 -145.29002069 -142.8665728  -142.75441848 -136.98962801
 -132.4813577  -130.98347157 -118.24362226 -117.38411415 -116.97382686
 -115.06704102 -112.47832646 -103.24187681  -99.7422753   -98.18526662
  -88.94674758  -85.88346862  -79.38307722  -79.25112655  -73.50697856
  -72.69803192  -71.37326168  -68.27187815  -65.42298163  -65.35816021
  -49.31867416  -17.32544162   -4.37451128   -0.4258659     9.10814675
   17.73263018   40.64550157   41.11774839   48.64917674   52.5026004
   52.54502853   59.52827492   63.45606317   66.31570759   67.13050508
   72.16624272   79.16074532   84.19837606   89.30707154   90.26988507
   90.28646232   90.32667007   91.18021498   92.38187518   92.67153902
   93.69474939   93.8611286    95.24073533   95.36301018   96.09581961
   97.90553231   98.07644231   98.35872828   98.5733471    98.77895391
   99.10163704   99.47183808  101.36707045  102.70820969  103.61971442
  104.00039884  104.94014609  105.28448326  105.60678193  106.95774051
  107.03525723  107.05410486  107.36477417  107.72369032  107.78006758
  107.99397436  108.08910889  108.09776529  108.24033507  109.15712102
  109.71287331  110.25063891  110.45880856  110.48639228  111.92877272
  112.2946742   112.73910566  112.98274531  113.8461648   114.8461224
  115.08707834  115.41025719  115.56466246  115.87882503  116.51927592
  116.69939038  117.18809855  117.29357602  117.43241924  119.84073496
  122.74776107  124.10172315  124.42382576  124.4817957   125.25908938
  125.30457668  125.43458549  129.13346806  129.67718524  131.40806577]
maximum traj length 200
num training_obs 1800
num training_labels 1800
num val_obs 200
num val_labels 200
ModuleList(
  (0): Linear(in_features=13, out_features=128, bias=True)
  (1): Linear(in_features=128, out_features=64, bias=True)
  (2): Linear(in_features=64, out_features=1, bias=False)
)
device: cuda:0
end of epoch 0: val_loss 0.1879751821230995, val_acc 0.98
trigger times: 0
saving model weights...
Weights: OrderedDict([('fcs.0.weight', tensor([[-3.5037e-05, -4.2821e-02,  5.4336e-04,  ...,  2.6624e-03,
         -2.9061e-04,  1.2481e-03],
        [ 1.0865e-04, -3.1813e-04,  1.0127e-03,  ..., -6.7052e-04,
         -3.4001e-05, -8.2612e-04],
        [-8.6610e-05,  3.8989e-06, -3.1373e-04,  ..., -3.1421e-04,
         -1.8693e-04, -4.9283e-04],
        ...,
        [ 2.7105e-04,  3.2790e-05,  1.0191e-03,  ...,  8.8689e-05,
          2.3186e-04,  5.9750e-05],
        [-4.3401e-04, -2.5135e-04,  5.4562e-04,  ..., -3.2969e-04,
         -1.6876e-03, -8.8838e-04],
        [-8.6131e-06, -4.9306e-05, -5.9238e-04,  ...,  6.5496e-05,
         -3.6061e-04, -1.6005e-03]], device='cuda:0')), ('fcs.0.bias', tensor([-3.3236e-03,  2.5783e-04,  2.0533e-05, -7.3650e-04, -8.5937e-02,
        -1.0786e-04, -1.5926e-04, -7.1022e-05,  6.5967e-02,  8.7672e-05,
        -1.1733e-04,  5.5042e-05, -4.0147e-05,  2.4696e-04, -4.9952e-04,
        -8.3024e-02, -7.6633e-05,  2.4891e-04, -1.7695e-02,  3.8936e-04,
         4.5706e-05,  7.4879e-05,  2.9086e-05, -1.5564e-01, -4.7442e-03,
        -7.2188e-04, -1.4079e-04,  2.8311e-04,  2.5463e-04,  1.0604e-03,
        -1.0843e-03, -3.2910e-06, -1.3337e-04,  4.5708e-04,  2.0714e-04,
         2.9268e-01, -9.4631e-05, -1.2812e-01, -9.9001e-05,  1.6250e-01,
         2.6778e-04,  1.8353e-04,  2.0929e-05,  9.3678e-06, -8.3873e-04,
         1.0056e-03,  2.0187e-05,  2.2142e-04,  4.2260e-04, -8.9237e-04,
         2.8631e-04,  2.1694e-04, -5.1729e-04,  3.9900e-04,  1.5181e-01,
        -6.9628e-04,  1.2241e-03,  1.9732e-05, -1.3976e-01,  1.1509e-05,
        -9.9746e-02,  1.8463e-03,  5.9603e-04, -4.1636e-05, -6.6122e-04,
         6.9745e-04, -7.8141e-05, -5.2598e-03,  3.1986e-01, -9.2030e-04,
         4.6236e-05, -9.1813e-05, -2.2819e-01,  2.4328e-04, -4.0009e-04,
         3.5069e-03,  2.7243e-04,  4.1619e-02, -3.0738e-04,  1.6643e-04,
        -3.5286e-04,  3.7724e-04,  1.1690e-04, -3.6047e-04,  2.0664e-04,
        -1.4161e-04,  2.6106e-01,  3.7400e-05, -2.7996e-04,  3.0399e-04,
         9.8646e-05, -3.1735e-02,  2.1611e-01, -3.7338e-02,  2.1955e-04,
         6.7532e-05,  3.8517e-04, -1.1797e-04, -9.1766e-04, -8.1139e-05,
        -4.1085e-05, -2.4264e-04, -5.9124e-05,  1.1158e-04,  5.6221e-04,
        -5.3412e-04,  1.2991e-04, -3.1962e-04, -1.0287e-04,  8.7171e-02,
         9.6422e-02, -1.6371e-04,  1.0670e-04, -1.3922e-01, -2.9429e-05,
         1.6540e-04, -1.4807e-04,  7.2537e-04,  6.6164e-05, -1.1223e-04,
         1.1860e-01, -2.5044e-01,  1.0828e-04, -8.9110e-04, -1.6028e-01,
        -9.8963e-04, -1.2338e-04, -2.9858e-04], device='cuda:0')), ('fcs.1.weight', tensor([[ 2.5379e-03,  9.1274e-05,  5.9260e-04,  ...,  7.6714e-04,
          6.2305e-04, -5.9442e-04],
        [-2.1884e-03,  1.9812e-03,  2.1374e-03,  ...,  3.8511e-04,
          1.9623e-03,  4.6051e-04],
        [-1.3975e-03,  1.9712e-03, -1.2460e-03,  ..., -6.1843e-04,
          2.1643e-03, -8.7133e-04],
        ...,
        [-7.8903e-04,  8.1567e-05,  5.2279e-04,  ..., -2.4263e-04,
         -1.2830e-03, -8.5491e-04],
        [ 7.3103e-04, -3.1551e-03,  2.2697e-04,  ..., -5.0062e-04,
          1.1988e-04,  1.0786e-03],
        [ 4.1934e-04, -1.2280e-03, -1.8342e-04,  ...,  4.2803e-04,
          1.0496e-03, -1.2934e-04]], device='cuda:0')), ('fcs.1.bias', tensor([-6.4644e-04,  3.8833e-05, -1.0996e-03, -4.0925e-04,  9.8029e-04,
         1.6234e-05,  1.6603e-04, -4.2118e-04,  3.1363e-04,  8.0137e-04,
        -5.1583e-05,  8.1956e-04, -2.1973e-04,  7.6243e-04,  5.0590e-04,
         9.7975e-05, -2.1538e-04,  9.3652e-05,  1.8564e-01,  1.5825e-03,
         3.0343e-05, -9.1978e-05, -2.7139e-04,  8.7885e-05, -1.1504e-03,
         2.0541e-01, -1.3724e-04,  6.5416e-05,  1.4485e-04,  3.0581e-04,
         7.3167e-04,  2.2250e-04,  1.3212e-04,  1.6026e-05,  3.9800e-04,
         1.0476e-03, -2.1689e-03,  7.8915e-02,  3.6025e-04, -3.1815e-04,
        -1.3782e-04,  4.6728e-05, -2.2588e-04, -1.6020e-03, -1.5806e-01,
        -2.1118e-01, -5.6494e-03, -1.6535e-04,  2.6219e-04, -7.1350e-04,
         6.6614e-04, -1.9137e-04, -9.8758e-05,  5.7601e-05, -2.9849e-04,
        -5.0251e-05, -2.0668e-05,  2.3142e-04, -3.4952e-04, -6.3684e-04,
         9.9932e-04, -6.2850e-04, -1.2919e-03, -1.7159e-04], device='cuda:0')), ('fcs.2.weight', tensor([[ 2.9904e-05, -4.5895e-04, -4.1330e-04,  9.8326e-05,  7.3460e-05,
          3.9498e-04,  1.4742e-04,  9.5282e-05,  1.5868e-03,  2.8413e-05,
         -7.7467e-05,  1.6921e-01,  2.8256e-06, -1.0821e-06,  7.7520e-05,
          1.7835e-04,  2.2282e-05, -6.4917e-06, -6.9401e-02, -6.2404e-06,
         -4.7209e-06, -4.3219e-04,  6.0783e-06,  5.8126e-05,  1.3380e-04,
          3.1312e-01,  6.2903e-06,  4.0474e-02, -3.0882e-05,  6.3973e-05,
          6.5567e-03,  1.1968e-04,  3.1899e-01, -1.1737e-04, -1.5392e-05,
         -1.1273e-06, -1.5562e-05,  2.2892e-02, -3.2298e-05,  8.5446e-05,
          9.7594e-02, -1.3535e-04, -1.9937e-04,  1.8658e-04,  1.3044e-04,
          4.4805e-02, -1.3961e-02,  1.2710e-05,  8.9879e-05, -1.6378e-05,
         -1.7797e-05, -3.6756e-05, -8.8337e-05, -1.0548e-01, -8.0677e-06,
         -1.0497e-03,  3.6784e-05, -1.2170e-05,  7.4281e-05, -3.4665e-05,
         -3.3650e-05, -1.1154e-06, -8.9444e-05, -2.0583e-05]], device='cuda:0'))])
end of epoch 1: val_loss 0.003329177910868282, val_acc 1.0
trigger times: 0
saving model weights...
Weights: OrderedDict([('fcs.0.weight', tensor([[-2.5660e-04, -5.8545e-05, -1.1007e-03,  ..., -2.5749e-04,
          8.3159e-04, -1.1433e-03],
        [ 8.4267e-05, -1.2157e-03, -8.3987e-04,  ...,  3.3883e-04,
         -3.8564e-04, -8.6925e-04],
        [ 6.4181e-07,  1.8911e-04, -2.6766e-04,  ..., -2.4447e-04,
         -5.5646e-04, -5.4927e-04],
        ...,
        [-6.6840e-04,  2.2489e-05, -5.0294e-04,  ..., -1.4133e-03,
          9.7185e-05, -1.2707e-03],
        [ 5.2696e-04, -2.9933e-05,  2.9542e-04,  ...,  4.8326e-04,
          9.4535e-04, -4.8992e-04],
        [ 5.5697e-04, -1.6472e-04, -1.2236e-03,  ...,  1.0367e-03,
         -6.9663e-04, -3.8531e-03]], device='cuda:0')), ('fcs.0.bias', tensor([-3.9882e-04,  2.5564e-04,  8.9023e-07, -1.5865e-03,  1.0524e-04,
        -1.3246e-04, -4.7390e-04, -8.7164e-04,  7.0484e-04, -1.5899e-04,
        -1.2064e-04, -2.7275e-04,  8.4917e-05, -7.3501e-04, -9.4892e-04,
         1.2724e-04,  5.6975e-06, -9.9454e-05,  9.2085e-04, -1.3332e-03,
         1.4548e-04, -2.0222e-04,  4.6321e-04,  1.0321e-04,  7.5758e-05,
        -8.4334e-04,  1.3182e-03,  1.1122e-03, -5.5436e-04,  1.1798e-03,
         5.3975e-04,  2.4849e-04, -4.2342e-04, -2.4275e-04,  3.4526e-04,
        -1.7235e-04,  3.0615e-04,  1.4070e-04, -1.0924e-04,  1.3324e-04,
         8.4339e-05,  9.9395e-04,  4.2467e-04, -8.1356e-04, -7.8528e-05,
         1.0737e-03, -1.0329e-03, -2.5151e-04, -1.6310e-03,  1.9056e-03,
         1.3815e-03, -7.9950e-04,  4.0876e-04, -3.2507e-04, -1.1726e-04,
        -2.8645e-04,  5.8231e-04, -1.6412e-04, -2.4689e-03, -6.3210e-04,
        -5.6215e-05, -3.9679e-04,  1.1068e-03, -6.9398e-05, -3.0871e-04,
         1.4396e-04,  6.6233e-04, -1.5187e-04,  8.2409e-05,  8.1421e-04,
         8.4695e-05,  9.5538e-05, -6.5944e-05, -8.6181e-04,  2.6537e-04,
        -1.6728e-04,  7.4252e-04, -3.1049e-04,  5.6886e-04, -5.4285e-05,
         1.1442e-03,  1.2000e-03, -1.1472e-04,  7.7661e-04, -6.0683e-03,
         3.1543e-04, -6.2509e-02, -6.4674e-04, -5.6726e-04, -4.1607e-05,
        -8.7167e-05,  1.4215e-05,  1.3534e-02,  2.3970e-04, -4.8758e-05,
        -5.5937e-04, -7.7615e-05,  8.4250e-04,  7.5504e-04, -1.2601e-04,
        -1.6438e-03,  1.5927e-04,  2.5252e-04, -9.0396e-04, -7.4510e-04,
        -8.4735e-04, -7.1751e-04,  8.2160e-04,  1.1896e-04, -9.7865e-06,
         8.2062e-05, -1.9021e-03,  5.9741e-04,  4.8262e-05, -3.0739e-04,
        -1.0092e-03,  2.1905e-05, -2.5889e-04,  7.2941e-04,  3.7395e-04,
        -3.2724e-04,  2.4551e-04,  2.5087e-03, -1.8979e-03, -9.4402e-05,
        -1.1828e-04,  3.7505e-04,  4.3431e-04], device='cuda:0')), ('fcs.1.weight', tensor([[ 2.1802e-03,  7.9545e-05,  1.0470e-03,  ...,  1.5397e-03,
          7.3747e-04, -1.1300e-03],
        [-2.1616e-03,  1.9663e-03,  2.1766e-03,  ...,  4.8603e-04,
          1.9074e-03,  4.9727e-04],
        [ 7.4512e-04,  1.9606e-03, -1.3066e-03,  ..., -6.6308e-04,
          2.1976e-03, -8.9414e-04],
        ...,
        [-1.0392e-03,  8.1390e-05,  9.7150e-04,  ..., -5.1171e-04,
         -1.9348e-03, -1.5420e-03],
        [ 1.9556e-03, -3.1442e-03,  6.3758e-04,  ..., -7.0370e-04,
          1.1187e-04,  1.2640e-03],
        [ 2.1376e-03, -1.2933e-03, -3.9265e-04,  ...,  1.0321e-03,
          2.2115e-03,  6.1517e-04]], device='cuda:0')), ('fcs.1.bias', tensor([-1.0318e-03, -5.8288e-04, -3.1573e-04,  1.0971e-03,  1.0006e-03,
        -1.2333e-03,  3.9299e-04,  9.5732e-04,  1.6643e-04,  7.5184e-04,
         2.8339e-04, -4.5643e-04, -7.2560e-04,  4.5274e-04,  1.1697e-03,
        -2.6422e-04, -2.0266e-04,  2.8031e-06,  7.1500e-05,  1.9531e-03,
        -3.7947e-04, -3.2290e-04,  1.0905e-03,  4.2109e-04,  2.1079e-04,
         1.4038e-04, -2.4593e-04,  4.3232e-04,  1.8842e-04,  1.7830e-04,
         1.7742e-03,  3.3296e-04, -1.0130e-03,  3.0038e-05,  9.7642e-04,
        -3.1907e-04, -2.3795e-03,  2.3392e-05,  6.0674e-04,  1.8913e-04,
        -2.2071e-04, -3.4281e-05,  2.1455e-04,  4.5011e-03, -8.7310e-05,
        -2.7831e-05,  1.0515e-04, -7.9054e-04, -2.2250e-03,  1.1985e-03,
        -1.8319e-03,  2.7331e-04, -6.4330e-05,  5.4157e-04, -1.0443e-03,
        -1.1215e-04,  3.2717e-06,  4.5774e-04, -4.3086e-04,  5.9994e-04,
        -4.5535e-04, -9.0935e-04,  9.6650e-04,  5.0356e-04], device='cuda:0')), ('fcs.2.weight', tensor([[-1.3803e-04, -4.9567e-04, -8.8782e-04,  4.3687e-04,  5.8544e-05,
          2.0918e-04,  3.0880e-05, -1.1135e-03,  4.2466e-04,  3.1232e-05,
          3.6478e-04, -7.3903e-05, -1.1924e-06,  1.7497e-04,  3.9785e-04,
          5.1785e-04, -6.5705e-05,  7.0523e-05, -1.4674e-02, -1.6874e-05,
         -3.8630e-05, -2.7279e-04, -5.5472e-05,  1.5571e-05,  9.3952e-04,
          2.7675e-01,  1.3601e-04,  3.5560e-05,  3.0902e-05, -1.7677e-04,
          1.0427e-05,  9.7406e-06, -6.3558e-06, -7.7992e-04,  4.9318e-05,
          1.7812e-04,  2.5005e-05, -2.4851e-05,  9.4515e-05,  1.7100e-04,
          4.1884e-05,  2.2598e-04,  1.1924e-04, -6.0451e-04,  4.6757e-04,
         -1.6075e-05,  9.0038e-05, -3.7669e-05,  3.6019e-05,  9.8636e-06,
          2.6467e-04,  2.8030e-04,  3.5100e-04,  6.9360e-06,  1.0581e-04,
         -1.6447e-04, -3.4700e-05,  2.9449e-05, -7.4730e-05,  8.4472e-05,
         -1.5098e-04, -1.7171e-04,  2.0516e-04, -7.1669e-06]], device='cuda:0'))])
end of epoch 2: val_loss 0.02197726921313979, val_acc 0.995
trigger times: 1
end of epoch 3: val_loss 0.006592586148669959, val_acc 0.995
trigger times: 2
end of epoch 4: val_loss 0.0108622178498225, val_acc 0.995
trigger times: 3
end of epoch 5: val_loss 0.006859566934798309, val_acc 0.995
trigger times: 4
end of epoch 6: val_loss 0.01156296077813252, val_acc 0.995
trigger times: 5
end of epoch 7: val_loss 3.32673095703125, val_acc 0.99
trigger times: 6
end of epoch 8: val_loss 0.0, val_acc 1.0
trigger times: 0
saving model weights...
Weights: OrderedDict([('fcs.0.weight', tensor([[ 3.6551e-05, -1.4768e-04,  5.9455e-05,  ...,  3.9793e-06,
          2.7373e-04,  8.9371e-04],
        [ 8.5165e-05, -3.2314e-08,  1.8149e-04,  ...,  9.2955e-05,
         -1.9558e-03, -2.1784e-03],
        [-9.1642e-02, -6.3462e-07, -1.9041e-04,  ..., -4.3126e-05,
         -2.3813e-04,  2.7302e-04],
        ...,
        [ 1.0995e-01,  8.8846e-02, -1.7236e-05,  ..., -6.4397e-01,
          8.7268e-01,  1.6363e-05],
        [-1.9295e-05, -4.9911e-05, -6.2621e-05,  ..., -4.1892e-05,
         -1.3729e-03, -4.6828e-04],
        [-1.6626e-01,  1.5616e-05, -2.6293e-05,  ...,  3.0005e-06,
         -6.3659e-04, -1.9618e-03]], device='cuda:0')), ('fcs.0.bias', tensor([-4.3681e-05,  1.5116e-04,  6.8199e-05,  1.2213e-04,  1.8686e-01,
        -1.5990e-01,  5.8463e-02, -2.2960e-05,  3.8752e-03, -4.4934e-04,
         5.2862e-05,  9.3315e-05, -2.4464e-02, -4.2055e-01,  1.7235e-01,
        -2.2418e-05,  1.2043e-04, -2.2179e-01, -1.9248e-02,  9.5908e-04,
        -2.2012e-05,  7.4518e-02,  6.3243e-04,  2.5402e-06,  3.2832e-05,
         1.0555e-04, -3.5566e-02, -1.0040e-01, -3.5938e-02,  6.2701e-01,
        -2.5010e-04, -6.5936e-05,  2.2834e-01, -7.1059e-06, -7.1699e-02,
        -2.7726e-01,  2.7228e-01, -1.6771e-01,  3.0464e-05,  2.2660e-04,
         2.1568e-04,  7.9205e-05, -6.1621e-07, -1.1772e-04,  1.3814e-01,
        -1.4023e-01,  1.1799e-04, -1.3478e-01, -1.1871e-04, -1.9635e-01,
        -1.7250e-04, -3.3347e-01, -8.6594e-02,  2.4237e-01, -4.5152e-02,
         1.3574e-04,  9.3132e-05,  6.6180e-05,  2.3054e-04,  1.0253e-05,
        -6.6811e-06,  1.8370e-04, -1.4137e-01, -3.2702e-05,  1.3956e-04,
         1.4513e-01,  7.5753e-01,  1.3979e-01, -2.2089e-04,  1.6788e-01,
         7.1518e-01, -1.8831e-01, -2.2385e-04, -1.8381e-01, -9.6410e-06,
        -1.4846e-01,  7.3563e-05,  1.5672e-01, -1.3049e-01,  1.4213e-01,
        -2.6891e-01, -3.6677e-05,  1.2646e-05, -7.2732e-02, -2.6017e-01,
         2.2999e-04,  3.3285e-01,  4.8052e-04,  1.7702e-04,  6.2653e-01,
         1.7875e-05, -8.8770e-05, -8.1201e-02,  2.7308e-04,  9.3306e-06,
        -8.7391e-05,  1.2665e-04, -1.9549e-03, -1.8436e-04,  2.6462e-05,
         1.4960e-03, -5.7249e-05,  1.4643e-05, -2.2975e-04, -4.2852e-01,
        -9.4140e-04, -1.1572e-04, -7.7337e-02,  1.7038e-05, -2.3118e-04,
        -1.6574e-01,  3.2627e-05,  1.4959e-05, -3.3322e-05,  2.1874e-04,
        -8.6880e-02,  7.6634e-02,  1.2883e-04, -6.1463e-02, -2.2680e-01,
         4.4802e-07,  6.7239e-01, -5.3953e-06,  6.1733e-04,  1.0091e-06,
        -2.6085e-01, -3.5199e-05, -1.6923e-01], device='cuda:0')), ('fcs.1.weight', tensor([[-4.0540e-04, -3.8734e-04, -1.3720e-04,  ...,  3.0825e-02,
         -1.2496e-03, -1.9896e-03],
        [-3.9952e-04, -3.0741e-03,  1.8078e-03,  ..., -1.5413e-04,
          8.8882e-04, -2.1559e-03],
        [-2.4986e-03,  9.5033e-04,  3.5842e-05,  ...,  9.9629e-05,
         -1.5884e-04,  6.6258e-04],
        ...,
        [ 1.7208e-04, -8.2764e-04, -5.8989e-04,  ..., -4.2980e-05,
         -6.0778e-04, -5.2822e-05],
        [-4.5350e-04,  2.0720e-04, -5.7861e-04,  ...,  1.1425e-04,
         -1.9090e-03, -2.0893e-03],
        [-2.5898e-03, -5.2389e-05, -2.6139e-04,  ..., -1.1126e-03,
         -7.8211e-04,  1.3045e-03]], device='cuda:0')), ('fcs.1.bias', tensor([ 2.1227e-06,  1.2656e-03,  5.5935e-05, -2.3435e-01,  2.7908e-04,
        -7.0173e-05,  2.2324e-04,  2.4961e-01,  1.0742e-04, -6.9204e-05,
        -4.1391e-03,  4.3052e-05, -1.1686e-04, -1.4521e-05, -4.4214e-04,
         1.5163e-02, -6.6433e-05,  1.4832e-03,  2.4544e-04, -1.8746e-04,
         5.2780e-05,  2.1180e-04,  1.3238e-05, -2.8800e-04,  2.4112e-05,
        -1.8684e-01, -9.8448e-06,  5.3474e-05, -1.8987e-04, -8.4609e-05,
        -1.7759e-05, -1.4714e-02, -4.0709e-04, -1.3350e-06,  7.8503e-05,
        -1.9245e-05,  6.9090e-04, -3.8873e-04,  3.7412e-02, -5.1380e-05,
         3.2740e-04,  1.6747e-04,  5.3600e-04,  1.2716e-03, -2.0035e-01,
        -5.7488e-05,  6.5043e-04,  1.0326e-04, -3.2395e-05,  5.8247e-02,
         4.2214e-04, -2.2098e-04, -3.3633e-04,  6.8810e-05, -7.6195e-05,
        -3.0711e-04,  1.3994e-04,  2.8074e-05, -3.8367e-03,  2.3867e-05,
         4.4354e-04, -1.9842e-01,  1.3698e-04,  8.4411e-05], device='cuda:0')), ('fcs.2.weight', tensor([[ 1.3245e-01,  7.2150e-02,  7.5616e-02,  2.8354e-01,  4.9279e-01,
          3.2133e-05, -9.7961e-04,  2.0365e-01,  2.8664e-05, -2.6787e-03,
         -2.3692e-02,  5.8730e-05,  9.3934e-05,  2.5403e-01, -2.1676e-05,
         -5.6046e-02,  1.6987e-01,  1.4583e-01,  4.5951e-05,  8.7498e-06,
          1.1643e-01, -4.0407e-05, -2.1318e-01, -2.7141e-06,  1.3647e-01,
          7.2806e-01,  2.8927e-06, -8.6465e-07, -5.4348e-02,  1.5163e-01,
          1.2287e-01, -1.8591e-01,  7.1537e-02,  4.7185e-02, -1.6288e-05,
         -8.6552e-06, -1.3895e-05,  1.1947e-03,  4.7971e-01,  1.3669e-04,
         -7.6224e-05, -6.7266e-02,  1.0766e-04,  1.4531e-05,  6.0356e-03,
         -2.1685e-01,  1.9074e-05, -8.8996e-05,  3.9110e-02,  1.0390e-01,
         -1.8320e-05, -1.7095e-04,  1.1804e-01,  4.6918e-01,  6.2558e-02,
          1.5551e-02, -2.5794e-01,  1.2592e-01,  8.6543e-05,  1.4845e-04,
          3.1882e-02, -6.0771e-02, -4.9232e-01,  2.9129e-04]], device='cuda:0'))])
end of epoch 9: val_loss 0.0008935756059475608, val_acc 1.0
trigger times: 1
end of epoch 10: val_loss 0.0043498106461336405, val_acc 1.0
trigger times: 2
end of epoch 11: val_loss 0.0, val_acc 1.0
trigger times: 0
saving model weights...
Weights: OrderedDict([('fcs.0.weight', tensor([[-3.4259e-01, -3.8147e-02, -9.1293e-03,  ...,  3.7967e-02,
         -1.8332e-04,  2.6302e-03],
        [ 3.0444e-01,  2.5721e-02,  1.6370e-02,  ...,  3.0601e-01,
         -2.5700e-01, -9.6767e-02],
        [-5.4837e-01,  2.9750e-01, -1.9628e-01,  ...,  9.2801e-02,
         -3.2015e-02, -9.8524e-05],
        ...,
        [-4.7739e-04,  3.5646e-04,  1.8601e-04,  ...,  2.3268e-04,
         -2.6046e-04, -7.0321e-04],
        [ 9.5015e-04, -2.8518e-03,  8.4295e-04,  ..., -3.1730e-04,
          2.2774e-03,  4.0139e-04],
        [-2.1473e-01,  1.7504e-01, -6.3302e-02,  ..., -1.5911e-01,
         -1.6950e-03, -7.1283e-04]], device='cuda:0')), ('fcs.0.bias', tensor([-2.7590e-01,  2.9377e-01, -3.0366e-01,  2.2047e-03,  1.4719e-05,
        -1.2915e-04,  9.6092e-05, -2.5876e-04,  3.6698e-04, -8.2368e-02,
        -1.1235e-02, -1.4323e-03,  2.7179e-04,  1.8020e-04, -3.5236e-05,
        -2.0618e-03,  5.3560e-01, -3.0875e-03,  1.7665e-03,  1.4042e-04,
        -3.0103e-03,  1.8610e-03, -5.2738e-04,  1.5250e-03,  4.3497e-01,
        -1.5536e-02, -1.4443e-01,  3.8559e-01,  6.0630e-04, -7.4111e-04,
        -4.5582e-01,  3.3176e-01, -1.7272e-04, -2.2801e-01,  1.0557e-01,
        -1.8283e-01,  5.6596e-04, -1.5323e-02, -2.0850e-03, -1.1472e-01,
        -2.1654e-03, -2.9232e-01, -4.2075e-05, -6.5735e-03,  1.3014e-04,
        -3.5399e-05, -7.2862e-02, -2.0116e-01, -4.0437e-01, -2.2928e-01,
        -8.9604e-03,  7.8279e-05,  2.1026e-01, -3.4993e-02,  1.4240e-03,
        -1.3430e-03,  2.2927e-01,  8.0442e-04, -8.2719e-05, -2.2536e-01,
         1.4776e-03,  4.4955e-01, -3.0755e-01,  3.1745e-02,  6.8337e-04,
        -7.4994e-03, -1.1894e-04, -4.1439e-04, -3.1394e-01, -5.5208e-05,
         1.2918e-04,  4.6456e-01, -1.4219e-03, -1.2010e-03, -1.0016e-01,
         4.2988e-05, -2.6198e-01,  7.4562e-04, -8.1816e-05, -1.1598e-04,
        -5.1426e-06, -7.0715e-03, -5.4063e-04,  8.8994e-04, -2.6013e-01,
        -2.3854e-01, -2.1960e-04, -3.2304e-01, -2.4312e-01,  4.8032e-05,
         4.8423e-05,  4.6814e-01,  1.1946e-01, -2.8046e-01, -9.1800e-04,
         8.6417e-02,  1.9603e-01,  2.2627e-01,  6.7401e-04,  1.4829e-04,
        -5.3253e-04,  2.8416e-04, -2.4653e-01,  2.8237e-05,  6.8828e-05,
        -3.0546e-01, -1.3634e-01,  1.5223e-01,  1.8830e-04,  4.5023e-01,
        -2.5953e-04, -1.5513e-03,  4.5439e-02, -2.4794e-01,  3.4188e-03,
        -2.2630e-04,  1.2156e-03, -3.1088e-01, -1.6598e-03, -1.4444e-03,
        -2.7227e-01, -7.7759e-05,  2.2278e-01,  5.2638e-01, -7.9857e-04,
        -1.4374e-04, -5.8119e-04, -2.3651e-01], device='cuda:0')), ('fcs.1.weight', tensor([[ 2.5597e-03, -7.3994e-05,  1.1469e-03,  ..., -2.5240e-04,
          5.2753e-04, -5.0699e-04],
        [ 7.3398e-04, -7.2993e-02, -9.8567e-06,  ...,  8.5426e-05,
          2.1090e-03,  5.0208e-03],
        [-2.4240e-04,  4.1385e-01, -9.5682e-02,  ...,  5.0338e-05,
         -2.4249e-03, -4.1174e-03],
        ...,
        [ 2.3763e-03, -8.0306e-05, -1.4872e-03,  ..., -7.6785e-05,
          2.4544e-03, -1.7405e-03],
        [ 1.0304e-01,  6.4237e-02, -8.4089e-02,  ...,  2.0153e-03,
         -6.7423e-03,  2.4638e-03],
        [ 7.7445e-05, -2.9626e-01,  3.3635e-02,  ...,  9.4479e-04,
         -3.1055e-03, -1.8864e-04]], device='cuda:0')), ('fcs.1.bias', tensor([ 5.1405e-04, -5.4283e-01,  3.0125e-01,  3.6749e-05, -1.7174e-01,
         5.1439e-05, -2.5158e-01,  2.0627e-04, -7.9331e-02, -4.2875e-04,
        -5.5023e-05, -1.9453e-01, -7.9668e-02, -2.2067e-01,  2.0402e-04,
        -2.5884e-04, -1.8787e-04, -4.7178e-02,  3.9968e-02, -4.5367e-04,
        -2.3204e-01, -2.9469e-01,  1.9867e-04, -1.6989e-03, -1.9284e-04,
         2.8701e-01,  1.8403e-03,  6.8382e-04,  2.3808e-04,  2.9453e-01,
        -2.5089e-01, -4.8067e-04,  1.6911e-03, -1.3689e-01, -2.6154e-01,
         1.6605e-01,  1.8047e-01, -2.1863e-01, -2.4727e-01, -3.1294e-01,
        -1.6168e-02, -1.7582e-01, -2.6423e-01, -1.7658e-02,  1.2373e-02,
        -6.9252e-04, -1.2317e-04, -3.6532e-01, -6.6454e-03, -2.6793e-01,
         2.8776e-04,  5.5150e-02,  5.8352e-04,  5.9000e-04,  2.4161e-02,
         3.7924e-04, -2.0141e-05, -2.9166e-04,  7.5529e-02, -3.5289e-05,
         1.4047e-04,  7.1631e-04,  2.1144e-02, -1.3626e-01], device='cuda:0')), ('fcs.2.weight', tensor([[-1.9123e-05,  2.7047e-01, -5.0151e-02,  9.6386e-05,  2.2389e-01,
         -1.2267e-03,  2.3657e-01,  7.5437e-04, -6.8541e-02, -2.7877e-02,
          4.1027e-03,  9.9833e-02, -1.9101e-02,  3.1759e-01, -8.7970e-02,
          4.9641e-02, -2.7434e-05,  2.9698e-01, -1.3225e-01, -5.5719e-02,
          1.6546e-01,  1.9458e-01, -1.7563e-02,  5.2626e-03, -2.8591e-05,
          8.5379e-01,  2.5275e-01,  5.6053e-02,  5.7238e-05,  1.5242e-02,
          1.7055e-01, -1.4092e-03,  6.2836e-04,  9.2175e-02,  1.8662e-01,
          6.7610e-02, -2.2855e-01,  2.8687e-01,  1.2687e-01,  1.1542e-01,
         -3.6830e-01, -2.3058e-02,  2.3836e-01, -2.2616e-02, -1.4137e-01,
         -2.5600e-02,  1.4965e-03,  4.8685e-01, -7.5578e-02, -9.1525e-02,
         -8.1259e-02,  1.0468e-01,  5.6372e-04, -1.2092e-05,  1.6254e-01,
         -6.3750e-03, -2.7845e-02,  1.0087e-04, -2.2231e-01, -5.2509e-05,
         -1.2561e-03, -3.9379e-03, -6.6354e-03,  2.9642e-01]], device='cuda:0'))])
end of epoch 12: val_loss 0.00017288998233080832, val_acc 1.0
trigger times: 1
end of epoch 13: val_loss 0.0055873072957730585, val_acc 1.0
trigger times: 2
end of epoch 14: val_loss 0.151646728515625, val_acc 0.995
trigger times: 3
end of epoch 15: val_loss 3.996936272127272e-05, val_acc 1.0
trigger times: 4
end of epoch 16: val_loss 0.00831936689582335, val_acc 0.995
trigger times: 5
end of epoch 17: val_loss 3.9790339035929376, val_acc 0.935
trigger times: 6
end of epoch 18: val_loss 3.141066190437414e-07, val_acc 1.0
trigger times: 7
end of epoch 19: val_loss 9.307453506082198e-06, val_acc 1.0
trigger times: 8
end of epoch 20: val_loss 0.009821784834297737, val_acc 0.995
trigger times: 9
end of epoch 21: val_loss 0.001885283887386322, val_acc 1.0
trigger times: 10
Early stopping.
0 -459.0414989590645 -191.10004520678868
1 -115.2499086606258 -189.05007017278314
2 -105.64872682461282 -187.50220085194994
3 -212.13682342413813 -180.24009179391223
4 -122.03877068124712 -171.9613792356186
5 17.099542824085802 -169.3817016847894
6 -96.1525884160983 -167.87631268052303
7 -270.67712746793404 -164.27567046290412
8 -137.12471026706044 -163.76742236654098
9 -13.02321665501222 -156.0786895876365
10 -49.65239928197116 -155.22804551507866
11 -66.253516359895 -145.29002069283715
12 -85.56439223350026 -142.86657280197298
13 126.14327698945999 -142.75441848091938
14 21.159347767941654 -136.98962801176134
15 35.33299889951013 -132.4813576990395
16 133.23749210685492 -130.98347157271724
17 55.85619568347465 -118.2436222554584
18 104.87142825126648 -117.38411415155902
19 -38.61026643688092 -116.97382686219106
20 91.74971243576147 -115.06704102317899
21 183.6725165452808 -112.47832645551227
22 94.19152875430882 -103.24187681049156
23 118.74991867691278 -99.7422752992134
24 205.59267300367355 -98.18526661663928
25 137.6549690021202 -88.94674758091466
26 195.81140391668305 -85.88346861832474
27 222.72435292601585 -79.38307722218848
28 208.2041316702962 -79.25112655387144
29 135.75199067417998 -73.50697855948762
30 146.38176009058952 -72.69803191552006
31 204.5818245697301 -71.37326168319514
32 186.30380860716105 -68.27187815304366
33 216.36549416184425 -65.42298162776466
34 216.10412922501564 -65.35816021006309
35 225.91522344760597 -49.3186741604369
36 103.63052918249741 -17.325441617065966
37 179.7982946265256 -4.374511275254108
38 212.21261516958475 -0.4258658969524013
39 155.64217046520207 9.108146753357724
40 187.01656762929633 17.732630180500013
41 238.37061170302331 40.64550156746333
42 240.39857196994126 41.11774838972275
43 219.28079542517662 48.64917674484657
44 238.70683470740914 52.50260039838799
45 236.12313947081566 52.54502852695255
46 236.54559457022697 59.52827491841281
47 232.59620992839336 63.45606316769021
48 227.5460146665573 66.31570758515764
49 159.95421989349416 67.13050507695384
50 268.77294823527336 72.16624272108386
51 155.90855067386292 79.16074531670823
52 214.05689921975136 84.19837606184075
53 193.15486280061305 89.30707154325768
54 190.13445000210777 90.2698850730257
55 185.10029083769768 90.28646231697512
56 238.7107881428674 90.32667007477052
57 254.87754756212234 91.18021498086692
58 255.0753517150879 92.38187517969644
59 200.49995130859315 92.67153902025292
60 187.46207473427057 93.69474938898811
61 246.40190059319139 93.86112859581364
62 194.7111692931503 95.24073532592021
63 201.65925818681717 95.3630101766082
64 212.9062519131694 96.09581961281374
65 206.39502270519733 97.90553231413178
66 209.48595683276653 98.07644230926206
67 217.34240680933 98.35872828331676
68 204.87202214449644 98.57334710000995
69 212.65247823530808 98.77895390936838
70 191.9279973646626 99.10163703819775
71 222.94622820615768 99.47183807834362
72 207.75479562580585 101.36707045382526
73 226.73481619358063 102.70820969163083
74 232.13028912246227 103.61971441966246
75 221.68437013030052 104.00039883786899
76 243.89910552836955 104.94014608739957
77 233.56418035179377 105.28448326377394
78 247.90440237522125 105.60678192821229
79 233.14994291961193 106.95774051225432
80 212.72045780927874 107.03525723063939
81 245.34143537282944 107.05410485829283
82 221.2195146502927 107.36477417456501
83 229.09521406888962 107.72369032284489
84 224.00327264447697 107.78006757763964
85 233.49683265620843 107.99397435655325
86 235.12600699067116 108.08910889221833
87 221.3400684883818 108.09776529440465
88 247.3956864848733 108.24033506535473
89 233.39511753618717 109.15712102315346
90 241.82638774812222 109.71287331230647
91 223.50524525833316 110.25063890779474
92 250.4491568468511 110.45880856467717
93 237.95672650635242 110.48639228144049
94 247.25800970196724 111.92877271779909
95 230.9394493252039 112.29467419620224
96 224.95488647557795 112.73910566375015
97 242.54515840113163 112.98274531176438
98 246.334469512105 113.84616479719523
99 249.13671472668648 114.84612239587612
100 252.7402088046074 115.08707834021696
101 249.6372995376587 115.41025719446112
102 266.82437950372696 115.5646624637931
103 265.0853040218353 115.87882502857741
104 238.81845225580037 116.51927592390606
105 268.3281831294298 116.69939038222442
106 254.1213956773281 117.18809854794453
107 269.3465775307268 117.29357601720739
108 253.7164171487093 117.43241923864416
109 261.50503201782703 119.84073495876005
110 262.25743359327316 122.74776106687673
111 275.9021326601505 124.10172315382671
112 277.32711992412806 124.42382576156477
113 280.847856849432 124.48179570258212
114 264.33326575160027 125.2590893824027
115 273.5582763829734 125.30457667780085
116 264.4482250511646 125.43458549438884
117 281.37412363290787 129.13346806288703
118 268.7270553410053 129.67718524437547
119 287.69234380126 131.40806576766226
train accuracy: 0.9983333333333333
validation accuracy: 1.0
