demo lengths 200
demos: (120, 200, 3)
demo_rewards: (120,)
[-191.10004521 -189.05007017 -187.50220085 -180.24009179 -171.96137924
 -169.38170168 -167.87631268 -164.27567046 -163.76742237 -156.07868959
 -155.22804552 -145.29002069 -142.8665728  -142.75441848 -136.98962801
 -132.4813577  -130.98347157 -118.24362226 -117.38411415 -116.97382686
 -115.06704102 -112.47832646 -103.24187681  -99.7422753   -98.18526662
  -88.94674758  -85.88346862  -79.38307722  -79.25112655  -73.50697856
  -72.69803192  -71.37326168  -68.27187815  -65.42298163  -65.35816021
  -49.31867416  -17.32544162   -4.37451128   -0.4258659     9.10814675
   17.73263018   40.64550157   41.11774839   48.64917674   52.5026004
   52.54502853   59.52827492   63.45606317   66.31570759   67.13050508
   72.16624272   79.16074532   84.19837606   89.30707154   90.26988507
   90.28646232   90.32667007   91.18021498   92.38187518   92.67153902
   93.69474939   93.8611286    95.24073533   95.36301018   96.09581961
   97.90553231   98.07644231   98.35872828   98.5733471    98.77895391
   99.10163704   99.47183808  101.36707045  102.70820969  103.61971442
  104.00039884  104.94014609  105.28448326  105.60678193  106.95774051
  107.03525723  107.05410486  107.36477417  107.72369032  107.78006758
  107.99397436  108.08910889  108.09776529  108.24033507  109.15712102
  109.71287331  110.25063891  110.45880856  110.48639228  111.92877272
  112.2946742   112.73910566  112.98274531  113.8461648   114.8461224
  115.08707834  115.41025719  115.56466246  115.87882503  116.51927592
  116.69939038  117.18809855  117.29357602  117.43241924  119.84073496
  122.74776107  124.10172315  124.42382576  124.4817957   125.25908938
  125.30457668  125.43458549  129.13346806  129.67718524  131.40806577]
maximum traj length 200
num training_obs 1800
num training_labels 1800
num val_obs 200
num val_labels 200
ModuleList(
  (0): Linear(in_features=3, out_features=128, bias=True)
  (1): Linear(in_features=128, out_features=64, bias=True)
  (2): Linear(in_features=64, out_features=1, bias=False)
)
device: cuda:0
end of epoch 0: val_loss 0.01983758945499915, val_acc 0.99
trigger times: 0
saving model weights...
Weights: OrderedDict([('fcs.0.weight', tensor([[ 1.0676e-04,  1.3261e-03, -3.4475e-05],
        [-4.1358e-04, -1.7751e-03,  8.8407e-04],
        [-1.2305e-03,  1.3926e-03, -4.2697e-05],
        [ 8.3268e-04, -7.2845e-04, -6.9711e-04],
        [-1.6524e-03,  1.2517e-03, -2.1693e-03],
        [-1.4790e-03,  5.2605e-04,  1.1313e-03],
        [-6.1687e-04, -1.2178e-05, -3.0019e-03],
        [ 5.4642e-04, -4.7769e-04,  1.0878e-03],
        [-1.0502e-03,  1.1074e-03,  5.5166e-05],
        [ 8.5889e-04,  2.2858e-03,  2.6275e-04],
        [ 2.1138e-04,  1.3018e-03, -4.0356e-04],
        [ 1.9108e-03, -1.9337e-03,  1.1636e-03],
        [-1.5272e-03,  1.5336e-03,  1.6576e-03],
        [ 2.3472e-03,  2.3683e-04, -8.9838e-04],
        [ 1.9922e-04, -4.2224e-03, -1.3324e-03],
        [-1.7261e-03, -2.0342e-03,  6.0734e-04],
        [ 1.4269e-03,  3.7623e-04, -2.2230e-03],
        [-3.9104e-04, -9.8710e-04,  6.2820e-04],
        [-1.7737e-03, -2.0501e-03,  5.7255e-04],
        [-3.7766e-03,  1.3880e-04,  1.8695e-03],
        [ 9.6421e-04, -4.1882e-04,  9.2848e-04],
        [ 5.6763e-06,  7.5350e-04, -9.1030e-04],
        [ 3.1692e-05, -3.7802e-04, -3.2032e-04],
        [ 9.1007e-04,  1.1590e-03,  1.3642e-03],
        [ 1.8623e-03, -1.6534e-04, -4.8087e-04],
        [ 1.2743e-03, -1.1673e-03, -1.2520e-03],
        [ 5.3561e-04, -1.8857e-04, -1.2508e-03],
        [-2.1028e-04, -2.0366e-04, -1.7451e-03],
        [ 6.9062e-04, -3.9191e-04,  3.5588e-04],
        [-8.8010e-04,  1.4022e-03,  4.9193e-04],
        [-8.3245e-05, -1.0954e-03,  2.1230e-04],
        [-1.5300e-03, -5.9440e-04, -1.8884e-03],
        [-8.9237e-04, -1.6982e-03,  3.4857e-04],
        [-2.7356e-03,  8.9857e-04,  1.5304e-03],
        [-1.3048e-03,  3.5081e-04,  1.6568e-03],
        [-2.2757e-03, -4.1943e-04,  6.4389e-04],
        [-1.0462e-03,  4.9436e-04,  4.3991e-04],
        [ 1.2395e-03, -1.3451e-03,  1.2224e-03],
        [ 9.5487e-04, -7.3560e-04, -4.4096e-04],
        [-1.6153e-03, -2.8353e-03, -2.8188e-03],
        [-9.7890e-04,  7.1205e-04,  1.9456e-03],
        [-2.7289e-04, -2.7373e-04,  2.1610e-03],
        [-1.2716e-03,  1.5706e-03, -7.8300e-04],
        [-7.6659e-04, -1.5807e-03,  6.2098e-04],
        [ 2.6395e-04,  4.7236e-04,  1.3284e-03],
        [ 8.9303e-04,  7.7655e-04, -9.3303e-04],
        [ 1.5791e-03, -1.4733e-03, -7.8281e-04],
        [-1.3815e-03,  9.6179e-04, -1.2764e-03],
        [-4.2828e-05,  1.1279e-03, -2.1563e-03],
        [ 5.2586e-04, -2.7529e-04, -7.5356e-04],
        [ 5.6764e-05, -1.9424e-03,  2.3172e-04],
        [-1.0330e-03,  9.4942e-04, -3.5693e-04],
        [-1.2341e-03, -1.8763e-03,  6.5542e-04],
        [ 2.2870e-03, -5.0203e-04,  1.7068e-03],
        [-6.2691e-04, -2.7505e-03, -1.8177e-03],
        [ 5.8752e-04, -1.5742e-03,  1.3278e-03],
        [-3.0146e-04,  1.3800e-03, -1.1779e-03],
        [-2.0489e-03,  1.7763e-04, -2.2008e-03],
        [ 7.0110e-04, -2.4869e-03,  1.4278e-03],
        [ 6.1094e-05,  4.8182e-04,  1.2167e-03],
        [-1.1471e-03, -1.3989e-04, -5.9607e-04],
        [-4.5946e-04, -6.8981e-04, -1.2434e-03],
        [-2.0823e-04, -7.2183e-04,  2.5507e-03],
        [ 2.9370e-03, -6.1895e-04,  6.8370e-04],
        [-1.3762e-03,  8.9734e-04, -2.3138e-03],
        [ 5.2504e-05, -1.9713e-04, -1.7528e-03],
        [ 1.9088e-03, -8.4329e-04,  8.0392e-04],
        [ 5.7763e-04, -4.1879e-04, -3.8582e-04],
        [ 7.0888e-04,  6.5933e-04,  8.1686e-04],
        [-1.3756e-03, -8.1398e-04, -1.0921e-04],
        [-8.5363e-05, -8.7531e-04, -8.4332e-05],
        [-8.2549e-04, -1.7120e-03, -6.4838e-04],
        [ 9.2955e-04,  1.7905e-03, -2.3605e-03],
        [ 1.5290e-03, -3.4126e-04,  3.9793e-05],
        [-2.0809e-03, -5.9919e-04,  2.2803e-04],
        [ 1.2564e-04, -2.4322e-03, -3.7539e-03],
        [-8.7517e-04, -2.3745e-03,  2.0705e-03],
        [-1.3947e-03,  1.8782e-04, -1.2412e-03],
        [ 6.8523e-04, -9.9869e-04, -1.5282e-03],
        [ 1.7318e-03, -7.8064e-04,  7.7670e-04],
        [ 3.9335e-04, -2.6604e-03, -4.3317e-04],
        [-5.0900e-04,  8.2889e-04, -5.4883e-04],
        [-5.6455e-04,  4.2817e-03, -9.7440e-04],
        [-9.9125e-04,  2.3218e-04, -1.5958e-04],
        [-4.8842e-04,  4.6524e-04,  2.5487e-03],
        [-6.1539e-05,  1.3361e-03,  2.7880e-03],
        [ 8.4041e-04, -2.1340e-03, -8.7214e-05],
        [-7.3201e-04, -9.1649e-04, -1.9958e-03],
        [-1.6119e-03,  1.1913e-03,  1.4688e-03],
        [-3.6186e-04, -1.4429e-03, -1.9435e-03],
        [-4.8192e-04,  4.9488e-06,  7.0021e-04],
        [ 5.1101e-01,  1.0742e-03,  4.8156e-01],
        [-1.3540e-03, -1.5708e-03,  2.6021e-06],
        [-1.2095e-04,  1.0186e-03,  1.3723e-03],
        [-1.7016e-03, -4.4472e-04, -2.1517e-03],
        [ 1.2430e-03,  5.5019e-06, -1.2076e-03],
        [-4.7512e-04, -1.9284e-03,  1.2229e-03],
        [ 7.6344e-04,  9.1320e-04,  1.9346e-04],
        [ 1.2396e-04, -1.7866e-03,  1.1068e-03],
        [-5.5263e-04, -1.3136e-03,  2.1189e-03],
        [ 3.5260e-04, -6.7018e-04,  6.9049e-04],
        [-1.8023e-03, -2.8171e-03, -2.4714e-04],
        [-8.2150e-04,  1.3507e-03, -3.3524e-04],
        [ 2.9214e-04, -4.9740e-04, -4.4507e-04],
        [-4.6371e-04,  7.4857e-04, -5.5139e-04],
        [ 1.2133e-03, -7.8644e-04,  1.3045e-03],
        [ 8.6451e-04, -6.0608e-04, -1.8324e-04],
        [ 1.7838e-03, -7.3295e-04,  3.8144e-04],
        [-1.4224e-03, -1.1007e-03, -6.8617e-04],
        [-2.7427e-03,  9.9037e-05, -2.7824e-05],
        [ 9.8937e-04, -3.7906e-04,  7.4008e-04],
        [-7.9988e-04,  1.5803e-03,  7.9168e-04],
        [ 1.0831e-03,  1.2350e-03, -3.3178e-05],
        [-4.7333e-04,  1.9679e-03,  1.4615e-05],
        [-1.1902e-03,  2.8004e-05, -2.6519e-03],
        [-8.1388e-04,  5.6608e-04,  1.4738e-03],
        [ 3.3768e-04,  9.9230e-04,  9.4732e-04],
        [-8.4105e-04,  1.0540e-03, -6.6586e-04],
        [-7.2033e-04,  2.0578e-03, -1.5969e-03],
        [ 3.2817e-04, -8.8547e-04,  1.4284e-03],
        [ 8.1249e-04,  2.1082e-03,  1.5687e-03],
        [ 2.1021e-03, -1.1699e-03, -1.5459e-03],
        [ 1.0445e-03, -1.8348e-03, -1.4148e-03],
        [ 1.7687e-03,  7.2068e-04, -2.9232e-04],
        [ 1.7096e-03,  2.0008e-04, -1.0124e-03],
        [ 3.3544e-03,  7.3572e-04, -7.0350e-04],
        [ 9.9397e-05, -1.0307e-03, -8.6347e-06],
        [ 5.1560e-04, -8.8389e-04,  5.1313e-04]], device='cuda:0')), ('fcs.0.bias', tensor([-6.5089e-04, -1.2237e-03,  1.1554e-04, -5.8278e-04,  3.3231e-04,
         1.3116e-03,  1.2219e-04,  4.2527e-06, -9.3916e-04, -2.0882e-04,
         2.9560e-03,  4.2844e-04, -5.5522e-04,  1.0619e-03, -9.8699e-04,
         1.6901e-03, -7.2663e-04, -9.1816e-04,  1.0601e-03,  1.0561e-03,
        -8.9235e-04, -1.0824e-03, -2.0900e-03,  1.3436e-04, -1.0850e-05,
        -9.2395e-04,  6.0199e-04, -8.0251e-04, -1.3165e-03,  3.1853e-03,
         1.2890e-03, -2.2688e-04,  2.2728e-03,  2.0064e-04, -9.3723e-04,
         6.5712e-05,  1.0310e-03, -1.3198e-03,  8.1905e-04, -2.8719e-04,
        -9.3967e-04, -5.2738e-04,  1.9302e-03, -6.5079e-04,  3.5312e-03,
         8.8315e-06, -7.9391e-04,  1.4377e-03,  2.0323e-03,  9.6882e-04,
        -5.5317e-04, -2.0066e-03, -1.9104e-04,  1.3394e-03,  2.0449e-03,
        -4.1406e-04, -9.7583e-04, -4.4766e-04, -2.0326e-03, -1.2361e-03,
         1.1533e-03,  3.6858e-04,  6.4519e-04, -3.8738e-04,  1.7206e-03,
        -1.2705e-04,  1.2520e-03,  4.4415e-04,  5.3127e-04, -4.0577e-04,
        -4.3715e-04,  9.2355e-04,  1.5642e-04,  2.2724e-03, -3.2088e-04,
         1.9656e-03,  8.7973e-05,  1.5753e-03,  7.0224e-04, -6.2656e-04,
        -1.1857e-03,  1.0223e-03, -1.0019e-03, -1.8628e-04, -3.8241e-04,
        -1.9854e-03,  6.9829e-04,  3.4310e-04,  1.0808e-03,  1.4088e-04,
         1.7415e-03, -5.8802e-04, -9.9977e-04, -5.4685e-04, -2.8537e-04,
         1.6607e-03,  7.3269e-04, -8.6486e-04, -1.1495e-04,  1.3790e-03,
        -2.5086e-03, -2.1941e-04, -1.2547e-03, -7.9171e-04, -4.8347e-04,
         1.6314e-03,  2.6362e-04, -9.7475e-04,  5.3676e-04,  6.8199e-04,
         3.4973e-04,  6.7424e-06,  1.2791e-03, -8.9860e-04, -1.0659e-03,
         9.4166e-05,  1.1571e-03, -7.8226e-04,  6.6930e-04, -8.0103e-04,
         2.4783e-04, -4.4056e-05, -2.5456e-03,  1.1716e-03,  1.1473e-03,
         3.0529e-03, -1.8951e-03,  3.8563e-04], device='cuda:0')), ('fcs.1.weight', tensor([[ 1.4673e-03, -4.2007e-04, -1.5298e-03,  ..., -5.4620e-04,
          8.9352e-04,  6.5954e-04],
        [-1.3086e-03,  5.5280e-04,  6.7100e-04,  ...,  7.7260e-04,
          2.1788e-03,  7.6277e-04],
        [-2.4940e-03,  2.5538e-04,  6.0956e-04,  ...,  1.9543e-03,
          1.3088e-03, -1.8311e-03],
        ...,
        [-1.4146e-03, -1.1963e-04, -5.0326e-04,  ...,  4.9694e-04,
         -6.7287e-04,  6.7129e-04],
        [-1.3439e-03,  9.1356e-04, -3.0589e-04,  ..., -1.1420e-03,
         -8.9199e-04,  7.9827e-04],
        [-3.3295e-03,  1.2970e-03, -1.3038e-03,  ...,  9.1134e-04,
         -6.7782e-04,  5.1177e-05]], device='cuda:0')), ('fcs.1.bias', tensor([-3.2476e-04, -2.0103e-03, -1.9683e-04,  2.1857e-03,  7.2259e-04,
         1.8931e-04,  5.9575e-04, -2.1373e-03,  6.6269e-04, -6.4622e-04,
        -8.8842e-04, -6.4649e-04,  2.6392e-04, -1.9137e-03,  5.9612e-04,
         8.5511e-04,  3.3126e-03, -1.4989e-03, -2.1362e-03,  2.4966e-03,
        -5.7677e-04,  1.8905e-03, -6.5310e-04, -5.6653e-04, -8.2797e-04,
         6.7971e-04,  1.9269e-03, -1.3123e-03,  6.5725e-04,  1.9463e-03,
         2.4249e-03, -6.5148e-04, -7.4233e-04,  2.3628e-04,  2.1686e-03,
         7.4322e-04, -6.5075e-04, -4.5460e-05, -1.2861e-03, -2.5766e-03,
         1.0090e-03,  1.3007e-03,  2.9709e-05,  7.2698e-04,  1.3054e-03,
        -3.1136e-03, -1.2493e-04,  8.7481e-04,  5.9372e-05,  3.3310e-03,
        -8.2608e-04,  7.2721e-04, -1.1201e-03, -1.1458e-03,  1.1298e-03,
         8.9384e-04, -1.9666e-03,  1.0911e-03,  7.4169e-04,  1.2848e-03,
         1.3020e-03, -3.1174e-04,  2.6072e-03,  2.3241e-03], device='cuda:0')), ('fcs.2.weight', tensor([[-4.5462e-05,  1.8328e-03,  4.3985e-04, -2.7405e-04, -7.2218e-04,
          2.9532e-04, -1.7092e-04,  9.3540e-05, -7.6616e-04, -2.0302e-04,
         -7.2844e-04, -3.2747e-04, -3.8482e-04, -5.7196e-04,  2.5642e-06,
         -8.3044e-04,  4.1339e-04, -1.3080e-05, -8.4508e-04,  1.7088e-03,
          1.6774e-04, -6.6034e-04,  1.1966e-03,  4.0769e-04,  3.3429e-04,
          2.9118e-04, -9.6256e-04, -1.8433e-04, -1.8161e-04, -1.0334e-03,
         -5.4245e-05, -4.1878e-04,  8.9674e-05, -1.4978e-04, -6.1230e-04,
          9.3173e-05, -8.1264e-04, -1.3091e-03, -1.4571e-04, -5.2904e-04,
         -7.8359e-01, -6.8493e-05, -1.4575e-03, -3.8505e-04, -1.4142e-03,
          3.8140e-04, -8.3113e-04,  2.7424e-03,  7.3409e-05, -6.6379e-04,
          1.2635e-03, -1.1821e-03,  7.3252e-04,  2.0047e-03, -7.0239e-04,
         -1.1763e-03, -1.2795e-03, -6.1050e-04, -8.1076e-04,  4.4675e-04,
         -5.8281e-04, -6.6212e-06, -8.7174e-04, -6.8370e-04]], device='cuda:0'))])
end of epoch 1: val_loss 0.02544404576230196, val_acc 0.985
trigger times: 1
end of epoch 2: val_loss 0.025040486055707162, val_acc 0.985
trigger times: 2
end of epoch 3: val_loss 0.023772073994319562, val_acc 0.99
trigger times: 3
end of epoch 4: val_loss 0.02772550869326128, val_acc 0.985
trigger times: 4
end of epoch 5: val_loss 0.022919921056655107, val_acc 0.985
trigger times: 5
end of epoch 6: val_loss 0.02104680636442982, val_acc 0.985
trigger times: 6
end of epoch 7: val_loss 0.016031462323058143, val_acc 0.99
trigger times: 0
saving model weights...
Weights: OrderedDict([('fcs.0.weight', tensor([[ 3.4543e-04, -1.3151e-03, -1.7337e-03],
        [-6.9314e-04, -1.1545e-03, -6.4085e-04],
        [ 7.6077e-07,  1.5266e-03,  2.7356e-04],
        [ 1.4374e-03, -2.1084e-03,  8.9246e-05],
        [-9.3418e-04, -1.2174e-03, -1.5494e-03],
        [ 1.6823e-03, -1.2877e-03, -1.5366e-03],
        [-1.3370e-03,  1.3064e-03,  1.3278e-03],
        [-7.1272e-05, -1.1480e-03,  6.1267e-04],
        [-7.3971e-04,  1.2001e-03, -5.4994e-04],
        [ 1.1421e-03,  1.0351e-04, -1.0159e-04],
        [-2.3515e-03, -1.2779e-03, -3.1836e-04],
        [-3.6883e-05,  1.7834e-03,  4.0578e-04],
        [-7.5657e-04,  1.8524e-03,  1.0654e-03],
        [-1.0084e-03, -3.6616e-04, -1.6523e-03],
        [-1.2487e-03,  9.6047e-04,  1.4926e-03],
        [ 1.5157e-03, -1.1634e-03,  3.5452e-04],
        [ 1.3247e-04, -8.8930e-04, -5.6708e-04],
        [ 7.1835e-04,  2.9584e-03, -1.2701e-03],
        [-1.2728e-03, -1.5011e-03, -1.4303e-03],
        [ 7.0100e-04,  1.0578e-03,  6.1698e-04],
        [ 1.6247e-03, -1.7760e-03, -1.1975e-03],
        [-2.7207e-04,  5.7208e-04,  7.4797e-04],
        [ 1.4091e-04,  2.0262e-03,  1.2637e-03],
        [-3.6248e-03, -1.3789e-03,  8.6524e-04],
        [-6.4310e-05, -1.3736e-03, -1.0267e-03],
        [-2.4345e-03, -1.5139e-03,  4.3035e-04],
        [-1.5823e-03, -8.7764e-04,  1.7205e-03],
        [ 1.4964e-03, -8.3300e-04, -1.8336e-04],
        [ 1.7615e-04,  1.2084e-04, -1.3431e-03],
        [-1.8901e-03, -1.4434e-03,  1.9746e-04],
        [ 1.3865e-03,  1.9636e-03,  1.1299e-03],
        [-6.9224e-04, -1.1827e-03,  6.1355e-04],
        [ 1.3534e-04, -7.8136e-04,  8.9743e-04],
        [ 2.8937e-03, -7.7862e-04,  1.8268e-04],
        [ 1.3461e-03, -2.5567e-03, -2.8976e-03],
        [ 3.4104e-05,  9.8898e-04,  9.9750e-04],
        [-2.7354e-03,  2.0503e-03, -6.6048e-04],
        [-1.5129e-03, -5.2008e-04, -6.6656e-04],
        [ 1.7493e-04,  1.1938e-03, -9.7571e-04],
        [ 3.8305e-04, -2.4159e-04,  4.8416e-04],
        [ 1.8917e-03, -6.5480e-05, -1.3617e-03],
        [-1.4772e-03, -9.8342e-05, -1.7243e-03],
        [-1.7754e-03, -5.7316e-04,  2.5840e-03],
        [-1.3121e-03,  1.2739e-03, -1.3959e-03],
        [-1.1070e-04,  1.2265e-03,  2.0233e-03],
        [ 1.3128e-03,  7.4775e-04, -2.3273e-03],
        [-6.9790e-04, -8.5822e-05,  4.3306e-04],
        [-5.0139e-04, -1.7725e-04, -1.0449e-03],
        [-3.5196e-04, -2.5145e-03, -1.5357e-03],
        [ 3.4525e-05,  1.5652e-03, -2.3246e-05],
        [ 1.2852e-04, -7.7717e-04, -1.9705e-04],
        [-1.1638e-04,  3.9089e-05, -1.5593e-03],
        [-1.0765e-03,  4.7901e-04, -2.7366e-03],
        [ 2.7441e-03, -5.8090e-04,  1.1191e-03],
        [-3.6592e-04,  1.3976e-03, -1.2259e-04],
        [-1.0587e-03,  6.4803e-04,  1.5448e-03],
        [ 1.7583e-03, -1.2834e-03, -6.1252e-04],
        [ 1.6246e-03,  1.5950e-03,  1.0519e-03],
        [ 1.2190e-03,  1.0263e-04,  1.0268e-03],
        [-2.6456e-04, -1.0898e-03,  1.4957e-03],
        [ 1.9002e-03, -1.6676e-03, -8.1215e-04],
        [ 1.1328e-03, -1.9047e-03,  7.0465e-04],
        [ 1.0526e-03, -6.3949e-05, -2.1559e-04],
        [-7.1566e-04,  1.2932e-03,  1.2609e-04],
        [ 1.9992e-03, -5.6385e-04,  1.7136e-03],
        [-1.8152e-03,  1.9731e-03, -1.8917e-06],
        [-5.4202e-04, -9.1380e-04, -4.3859e-03],
        [ 6.2612e-04, -1.4382e-03,  1.1629e-03],
        [-2.3317e-05, -7.5219e-04,  2.6462e-03],
        [ 6.7732e-04,  1.4918e-03, -1.9009e-03],
        [ 1.2448e-03,  3.5892e-03,  6.5488e-04],
        [-1.0940e-03,  1.6080e-03, -7.9487e-04],
        [ 7.1147e-04, -1.3005e-03,  7.5363e-04],
        [-1.2462e-03, -9.0449e-04,  1.1792e-03],
        [-1.0947e-03,  2.4258e-04,  3.8352e-04],
        [ 1.3412e-03,  2.4423e-03, -1.5479e-03],
        [-6.4571e-06, -1.5683e-03, -1.2388e-03],
        [-4.7763e-04,  2.0206e-03, -7.1387e-04],
        [ 1.7747e-04, -1.3983e-03, -2.1785e-03],
        [ 9.3350e-04,  2.9365e-03, -8.7694e-04],
        [ 1.4595e-03,  1.6105e-03, -1.2901e-03],
        [ 3.1342e-04, -8.1368e-04, -6.8782e-04],
        [-1.1253e-03,  4.2676e-04,  1.1923e-03],
        [ 7.6234e-04,  9.8730e-04,  1.4042e-03],
        [ 1.9125e-03,  1.9850e-04,  1.2528e-03],
        [-5.6139e-04, -1.3042e-03, -1.7961e-03],
        [-9.3976e-04,  1.6064e-03,  1.2737e-03],
        [ 1.9710e-04, -2.2456e-03, -3.0901e-04],
        [-2.8175e-03, -4.1769e-04,  1.2035e-03],
        [-4.2050e-04,  6.8489e-04, -8.8006e-04],
        [ 1.8233e-03,  9.6503e-04,  1.7835e-03],
        [ 5.7020e-01, -7.7224e-02,  4.5794e-01],
        [ 7.7408e-04, -1.2374e-03,  3.2461e-04],
        [ 2.5307e-03, -1.5747e-03,  1.3671e-03],
        [-1.2082e-03, -3.4145e-04, -7.9961e-04],
        [-9.4056e-04,  4.5772e-04,  6.1173e-04],
        [ 1.6641e-03, -2.4520e-03, -5.9250e-05],
        [ 9.9344e-04, -3.5603e-05,  7.0724e-04],
        [ 2.9668e-05,  1.3754e-03,  8.0404e-04],
        [ 5.2490e-05, -3.0279e-04, -1.1074e-03],
        [ 1.9711e-03,  1.2397e-03, -2.1886e-03],
        [ 2.6658e-03, -5.0592e-04,  1.1189e-03],
        [ 2.5412e-03, -1.7634e-03, -2.6053e-04],
        [ 3.5556e-05, -1.5974e-03,  1.3366e-03],
        [ 2.6889e-03,  1.7094e-03,  1.4830e-04],
        [ 6.2559e-04, -2.5025e-05, -1.7790e-03],
        [-1.7304e-03, -2.9380e-04, -5.8214e-04],
        [ 1.8095e-04, -5.0068e-05, -1.7656e-05],
        [-1.8680e-03, -9.9877e-04, -1.3647e-03],
        [ 1.7427e-03, -1.6490e-03,  1.5763e-04],
        [ 1.4451e-03,  1.2083e-03,  9.1498e-04],
        [ 8.7944e-04,  5.0954e-04,  6.8978e-04],
        [ 1.0983e-03,  5.5187e-04, -1.1767e-03],
        [-1.7802e-03, -6.9760e-04,  6.5874e-04],
        [-5.8052e-04, -2.3350e-03, -1.2226e-03],
        [-1.7153e-03,  6.8698e-04, -4.0226e-04],
        [-1.2380e-03, -8.2265e-04,  1.9247e-03],
        [-3.3837e-03, -3.9233e-04,  1.2323e-03],
        [-6.9046e-04, -3.9630e-04,  1.4167e-03],
        [ 4.0484e-04,  1.3633e-03,  1.4122e-03],
        [-5.7875e-04,  2.6685e-03, -2.5123e-03],
        [ 3.2944e-04, -4.2706e-04,  5.0426e-04],
        [ 1.2577e-03,  1.3164e-05, -1.3859e-03],
        [ 1.4989e-03,  1.0175e-03, -4.9811e-04],
        [-1.0977e-03,  1.8179e-04,  1.9522e-05],
        [-2.4339e-03,  1.2048e-03, -7.1484e-04],
        [-9.1564e-04,  5.0497e-04,  8.5450e-04],
        [-1.1550e-03, -1.1539e-03,  1.5792e-03]], device='cuda:0')), ('fcs.0.bias', tensor([ 9.8199e-04, -3.2825e-04, -9.9815e-04,  1.1444e-04, -1.0358e-03,
        -1.8291e-04,  5.8251e-04,  2.0344e-04, -9.2256e-04, -9.0149e-04,
        -1.0018e-03,  1.7540e-03,  2.4877e-04, -3.4479e-04,  1.3161e-04,
         1.8614e-04,  9.6731e-04, -6.8332e-04,  1.0703e-04,  2.1001e-03,
         1.8045e-03, -3.9526e-04, -5.1642e-04,  2.7574e-04,  1.0123e-03,
         3.1697e-04,  8.4544e-04,  1.4933e-04, -4.5556e-04,  1.1255e-04,
        -2.8127e-03,  7.3639e-04,  2.3128e-03, -1.1991e-03, -1.1449e-03,
         4.1883e-04, -1.7533e-03, -1.2061e-03, -1.9430e-03,  1.8229e-03,
         1.5032e-03, -8.2278e-04,  2.0334e-03, -8.9257e-04, -1.2837e-03,
         9.8045e-04, -6.6766e-04, -1.2851e-03,  4.1384e-04,  1.7642e-03,
        -1.0610e-03, -1.3832e-04,  1.0471e-03,  3.3300e-03, -1.7401e-03,
         8.5794e-04,  2.8735e-06, -1.4671e-03,  8.6362e-04, -8.0720e-05,
        -2.4883e-03,  1.1589e-03, -7.4062e-04,  1.8662e-03,  2.4159e-04,
         1.1237e-03,  1.6850e-03, -1.0273e-03, -4.1300e-04, -7.9566e-04,
        -1.1651e-03, -7.8993e-04,  2.3679e-03,  6.6014e-04, -1.7652e-03,
         3.6700e-03, -8.3203e-04, -1.5378e-03,  2.1490e-05,  3.2805e-04,
        -3.4068e-04, -6.2632e-04, -7.2564e-04,  1.6266e-03,  1.4813e-03,
         9.2263e-04, -1.2995e-03, -7.7433e-04,  9.3840e-04, -1.5878e-03,
        -5.8096e-04,  1.9575e-01,  1.3424e-03, -2.2192e-04,  4.8041e-04,
        -3.1589e-03,  3.9623e-05, -1.2996e-03,  2.6573e-03,  3.8926e-03,
         5.5204e-04,  4.5483e-03,  8.9600e-04,  9.8239e-04,  2.6887e-03,
        -4.3708e-04, -7.4827e-04, -3.8487e-04, -1.9252e-03, -1.2637e-03,
         1.5369e-03,  6.9172e-04, -1.6340e-03, -2.5748e-04,  1.8692e-03,
        -1.0880e-03,  6.7513e-04, -5.8491e-04,  1.3288e-03,  1.3829e-03,
        -3.9128e-03,  1.4346e-03, -1.7626e-03, -1.7825e-03, -1.3920e-03,
         8.2071e-05,  7.4033e-04,  7.3893e-04], device='cuda:0')), ('fcs.1.weight', tensor([[ 1.4649e-03, -5.4475e-04, -1.6382e-03,  ..., -5.4661e-04,
          8.9741e-04,  9.0271e-04],
        [-1.3115e-03,  5.5214e-04,  6.7313e-04,  ..., -1.7825e-03,
          2.1808e-03,  7.6739e-04],
        [-2.4940e-03,  5.0658e-04,  6.7647e-04,  ...,  1.9672e-03,
          1.3161e-03, -1.8307e-03],
        ...,
        [-1.4132e-03, -2.2986e-04, -5.5306e-04,  ...,  4.9694e-04,
         -6.7320e-04,  6.7265e-04],
        [-1.3408e-03,  9.1542e-04, -3.0646e-04,  ..., -1.1396e-03,
         -8.9090e-04,  7.9643e-04],
        [-3.3306e-03,  1.3041e-03, -1.3116e-03,  ...,  9.0965e-04,
         -6.7640e-04,  5.1820e-05]], device='cuda:0')), ('fcs.1.bias', tensor([ 4.3155e-04,  6.6825e-04, -7.5114e-04, -6.6788e-04,  7.7319e-04,
         1.0596e-03,  8.2146e-04,  4.1716e-04,  2.1876e-03,  9.4997e-04,
         3.2946e-04,  7.6535e-04,  2.1027e-03,  6.9377e-05,  9.2365e-04,
        -2.0608e-03, -4.8761e-04, -1.7162e-03, -1.4913e-03, -2.1839e-03,
        -2.2376e-03, -3.1808e-04, -2.6613e-03, -2.9329e-03, -8.8101e-04,
        -2.1586e-03,  7.0363e-04, -7.2691e-04,  2.7993e-03,  2.2237e-04,
         2.1828e-03,  1.3057e-03,  1.6449e-03,  5.8658e-04, -1.8452e-03,
        -1.1145e-03,  2.0841e-03,  2.4973e-03,  2.1097e-03, -6.5629e-04,
        -6.2531e-04, -1.9621e-03, -1.3393e-03, -1.9620e-03, -1.9224e-03,
         4.9599e-04,  2.0879e-03, -5.5095e-04,  8.0002e-04,  1.9701e-03,
        -1.6938e-04,  6.7383e-04,  9.1355e-04,  1.1981e-03,  1.8894e-04,
         2.9389e-04,  1.7613e-03, -2.3543e-03,  7.4558e-04, -8.4373e-04,
         2.1236e-03,  7.6437e-04, -1.9353e-03, -3.1559e-03], device='cuda:0')), ('fcs.2.weight', tensor([[-4.3017e-04,  1.7974e-03, -1.3793e-03, -7.3315e-04, -1.6584e-03,
         -1.9910e-03,  1.4167e-04,  6.2972e-04, -6.6865e-04, -4.0357e-04,
          7.0317e-04, -3.7732e-04, -9.8278e-04, -2.0704e-03, -1.1632e-03,
         -3.8387e-03, -1.8576e-03,  1.0259e-03, -1.5940e-03, -1.8737e-03,
          6.4199e-04,  1.2676e-03,  1.5363e-04,  6.7925e-04, -1.0586e-03,
         -1.5966e-03,  1.3713e-03, -2.6311e-03,  1.5942e-04, -1.2101e-03,
         -1.5426e-04, -1.0500e-03, -1.8819e-03, -1.4650e-03, -2.5126e-03,
         -4.5378e-05, -5.6914e-04, -5.0478e-04, -4.3453e-04, -1.4677e-03,
         -8.3388e-01, -1.2426e-03, -4.3443e-04,  7.0656e-04,  2.6386e-04,
          2.5982e-03,  2.2612e-03,  1.4297e-04, -1.3330e-03, -9.4110e-04,
          8.2489e-04, -1.1140e-03,  5.9557e-04,  1.0504e-03, -2.0350e-03,
          2.1494e-03,  1.0854e-05,  6.0360e-04,  6.3824e-04, -1.3054e-04,
          5.9976e-04, -4.6322e-05,  1.0153e-03, -3.2874e-04]], device='cuda:0'))])
end of epoch 8: val_loss 0.01843059515328452, val_acc 1.0
trigger times: 1
end of epoch 9: val_loss 0.03003329579683925, val_acc 0.985
trigger times: 2
end of epoch 10: val_loss 0.0221885993825477, val_acc 0.99
trigger times: 3
end of epoch 11: val_loss 0.0278458185469168, val_acc 0.985
trigger times: 4
end of epoch 12: val_loss 0.024314975628492802, val_acc 0.985
trigger times: 5
end of epoch 13: val_loss 0.023303149430506452, val_acc 0.99
trigger times: 6
end of epoch 14: val_loss 0.018580661053633065, val_acc 1.0
trigger times: 7
end of epoch 15: val_loss 0.018012913128111093, val_acc 1.0
trigger times: 8
end of epoch 16: val_loss 0.022869789056915443, val_acc 0.985
trigger times: 9
end of epoch 17: val_loss 0.02588226503314125, val_acc 0.985
trigger times: 10
Early stopping.
0 -52.75369706749916 -191.10004520678868
1 -52.41049499809742 -189.05007017278314
2 -53.49723072350025 -187.50220085194994
3 -48.906887367367744 -180.24009179391223
4 -46.251685827970505 -171.9613792356186
5 -44.778888180851936 -169.3817016847894
6 -44.67918114364147 -167.87631268052303
7 -51.517644077539444 -164.27567046290412
8 -49.71826934814453 -163.76742236654098
9 -39.43077798932791 -156.0786895876365
10 -43.45459358394146 -155.22804551507866
11 -43.17080661654472 -145.29002069283715
12 -43.79312853515148 -142.86657280197298
13 -34.21329862624407 -142.75441848091938
14 -35.803854279220104 -136.98962801176134
15 -41.79731386899948 -132.4813576990395
16 -32.58004267513752 -130.98347157271724
17 -39.79283222556114 -118.2436222554584
18 -28.068872697651386 -117.38411415155902
19 -39.2568374723196 -116.97382686219106
20 -30.561112843453884 -115.06704102317899
21 -24.314511420205235 -112.47832645551227
22 -34.68727034330368 -103.24187681049156
23 -22.966746037825942 -99.7422752992134
24 -17.576885521411896 -98.18526661663928
25 -22.087343364953995 -88.94674758091466
26 -17.576874278485775 -85.88346861832474
27 -14.181198784150183 -79.38307722218848
28 -16.190878884866834 -79.25112655387144
29 -26.038080750964582 -73.50697855948762
30 -23.345153093338013 -72.69803191552006
31 -17.904748735949397 -71.37326168319514
32 -20.37944213859737 -68.27187815304366
33 -18.882438950240612 -65.42298162776466
34 -16.66645846515894 -65.35816021006309
35 -14.81909160129726 -49.3186741604369
36 -30.437469204887748 -17.325441617065966
37 -16.607083493843675 -4.374511275254108
38 -17.98617117293179 -0.4258658969524013
39 -22.08618714287877 9.108146753357724
40 -21.558254844509065 17.732630180500013
41 -11.571565295569599 40.64550156746333
42 -12.124454850330949 41.11774838972275
43 -18.59000468906015 48.64917674484657
44 -13.99106439948082 52.50260039838799
45 -14.443779294379056 52.54502852695255
46 -13.649705507792532 59.52827491841281
47 -12.876833190210164 63.45606316769021
48 -11.246862510219216 66.31570758515764
49 -21.2934996355325 67.13050507695384
50 -8.759736331179738 72.16624272108386
51 -22.645662063732743 79.16074531670823
52 -19.49378885049373 84.19837606184075
53 -19.51259760838002 89.30707154325768
54 -19.55772690102458 90.2698850730257
55 -18.49942969996482 90.28646231697512
56 -12.39434156846255 90.32667007477052
57 -9.569510264322162 91.18021498086692
58 -11.26670297421515 92.38187517969644
59 -19.203237421810627 92.67153902025292
60 -18.900705099105835 93.69474938898811
61 -11.098962324671447 93.86112859581364
62 -17.934389964677393 95.24073532592021
63 -17.988131278194487 95.3630101766082
64 -17.454137944616377 96.09581961281374
65 -15.808851420879364 97.90553231413178
66 -17.041309750638902 98.07644230926206
67 -16.529191355220973 98.35872828331676
68 -17.913031169213355 98.57334710000995
69 -16.91931747086346 98.77895390936838
70 -17.341251350939274 99.10163703819775
71 -16.792387422174215 99.47183807834362
72 -16.58924342971295 101.36707045382526
73 -16.060445754788816 102.70820969163083
74 -16.488457955420017 103.61971441966246
75 -15.261460212990642 104.00039883786899
76 -15.20372882578522 104.94014608739957
77 -16.2161685237661 105.28448326377394
78 -14.599423727020621 105.60678192821229
79 -13.352664027363062 106.95774051225432
80 -15.054462346248329 107.03525723063939
81 -14.225468137301505 107.05410485829283
82 -12.79998642578721 107.36477417456501
83 -13.01312349922955 107.72369032284489
84 -15.362618681043386 107.78006757763964
85 -14.865324148908257 107.99397435655325
86 -13.827309863641858 108.08910889221833
87 -14.796268057078123 108.09776529440465
88 -13.147165406495333 108.24033506535473
89 -13.318278563208878 109.15712102315346
90 -13.781658769585192 109.71287331230647
91 -13.548845927231014 110.25063890779474
92 -13.312267826870084 110.45880856467717
93 -12.4413543343544 110.48639228144049
94 -12.98806304577738 111.92877271779909
95 -13.12801001034677 112.29467419620224
96 -12.757344549521804 112.73910566375015
97 -12.478429839015007 112.98274531176438
98 -12.158738060854375 113.84616479719523
99 -10.139412158168852 114.84612239587612
100 -12.863714752718806 115.08707834021696
101 -10.462100042030215 115.41025719446112
102 -10.976581189781427 115.5646624637931
103 -10.633113739080727 115.87882502857741
104 -12.109108105301857 116.51927592390606
105 -12.399727026931942 116.69939038222442
106 -10.890381979756057 117.18809854794453
107 -11.128524905070662 117.29357601720739
108 -10.166162521578372 117.43241923864416
109 -11.197450647130609 119.84073495876005
110 -9.327920115552843 122.74776106687673
111 -9.5019983779639 124.10172315382671
112 -8.367362646386027 124.42382576156477
113 -9.305096132680774 124.48179570258212
114 -9.20804933924228 125.2590893824027
115 -9.001448922790587 125.30457667780085
116 -8.98408215586096 125.43458549438884
117 -6.697598368860781 129.13346806288703
118 -6.8452273877337575 129.67718524437547
119 -5.779276636429131 131.40806576766226
train accuracy: 0.9961111111111111
validation accuracy: 0.985
