demo lengths 200
demos: (120, 200, 3)
demo_rewards: (120,)
[-191.10004521 -189.05007017 -187.50220085 -180.24009179 -171.96137924
 -169.38170168 -167.87631268 -164.27567046 -163.76742237 -156.07868959
 -155.22804552 -145.29002069 -142.8665728  -142.75441848 -136.98962801
 -132.4813577  -130.98347157 -118.24362226 -117.38411415 -116.97382686
 -115.06704102 -112.47832646 -103.24187681  -99.7422753   -98.18526662
  -88.94674758  -85.88346862  -79.38307722  -79.25112655  -73.50697856
  -72.69803192  -71.37326168  -68.27187815  -65.42298163  -65.35816021
  -49.31867416  -17.32544162   -4.37451128   -0.4258659     9.10814675
   17.73263018   40.64550157   41.11774839   48.64917674   52.5026004
   52.54502853   59.52827492   63.45606317   66.31570759   67.13050508
   72.16624272   79.16074532   84.19837606   89.30707154   90.26988507
   90.28646232   90.32667007   91.18021498   92.38187518   92.67153902
   93.69474939   93.8611286    95.24073533   95.36301018   96.09581961
   97.90553231   98.07644231   98.35872828   98.5733471    98.77895391
   99.10163704   99.47183808  101.36707045  102.70820969  103.61971442
  104.00039884  104.94014609  105.28448326  105.60678193  106.95774051
  107.03525723  107.05410486  107.36477417  107.72369032  107.78006758
  107.99397436  108.08910889  108.09776529  108.24033507  109.15712102
  109.71287331  110.25063891  110.45880856  110.48639228  111.92877272
  112.2946742   112.73910566  112.98274531  113.8461648   114.8461224
  115.08707834  115.41025719  115.56466246  115.87882503  116.51927592
  116.69939038  117.18809855  117.29357602  117.43241924  119.84073496
  122.74776107  124.10172315  124.42382576  124.4817957   125.25908938
  125.30457668  125.43458549  129.13346806  129.67718524  131.40806577]
maximum traj length 200
num training_obs 1800
num training_labels 1800
num val_obs 200
num val_labels 200
ModuleList(
  (0): Linear(in_features=3, out_features=256, bias=True)
  (1): Linear(in_features=256, out_features=128, bias=True)
  (2): Linear(in_features=128, out_features=1, bias=False)
)
Total number of parameters: 34048
Number of trainable paramters: 34048
device: cuda:0
end of epoch 0: val_loss 0.006702427980171563, val_acc 1.0
trigger times: 0
saving model weights...
Weights: OrderedDict([('fcs.0.weight', tensor([[-3.0396e-03, -2.0610e-03,  2.2424e-03],
        [ 1.9689e-03,  3.4052e-03,  1.1101e-03],
        [-1.6636e-03,  1.4157e-03,  1.3533e-03],
        [ 4.6669e-04,  2.2759e-04,  1.3648e-03],
        [-1.6825e-03, -1.4363e-03,  2.0882e-03],
        [ 1.1773e-03, -1.6394e-03, -8.3496e-04],
        [ 1.1506e-04,  4.7604e-04,  5.9767e-05],
        [-1.1328e-04,  1.2145e-03, -4.3461e-04],
        [ 5.8817e-05,  8.5852e-04, -2.5800e-03],
        [ 4.9446e-04,  2.6870e-04, -7.2111e-04],
        [ 1.0328e-03, -2.3750e-03, -2.6607e-03],
        [-1.1314e-03,  1.4529e-03, -7.3526e-04],
        [-5.8237e-04, -8.3026e-04, -1.4257e-03],
        [-1.3047e-04,  4.6639e-04, -8.3780e-04],
        [-3.8087e-04, -1.1970e-03,  9.8955e-04],
        [ 7.8779e-04,  1.0067e-03, -8.4300e-05],
        [-7.3519e-04, -6.7947e-04,  2.2371e-03],
        [ 4.9456e-04,  6.4718e-04,  3.1822e-03],
        [-6.9262e-04, -2.4349e-04, -8.5809e-04],
        [ 1.8606e-03, -1.1867e-03,  1.9578e-03],
        [-2.0641e-03, -6.3676e-04, -1.0491e-03],
        [ 4.5180e-04, -1.5452e-03, -1.9828e-03],
        [-3.7488e-03,  1.4201e-03,  1.6778e-04],
        [ 4.6774e-04,  7.8754e-04,  8.4945e-04],
        [-4.2588e-05,  1.3840e-03, -2.0701e-03],
        [ 1.6173e-03,  1.3391e-03,  5.0154e-06],
        [ 2.6006e-04, -1.6233e-03, -8.2564e-04],
        [-1.4815e-03, -4.6936e-04,  2.8270e-04],
        [ 7.9640e-05,  2.1408e-04,  9.2771e-04],
        [ 3.4218e-04,  6.5893e-04,  9.5046e-04],
        [ 1.0719e-03,  2.0529e-04,  1.4447e-04],
        [-2.6447e-04,  1.4588e-03,  2.1760e-03],
        [-4.2518e-03, -1.0980e-03, -2.0173e-03],
        [-5.1042e-04,  1.9208e-03, -2.1599e-03],
        [-1.9568e-04,  6.3340e-04,  5.1928e-05],
        [-5.1312e-04, -1.5216e-03, -2.7546e-03],
        [ 1.2743e-03, -1.2544e-03,  3.5816e-04],
        [-1.4861e-03,  1.3053e-03,  7.0944e-04],
        [-9.4021e-04, -6.6598e-04, -1.5307e-03],
        [ 1.0990e-03, -3.0110e-03,  2.1045e-03],
        [ 2.2338e-03,  8.8335e-04,  1.2548e-03],
        [ 1.1052e-03,  6.3300e-04, -2.2229e-03],
        [ 2.0540e-03,  2.5781e-04,  5.3480e-04],
        [ 2.7992e-03, -1.3066e-03,  9.2741e-04],
        [-2.2960e-03,  2.1978e-04, -6.2390e-05],
        [-9.4429e-04, -6.9848e-04,  1.2406e-03],
        [-5.4681e-05,  2.0852e-04,  1.1233e-03],
        [-5.2567e-04, -1.9628e-03,  7.7497e-04],
        [ 1.2569e-03, -6.8102e-04, -8.1870e-04],
        [-1.4268e-03, -1.5843e-04, -1.2657e-03],
        [-1.0501e-03,  7.5128e-04, -1.8334e-03],
        [ 9.9274e-04, -7.3169e-04,  1.0364e-03],
        [ 4.9479e-05,  7.8715e-04,  9.5056e-04],
        [ 2.1233e-03, -8.9110e-04, -5.7655e-04],
        [-1.2127e-03,  7.9098e-04,  1.7789e-03],
        [-2.1060e-04, -9.2025e-04,  1.2944e-03],
        [-1.7790e-03,  4.9634e-05,  1.1590e-03],
        [-6.8440e-04, -2.1758e-03, -7.8043e-04],
        [-2.2174e-03, -1.5075e-03,  3.2260e-04],
        [ 1.1621e-03,  1.2519e-03, -1.5378e-03],
        [ 2.9971e-03,  5.2932e-04, -2.4752e-03],
        [ 2.1434e-04, -1.4780e-03, -1.2778e-03],
        [-1.2744e-03,  1.0714e-03, -8.7889e-04],
        [ 7.1757e-04,  1.7603e-03,  1.2652e-03],
        [-1.1872e-03, -5.4234e-04,  1.2743e-03],
        [-6.4385e-04,  9.2266e-04, -8.6344e-04],
        [-4.4436e-04, -1.2067e-03,  1.5250e-03],
        [-1.0551e-03, -1.7955e-03, -1.5881e-03],
        [-3.1539e-04,  7.0214e-04,  1.3208e-03],
        [ 5.5963e-04, -1.8213e-04,  3.6687e-04],
        [-7.0868e-04, -1.2333e-03,  9.9575e-04],
        [-3.0304e-04, -1.9280e-03, -1.2139e-03],
        [ 6.5885e-04, -9.9229e-04,  1.0112e-03],
        [-2.7487e-03, -2.2169e-03,  1.3443e-03],
        [-1.2977e-03, -1.7865e-03,  1.7420e-03],
        [ 8.7101e-04, -6.1080e-04, -5.6851e-04],
        [-8.0578e-05, -1.2370e-03, -2.7475e-04],
        [ 3.8184e-04, -5.9824e-04,  1.3152e-03],
        [ 3.5501e-05, -4.4585e-05,  1.2566e-03],
        [-1.2574e-03, -2.5481e-05, -4.0333e-03],
        [-2.7066e-03,  5.5090e-04, -1.3106e-03],
        [-7.0407e-04,  1.5377e-03,  3.1011e-04],
        [ 9.8846e-04, -4.2298e-04,  6.3165e-04],
        [-1.2813e-03, -6.0598e-04,  2.7325e-05],
        [ 3.5304e-04, -7.4144e-04, -2.6027e-04],
        [-9.3435e-04, -1.6551e-03, -3.7440e-04],
        [ 4.7442e-04,  1.2292e-03,  1.5180e-03],
        [-2.1261e-03, -4.1206e-04,  3.4733e-04],
        [ 1.2040e-03, -9.4612e-04,  6.4012e-04],
        [-1.0091e-03, -4.6252e-04, -2.2092e-03],
        [ 1.0086e-03, -6.9007e-04, -1.6384e-03],
        [-8.5922e-05, -8.8702e-04,  7.7330e-04],
        [-3.3483e-04, -7.3164e-04,  2.5364e-03],
        [-3.7287e-03,  1.7073e-03,  1.5095e-03],
        [ 2.0767e-03, -2.1265e-04, -6.3004e-04],
        [ 9.7301e-04, -5.6045e-04,  1.4314e-03],
        [ 5.1968e-04, -4.1220e-04,  1.2515e-03],
        [-4.7321e-04, -1.8320e-03, -1.6238e-03],
        [-4.6017e-04,  8.9156e-04,  8.1499e-04],
        [-2.4338e-04, -1.9717e-03, -1.7950e-03],
        [ 1.1602e-03, -1.2104e-03, -9.1415e-04],
        [-1.2618e-03,  5.3129e-04,  4.3650e-04],
        [ 1.5083e-04,  8.7457e-04,  2.5941e-04],
        [ 1.5012e-03,  1.6159e-03, -1.4091e-03],
        [ 8.8513e-05, -6.9941e-04, -8.1433e-04],
        [-4.2683e-04, -1.5569e-03, -5.6536e-04],
        [-8.0746e-04, -1.4345e-03, -1.2316e-03],
        [-9.7973e-04,  1.4564e-03,  3.9544e-04],
        [ 2.9766e-04, -1.7676e-04,  8.8192e-04],
        [-4.2123e-04,  3.9419e-04, -7.2944e-04],
        [-2.0187e-03,  9.4223e-06,  4.8738e-04],
        [ 1.7875e-03,  1.8300e-03, -1.1828e-03],
        [ 8.5251e-04, -4.3415e-04, -6.7272e-04],
        [ 7.6116e-04,  5.3273e-04, -2.2615e-03],
        [-1.7824e-04,  5.5672e-04, -2.1982e-03],
        [-8.1962e-04, -1.7688e-03, -1.1675e-03],
        [ 6.1518e-04, -1.0963e-03, -8.6658e-04],
        [-4.2395e-04,  1.0044e-03, -1.0029e-04],
        [-1.2442e-03,  8.3420e-04, -1.4506e-03],
        [ 7.2300e-06, -7.2292e-05,  8.7834e-05],
        [ 1.2623e-03,  2.6153e-04, -8.3066e-04],
        [ 6.0903e-04, -1.8100e-03, -2.1495e-03],
        [ 2.1200e-03,  5.7774e-04,  9.5710e-05],
        [ 6.2253e-04, -2.0806e-03, -8.7030e-04],
        [-9.2797e-04, -1.2407e-03, -1.3581e-03],
        [ 6.1062e-04, -5.3566e-04,  1.3873e-04],
        [ 2.2518e-04, -9.6353e-04, -1.1956e-03],
        [-3.7985e-04, -2.6118e-03, -1.0492e-03],
        [ 1.8711e-03, -3.6029e-04, -9.5035e-06],
        [-1.8618e-03,  6.8383e-04, -5.4442e-04],
        [-3.0662e-04,  9.0936e-04,  1.4346e-03],
        [ 2.6138e-04, -3.4528e-04, -2.0486e-03],
        [ 4.3252e-04, -3.5898e-04, -1.4299e-03],
        [ 2.1209e-03,  1.6374e-03,  3.1207e-04],
        [ 9.2074e-04,  2.8244e-04, -1.1345e-03],
        [-3.4816e-04, -4.5353e-04, -1.5542e-03],
        [ 1.0154e-04,  1.5759e-04, -6.5138e-04],
        [ 1.4154e-04,  1.6492e-03, -6.5676e-04],
        [-9.0738e-04,  1.2897e-03, -7.5826e-04],
        [ 1.5394e-03, -8.6283e-04, -1.1657e-03],
        [-3.9767e-04, -8.5530e-04,  1.4895e-03],
        [ 1.5646e-03, -4.8323e-04,  3.5912e-04],
        [ 1.4397e-04, -5.8171e-05, -9.0179e-05],
        [ 1.2051e-03,  7.8689e-04, -2.7676e-04],
        [ 1.3718e-03,  5.9175e-04,  7.4790e-05],
        [ 1.2034e-03,  2.0510e-03,  2.2581e-04],
        [ 1.3289e-03,  4.3950e-04,  1.6283e-03],
        [-1.0864e-03, -1.2718e-03,  5.8714e-04],
        [ 1.5389e-03,  2.7429e-04, -1.4974e-03],
        [-8.7092e-04, -1.1329e-03, -8.8013e-04],
        [-1.4560e-04, -5.4347e-04, -4.8194e-04],
        [-2.7059e-03,  9.7673e-04,  1.5390e-03],
        [-1.5762e-03, -6.6247e-04,  1.8472e-03],
        [-9.7165e-04, -1.0742e-03, -1.4069e-03],
        [ 2.0374e-03,  8.9083e-04,  1.2058e-03],
        [-8.6387e-04, -9.7034e-04, -1.1392e-03],
        [-6.8212e-04, -5.7326e-04,  1.2287e-03],
        [ 5.8603e-04,  1.3173e-03,  3.0504e-04],
        [ 6.2852e-04,  1.4968e-04,  3.8017e-04],
        [-3.0272e-04, -1.3022e-04,  5.5852e-04],
        [ 1.9649e-04,  1.6025e-03,  8.3780e-04],
        [ 8.9882e-05,  1.3124e-03, -1.3305e-03],
        [-1.0918e-03, -1.2257e-03, -1.1087e-03],
        [-3.2095e-04, -3.9933e-03,  2.1809e-03],
        [-2.0688e-03,  9.3746e-04, -3.8429e-04],
        [ 2.1716e-03, -1.9256e-03, -5.9686e-04],
        [ 7.7516e-05,  1.3008e-03,  6.2376e-04],
        [ 1.5289e-04,  2.1840e-03, -5.9537e-04],
        [ 5.2945e-04, -1.1298e-03,  2.0394e-04],
        [-7.2170e-04,  1.3660e-03,  5.3522e-04],
        [-1.6442e-03, -1.2779e-03, -4.7255e-04],
        [-6.1428e-05,  2.1273e-03,  9.9873e-04],
        [-7.8648e-04, -1.3765e-03,  1.3045e-03],
        [-7.5198e-04, -1.0802e-03, -4.6659e-04],
        [ 2.1928e-03, -7.0090e-04,  1.2015e-03],
        [ 1.5614e-03,  1.2412e-03,  2.6193e-05],
        [ 1.0450e-03,  3.6812e-03, -2.4137e-04],
        [ 7.1001e-04, -6.7104e-05, -1.5078e-03],
        [-3.1568e-04,  9.7131e-04, -7.9113e-04],
        [-6.7308e-04,  4.6116e-04, -1.2582e-03],
        [-2.6053e-01,  6.2276e-01, -1.4241e-01],
        [-3.3818e-04, -7.9242e-04, -1.5066e-03],
        [ 9.0631e-04, -1.1177e-03, -6.9390e-04],
        [ 4.9030e-05,  1.8213e-03,  5.1491e-04],
        [-2.1084e-04,  4.1624e-04, -2.3469e-03],
        [ 3.9317e-04,  7.1626e-04,  5.5668e-04],
        [-1.6398e-03, -2.6562e-04, -1.0124e-04],
        [ 2.1451e-04,  5.4018e-04,  1.1093e-03],
        [-1.3833e-03,  1.9362e-04, -8.4544e-04],
        [-6.0428e-04, -2.0125e-03, -1.0568e-03],
        [ 3.0169e-04, -7.8398e-05, -1.8801e-03],
        [-1.4054e-03,  2.4875e-03,  1.3843e-03],
        [-3.6920e-04,  2.8990e-03,  2.4427e-04],
        [-1.4071e-03, -1.1900e-03, -6.8217e-04],
        [ 9.8117e-04, -1.3441e-03, -1.0467e-03],
        [ 6.5975e-04, -3.9194e-05, -2.6170e-04],
        [ 2.1729e-03, -1.8077e-03,  4.9706e-04],
        [-5.8751e-04,  8.7376e-04,  7.9399e-04],
        [ 1.4515e-03, -3.7614e-04, -7.8616e-04],
        [-3.8396e-05,  3.9911e-03, -3.9619e-04],
        [-1.6588e-03, -2.0335e-03,  6.2713e-04],
        [ 1.1098e-03,  2.6750e-03, -8.6993e-04],
        [ 2.5109e-03,  1.0611e-03, -6.0369e-04],
        [ 1.0569e-03, -3.0551e-04,  1.0659e-03],
        [-1.3622e-03, -1.3380e-03, -1.2452e-03],
        [ 1.5383e-03,  1.3290e-03,  1.1513e-03],
        [-3.7544e-04, -8.5778e-04, -3.7637e-04],
        [-2.5264e-03, -2.8345e-04,  1.3885e-04],
        [ 8.8656e-05,  2.0284e-03, -1.0660e-03],
        [-2.8862e-04, -1.4356e-03,  1.3957e-03],
        [ 4.3429e-04, -1.0537e-03,  1.7101e-03],
        [-2.3046e-03, -1.1757e-04, -1.9932e-03],
        [-6.7937e-04,  5.6859e-04,  2.1926e-04],
        [-1.0361e-03,  9.5391e-05, -6.8274e-04],
        [ 5.7465e-05, -1.0049e-03,  1.6302e-03],
        [ 4.9993e-04,  1.3429e-03,  1.5681e-03],
        [ 5.5360e-04, -6.6215e-04, -1.3662e-03],
        [ 1.1981e-05, -1.1614e-03,  1.2385e-03],
        [-1.3330e-03, -5.9611e-04, -6.2869e-04],
        [-4.4844e-04, -1.8946e-03, -1.9256e-04],
        [ 5.0254e-04,  1.0238e-03, -7.5153e-04],
        [-7.6934e-04, -2.0503e-03,  6.2624e-04],
        [-1.3760e-03,  7.2784e-04, -1.1024e-03],
        [-1.0028e-05,  4.2994e-04,  2.1434e-04],
        [-2.3427e-04,  3.8544e-04,  2.4196e-03],
        [ 1.5906e-03, -3.1368e-04,  2.0308e-03],
        [-6.7208e-04, -1.0885e-03, -6.4339e-04],
        [ 1.6325e-03,  9.6296e-04, -2.4429e-04],
        [-4.0983e-04,  3.0527e-04,  2.0602e-03],
        [-2.8815e-04,  1.5642e-03, -1.3092e-03],
        [-9.6730e-05, -1.2738e-03,  2.0262e-03],
        [ 1.0863e-03, -1.6008e-03,  9.6037e-04],
        [ 1.4198e-03, -1.7986e-03,  1.0292e-03],
        [ 7.1811e-04, -1.3711e-03, -5.2079e-04],
        [ 1.8169e-04,  5.9503e-04,  9.3601e-04],
        [-2.8741e-04, -1.1479e-03, -3.5192e-04],
        [-3.5720e-04,  9.2145e-04,  7.7584e-04],
        [ 7.8875e-04, -3.2633e-04,  6.3738e-04],
        [ 8.9815e-04, -4.7392e-05, -4.8072e-04],
        [ 1.4462e-04, -3.2813e-05, -7.4508e-04],
        [-1.5019e-03, -1.9517e-03,  1.1014e-03],
        [-6.0754e-04,  3.7142e-04, -2.3581e-04],
        [-9.4182e-04, -1.8231e-03, -1.3466e-03],
        [-1.2962e-03, -1.0948e-04, -3.3068e-04],
        [ 1.6650e-04,  2.0747e-03,  6.7475e-04],
        [ 1.3840e-03,  8.4689e-04,  2.2663e-03],
        [-5.7876e-04, -4.6745e-04, -9.8461e-04],
        [ 7.1628e-04,  1.2810e-03, -1.0974e-03],
        [-1.4745e-03, -1.2591e-03,  5.8400e-04],
        [-1.8231e-03, -1.7903e-03, -1.2864e-03],
        [-4.5757e-04,  1.0648e-04,  1.1642e-03],
        [ 2.2105e-04,  2.0860e-03, -1.3003e-04],
        [ 6.0761e-04, -8.2334e-04, -7.2173e-04],
        [ 9.5511e-05,  7.6525e-04,  4.3728e-04],
        [ 1.4900e-03,  2.0089e-03,  1.5264e-03],
        [ 6.3249e-04, -8.6445e-04, -8.3575e-05]], device='cuda:0')), ('fcs.0.bias', tensor([ 1.3417e-03,  6.9847e-04, -2.0704e-04, -1.9260e-04, -2.2214e-04,
         1.5409e-03, -1.2618e-03, -8.6495e-05,  1.0818e-04, -7.4639e-04,
        -5.6769e-04, -5.3600e-04,  1.0070e-03,  1.5443e-03, -1.4325e-03,
         5.5310e-04,  9.0816e-04,  3.8150e-04,  2.6834e-03,  8.8725e-04,
         1.3306e-03, -8.3259e-04,  1.0429e-03,  3.3577e-05,  8.4611e-04,
        -4.5950e-04, -1.0417e-03, -1.3809e-03,  8.4051e-04, -1.4292e-03,
         2.0011e-05, -1.4468e-03, -2.2487e-04, -1.1293e-04,  9.5817e-04,
         1.6435e-04, -3.1482e-04, -2.0054e-04, -1.1388e-03,  1.8317e-03,
         9.9202e-04, -2.3985e-03, -6.9114e-04, -5.5701e-04,  5.8007e-04,
        -4.1352e-04, -1.6190e-03, -8.6818e-04,  1.5675e-03, -7.0950e-04,
        -1.0575e-03,  2.7063e-04,  5.4213e-04, -1.8377e-03,  2.0253e-03,
        -1.4216e-03,  2.5674e-04,  1.6163e-03, -1.7510e-03,  8.6524e-04,
         3.1649e-03, -1.2807e-04,  2.2699e-03,  2.2032e-04,  5.3754e-04,
         1.3194e-04, -9.7529e-05,  2.2697e-03,  4.4284e-03,  7.0751e-04,
         2.9626e-04, -6.1941e-04,  4.3212e-04,  1.1775e-03,  5.4233e-04,
        -3.2470e-04, -9.4091e-04,  1.5665e-03,  6.9209e-04,  4.2872e-04,
        -1.4639e-03, -3.2974e-04,  1.0287e-04, -1.3051e-04, -1.0923e-03,
        -1.3621e-04, -1.7170e-03, -4.1139e-04,  4.9691e-04,  3.5769e-04,
        -1.9545e-03,  2.0650e-04, -8.9737e-04,  7.6917e-04, -9.5313e-04,
         2.0471e-03, -1.4461e-05, -2.9067e-03,  2.1409e-03,  5.3732e-04,
        -1.5876e-03, -1.0383e-03, -1.7971e-03, -2.8842e-03, -1.1003e-03,
        -1.9306e-05, -1.9935e-03,  7.3481e-04, -1.2038e-04,  1.1397e-04,
        -3.7879e-04,  7.9255e-04, -1.8673e-03,  4.1900e-04,  1.6772e-03,
        -4.3962e-04, -1.0645e-03, -2.0592e-05,  1.7612e-03,  1.7505e-03,
         1.4487e-05,  1.6460e-04,  9.4489e-04, -2.9070e-04,  2.0372e-04,
         1.0110e-03,  1.4801e-05,  1.2032e-03,  1.0812e-03, -3.9528e-04,
         1.1882e-03,  4.4724e-04,  1.5520e-03, -4.2050e-03,  5.4664e-04,
        -1.5574e-03, -6.3623e-04,  1.2458e-03, -1.7009e-03,  2.4651e-04,
         1.1790e-03,  6.3111e-04, -8.0141e-04, -9.2396e-04, -8.0425e-04,
        -3.4774e-04, -1.5976e-03, -1.2289e-03, -5.5704e-04,  1.6216e-03,
         5.2660e-04,  6.6068e-07,  5.6332e-04, -9.0820e-04, -1.9096e-04,
         4.4739e-04, -6.9728e-04, -7.1821e-04,  7.9853e-05,  4.5577e-05,
        -1.1034e-03,  5.1387e-04,  8.2604e-04,  9.1370e-04, -9.9863e-05,
         1.2878e-03,  2.4281e-04, -4.0937e-04, -3.0701e-04, -1.0998e-03,
        -1.7252e-03,  2.1904e-03,  2.0743e-04, -2.1952e-04,  3.1920e-03,
         5.0032e-05, -2.2492e-03,  1.7244e-03, -1.6393e-03, -4.9217e-05,
         2.9326e-01, -1.8825e-04, -1.7009e-03,  1.6985e-03,  3.7068e-04,
        -7.7344e-04, -1.8849e-03, -8.0490e-04,  2.7665e-04,  5.5996e-04,
        -6.3178e-04,  3.5818e-03, -7.8560e-04,  5.6813e-04, -7.7017e-04,
         1.1593e-03,  2.1592e-04,  3.7002e-04, -4.0471e-04,  1.4404e-03,
        -2.1971e-03,  1.0089e-03,  7.1043e-04, -5.3900e-04, -2.6538e-03,
        -1.1023e-04, -2.8088e-04, -1.1274e-03, -6.0809e-04,  5.2452e-04,
         5.1358e-04,  9.4218e-04, -3.5135e-03,  1.2076e-05, -5.8591e-04,
        -2.4027e-03,  1.0684e-03,  3.7932e-03,  1.8364e-03, -9.4367e-04,
        -2.5792e-04, -5.9506e-04,  2.5031e-03, -2.0905e-04,  1.0164e-03,
         1.9294e-04,  9.1056e-04,  9.0559e-04, -8.4414e-04, -9.2444e-04,
         1.6746e-03,  1.4151e-03,  6.4722e-05,  1.5116e-03, -7.6208e-04,
         1.0421e-03, -2.0101e-03,  5.6490e-04, -2.9833e-04,  2.2134e-04,
         2.1507e-03, -8.7633e-04, -4.1409e-04, -2.5085e-04, -3.4312e-04,
        -1.1163e-03, -1.0537e-04,  1.9944e-03,  2.1276e-03, -1.1023e-03,
        -1.0308e-04,  3.4753e-04, -2.2061e-03, -2.5766e-03, -2.6446e-03,
         5.0634e-04], device='cuda:0')), ('fcs.1.weight', tensor([[ 7.7261e-04,  5.4903e-04, -8.0133e-05,  ...,  1.3048e-03,
         -6.7176e-04,  4.9794e-04],
        [-5.2906e-05,  7.6519e-04, -4.3145e-03,  ...,  5.2946e-05,
         -4.9701e-04,  8.9373e-04],
        [ 2.1804e-03, -1.3037e-03,  6.5197e-04,  ...,  2.0270e-03,
          1.3115e-03, -2.1810e-03],
        ...,
        [ 7.5448e-04, -5.4862e-04,  1.4653e-03,  ..., -2.4892e-03,
          1.3008e-03,  1.4641e-03],
        [ 9.9509e-04, -6.5182e-04,  2.1725e-03,  ...,  4.0135e-04,
         -5.3935e-04, -6.3182e-04],
        [-1.3052e-03,  1.3133e-03, -1.3143e-03,  ..., -1.9618e-03,
          2.0350e-03,  2.4942e-03]], device='cuda:0')), ('fcs.1.bias', tensor([ 8.1059e-04, -7.8151e-04, -2.3004e-03,  7.8432e-04,  3.0026e-04,
         6.0362e-04,  1.6931e-03, -3.0958e-04,  1.4550e-04,  8.2892e-04,
        -4.7324e-04,  2.3946e-03, -1.8055e-03,  1.2123e-01, -1.2550e-03,
        -2.5016e-04,  3.3815e-04,  7.5948e-05, -2.0787e-03, -2.2256e-03,
         6.2403e-04,  5.0679e-04, -4.5672e-04,  4.5979e-04, -1.3875e-03,
         8.9688e-04,  8.9335e-04, -1.3257e-03, -2.9309e-04, -1.6438e-04,
         6.9533e-04, -2.7120e-04, -4.8836e-04, -1.7186e-03, -6.0610e-04,
        -5.5925e-04,  2.2751e-04, -7.7157e-04,  2.8322e-04, -6.1359e-04,
         1.2154e-03, -3.6123e-04,  2.2533e-04, -1.3458e-03, -2.1364e-04,
         2.7011e-03, -1.3511e-04,  5.6912e-04, -1.0114e-03, -1.1288e-03,
         2.5130e-03,  3.9218e-04,  1.2668e-03,  1.4034e-03,  5.0825e-04,
         1.4460e-04,  5.5086e-04,  8.7217e-05, -2.3620e-03, -1.3093e-03,
        -1.0387e-03,  6.2197e-05,  2.2299e-03, -1.8706e-03, -5.8349e-04,
         1.1569e-03,  3.7957e-04, -2.5797e-04, -1.5857e-03, -1.1138e-03,
         5.9986e-04, -3.0894e-04,  2.7676e-05, -2.0583e-03,  1.1912e-03,
        -5.4246e-05,  2.1405e-03,  8.1848e-04, -1.1358e-03,  6.8756e-04,
         5.8960e-04,  9.3723e-04, -2.5008e-04, -2.8848e-04,  1.5619e-04,
        -2.0457e-03, -4.2186e-04, -7.7908e-04, -3.9412e-03,  1.2904e-03,
        -8.3308e-04, -5.5795e-04,  1.1179e-04, -2.1452e-03, -1.2940e-03,
         3.6881e-05,  5.3026e-04, -4.9451e-04, -6.9190e-04,  3.3226e-04,
        -1.8363e-03,  1.1599e-03,  2.4936e-04,  1.0973e-03, -8.8156e-04,
        -1.5902e-04, -3.0238e-04,  1.0750e-03, -2.3502e-04,  1.5373e-03,
        -8.8059e-04,  9.3305e-04,  1.3427e-03, -5.7829e-04,  7.0097e-04,
         7.5482e-04, -1.1141e-04, -6.2371e-05, -1.6146e-03,  1.9616e-03,
        -1.1893e-04, -6.1321e-04, -2.4717e-05,  1.2782e-03,  1.9484e-03,
        -6.6411e-04,  1.7614e-04, -2.0820e-05], device='cuda:0')), ('fcs.2.weight', tensor([[ 9.4084e-04, -1.5680e-03,  6.1731e-05, -5.1622e-04,  3.7756e-05,
          9.2631e-04,  3.7120e-04, -5.4130e-05,  2.8939e-05,  7.0467e-04,
          7.8787e-04,  1.7980e-04, -8.5945e-04,  8.2970e-01,  1.3225e-04,
          8.3879e-05,  1.1295e-03, -2.6986e-04,  1.1732e-03,  1.7413e-03,
          9.8638e-04,  3.3904e-04, -6.7929e-05,  7.1600e-05, -8.3420e-04,
          3.7987e-04,  9.3822e-04, -4.9964e-04, -1.0073e-04,  6.9780e-04,
         -2.7410e-05,  6.2909e-04, -2.1090e-05, -2.0483e-03,  5.8334e-04,
          1.0468e-03, -4.3377e-04,  2.3512e-04, -9.9264e-05, -8.9413e-04,
          5.8526e-04, -2.3647e-03, -7.9268e-05,  1.1114e-03,  2.4370e-04,
          8.3048e-04,  2.9145e-04,  1.0650e-03, -8.7269e-04,  4.0092e-05,
          2.7803e-04,  1.4176e-04,  3.3128e-05,  3.0462e-04, -1.2293e-04,
         -2.0965e-04, -7.6760e-04, -6.0074e-05, -1.9488e-03, -1.0906e-04,
         -8.4361e-04,  5.7586e-04, -1.7259e-03, -1.0637e-03,  9.4567e-05,
          4.2882e-04,  9.5240e-04, -7.3234e-04, -1.5781e-04, -4.3223e-04,
         -5.9644e-04, -2.9887e-04,  3.7991e-04,  3.9670e-04,  9.3049e-04,
          1.2258e-03,  3.3881e-03,  6.6570e-04, -1.0177e-03, -1.1489e-04,
         -1.9179e-04,  2.0030e-03,  7.1561e-06,  5.9420e-04,  2.7194e-04,
          6.9353e-04, -5.7837e-04, -7.1899e-05, -2.7133e-04, -6.2731e-04,
          2.2879e-03,  1.2978e-03,  2.8095e-04,  1.1789e-03, -1.0436e-03,
         -1.0256e-03,  6.3681e-05,  7.1545e-04,  3.7402e-04, -1.2365e-03,
          1.7223e-04,  1.3982e-04, -4.2858e-04, -2.0579e-04, -4.9303e-04,
          1.5406e-04,  1.1406e-03, -3.8654e-05, -1.2320e-05, -1.8672e-05,
         -1.0723e-04, -5.4224e-05,  6.2338e-04, -1.9966e-04,  2.6247e-04,
          8.8446e-05, -8.7164e-05,  8.7767e-04,  2.8343e-04, -1.4171e-04,
         -1.0416e-03, -1.6069e-03,  6.2603e-05, -7.5411e-06, -6.3136e-04,
         -2.6454e-05,  2.3106e-05, -4.3061e-04]], device='cuda:0'))])
end of epoch 1: val_loss 0.005494554537903227, val_acc 1.0
trigger times: 0
saving model weights...
Weights: OrderedDict([('fcs.0.weight', tensor([[-8.1573e-04,  6.6533e-04, -8.9433e-04],
        [ 1.8148e-03, -4.1690e-04,  1.5353e-03],
        [ 2.7704e-03, -2.0971e-03,  2.3764e-03],
        [-6.0333e-04,  8.9324e-04,  5.1831e-04],
        [-2.0901e-03, -1.9273e-03,  2.0865e-03],
        [-1.2014e-04,  3.2439e-03,  4.8657e-04],
        [ 7.3216e-04, -2.4300e-03,  1.0276e-03],
        [-8.0037e-04, -8.8845e-04, -8.8926e-05],
        [ 3.7901e-04, -1.4813e-03, -8.8553e-04],
        [-2.5486e-03,  1.2240e-03, -8.6826e-04],
        [ 1.4177e-04, -1.5440e-03, -2.3903e-03],
        [-2.2656e-03, -8.4980e-05, -1.2141e-03],
        [-8.5554e-04, -5.3109e-04, -5.1096e-04],
        [ 2.4896e-04,  9.9121e-04,  5.9372e-04],
        [ 5.3491e-04,  1.2769e-03, -6.9006e-04],
        [ 7.6862e-05,  1.0775e-03,  2.5206e-04],
        [-1.3662e-03,  2.4874e-04, -2.2949e-03],
        [-1.4966e-03,  8.9118e-04,  1.1267e-03],
        [-1.0481e-03, -3.9137e-05, -7.9605e-04],
        [-1.2952e-03, -1.6878e-03,  2.2441e-03],
        [-9.0194e-04, -1.7028e-04, -3.7189e-04],
        [ 6.7244e-04, -4.8635e-04, -1.9600e-03],
        [ 1.7357e-04, -1.5685e-03,  1.9702e-03],
        [-8.6276e-04, -1.3888e-03, -9.7868e-04],
        [-1.7186e-03,  3.8679e-04,  1.1341e-04],
        [ 6.1802e-05, -2.2077e-03, -1.0750e-03],
        [-4.9251e-04, -1.5843e-03,  4.9351e-04],
        [-1.0106e-03, -3.1846e-03,  4.2467e-04],
        [ 1.5145e-03, -2.8386e-03, -7.5015e-04],
        [ 1.1210e-04,  2.2702e-03,  5.1702e-04],
        [ 1.3875e-03, -1.8802e-03, -7.3242e-04],
        [-1.2277e-03,  7.6513e-04, -9.5507e-04],
        [-7.0839e-04,  1.7841e-03, -1.1396e-03],
        [-7.9132e-05, -9.3294e-04, -1.9304e-03],
        [-1.0655e-03,  1.9122e-03,  2.0208e-04],
        [ 1.5256e-03, -2.7836e-04, -5.5517e-04],
        [-2.3134e-04, -8.0683e-06, -1.0991e-03],
        [ 1.0205e-03, -3.3866e-04, -2.5571e-04],
        [ 1.8702e-03,  1.3975e-03, -5.9052e-04],
        [ 1.8964e-03,  1.0634e-03,  2.4291e-03],
        [-5.6464e-04,  8.8135e-04,  1.1360e-03],
        [-1.3299e-03,  7.1037e-04, -4.6392e-04],
        [ 3.0436e-04, -2.0922e-03, -1.1685e-03],
        [ 5.9040e-04, -1.0345e-03, -8.8726e-04],
        [ 1.0650e-03,  1.3621e-03,  1.3723e-03],
        [-8.5332e-04, -1.1197e-03, -6.5890e-04],
        [ 1.5235e-03,  2.6604e-04,  2.3430e-04],
        [ 1.9998e-03, -1.2264e-03, -8.6074e-04],
        [-1.4712e-04,  2.2133e-03, -1.1728e-03],
        [ 4.4843e-04, -2.5195e-03,  6.4922e-04],
        [-1.5745e-04,  1.8788e-03,  1.9227e-03],
        [-1.3317e-03, -2.1003e-04, -9.9093e-04],
        [-9.6698e-04, -2.1101e-03, -1.2392e-03],
        [ 6.3322e-04,  6.1822e-04, -1.2766e-04],
        [ 4.5541e-04, -1.4437e-03, -1.9407e-04],
        [-2.1396e-03, -1.4940e-03, -8.5840e-04],
        [-1.5802e-03, -6.0578e-04,  1.1871e-03],
        [ 1.9307e-03, -1.9958e-03,  9.2987e-04],
        [ 1.3017e-03,  9.7868e-04,  1.4541e-03],
        [ 6.7475e-04, -2.8315e-03,  6.5369e-04],
        [-7.5624e-04,  3.0281e-03, -1.0364e-03],
        [ 7.1507e-04,  3.8829e-03,  1.5351e-03],
        [ 4.7555e-05, -9.4411e-04,  6.2170e-04],
        [-2.6430e-04, -2.0830e-03, -1.0718e-03],
        [-9.1208e-05, -3.6220e-04, -1.3717e-03],
        [ 8.6381e-04,  9.1272e-04, -1.0659e-03],
        [ 1.0775e-03,  6.9088e-04,  1.5915e-03],
        [-1.1462e-03,  4.3570e-04, -6.2881e-04],
        [ 1.8125e-03, -2.8063e-04,  1.6387e-03],
        [-4.0667e-05,  1.8656e-03,  7.3163e-04],
        [-1.0365e-04,  3.6574e-04, -1.2860e-03],
        [-2.3108e-03, -4.5381e-04, -1.5662e-03],
        [-1.5685e-03, -9.7317e-04, -1.1135e-03],
        [-8.0011e-04, -1.4517e-03,  1.1116e-03],
        [ 4.3659e-04,  1.1506e-03,  6.0094e-04],
        [ 2.7595e-04, -5.5610e-04, -1.4600e-03],
        [ 1.4056e-03,  1.3292e-03, -1.3250e-03],
        [ 1.0797e-03,  1.5887e-04,  7.8209e-04],
        [-3.0753e-03,  2.3039e-03,  2.8519e-03],
        [ 1.3571e-03, -7.0863e-04, -1.6662e-03],
        [-1.0014e-03, -7.7391e-04,  1.2289e-03],
        [-8.6440e-04,  2.0417e-04,  1.6710e-03],
        [-7.3786e-04,  1.3059e-03,  1.4250e-03],
        [ 5.0814e-04, -2.7995e-03,  1.9553e-03],
        [-1.2747e-03,  6.5546e-04,  1.1799e-04],
        [-6.8812e-05,  1.1954e-03, -6.4343e-04],
        [ 2.1996e-03, -9.2180e-04, -2.0478e-03],
        [ 2.9043e-05, -5.5775e-04,  1.3014e-03],
        [ 4.5226e-05,  4.7197e-04,  8.7896e-05],
        [ 1.6912e-04, -1.9282e-03,  6.9027e-04],
        [ 1.2476e-03, -1.0072e-03,  2.7628e-05],
        [-1.0830e-03, -9.2717e-04,  1.0308e-03],
        [-1.3021e-03, -5.0653e-04,  1.9552e-03],
        [-1.4861e-03, -2.6703e-03, -1.2517e-03],
        [ 8.9698e-04,  9.7092e-04,  2.5556e-03],
        [ 5.8841e-05,  1.1761e-03, -3.1143e-03],
        [ 1.1043e-03,  6.9829e-05,  7.6325e-04],
        [ 6.8495e-04, -1.3986e-03, -1.1064e-03],
        [-8.3294e-04,  1.0519e-03,  1.3096e-03],
        [ 9.5228e-04,  6.1019e-05,  2.9174e-03],
        [ 2.4133e-03, -5.9694e-05,  1.5145e-03],
        [ 2.2886e-03, -5.5434e-05,  1.2958e-03],
        [ 1.1410e-03,  2.1490e-03, -2.6690e-03],
        [-8.3572e-04, -4.6458e-04, -4.4555e-04],
        [ 2.3466e-03,  4.0457e-04,  9.0457e-05],
        [ 5.9368e-04, -8.8665e-04, -4.2805e-04],
        [-1.0140e-03, -2.8032e-03,  1.8718e-03],
        [-1.6942e-03,  3.0707e-04, -5.8578e-05],
        [ 1.9863e-03,  1.3400e-03, -8.9156e-04],
        [-5.1736e-04,  7.3776e-04, -7.3499e-04],
        [ 1.1215e-03,  2.1668e-04,  2.5142e-03],
        [ 2.5277e-03, -1.2865e-03, -1.0634e-03],
        [ 7.1724e-04,  2.1557e-03, -1.0085e-03],
        [ 1.3107e-03,  7.5134e-04, -4.1965e-04],
        [-1.3779e-03,  1.0609e-03,  4.6524e-04],
        [ 1.5681e-03, -1.7094e-03,  1.3219e-03],
        [-1.8233e-03, -8.6973e-04, -7.8401e-04],
        [ 1.2160e-03,  1.6919e-03, -6.1837e-04],
        [-1.3100e-03,  1.7406e-03, -2.5184e-04],
        [ 1.7907e-04,  2.3157e-03,  2.3091e-03],
        [-1.1453e-03, -1.5104e-03, -6.4137e-04],
        [-2.7608e-04,  1.4150e-04, -6.7278e-04],
        [-1.9835e-03, -9.8763e-04, -8.6382e-04],
        [ 1.6964e-03, -1.2500e-03,  9.5918e-04],
        [-8.5467e-04, -1.3227e-03, -1.2678e-03],
        [-1.0113e-03,  1.3008e-03, -2.4097e-04],
        [-3.9878e-04, -1.1346e-03, -9.3838e-04],
        [-1.3973e-03,  5.8577e-04, -7.4096e-06],
        [-3.2507e-03, -2.2167e-04,  9.0070e-04],
        [ 4.6912e-04, -1.2421e-03, -3.2874e-03],
        [-8.6407e-04, -1.3212e-03,  1.4997e-03],
        [ 2.0482e-03, -8.5392e-04, -2.2421e-03],
        [-1.0754e-03, -4.6719e-04, -1.0746e-04],
        [-1.1256e-03,  1.0010e-03, -3.4744e-04],
        [ 1.0705e-03, -6.4951e-04, -9.4912e-04],
        [-5.8558e-04,  3.3603e-04, -2.6909e-04],
        [ 2.0426e-03, -9.2488e-04, -3.0931e-04],
        [ 1.9381e-03, -2.4139e-04, -3.3094e-04],
        [ 2.3869e-04, -1.3920e-04, -1.3121e-03],
        [-8.1343e-04, -1.7814e-03,  2.3997e-03],
        [-1.0478e-03, -2.1069e-03,  1.4455e-03],
        [ 1.8772e-03, -2.1906e-04, -1.2233e-03],
        [-5.8862e-04,  6.4776e-04, -4.2296e-05],
        [ 1.4619e-03, -9.6833e-04,  9.6445e-04],
        [ 7.8952e-04,  7.6160e-04,  1.3563e-03],
        [-5.0403e-04,  3.6593e-04,  7.8153e-04],
        [ 7.0084e-04, -2.6845e-03, -1.5704e-04],
        [ 1.7651e-03,  1.1748e-04, -2.5825e-03],
        [-1.3124e-03,  1.2517e-04,  1.3102e-04],
        [-6.2686e-04,  1.0175e-03,  6.5125e-04],
        [ 5.8437e-04,  1.9812e-04, -5.9408e-04],
        [ 1.0477e-03,  9.8734e-05,  2.7680e-05],
        [-1.5553e-03, -2.5630e-03,  2.0694e-03],
        [-1.5769e-03,  7.7475e-04,  4.8538e-04],
        [-1.6423e-03, -1.6105e-03,  1.7188e-03],
        [-1.8620e-03, -2.5390e-03,  4.3819e-04],
        [-2.9641e-04, -8.7522e-04,  1.9441e-03],
        [-1.9148e-03, -1.5680e-03,  1.0033e-03],
        [-5.8262e-04,  3.9790e-04, -1.8540e-03],
        [-1.7266e-03,  8.6402e-04,  1.9792e-03],
        [-3.7538e-04, -4.0176e-04,  5.7683e-04],
        [ 4.6242e-04,  2.4747e-03, -1.1577e-03],
        [-1.3520e-03, -1.1842e-03, -1.5938e-03],
        [-2.5123e-04, -7.6386e-04,  1.3441e-03],
        [ 1.4364e-03, -6.7547e-04, -1.4675e-03],
        [-1.0272e-03, -1.1376e-03, -8.9987e-04],
        [-2.1526e-03,  7.2551e-04, -3.9762e-04],
        [-1.9728e-04,  1.2204e-03,  4.8419e-04],
        [ 2.2195e-04,  7.9261e-04,  1.3209e-03],
        [-6.5299e-04,  9.1620e-05,  2.7701e-04],
        [ 8.2263e-04, -1.3836e-03,  4.2420e-04],
        [-1.0521e-04,  1.7323e-03,  1.7588e-03],
        [-1.5989e-03,  5.3945e-04,  1.2913e-03],
        [-9.6707e-05,  1.2203e-03,  9.4846e-05],
        [-1.2843e-03,  1.9003e-04,  3.9464e-04],
        [ 1.1317e-03, -5.9127e-04,  1.3728e-03],
        [ 4.3715e-04,  2.1361e-03,  3.2366e-04],
        [-3.5317e-04, -7.9167e-04,  1.8083e-03],
        [ 1.6023e-03, -8.7375e-04,  5.1938e-04],
        [-1.2449e-03, -1.1615e-03, -1.3417e-03],
        [-2.4108e-01,  7.2596e-01, -1.3717e-01],
        [-1.8763e-03,  6.8761e-04, -4.1594e-04],
        [-1.6165e-03, -4.1511e-04,  7.0243e-04],
        [-8.5342e-04, -2.0596e-04, -2.5226e-03],
        [-9.1047e-04,  1.1056e-04,  2.6890e-04],
        [ 2.1723e-04,  1.0630e-03,  8.9085e-04],
        [-2.6219e-04, -1.0825e-03,  1.4281e-03],
        [ 2.2919e-03,  1.3921e-03,  5.9353e-04],
        [ 1.0998e-03,  1.4618e-03,  7.5548e-04],
        [ 4.7760e-04,  1.1357e-03, -7.7347e-04],
        [ 4.6939e-04,  2.2415e-04, -5.7745e-04],
        [-9.0101e-04, -2.5271e-03, -1.6331e-03],
        [ 1.4711e-04, -7.7881e-04,  1.1453e-03],
        [ 1.4778e-03,  9.2931e-04, -2.3135e-04],
        [ 6.8416e-04, -7.2935e-04,  1.9442e-04],
        [ 2.8142e-04,  1.8840e-03, -1.4728e-03],
        [ 1.2186e-03,  7.7678e-04,  3.2642e-04],
        [ 1.0133e-03, -1.3711e-03,  2.6560e-04],
        [-1.4762e-03, -2.0819e-04, -2.1546e-03],
        [-4.4561e-04,  1.2641e-04,  5.5527e-04],
        [ 2.2991e-03,  1.5418e-03,  4.5062e-04],
        [-7.2787e-04,  6.0264e-04,  7.7199e-04],
        [-8.7287e-04, -1.1041e-03, -7.2729e-04],
        [-4.4988e-03, -1.3553e-03,  5.2567e-04],
        [ 1.8012e-03, -1.4589e-03, -1.1077e-03],
        [-1.1703e-03,  1.8283e-03,  2.7643e-04],
        [-1.8560e-03, -2.8129e-04, -7.8630e-04],
        [ 1.9403e-03, -1.0414e-04, -3.2668e-05],
        [-2.5834e-04, -2.2912e-03, -8.8836e-04],
        [-1.7506e-04,  6.9109e-04, -9.2358e-04],
        [ 1.2201e-04, -2.2508e-03,  1.9825e-04],
        [ 8.7891e-04,  1.7372e-03, -1.1090e-03],
        [ 2.0481e-05,  2.2302e-03, -5.6613e-04],
        [ 2.8658e-04, -5.3846e-04, -9.0359e-04],
        [ 1.5522e-03, -2.0448e-03,  1.8338e-03],
        [ 1.1806e-03, -1.0127e-03, -3.2531e-04],
        [ 9.3060e-04, -6.3813e-04, -1.2908e-03],
        [-1.7624e-03, -1.5682e-03,  1.2376e-03],
        [ 1.2622e-03, -2.7918e-04,  3.5620e-05],
        [-1.2247e-03,  5.6674e-05,  1.3812e-04],
        [ 1.0564e-04, -4.3669e-04,  1.1970e-03],
        [ 1.4360e-03, -1.0450e-03, -6.8738e-04],
        [ 1.1133e-03, -1.0232e-04, -4.6706e-04],
        [-1.2236e-03,  6.8666e-04,  2.0180e-03],
        [-1.4062e-04, -9.2069e-04, -1.8911e-03],
        [-2.2080e-03,  1.3530e-03,  9.4140e-04],
        [-2.0756e-04,  8.3210e-04, -7.1890e-04],
        [ 1.5491e-03, -3.5744e-04,  1.5830e-03],
        [-8.1140e-04,  6.4034e-04,  9.2473e-04],
        [-2.3428e-03,  5.0236e-06, -1.3009e-03],
        [-3.6956e-04, -1.2259e-04, -7.3622e-04],
        [-9.9910e-04,  1.1139e-03, -1.4783e-04],
        [-8.9657e-04, -1.2258e-04,  1.6139e-04],
        [ 5.1317e-04,  1.1099e-03, -8.5828e-04],
        [-7.4611e-04,  6.8843e-04,  1.0243e-03],
        [-8.0565e-04, -5.4580e-04,  4.0528e-04],
        [ 1.7708e-03, -8.8472e-04,  2.5114e-03],
        [ 3.7501e-04,  3.2596e-04, -6.9471e-04],
        [ 8.5528e-04, -7.5493e-04, -1.1266e-03],
        [ 6.1794e-04,  1.5429e-03, -1.3865e-03],
        [ 1.4232e-03, -1.6551e-03,  5.2583e-05],
        [-1.6034e-03, -4.6779e-04, -2.2011e-04],
        [-1.0364e-03,  7.2701e-04,  3.6361e-04],
        [-3.8288e-05,  2.3199e-03, -1.0433e-03],
        [ 1.4067e-04,  7.5154e-04, -1.7185e-03],
        [ 3.0140e-04, -3.3210e-03,  1.1142e-03],
        [-9.6931e-04, -1.2585e-03, -1.2331e-03],
        [-8.0796e-04, -1.2432e-04,  1.9756e-03],
        [ 1.1208e-03,  7.9655e-04,  8.3107e-04],
        [ 1.0401e-03,  6.5727e-04, -9.4148e-04],
        [-2.6557e-04, -3.5943e-04,  1.3096e-03],
        [ 7.2542e-04, -6.1010e-04,  1.4290e-03],
        [-1.3808e-03,  2.3235e-03,  1.1905e-04],
        [-9.2596e-04,  9.7917e-04, -6.2469e-04],
        [-7.9508e-04, -3.1900e-04, -1.2916e-04],
        [-8.8569e-04, -1.8640e-03,  4.6802e-04]], device='cuda:0')), ('fcs.0.bias', tensor([-6.7312e-04, -1.3230e-03, -8.6466e-04,  6.7066e-04,  2.5240e-03,
         2.3689e-03, -1.4523e-03, -2.0898e-04,  1.4491e-03,  1.0422e-03,
         4.6461e-05,  1.4477e-03,  8.5834e-04,  2.0358e-03, -1.5290e-03,
         8.0743e-04, -4.3460e-04,  4.3471e-04,  7.3790e-04, -1.6522e-03,
        -4.2834e-04,  3.4592e-04, -1.4435e-03, -8.1633e-05,  7.0162e-04,
        -8.4100e-04,  7.2581e-04, -2.6670e-04, -1.3864e-04, -1.1777e-03,
        -8.8730e-04, -1.4018e-03,  2.3253e-05, -2.2031e-03, -1.5424e-03,
         1.3125e-03,  7.7705e-04, -1.6665e-03, -1.3070e-05, -4.3183e-04,
        -1.2257e-03, -1.0250e-04,  1.4755e-03, -3.0466e-04,  2.0178e-04,
        -2.8246e-03,  2.9371e-03,  4.0013e-04,  4.5383e-04,  5.9719e-04,
        -7.2646e-04,  7.1919e-04,  3.7294e-04,  1.5441e-03, -9.1578e-04,
         2.7872e-04, -1.0666e-03, -1.2813e-03, -2.1924e-04,  1.8357e-03,
        -2.3260e-03, -6.8025e-04, -7.5226e-04, -6.4306e-04, -1.2350e-03,
        -1.7799e-03,  1.7319e-03,  9.0727e-04,  2.1619e-03, -2.4001e-03,
         6.5129e-04,  3.0828e-05,  1.1414e-03, -1.5820e-03,  1.1647e-03,
         5.9773e-04,  1.7563e-03, -1.6961e-03, -1.6620e-03,  8.6455e-04,
         3.3945e-04,  5.7762e-04,  2.5623e-03, -1.8791e-04, -8.1123e-04,
        -9.0788e-04,  4.1946e-04,  1.6344e-03, -2.4576e-04, -6.1648e-04,
         2.3358e-04,  1.7109e-03,  1.9360e-03,  8.4207e-04, -6.7154e-04,
        -1.0802e-03, -8.2443e-04,  1.9861e-04,  6.3655e-05, -1.2093e-03,
         1.1033e-03,  2.3182e-04, -9.7431e-04, -9.8312e-04, -4.5429e-03,
         1.2227e-04, -1.7855e-03, -1.2442e-03,  3.3160e-03, -1.4836e-03,
         6.1516e-04, -4.9074e-04, -1.1479e-03, -3.4555e-04,  1.0885e-03,
         1.9525e-04,  5.5186e-04,  1.9738e-03, -9.8140e-04,  1.5849e-03,
         1.3114e-04,  1.0559e-03,  1.9737e-03,  4.7348e-04, -5.4987e-05,
         1.8609e-04,  1.4058e-03, -1.7430e-03,  1.8941e-03, -1.9763e-04,
         2.6386e-03,  2.1039e-03, -5.5887e-04,  1.8304e-03, -1.6679e-03,
         8.7489e-04, -1.3353e-03, -2.6031e-04,  8.5443e-04, -1.6986e-03,
        -7.8080e-04,  8.3856e-04,  1.3752e-03, -8.6121e-04,  1.6665e-03,
        -6.4772e-04, -1.6957e-03,  2.3717e-03,  3.7235e-05,  6.4889e-04,
         1.3167e-03, -2.3082e-03, -9.6898e-04, -1.1332e-03, -2.5526e-04,
         4.8253e-04,  1.8269e-03, -1.6470e-03, -2.2250e-03,  5.6094e-04,
        -9.9223e-05, -1.4959e-03, -4.1249e-05, -1.1666e-03, -5.5023e-04,
         1.6588e-03,  1.9650e-04, -3.0562e-04,  1.0957e-03,  5.6307e-04,
         1.7046e-03, -1.2537e-03,  3.4651e-04,  1.5914e-03,  1.8998e-04,
        -7.9352e-04,  1.2962e-03, -2.4259e-03,  1.7664e-03, -1.0970e-03,
         1.1371e-01, -1.6165e-03,  8.6145e-04,  1.8975e-04, -1.1299e-03,
         8.5878e-04,  3.2395e-05,  1.9942e-03,  8.2914e-04, -1.7160e-03,
        -1.2119e-03, -5.2399e-04, -1.5834e-03,  1.8721e-03, -1.0275e-03,
        -2.9373e-04, -1.2893e-03, -3.8126e-04, -1.9347e-03,  1.7332e-03,
        -1.5348e-03,  1.1677e-03, -9.8271e-04, -7.4302e-04,  3.2552e-04,
        -7.7441e-04, -5.9722e-04,  1.1005e-03, -1.4367e-03,  3.5146e-04,
        -1.3555e-03,  1.3141e-04,  1.8284e-03, -1.7005e-04, -7.6273e-04,
         9.8524e-04,  1.2484e-03,  6.2306e-04,  1.9013e-03, -1.2107e-03,
         3.2533e-04, -1.9172e-03, -2.2307e-03, -2.4407e-03,  7.0577e-04,
         2.1152e-04,  1.3274e-03, -1.2565e-03,  8.5961e-04,  1.8193e-03,
        -3.5035e-04,  1.8540e-03,  1.9072e-04, -4.7360e-04, -2.7879e-04,
         1.0584e-03,  1.0860e-03,  2.7385e-04, -7.9534e-04, -2.1812e-04,
        -1.7723e-04,  4.3245e-04,  1.2633e-03, -2.0158e-04,  7.2042e-04,
        -1.8304e-04, -1.5855e-03, -1.5783e-03,  8.9506e-04, -8.0807e-04,
         3.6946e-04,  7.3592e-04, -8.8148e-04, -1.2157e-03,  1.5660e-03,
        -5.2835e-04], device='cuda:0')), ('fcs.1.weight', tensor([[ 7.7190e-04,  5.5279e-04, -8.0500e-05,  ...,  1.3047e-03,
         -6.7293e-04,  4.9759e-04],
        [-5.0122e-05,  7.6330e-04, -4.3166e-03,  ...,  4.8666e-05,
         -4.9947e-04,  8.9038e-04],
        [ 2.1811e-03, -1.3054e-03,  6.5298e-04,  ...,  2.0268e-03,
          1.3108e-03, -2.1812e-03],
        ...,
        [ 7.6287e-04, -5.5275e-04,  1.4668e-03,  ..., -2.4981e-03,
          1.3044e-03,  1.4656e-03],
        [ 1.2426e-03, -6.7015e-04,  2.1796e-03,  ...,  4.7930e-04,
         -5.5023e-04, -6.4898e-04],
        [-1.3044e-03,  1.3044e-03, -1.3114e-03,  ..., -1.9632e-03,
          2.0272e-03,  2.4972e-03]], device='cuda:0')), ('fcs.1.bias', tensor([ 8.9291e-04, -1.1741e-03, -9.2992e-04, -2.1029e-03, -5.2264e-04,
         7.6545e-05, -1.3979e-03, -6.0149e-04,  6.2753e-04, -2.7453e-04,
        -5.1702e-04,  2.4806e-03,  6.1232e-04,  3.5560e-03, -1.4142e-03,
        -1.2960e-03, -1.5330e-04,  1.2875e-04,  1.4190e-03, -3.2945e-03,
        -1.6332e-03,  1.9234e-03,  9.9140e-04,  9.9247e-04,  4.0832e-04,
         6.6582e-04,  5.4515e-04, -1.1913e-03, -1.0313e-03, -7.1883e-04,
         8.6043e-04,  6.6243e-04,  2.1957e-03, -1.0482e-03,  8.5525e-04,
         1.3533e-05, -4.0853e-04, -8.1554e-04, -7.5038e-04,  9.8772e-04,
         1.2978e-03, -3.3361e-05,  1.8413e-04,  1.4305e-03, -6.1368e-04,
         1.6093e-03, -5.5544e-04,  2.5617e-03, -1.3529e-03, -1.7199e-03,
        -7.9311e-04,  7.1452e-04,  1.4149e-03,  1.3446e-03,  6.2202e-04,
         2.0905e-04, -1.5852e-04, -7.0379e-04,  4.8439e-04, -1.2216e-03,
         8.2233e-04,  1.4137e-03,  1.0113e-03, -1.8370e-03, -6.5533e-04,
         2.3159e-03, -1.0193e-03, -9.5232e-04, -1.8990e-03,  1.3335e-03,
         7.6869e-04,  1.3370e-03,  1.3578e-03, -1.6981e-04, -1.7999e-03,
         8.3689e-05, -2.2309e-03, -1.3975e-03,  4.4317e-04,  9.3912e-04,
         1.6024e-03, -8.9265e-04,  6.9648e-04, -1.1278e-03,  1.2430e-03,
         1.0241e-03, -1.1720e-03,  1.9490e-03, -4.1692e-03,  1.6742e-03,
         7.7449e-04,  2.6479e-03,  3.4788e-04, -2.2583e-03, -9.8684e-04,
         2.1122e-03, -6.7702e-04,  7.3498e-04, -8.5386e-04,  5.2073e-04,
        -1.9845e-03, -7.8850e-04, -3.6018e-04, -1.2966e-03, -2.3869e-03,
        -4.8182e-04, -4.3662e-04,  9.0584e-04, -4.9731e-04,  1.6410e-03,
        -9.3158e-04,  9.6310e-04,  1.6612e-03,  4.1772e-04,  9.9492e-04,
        -1.7274e-03,  8.9362e-04,  6.5722e-04,  2.1756e-03,  2.0366e-03,
         9.1786e-04, -6.8643e-04, -6.9441e-05, -2.8886e-04,  1.9752e-03,
        -8.6011e-04, -9.3542e-05, -1.6712e-03], device='cuda:0')), ('fcs.2.weight', tensor([[-2.7573e-04, -2.2952e-03, -1.3204e-03,  1.7385e-03, -2.8893e-04,
          1.1042e-03,  2.2152e-04, -2.5056e-04,  1.5453e-03, -2.0644e-03,
         -1.3521e-03, -2.5788e-05, -2.0409e-03,  8.8040e-01, -3.8995e-04,
         -3.7747e-06, -7.7568e-04,  3.1389e-04,  2.7688e-03, -3.3608e-04,
         -1.3633e-03, -5.2534e-04, -4.4146e-04, -1.0166e-04, -1.4820e-03,
          7.9222e-04, -9.2128e-04, -8.8067e-04,  8.3678e-04, -2.4824e-04,
         -2.3017e-04,  1.7725e-03, -1.4281e-04, -1.9866e-04,  2.4041e-03,
         -3.6188e-04, -8.1209e-04,  8.7203e-04, -4.5305e-04,  1.6472e-03,
         -1.9076e-04, -9.2793e-04,  3.0548e-04, -1.3233e-03,  8.1358e-04,
         -1.2415e-04, -4.7079e-04, -4.1567e-04,  7.9064e-04, -9.6346e-05,
          5.0862e-04,  3.5359e-04, -2.7352e-04, -1.4491e-03, -9.0973e-05,
         -2.2644e-04,  2.3867e-03,  5.2836e-05,  1.1501e-03,  2.1847e-04,
         -2.0483e-03,  8.7831e-04,  1.6355e-03, -9.7118e-04,  6.4947e-05,
          2.7263e-05,  1.8424e-04, -6.4900e-04, -8.0870e-05,  6.1989e-04,
         -3.9174e-04,  1.5443e-03, -1.2791e-03,  1.6734e-04,  7.3825e-04,
         -2.3498e-03,  3.6616e-04,  1.7313e-03,  1.7723e-03, -2.2468e-04,
         -2.5336e-04,  2.2243e-03, -1.0997e-03,  1.9057e-03, -3.2698e-03,
         -5.3990e-04, -5.3906e-04,  2.4321e-04,  1.1237e-03,  2.3029e-03,
          1.4067e-03,  1.1240e-03,  3.9107e-04, -1.0986e-04,  5.5496e-04,
         -2.7903e-03,  1.2423e-03,  4.5870e-04,  1.1896e-03, -6.4434e-04,
         -1.2042e-03,  1.1177e-03, -2.1437e-03,  1.2487e-04, -1.0900e-04,
         -1.7205e-04,  1.2872e-03, -5.1766e-05, -2.2970e-04,  4.0130e-04,
         -1.3873e-04,  1.8189e-04, -1.2264e-03, -5.5837e-04,  8.9060e-04,
          1.9986e-04,  1.5117e-05, -4.5263e-04,  5.2178e-04,  9.6680e-06,
          6.6268e-04,  8.1269e-04, -3.2303e-04,  2.5359e-04, -6.1474e-05,
          1.0801e-03,  2.6169e-04, -9.5346e-04]], device='cuda:0'))])
end of epoch 2: val_loss 0.010741724278061398, val_acc 1.0
trigger times: 1
end of epoch 3: val_loss 0.008168878474452192, val_acc 1.0
trigger times: 2
end of epoch 4: val_loss 0.01364377802793456, val_acc 1.0
trigger times: 3
end of epoch 5: val_loss 0.005634897289158722, val_acc 1.0
trigger times: 4
end of epoch 6: val_loss 0.0033699503253797757, val_acc 1.0
trigger times: 0
saving model weights...
Weights: OrderedDict([('fcs.0.weight', tensor([[-1.7710e-04, -3.4073e-04,  4.1729e-04],
        [-3.9714e-04,  8.6402e-04,  7.8728e-04],
        [-2.0445e-04, -1.5656e-03, -9.6023e-04],
        [-2.1855e-04, -1.5970e-03,  1.1703e-03],
        [ 1.2746e-03,  3.8744e-04, -9.6308e-04],
        [ 1.5332e-03, -3.0760e-04, -2.1677e-05],
        [-2.2366e-03,  1.2584e-03,  1.9561e-03],
        [-4.5948e-04, -5.4529e-04, -2.6699e-03],
        [-2.7089e-03,  6.8839e-04,  7.1560e-04],
        [-2.0205e-03, -1.3805e-03,  8.3455e-04],
        [ 1.9124e-03,  3.0645e-04, -6.3980e-04],
        [-9.4006e-04, -1.4395e-03,  2.0399e-03],
        [-1.4845e-03,  7.0602e-04, -1.1166e-03],
        [ 1.4772e-03,  1.3906e-03,  2.0426e-03],
        [-1.2186e-03, -9.3797e-04,  1.0922e-03],
        [ 1.4971e-03,  1.2309e-03, -1.2734e-03],
        [ 5.3077e-04, -1.8294e-04,  1.1479e-03],
        [ 3.2426e-04, -3.9951e-05,  1.1608e-03],
        [-2.5374e-03, -2.0120e-03,  5.4723e-04],
        [ 2.6233e-04,  1.7611e-03, -6.7813e-04],
        [ 1.4788e-03,  6.1297e-04,  1.5095e-03],
        [-1.5745e-03, -2.6842e-03, -7.8186e-04],
        [ 2.5971e-03, -2.7470e-03,  5.2306e-04],
        [-1.4454e-03, -5.1585e-04,  1.1773e-04],
        [-1.3629e-03,  7.2389e-04,  1.7399e-03],
        [ 1.7943e-03, -1.3952e-03,  2.9488e-04],
        [ 1.2697e-03,  1.5192e-03, -7.5609e-04],
        [ 8.8302e-04,  2.8276e-04,  9.4005e-04],
        [-1.8825e-04, -4.1454e-04,  1.5028e-03],
        [ 1.3068e-03,  1.5475e-03,  3.1252e-04],
        [-5.1417e-04,  7.3197e-04,  1.6633e-04],
        [-1.2150e-03,  1.0587e-03,  9.5466e-04],
        [-1.0592e-03,  1.5092e-04, -6.1849e-04],
        [ 1.2414e-03,  8.6010e-04,  8.9762e-04],
        [-7.4271e-04,  9.6095e-04, -6.1217e-04],
        [ 7.4208e-04,  2.5821e-03,  3.7452e-03],
        [ 1.3011e-03,  3.8532e-04, -5.5279e-04],
        [ 2.9523e-03,  1.2410e-03,  2.7708e-03],
        [-1.8321e-03,  6.2806e-04, -1.6877e-03],
        [-5.1446e-04, -2.1294e-03, -1.2408e-03],
        [-1.0936e-03,  7.8090e-05,  1.4358e-03],
        [-9.0152e-04, -1.6158e-03,  1.6308e-03],
        [-3.3578e-04,  1.9544e-04, -8.8414e-04],
        [ 8.4047e-04,  4.5715e-04,  4.3584e-04],
        [-1.5407e-03,  3.6513e-04, -1.4673e-04],
        [-7.7099e-04, -7.6766e-04, -4.6802e-04],
        [-5.2849e-04, -2.5504e-03, -1.2570e-03],
        [-1.2445e-03, -1.1118e-03, -1.7165e-03],
        [ 5.9042e-05, -3.1593e-05, -2.6201e-03],
        [-9.6410e-06, -1.2162e-03, -1.2809e-03],
        [-1.0940e-04, -2.5851e-04,  4.2995e-04],
        [-4.4852e-04,  2.6266e-03,  1.9983e-03],
        [-2.0472e-04,  7.3380e-04, -3.2044e-04],
        [ 3.6357e-04, -2.8236e-04, -1.7618e-03],
        [ 1.2164e-03, -1.7998e-03,  1.7639e-03],
        [ 1.8300e-03,  1.4239e-03,  6.5283e-04],
        [-1.3011e-04,  8.5630e-04,  4.0103e-04],
        [ 4.9862e-04,  7.1841e-04, -2.8599e-03],
        [-1.8412e-03,  3.9901e-04,  8.6222e-04],
        [ 2.5857e-03,  8.5205e-04,  1.3790e-04],
        [ 6.7483e-04,  1.3823e-03,  7.4462e-05],
        [-1.7758e-03,  3.0608e-03, -5.0908e-04],
        [-3.8041e-04, -1.0193e-03,  8.2728e-04],
        [ 1.4270e-03, -1.1330e-04, -2.5804e-03],
        [ 3.1946e-05,  1.5439e-03,  1.1359e-03],
        [ 2.2683e-03, -1.8700e-03,  1.1737e-03],
        [ 1.9114e-03,  7.8743e-04, -1.7554e-03],
        [ 1.8542e-03, -6.7863e-04,  1.8272e-03],
        [-1.3364e-03,  1.5056e-03,  3.6557e-04],
        [-3.8443e-04,  1.2845e-03, -1.5929e-03],
        [-3.4705e-05, -6.7158e-04,  5.3788e-04],
        [-8.7078e-04,  7.9584e-04, -1.1206e-03],
        [ 3.4870e-04,  1.4269e-03, -1.3409e-03],
        [ 1.4873e-03,  1.0374e-03,  5.4947e-04],
        [-5.1326e-04, -3.8368e-04,  1.5320e-03],
        [-1.3651e-03,  2.4993e-03,  1.4092e-03],
        [ 1.6338e-03,  5.3134e-04,  1.7721e-03],
        [-1.3367e-03, -1.2162e-03,  6.2053e-04],
        [-3.6866e-04, -1.3323e-03, -9.8461e-05],
        [ 4.5676e-04,  6.9016e-04, -1.5756e-03],
        [-1.6529e-03, -9.3779e-04,  4.3330e-04],
        [ 2.7588e-04,  4.1092e-04,  1.3931e-03],
        [ 4.0555e-04, -2.9540e-03,  1.0924e-03],
        [-1.3130e-03,  8.7432e-04, -1.3457e-03],
        [ 1.8398e-03, -1.0741e-03,  5.4207e-04],
        [ 8.2902e-04, -8.2103e-05,  1.1270e-03],
        [ 1.4603e-03, -8.0186e-04,  1.2054e-03],
        [-1.5658e-04, -2.3036e-03, -1.1889e-03],
        [ 9.9453e-04, -9.2344e-04, -1.3548e-03],
        [ 1.1586e-03,  7.9859e-04, -3.8294e-03],
        [-1.7345e-03, -1.0891e-03,  1.3209e-04],
        [ 5.8475e-04, -1.0579e-03, -5.2858e-04],
        [-1.4633e-03,  9.2037e-04,  5.3709e-04],
        [-4.4998e-06, -2.0248e-04, -7.3540e-04],
        [ 3.6708e-04,  1.7756e-03, -7.0716e-04],
        [-1.3655e-03, -6.1776e-04,  1.3024e-03],
        [ 7.7331e-04,  1.2862e-05, -2.2761e-04],
        [ 2.0313e-03,  1.0153e-03, -1.1716e-03],
        [ 2.1170e-04, -7.6836e-04, -1.3673e-03],
        [ 1.5546e-04, -1.4389e-03, -9.2600e-04],
        [ 1.4222e-03,  5.3133e-04,  9.5495e-04],
        [-2.5575e-03, -1.6475e-03, -3.1014e-04],
        [ 1.3515e-03,  1.7956e-03,  6.4507e-04],
        [ 1.3195e-03, -5.2149e-04,  8.3072e-04],
        [-4.2574e-04, -3.4460e-04, -4.8567e-04],
        [-1.2897e-04,  1.2539e-03, -1.2674e-03],
        [-1.6962e-03, -1.7543e-03,  6.3800e-04],
        [ 9.0649e-04, -1.9124e-03, -1.1050e-03],
        [ 3.0050e-04, -2.5468e-03, -1.3162e-03],
        [-1.0443e-04,  1.3423e-03, -5.5072e-04],
        [ 2.7146e-04, -1.6436e-03, -1.4114e-04],
        [ 3.1847e-04, -3.4399e-04,  2.4004e-03],
        [ 3.5943e-04, -5.4766e-04,  3.7301e-04],
        [ 2.1507e-03,  1.3466e-03, -2.9136e-03],
        [-7.0117e-05,  4.6182e-04, -9.6852e-04],
        [-1.7916e-03, -6.2347e-04,  1.2594e-03],
        [ 2.5011e-04, -1.2986e-03,  2.9924e-05],
        [ 1.8150e-03, -2.1774e-03, -1.2881e-03],
        [ 8.3089e-05,  3.9567e-04, -1.5062e-04],
        [-1.7716e-03,  4.1819e-04,  6.6320e-04],
        [-5.8765e-04, -1.0570e-03,  1.3916e-03],
        [ 7.2238e-05,  1.6221e-03, -4.3614e-04],
        [-1.9301e-03,  2.1765e-04, -7.0020e-04],
        [ 8.5117e-04,  1.2111e-03,  1.2078e-03],
        [ 1.2463e-03, -1.7720e-04,  7.5127e-04],
        [-6.8498e-04,  8.7187e-04,  1.9727e-03],
        [-5.4433e-04,  3.2651e-04,  6.0771e-04],
        [ 4.0640e-04,  9.1833e-05, -1.2048e-03],
        [ 8.5934e-05,  6.4186e-04,  8.1524e-04],
        [-1.8812e-04,  6.3675e-04,  1.4500e-03],
        [ 6.0776e-04, -1.2991e-04, -4.1028e-04],
        [-5.2390e-04,  1.1536e-03, -4.8790e-04],
        [ 4.7259e-04,  3.5559e-04, -7.6808e-04],
        [ 9.2592e-04, -2.0025e-03,  6.3388e-05],
        [-1.3204e-03, -2.1183e-03, -6.8124e-04],
        [ 1.1324e-03,  1.5183e-03,  2.9107e-03],
        [-1.9327e-03,  5.6417e-05,  6.5533e-04],
        [ 5.6577e-04,  1.3354e-03, -9.1822e-04],
        [-1.5473e-04,  4.2206e-04,  8.4257e-04],
        [-2.0688e-05, -2.3803e-04, -7.7712e-04],
        [ 6.4265e-04,  2.3772e-03,  1.3919e-03],
        [-3.1555e-04, -1.8196e-03,  1.4185e-03],
        [ 4.5582e-04,  3.8015e-04, -1.3808e-03],
        [ 7.9499e-04,  4.2072e-04,  1.0580e-04],
        [-9.8628e-04, -3.1283e-04,  1.1459e-03],
        [-2.0579e-03, -1.4417e-03, -9.3590e-05],
        [-2.1448e-03,  1.4313e-03,  2.0284e-03],
        [ 3.0364e-04, -1.8678e-03,  7.3819e-04],
        [ 1.2097e-03,  1.1577e-03,  1.8770e-03],
        [ 2.9599e-04,  1.5009e-03, -4.8219e-04],
        [ 9.6605e-04, -2.8054e-04, -5.8705e-04],
        [-7.7096e-04,  1.8130e-03,  1.6860e-03],
        [-4.0153e-04, -1.5577e-03,  8.2038e-05],
        [-1.4409e-03, -1.2615e-03,  1.3646e-03],
        [ 2.1832e-03, -1.6105e-05, -3.3422e-04],
        [-5.8808e-04,  1.0022e-03, -1.3452e-04],
        [ 1.1997e-03, -1.3767e-03,  3.0553e-04],
        [ 1.3096e-03, -1.8536e-03, -1.3900e-03],
        [ 1.1661e-03,  1.8798e-03, -4.1273e-04],
        [ 2.0703e-05,  6.3089e-04, -1.0199e-03],
        [ 1.6983e-04,  2.1051e-04, -3.5479e-04],
        [ 1.3997e-03, -2.1668e-03, -2.5145e-04],
        [-3.0742e-04, -1.1875e-03, -7.2904e-04],
        [ 4.7965e-05,  2.0297e-03, -1.7422e-03],
        [-4.7901e-04,  6.5317e-04,  1.1492e-03],
        [-3.9518e-04,  4.1415e-04, -1.2285e-03],
        [ 1.1086e-03,  1.9414e-03,  3.1742e-04],
        [-1.7426e-03,  1.0933e-03, -9.4454e-04],
        [-2.3723e-04,  5.7799e-04, -1.1636e-05],
        [ 7.5555e-04, -4.1256e-04, -1.4370e-03],
        [ 8.4071e-04, -4.3051e-04,  1.9471e-03],
        [-9.3207e-04, -7.6240e-04,  2.2257e-03],
        [-1.4448e-03, -4.5800e-05, -2.2284e-03],
        [-6.3904e-04,  1.0256e-03, -2.4487e-04],
        [-6.3334e-04, -3.9526e-04, -2.8871e-04],
        [ 6.6881e-04, -1.5259e-03, -4.2693e-04],
        [-9.0026e-04,  1.4646e-03,  6.0867e-04],
        [ 1.5092e-03,  1.1356e-03,  5.0118e-04],
        [-1.3080e-03, -1.3012e-03, -7.4546e-04],
        [ 4.2777e-04, -9.5006e-04, -8.7556e-05],
        [-2.7951e-01,  7.2085e-01, -9.1095e-02],
        [ 2.4608e-03,  7.6573e-04, -7.7115e-04],
        [ 6.0380e-04,  2.2008e-03,  1.9800e-04],
        [-9.9440e-04, -1.5616e-03,  1.4955e-03],
        [-2.7747e-04,  3.7340e-04,  8.9458e-05],
        [-8.4834e-05,  1.0183e-03, -6.2772e-04],
        [ 1.3328e-03,  1.0606e-03,  2.9858e-04],
        [ 1.3424e-03,  4.5161e-04, -7.0852e-04],
        [-6.3716e-04, -1.8107e-04, -6.7358e-04],
        [ 1.1651e-03,  4.3606e-04, -1.0115e-03],
        [ 2.9758e-03,  1.8587e-03, -2.0362e-03],
        [ 9.6692e-04,  2.6452e-03,  2.2425e-03],
        [-8.9643e-05, -7.3534e-04, -9.1617e-04],
        [-4.7677e-04, -2.6574e-06,  5.4242e-04],
        [ 9.8258e-04, -3.6805e-04, -1.0743e-03],
        [-1.7262e-03, -6.2046e-05, -8.1529e-04],
        [ 7.7537e-04, -1.7225e-03,  3.0912e-03],
        [-1.7433e-03,  8.0734e-04, -8.2601e-04],
        [ 1.3548e-03,  5.2382e-04, -1.5821e-04],
        [-8.2536e-04, -2.4443e-03,  1.5035e-03],
        [-1.1719e-03, -1.6556e-03, -4.6517e-04],
        [ 4.6708e-04, -7.5340e-04,  1.4731e-03],
        [-1.5542e-04,  2.6432e-03, -1.9785e-03],
        [ 2.2287e-03,  1.1742e-03,  1.9065e-03],
        [-2.2254e-03, -3.9834e-04,  9.7561e-05],
        [ 4.6250e-04, -5.7739e-05,  2.0193e-03],
        [ 9.3022e-04,  3.8507e-04,  1.0222e-03],
        [ 4.8672e-04, -6.0909e-04,  8.7552e-04],
        [-1.8579e-03,  1.2647e-05, -5.1613e-04],
        [-1.3854e-03,  1.2659e-03, -1.9345e-04],
        [ 1.8557e-03, -8.4378e-04,  3.5505e-04],
        [ 5.6393e-04, -1.5559e-04,  2.6203e-03],
        [ 1.1474e-03,  3.9992e-04,  8.3443e-04],
        [-1.0193e-03, -1.9597e-04,  1.4632e-03],
        [-1.2110e-04,  1.4463e-03, -1.5119e-03],
        [ 1.0895e-03, -2.1217e-04,  1.4266e-03],
        [-4.2473e-04, -2.2227e-03, -5.4973e-04],
        [ 1.9162e-04,  2.0492e-03, -4.9714e-04],
        [-2.1085e-03,  5.5819e-05,  8.3793e-04],
        [ 6.2130e-04,  1.0449e-03, -9.6036e-04],
        [ 3.5542e-03,  7.8802e-04, -1.3966e-03],
        [ 6.8341e-04,  1.6071e-04,  1.3545e-03],
        [-2.0223e-04, -1.9908e-03,  9.1258e-05],
        [-2.3067e-03,  4.3274e-04, -2.0314e-03],
        [ 9.9501e-04, -1.5975e-03,  1.2669e-03],
        [-1.9568e-03,  2.5733e-03, -3.9497e-04],
        [ 1.2943e-04, -6.3310e-04,  1.4194e-03],
        [-1.0612e-03,  1.6382e-04, -2.7859e-03],
        [ 4.0444e-04, -1.8064e-03,  2.6731e-04],
        [-3.6083e-04,  2.1992e-03,  1.7273e-03],
        [ 6.1598e-04, -2.8612e-04,  2.0173e-03],
        [ 1.4542e-03, -1.0461e-04, -5.3783e-05],
        [ 1.5121e-03,  8.1845e-04,  3.0334e-04],
        [ 6.9189e-04, -1.0778e-03, -1.1607e-03],
        [ 1.9947e-03,  5.2211e-05, -1.2054e-03],
        [ 2.5140e-04,  1.3236e-03,  7.7551e-04],
        [-1.5062e-03,  2.8745e-04, -5.3802e-04],
        [-3.4451e-04, -1.0262e-03, -6.2530e-04],
        [-1.2877e-03,  6.9362e-04,  5.5899e-04],
        [ 3.1087e-04,  7.6722e-05,  2.8419e-03],
        [-7.6256e-04, -9.9502e-04, -1.4217e-03],
        [ 4.7477e-04,  1.0793e-04,  1.5651e-03],
        [-1.3897e-03,  2.0447e-03, -1.2615e-03],
        [ 8.4170e-04, -9.9454e-04, -1.2953e-03],
        [-1.9194e-03,  9.4137e-04,  9.1432e-04],
        [ 1.6833e-04, -2.0656e-04, -1.1732e-04],
        [ 1.2584e-03,  8.3245e-04,  8.2822e-04],
        [ 2.7259e-04,  2.6122e-03,  1.2563e-03],
        [-1.1596e-03,  1.2714e-03,  3.1275e-06],
        [-4.0688e-04,  3.8175e-04, -8.5914e-04],
        [-1.7348e-04,  8.7054e-04, -1.0555e-04],
        [ 9.0094e-04,  3.0258e-05, -3.3477e-04],
        [-1.4119e-03, -1.3593e-03,  1.0346e-03],
        [ 1.1739e-06,  6.2134e-04,  4.0862e-04],
        [ 4.5398e-04, -4.1524e-04, -3.9259e-04],
        [-1.4383e-03, -2.3003e-03, -2.1543e-04]], device='cuda:0')), ('fcs.0.bias', tensor([ 2.7077e-05, -1.4469e-03,  1.2755e-03, -2.2218e-03,  5.3785e-04,
         2.1914e-03,  7.6533e-04,  1.9196e-03,  7.8995e-04, -1.0943e-03,
        -7.5010e-04,  2.5039e-03, -1.0099e-03, -4.8695e-04, -1.3380e-03,
        -1.3581e-05, -6.0190e-04, -7.3846e-04, -3.5622e-04,  6.7501e-05,
         4.4260e-04, -2.1230e-03,  1.5346e-03,  9.0735e-05,  5.8862e-04,
         6.8961e-04, -6.4890e-04, -9.2895e-04,  6.7564e-04, -1.3701e-03,
         1.7187e-03, -1.6807e-03,  2.7529e-03, -2.9723e-04,  2.6113e-05,
        -9.0128e-04,  1.1269e-03, -7.4095e-04,  8.8803e-04, -2.1122e-03,
         8.7305e-04, -1.5695e-03, -5.6563e-04, -2.6249e-05, -1.0623e-03,
         4.5086e-04,  7.2203e-04, -6.3666e-04, -2.8271e-04,  1.1699e-03,
        -1.5370e-03,  2.3313e-04,  9.0127e-04,  1.7136e-03, -1.4903e-03,
         1.0990e-03, -4.2103e-04, -8.5037e-04, -1.3323e-03,  8.5211e-04,
        -8.8346e-04,  4.9907e-04,  6.4177e-04, -4.5306e-06, -1.2304e-03,
         2.1510e-03, -6.6250e-04,  1.2806e-03,  3.6556e-05, -1.6926e-04,
         4.4114e-03, -6.6870e-04, -1.2268e-03, -1.4636e-03,  2.2058e-04,
         1.8400e-03,  1.2318e-03, -8.7134e-04,  1.3537e-03, -1.2460e-03,
        -1.7880e-03,  1.2826e-04, -1.6258e-03,  2.2533e-03, -1.8275e-03,
        -2.0111e-04,  8.1589e-05, -9.3284e-04, -3.2363e-03, -1.2747e-03,
        -1.4361e-04, -1.2442e-03,  2.8619e-03,  2.8166e-04, -1.1509e-03,
        -1.8165e-04, -7.6894e-04,  1.3997e-03,  1.2597e-03, -9.2624e-04,
         5.8438e-05, -1.9946e-03,  8.6796e-04, -1.3644e-03, -6.7181e-04,
         1.3590e-03, -1.4899e-03,  3.9866e-04, -1.5175e-03, -1.2225e-03,
        -1.8401e-03,  6.2785e-04, -2.4552e-04, -1.9236e-04, -1.2042e-04,
        -1.5070e-03,  2.2983e-03, -9.2434e-04,  7.7067e-04, -5.8594e-04,
        -4.8967e-04,  2.2336e-03, -1.5571e-03,  2.4543e-03,  1.4312e-03,
         3.1792e-03,  2.1209e-03, -6.7224e-04,  7.4591e-04,  1.1708e-03,
        -2.2433e-04,  9.9161e-04, -1.0693e-03,  1.9803e-03, -1.0626e-03,
         1.2373e-03,  7.5857e-04, -1.7428e-03,  7.9785e-04,  1.5293e-03,
         1.6169e-04,  1.7810e-03,  2.3720e-03,  2.7592e-05, -9.7104e-04,
        -5.2423e-04,  8.0673e-04,  7.8949e-04, -1.9431e-03,  2.6630e-03,
        -1.3798e-03, -4.2187e-04,  4.6385e-04,  7.5867e-04,  4.8231e-04,
        -2.9992e-05,  9.0584e-04, -1.5580e-04,  4.0577e-04,  4.4756e-04,
         2.5986e-04,  2.4222e-04,  6.6174e-04,  1.6037e-03,  9.2141e-04,
        -2.7158e-04, -5.8703e-04,  8.2018e-04, -3.8495e-04,  4.0628e-04,
        -1.9277e-03, -1.6257e-03, -1.1795e-03,  4.2648e-04, -4.8526e-04,
        -4.9651e-04, -6.8864e-04,  2.2226e-04,  1.8171e-03, -5.1166e-05,
         1.9095e-01, -4.4951e-04,  1.7457e-03,  1.4661e-04,  3.1058e-04,
        -1.5422e-03,  2.3453e-03,  1.0414e-03, -1.7645e-03, -1.0275e-03,
        -3.6883e-04, -5.1589e-04,  4.2040e-03, -1.6495e-04,  7.4585e-04,
         6.2687e-04, -4.5311e-04, -1.1641e-03, -1.9115e-03, -3.3904e-04,
        -1.6488e-03,  2.4836e-04, -9.0146e-04, -6.9639e-04,  3.5213e-04,
        -5.9297e-04,  1.5400e-03,  8.4824e-04,  8.1153e-05,  1.8683e-03,
        -4.3400e-04,  7.1850e-05, -3.4569e-04, -3.9329e-05, -1.2388e-04,
         9.2763e-05, -2.3131e-04, -1.0975e-04,  4.6720e-04, -7.3739e-04,
        -4.2605e-04, -3.4372e-04,  2.9690e-04,  1.0166e-04, -1.1685e-03,
         1.4659e-03, -2.1264e-03,  2.0470e-03, -4.9647e-04,  3.2632e-04,
        -3.9643e-03,  1.2160e-03, -1.6946e-03, -5.1162e-04, -2.2283e-03,
         3.2185e-04,  2.1661e-03, -2.0655e-03, -1.1989e-03,  1.9747e-03,
         5.9836e-04, -1.5912e-03, -4.2458e-04,  2.0948e-03, -4.0719e-03,
        -3.3052e-03,  3.9963e-06, -9.6781e-04, -4.4175e-04,  8.1079e-04,
        -5.7631e-05,  2.0376e-03, -7.7571e-04,  1.8626e-03, -1.3548e-03,
        -1.0211e-03], device='cuda:0')), ('fcs.1.weight', tensor([[ 7.7156e-04,  5.5388e-04, -8.1001e-05,  ...,  1.3033e-03,
         -6.7199e-04,  4.9656e-04],
        [-5.2907e-05,  7.6460e-04, -4.3194e-03,  ...,  5.2752e-05,
         -4.9646e-04,  8.9141e-04],
        [ 2.1794e-03, -1.3050e-03,  6.5063e-04,  ...,  2.0234e-03,
          1.3122e-03, -2.1814e-03],
        ...,
        [ 7.6574e-04, -5.5308e-04,  1.4668e-03,  ..., -2.4974e-03,
          1.3015e-03,  1.4656e-03],
        [ 1.3045e-03, -6.7505e-04,  2.1803e-03,  ...,  4.9614e-04,
         -5.5278e-04, -6.5364e-04],
        [-1.3041e-03,  1.3041e-03, -1.3099e-03,  ..., -1.9620e-03,
          2.0270e-03,  2.4983e-03]], device='cuda:0')), ('fcs.1.bias', tensor([ 2.4334e-03,  2.7626e-03, -1.3041e-03, -2.4607e-03, -8.8612e-04,
         5.2518e-04, -1.1829e-03,  1.6014e-03,  1.1289e-03,  8.0334e-04,
        -2.7855e-04, -6.9976e-04, -6.4600e-04,  2.7567e-04, -1.3337e-03,
        -1.5508e-03, -6.9788e-05, -2.0166e-03, -2.4461e-03,  1.2580e-04,
        -3.1441e-04, -1.8185e-04, -1.1675e-03,  1.4551e-03,  7.3136e-04,
        -1.8220e-03,  8.8272e-04,  1.3661e-03,  7.8288e-04, -7.4344e-04,
        -2.0149e-03, -5.6728e-04,  8.8181e-04,  8.5644e-05,  1.5021e-03,
        -8.1492e-04, -5.0940e-04,  1.5295e-03, -1.4921e-03,  3.7013e-04,
        -5.8898e-05,  4.6874e-04,  7.9348e-04, -1.2412e-03,  1.4434e-04,
        -6.8161e-04, -1.5176e-05, -2.2171e-03, -1.2575e-03, -1.3752e-03,
        -1.1438e-03,  2.0502e-03, -3.5461e-04,  1.5949e-03,  2.6123e-04,
         8.7905e-04, -7.3228e-04, -1.2687e-03,  8.0155e-04,  2.4074e-03,
        -8.6517e-04,  1.3059e-03,  2.0958e-03, -1.0493e-03,  5.5116e-04,
         4.6802e-03, -1.3503e-03, -1.2868e-03, -1.4919e-03,  2.2125e-03,
         1.0555e-03, -1.5202e-03, -7.6590e-04,  2.3505e-04, -6.4966e-04,
         6.1165e-04,  8.2095e-04, -7.9579e-04,  8.4115e-05, -2.2186e-03,
         2.4990e-03, -8.6414e-04, -7.9785e-04, -2.4693e-03, -1.1093e-03,
        -2.9944e-04, -3.2713e-04,  9.0812e-04,  6.4062e-04, -7.6458e-04,
         4.7204e-04, -9.6124e-04,  1.5339e-03,  1.0945e-03, -4.5488e-04,
        -1.0794e-03,  1.7548e-03,  2.1078e-03,  8.3442e-04, -2.3658e-04,
        -6.0534e-05, -1.5908e-04,  6.4469e-04, -5.0917e-04, -4.8582e-04,
         3.9443e-04,  6.3083e-04, -5.2181e-04, -5.5327e-04,  7.4495e-04,
        -2.9916e-03,  7.1789e-04,  5.6175e-04,  9.9557e-04,  8.1518e-04,
         1.4934e-03, -8.4638e-04, -5.3498e-05,  4.2162e-04, -1.5874e-03,
        -1.6447e-04,  1.2388e-03,  6.3770e-04, -9.0122e-04, -1.3675e-03,
         1.5412e-03, -4.9139e-04, -1.9059e-03], device='cuda:0')), ('fcs.2.weight', tensor([[ 7.2190e-04, -1.0848e-03, -2.0969e-03,  1.1004e-03,  5.9619e-04,
          2.0442e-03, -1.3218e-03, -5.2198e-04,  4.9753e-04,  7.6079e-04,
          4.5874e-04, -1.4955e-03,  1.7747e-03,  9.4322e-01, -1.0602e-03,
         -8.6742e-04,  5.6449e-04, -9.0674e-04,  1.1653e-03, -1.9224e-03,
         -4.4949e-04, -2.3320e-03,  8.5858e-04, -1.8046e-03, -1.4444e-03,
          1.2092e-03, -1.8490e-03, -1.0725e-04, -3.4166e-03, -9.4478e-04,
          5.0592e-04,  8.3125e-04, -7.0994e-04,  1.3719e-03,  6.9013e-04,
          1.7915e-03, -1.8318e-04, -6.9835e-04,  1.4119e-03,  2.9249e-03,
         -1.7666e-03, -3.4319e-04,  2.3438e-04,  4.6830e-04,  5.4363e-04,
          2.5028e-03, -4.5187e-04, -2.5494e-03,  2.3510e-03, -2.7166e-03,
         -2.7159e-03,  4.4851e-05, -5.1737e-04, -1.1244e-03,  3.4251e-04,
          2.7932e-03, -4.5336e-04, -1.4390e-03,  1.2239e-05,  2.2189e-03,
         -4.2943e-04, -1.3920e-03,  1.3490e-03,  1.5515e-03,  1.9745e-03,
          9.7763e-05, -3.9680e-04,  1.5709e-03, -2.0144e-03, -3.0166e-04,
         -1.6566e-03,  2.1996e-03, -1.8739e-03, -4.1473e-03, -7.4058e-04,
          1.3825e-03,  1.3710e-03,  1.5071e-03, -3.3217e-04, -2.5395e-03,
          1.6594e-04, -3.0117e-03, -1.4575e-03, -6.8373e-04, -2.2580e-03,
         -4.1122e-04,  5.6966e-04,  7.4796e-04,  5.1075e-05,  1.5069e-03,
         -1.6615e-03, -7.2936e-04, -1.4239e-03,  5.4158e-04,  4.0314e-04,
         -1.6650e-03,  7.0744e-04,  2.5372e-05,  2.0716e-03,  3.3780e-03,
         -2.5128e-03,  1.5141e-03,  1.7186e-03,  1.6433e-04, -5.9362e-04,
          1.5881e-04,  1.3955e-03, -1.4707e-03,  7.6775e-04, -2.1127e-04,
          4.5920e-04,  1.6513e-03, -2.9032e-04, -1.6516e-04,  6.2090e-04,
          2.1530e-03, -1.7250e-04,  1.0851e-03, -1.3203e-03, -2.5150e-04,
         -2.0520e-04, -9.8810e-04, -1.3658e-03, -6.6993e-04,  1.0053e-03,
          1.6775e-03, -1.0199e-03,  5.8862e-04]], device='cuda:0'))])
end of epoch 7: val_loss 0.0018744576786982492, val_acc 1.0
trigger times: 0
saving model weights...
Weights: OrderedDict([('fcs.0.weight', tensor([[-1.0799e-03, -1.3390e-03, -2.0176e-04],
        [ 2.5572e-03, -3.6464e-04,  1.2891e-05],
        [ 1.3704e-04, -7.7406e-04,  1.3064e-03],
        [-1.7134e-03,  1.6329e-03, -1.4575e-03],
        [-2.6253e-03,  3.7676e-04,  4.3615e-04],
        [ 6.6789e-06,  8.8473e-04,  2.0661e-03],
        [ 4.5706e-04, -1.5915e-03, -7.9489e-04],
        [-1.4635e-03, -2.8311e-03, -1.3850e-03],
        [ 1.9815e-03,  1.5401e-03, -1.9968e-03],
        [ 6.1870e-04, -2.3028e-03, -2.5003e-03],
        [-2.4151e-06, -1.1693e-03,  1.6542e-04],
        [-1.4943e-03, -1.7572e-03,  2.6895e-03],
        [-8.4976e-04, -1.2463e-03, -8.6992e-04],
        [-3.2339e-04,  3.2940e-04, -4.1426e-04],
        [-2.2454e-03, -1.5044e-04,  4.5500e-04],
        [ 1.0863e-03, -1.2920e-03, -7.7559e-04],
        [-2.4903e-03, -7.7715e-04, -8.1252e-04],
        [ 7.4123e-04, -1.8875e-03,  6.8209e-04],
        [-9.9326e-04, -5.6434e-04,  8.2323e-04],
        [-3.1966e-04, -1.5405e-03, -8.9964e-04],
        [ 1.5705e-04,  5.8343e-04,  1.6325e-03],
        [-1.4660e-03,  4.0318e-04, -4.2612e-04],
        [-2.8954e-03,  1.3488e-03,  1.0741e-03],
        [-1.1403e-03,  2.4338e-04, -1.2202e-03],
        [-3.5972e-03,  7.7536e-04,  1.7677e-04],
        [-3.7544e-04,  8.1273e-04,  5.5225e-04],
        [ 8.0679e-04,  1.2696e-03,  7.8577e-04],
        [ 1.3538e-03,  1.9097e-03,  6.7156e-05],
        [-2.4027e-03, -1.9782e-03, -7.6995e-05],
        [ 2.2331e-03, -4.9453e-04, -1.8300e-03],
        [-1.1698e-03, -1.1274e-03,  8.2609e-05],
        [ 3.1945e-07,  1.4840e-03,  1.6477e-03],
        [ 8.7922e-04, -4.9381e-04, -1.3100e-03],
        [-1.2441e-03, -1.3058e-03, -7.2500e-04],
        [ 1.6618e-03, -8.2619e-04, -2.0414e-03],
        [-2.4019e-03,  2.5270e-03,  5.5286e-04],
        [ 2.2641e-03, -3.0565e-03, -3.2402e-03],
        [-2.4289e-04,  1.3835e-03, -8.6432e-04],
        [ 1.0562e-05,  1.3761e-03,  1.4447e-03],
        [ 2.6003e-04,  7.6377e-04, -2.3542e-03],
        [-6.7002e-07,  1.1563e-04, -8.5233e-05],
        [-7.4341e-04,  8.8303e-04, -4.6918e-04],
        [-5.2904e-04, -2.4492e-03, -2.3850e-03],
        [-9.5993e-04,  2.2325e-03,  1.0786e-03],
        [-1.1376e-03, -8.3474e-04, -9.9086e-04],
        [-3.7662e-03,  3.8420e-04, -1.7416e-03],
        [ 5.6405e-04, -1.7336e-03, -1.2869e-03],
        [-1.2492e-03,  2.0603e-03, -1.8254e-04],
        [-9.2761e-04,  1.9039e-04, -3.5236e-04],
        [ 8.6511e-04, -8.3560e-05,  6.0000e-04],
        [ 3.0041e-03, -4.8272e-04,  7.8126e-04],
        [ 6.9602e-04, -2.3498e-04, -1.6683e-04],
        [ 9.0724e-04,  1.9939e-03,  1.0950e-03],
        [ 1.6134e-03,  2.0289e-03, -6.4022e-04],
        [ 7.7872e-05,  1.5820e-03, -8.0188e-04],
        [-5.0806e-04,  2.5047e-05, -8.7087e-04],
        [-1.7000e-03, -6.4509e-04,  4.0952e-04],
        [-6.5969e-04, -1.7612e-03,  2.9963e-03],
        [ 8.6670e-04,  3.6224e-04,  7.4849e-04],
        [-1.5660e-03, -4.0234e-04,  1.4646e-03],
        [ 9.0685e-04,  1.6130e-03, -6.4533e-04],
        [ 3.0019e-03, -1.6400e-04,  1.6799e-03],
        [-3.6926e-04, -8.4831e-04,  2.0543e-03],
        [-9.0042e-04,  1.2418e-03, -8.3956e-04],
        [-9.3105e-05, -3.8387e-03,  1.6901e-03],
        [ 4.2055e-03, -4.0948e-05, -2.5973e-04],
        [ 8.6161e-04,  7.7641e-04, -1.1135e-03],
        [-6.3787e-04,  3.5769e-04,  5.6214e-04],
        [ 2.3122e-03, -1.1409e-04, -4.1442e-04],
        [ 9.4087e-04, -5.9890e-04,  8.2352e-04],
        [-3.1438e-03,  1.4705e-03, -2.0128e-03],
        [ 8.2718e-04,  9.3378e-04,  5.1723e-04],
        [-7.8663e-04,  1.5642e-04, -6.7813e-04],
        [ 2.0376e-03,  1.1112e-03, -6.0225e-04],
        [ 2.0301e-03, -5.7200e-04,  1.0554e-03],
        [ 9.3202e-04, -3.1233e-04, -9.5395e-04],
        [-8.2415e-04,  9.7830e-04,  1.2074e-04],
        [ 9.2076e-04, -1.6908e-03,  1.0013e-03],
        [ 1.6898e-03,  2.5897e-04,  4.6707e-04],
        [ 4.6558e-04, -2.5431e-03,  8.7713e-04],
        [ 2.2026e-05, -2.1083e-03, -9.2947e-04],
        [ 4.5987e-04, -1.0554e-03,  7.7625e-04],
        [ 2.5275e-04,  1.2747e-03,  8.4348e-04],
        [ 5.9076e-04, -4.8747e-04, -6.1614e-04],
        [-1.1051e-03, -2.5133e-04, -1.1689e-03],
        [-1.3876e-04,  1.7201e-03, -4.1677e-04],
        [-8.5893e-04,  1.5898e-03, -6.1913e-04],
        [ 9.2267e-04,  1.4049e-03,  4.6980e-04],
        [-2.4415e-03,  4.3933e-04, -2.1336e-03],
        [ 1.7324e-03,  7.4533e-04,  4.5526e-04],
        [ 1.1842e-03,  1.2135e-03, -5.0123e-04],
        [ 9.1989e-04, -4.3500e-04,  1.5530e-03],
        [ 1.4615e-03,  9.8799e-04,  7.8169e-04],
        [ 1.8221e-03, -8.9467e-04,  1.1174e-03],
        [-5.4083e-04,  4.4729e-05,  1.8571e-03],
        [ 2.0989e-03,  1.9077e-03, -1.4869e-03],
        [ 9.6986e-04,  2.4460e-03,  7.0740e-04],
        [-7.0913e-04, -1.0222e-03, -5.4226e-04],
        [-1.3935e-03, -8.7835e-04,  9.7334e-05],
        [-1.1888e-03,  2.1422e-03,  2.2637e-03],
        [-4.0317e-07, -6.4313e-04, -5.0694e-04],
        [-1.6094e-03, -3.3441e-04, -1.5727e-03],
        [-1.2516e-04, -3.0201e-03,  1.3521e-03],
        [ 2.5058e-05,  5.6538e-04, -2.7969e-04],
        [-5.5381e-04,  9.5979e-05,  8.4035e-05],
        [-1.9520e-04, -3.0585e-03, -2.8873e-03],
        [-8.4049e-04, -2.1991e-03, -7.8073e-04],
        [-1.7818e-03,  5.6855e-04,  1.2803e-03],
        [-5.2839e-04, -1.5030e-04,  5.5991e-04],
        [ 4.2336e-04,  1.3465e-03, -1.2993e-03],
        [-8.5758e-04, -2.8573e-03,  1.8692e-04],
        [ 1.1228e-03,  2.8699e-03, -9.0279e-04],
        [-4.3253e-04, -3.2392e-04, -4.0649e-05],
        [-4.4879e-04,  2.5898e-03,  3.4851e-05],
        [ 4.7513e-05, -2.0345e-03, -1.5316e-03],
        [ 2.0447e-03,  1.7530e-03,  3.1724e-03],
        [-2.7530e-04,  8.1074e-04, -2.2855e-03],
        [ 2.3234e-03,  9.6879e-04, -1.3229e-03],
        [ 3.1059e-03, -3.2077e-04, -1.4469e-03],
        [-1.2018e-03,  7.0698e-04, -9.9591e-04],
        [-7.5323e-04, -1.7074e-03, -1.4425e-03],
        [-2.2852e-03, -2.2906e-04, -5.9160e-04],
        [-5.4130e-04,  1.2133e-03,  1.1985e-04],
        [-1.7927e-03,  3.3864e-03, -1.1976e-03],
        [-6.3015e-04, -7.9308e-04,  7.9975e-04],
        [ 2.4132e-04, -1.4159e-04,  1.5855e-03],
        [-1.4076e-03,  6.6585e-04,  2.1831e-03],
        [ 1.0343e-04, -5.7412e-04,  1.5606e-03],
        [ 1.0370e-03,  6.3522e-04, -2.0320e-03],
        [ 3.0844e-04,  7.0199e-04,  1.0173e-03],
        [ 7.4084e-04,  3.7640e-03, -5.5539e-05],
        [-3.1363e-03, -6.3413e-04, -1.8036e-03],
        [-1.3518e-03,  6.3815e-04,  3.8008e-04],
        [ 7.8155e-04,  5.6572e-04, -4.4184e-04],
        [ 1.6549e-03, -1.2036e-03, -2.1850e-03],
        [-1.9815e-03,  2.4171e-04, -6.8727e-04],
        [-1.4756e-03, -2.9528e-04, -1.4066e-03],
        [ 8.6319e-05,  8.2460e-04, -6.3290e-04],
        [ 2.2700e-03, -1.4437e-03, -1.7939e-03],
        [-5.0232e-05, -3.1365e-03, -1.1474e-03],
        [-2.6647e-03, -6.3203e-04,  6.5479e-04],
        [ 5.8941e-04,  1.9473e-03,  5.2645e-04],
        [-1.3951e-03, -9.8841e-04, -1.1939e-03],
        [ 1.1758e-03,  1.5748e-03, -1.7431e-03],
        [ 2.0363e-03,  6.8058e-04,  4.1146e-05],
        [ 2.6151e-03,  6.7480e-04, -5.1754e-04],
        [ 9.3654e-04, -3.0937e-03,  4.9193e-04],
        [ 7.2369e-04, -1.3327e-03, -1.8794e-03],
        [ 1.0683e-03,  1.2304e-03, -2.7483e-03],
        [-3.0248e-03, -1.0102e-04, -1.5744e-03],
        [-4.3833e-04,  1.2846e-03,  1.4150e-03],
        [ 2.7375e-03,  1.4110e-03, -7.3384e-04],
        [-4.6427e-04, -1.7945e-03, -1.0565e-03],
        [ 3.8669e-04, -3.8253e-04, -8.3445e-04],
        [-5.0661e-04,  8.0735e-04, -3.2249e-03],
        [ 1.9902e-03, -2.4120e-04, -6.1059e-04],
        [ 9.0352e-04,  1.6521e-03, -7.9370e-04],
        [-4.0977e-04, -2.7727e-03,  3.7089e-04],
        [ 7.0843e-04, -2.0362e-03, -1.1290e-03],
        [-2.4953e-03,  2.6258e-03,  2.7820e-03],
        [-1.2297e-03,  6.6459e-04, -2.2988e-03],
        [ 2.1302e-04,  1.1009e-03, -2.1277e-03],
        [-8.7555e-04,  1.4568e-03,  6.9682e-04],
        [ 1.4972e-03,  6.2310e-04, -1.8727e-03],
        [-1.3374e-04,  5.4957e-04, -1.7457e-03],
        [ 3.7660e-03,  1.1601e-03,  9.5633e-04],
        [-9.7961e-05, -1.6441e-03, -8.3681e-04],
        [ 9.9042e-04,  8.2267e-04, -2.0445e-03],
        [-1.8179e-03,  1.4621e-03,  4.3019e-03],
        [ 3.2824e-04, -1.6692e-03, -1.4495e-03],
        [-5.7024e-04,  1.8748e-03,  2.4128e-03],
        [ 9.9671e-04, -5.8257e-04, -2.4523e-04],
        [-8.7907e-04,  1.2405e-03,  9.9263e-04],
        [ 2.1836e-04, -3.7528e-03,  1.2033e-03],
        [-6.0674e-04, -2.2840e-03, -5.3390e-04],
        [-3.9878e-04,  1.0184e-03,  6.0589e-04],
        [-1.3977e-03, -8.4943e-04, -1.9345e-03],
        [-5.6624e-04,  7.7867e-04,  6.1194e-04],
        [-1.4333e-03, -1.8184e-03, -5.7946e-04],
        [-1.4582e-03, -3.4814e-04, -1.4756e-03],
        [-4.0824e-01,  7.2779e-01, -1.7670e-01],
        [-6.5191e-04, -8.4437e-04, -1.3252e-03],
        [ 7.6864e-04, -1.0613e-04,  6.7713e-04],
        [ 3.7707e-04, -4.9610e-04, -3.1913e-03],
        [-1.5707e-03, -3.4829e-04,  1.4110e-04],
        [-9.3287e-04, -3.2651e-05,  6.0722e-04],
        [ 1.3449e-03, -2.5495e-04, -1.3173e-03],
        [ 7.1995e-04, -1.6819e-03,  7.1274e-04],
        [-1.1082e-04,  1.1553e-04,  1.2166e-03],
        [ 2.6846e-03, -2.6971e-03, -5.6442e-04],
        [-2.2422e-04,  4.2149e-04, -6.2018e-04],
        [ 3.2435e-04,  7.2064e-04, -9.9336e-04],
        [-2.7945e-03,  2.0504e-05, -1.1655e-03],
        [-8.0227e-04,  9.0320e-04,  1.8275e-03],
        [-8.0811e-04, -1.8769e-04,  2.1947e-03],
        [-8.7731e-04, -2.3611e-04,  1.9576e-03],
        [ 1.4274e-03,  3.7417e-04,  4.6311e-05],
        [-2.1915e-04, -1.1590e-04, -3.5816e-04],
        [ 2.2452e-04, -2.0201e-04, -2.7295e-06],
        [-1.1420e-03, -9.1765e-04,  1.2275e-03],
        [ 1.2217e-03,  1.8567e-04,  1.6232e-03],
        [-1.0938e-03,  4.0156e-03,  2.0573e-03],
        [-2.2100e-03,  1.1131e-03,  5.5623e-04],
        [ 6.6878e-04, -2.5855e-04,  2.6637e-04],
        [ 1.7292e-03,  1.6589e-03, -1.3494e-03],
        [ 1.2658e-03, -1.6791e-03, -6.0569e-04],
        [-8.4254e-04, -7.1530e-04,  2.1931e-03],
        [-5.3441e-04,  1.2920e-04,  6.0854e-04],
        [ 3.2540e-04, -7.2238e-04,  8.6364e-04],
        [ 1.7641e-03, -1.5148e-03, -3.5493e-04],
        [-1.2354e-03, -6.0064e-04,  5.2491e-04],
        [-1.3940e-03,  9.8916e-04,  2.1595e-03],
        [ 2.1458e-03,  3.8534e-04,  5.5343e-04],
        [-5.9268e-04, -7.0541e-04, -1.7374e-03],
        [-1.7600e-03,  2.7786e-03, -1.3522e-03],
        [-2.0173e-03, -1.3307e-03, -6.5616e-04],
        [ 3.0898e-04,  9.6422e-04,  9.9257e-04],
        [ 4.3963e-04,  8.2928e-04, -2.7854e-04],
        [-9.6963e-04, -1.3097e-03,  3.8778e-04],
        [-5.8837e-04, -1.2132e-03,  1.6217e-05],
        [ 4.9152e-04, -2.2013e-03, -1.0813e-03],
        [ 2.8641e-03,  9.3446e-04,  2.4059e-03],
        [ 1.5715e-04,  2.3119e-03,  1.0239e-03],
        [ 2.2624e-03, -1.8952e-03,  1.2328e-03],
        [-1.7544e-04, -5.1712e-04,  3.0006e-04],
        [ 1.0604e-03, -9.3247e-04,  1.2012e-03],
        [ 2.8503e-03, -1.6034e-03,  1.2445e-03],
        [ 1.2505e-03, -6.0790e-05, -1.5099e-03],
        [ 3.9019e-04, -4.9308e-04,  1.4657e-04],
        [-1.4410e-03, -4.0195e-03,  1.3842e-03],
        [ 2.1477e-04, -3.3417e-04, -2.6124e-03],
        [-3.8694e-04, -7.7058e-04, -1.5116e-03],
        [-1.2912e-03,  6.9289e-04,  1.5575e-03],
        [ 9.4870e-04,  1.4738e-03,  3.6934e-04],
        [-2.1479e-03, -2.9971e-04,  1.1756e-03],
        [-4.1839e-04,  1.1105e-03,  3.3063e-03],
        [-1.8955e-03,  4.9982e-04,  3.7635e-04],
        [-8.0712e-04, -4.1399e-04, -1.8517e-03],
        [ 2.9783e-04,  5.4096e-04,  1.0086e-03],
        [ 8.0072e-04,  1.8709e-04,  1.6230e-03],
        [ 3.6783e-03, -3.8854e-04, -1.9332e-03],
        [ 6.5802e-04,  2.9296e-03, -1.3707e-03],
        [ 1.1669e-03, -5.0591e-04,  2.2335e-04],
        [ 6.6347e-04,  1.1190e-03, -8.8069e-04],
        [ 1.4269e-04, -5.2333e-04, -4.0931e-04],
        [ 5.8536e-04,  1.2622e-03, -9.9670e-04],
        [ 1.7038e-04, -1.8672e-03, -8.1076e-04],
        [ 9.3902e-04, -8.5799e-05, -2.3268e-04],
        [-2.2325e-04,  5.1787e-04,  1.7123e-03],
        [ 6.2222e-04,  2.4094e-04,  8.8929e-04],
        [ 1.0023e-03, -3.3960e-04,  4.1546e-04],
        [ 1.2164e-06, -9.1432e-04,  1.8710e-04],
        [ 2.3615e-03,  7.2741e-04, -1.0769e-03],
        [ 8.1541e-04,  1.6905e-04, -1.5530e-03],
        [ 6.8591e-04, -2.5285e-03, -5.7141e-04],
        [-1.9678e-03,  1.8018e-03,  1.4375e-03]], device='cuda:0')), ('fcs.0.bias', tensor([-1.9385e-03,  1.1809e-03, -1.5059e-03, -9.6588e-05, -8.3289e-04,
         3.4856e-04,  3.7767e-03,  1.5411e-03,  5.0734e-03, -3.2444e-04,
        -4.6923e-04, -8.5379e-04,  1.6656e-03, -3.8778e-03, -1.1680e-03,
         1.2181e-03, -2.9452e-03, -3.9597e-03, -8.5712e-05,  2.7908e-04,
         2.3393e-03,  1.6383e-03, -9.4889e-04, -1.1893e-03,  1.2905e-03,
        -2.4184e-03, -1.4541e-03,  7.0044e-04,  2.5860e-03,  9.9306e-04,
         1.1309e-04, -3.7563e-04,  7.5299e-04, -4.1156e-04, -1.0022e-03,
        -2.3865e-03,  9.1747e-04,  3.9242e-04, -9.9760e-04,  3.2678e-05,
        -1.2906e-03, -9.3973e-04, -5.9107e-04,  8.4521e-04, -4.6305e-04,
         2.6901e-03,  4.6321e-03,  4.7837e-04,  9.2851e-04, -1.0799e-03,
         1.4389e-03, -2.4321e-03, -1.3939e-03,  4.3254e-03, -1.0458e-03,
        -2.7720e-03, -2.9982e-03,  8.8539e-04, -2.4203e-03, -1.9042e-03,
        -8.7670e-04, -1.2687e-03,  7.0849e-04,  6.7164e-04,  2.0781e-03,
         1.3550e-03, -6.4633e-05,  2.7495e-03,  1.1819e-03, -2.6264e-04,
         1.1032e-03,  7.5910e-04, -1.2361e-04, -3.9518e-04,  3.3331e-03,
         3.7685e-03,  4.6563e-03, -6.8698e-04,  5.9075e-03, -2.5956e-03,
         2.3098e-03, -7.1596e-04, -2.0895e-03, -2.7241e-04, -4.5921e-04,
        -1.1001e-03, -1.1911e-03, -1.0525e-03,  1.2845e-03, -8.8776e-04,
         5.6204e-04, -2.0987e-03, -2.4555e-03, -3.3136e-04,  1.1438e-03,
        -9.1155e-04,  8.7845e-05,  5.1990e-04,  6.0384e-03, -9.3230e-04,
         8.4663e-04,  1.2294e-03,  6.2731e-04,  6.6855e-04,  4.1416e-04,
        -5.9838e-04,  1.5651e-03,  3.3864e-04, -1.2689e-03,  1.3607e-03,
        -1.9715e-03, -4.7656e-04, -7.9629e-04, -7.0944e-04, -3.9737e-04,
        -1.7402e-03, -3.0057e-03,  2.0401e-06, -2.6198e-04,  8.9320e-04,
        -8.9718e-05,  1.3320e-03,  2.2884e-03, -1.3206e-03,  1.6846e-03,
        -1.4308e-03, -1.2689e-03,  7.0698e-04,  8.0945e-04,  1.5216e-04,
         5.1537e-03, -1.0949e-03,  1.8821e-03,  1.7712e-03,  1.9173e-03,
        -1.6218e-04, -1.7399e-03, -2.2164e-03, -1.7714e-03,  1.1684e-04,
         2.4993e-03,  1.9261e-03,  8.4072e-04, -8.3260e-05, -8.9935e-04,
         2.0334e-03,  7.8285e-05, -1.1472e-03, -2.7226e-03, -6.2233e-04,
        -4.7497e-04,  8.4195e-05,  1.1405e-03,  3.1513e-05,  1.4450e-03,
        -2.9670e-04, -9.5397e-04, -6.5913e-04, -2.8548e-03, -6.3574e-04,
        -2.9002e-04,  4.0913e-04,  1.5225e-03, -1.2410e-03,  7.6866e-04,
        -1.1120e-03, -1.1651e-03,  6.6299e-05,  5.5671e-04,  1.8237e-03,
        -1.9313e-03, -4.6149e-04, -6.1380e-05,  4.5495e-03, -3.7667e-04,
         1.0835e-03,  3.0101e-03,  1.2392e-03,  8.5226e-04, -1.3757e-03,
         2.2390e-01, -2.4210e-03, -1.8317e-03, -7.5590e-04,  2.6914e-04,
        -1.3997e-03, -2.6842e-03,  1.9815e-03, -1.3948e-03,  1.5688e-03,
         5.5624e-03,  1.2140e-03,  2.0186e-03,  1.8909e-03, -3.8826e-04,
        -7.4563e-04,  1.9706e-03,  3.4870e-03,  7.4329e-04, -1.1895e-03,
        -1.5220e-03, -2.2498e-04, -1.9064e-03, -2.4099e-03, -6.0070e-04,
         1.4203e-03,  1.4450e-03,  8.1897e-04,  2.3274e-04, -7.3277e-04,
         6.7476e-04, -5.4925e-05, -4.3791e-04,  1.9495e-03,  3.8645e-04,
         5.7061e-04, -8.2105e-04,  1.8421e-03, -1.0146e-03,  1.1349e-03,
        -1.0596e-03,  4.3192e-03,  6.3868e-05, -1.3778e-03, -1.9796e-03,
        -1.7234e-03, -2.4036e-03, -1.1816e-03,  1.7120e-03,  5.0198e-04,
         4.7522e-03,  1.0028e-03, -6.2801e-04, -6.5390e-04,  1.3198e-03,
         1.2250e-03,  1.6339e-03, -1.6116e-03,  4.1554e-04, -1.4869e-03,
        -1.0610e-03,  5.6241e-04,  4.8295e-03, -9.1023e-04,  7.9637e-04,
         5.2822e-04, -4.7476e-05, -2.0675e-03,  1.3566e-03, -2.1935e-03,
         1.7250e-03,  1.6365e-03, -1.0186e-05,  6.5182e-04,  1.3888e-03,
        -1.4661e-03], device='cuda:0')), ('fcs.1.weight', tensor([[ 7.6793e-04,  5.4670e-04, -8.1232e-05,  ...,  1.3041e-03,
         -6.7434e-04,  4.9738e-04],
        [-5.3905e-05,  7.6704e-04, -4.3175e-03,  ...,  5.2778e-05,
         -4.9779e-04,  8.9480e-04],
        [ 2.1906e-03, -1.3095e-03,  6.5181e-04,  ...,  2.0338e-03,
          1.3246e-03, -2.1831e-03],
        ...,
        [ 7.6594e-04, -5.5169e-04,  1.4691e-03,  ..., -2.4988e-03,
          1.3099e-03,  1.4689e-03],
        [ 1.3034e-03, -6.7421e-04,  2.1792e-03,  ...,  4.9648e-04,
         -5.5384e-04, -6.5308e-04],
        [-1.3059e-03,  1.3073e-03, -1.3108e-03,  ..., -1.9629e-03,
          2.0282e-03,  2.4980e-03]], device='cuda:0')), ('fcs.1.bias', tensor([ 6.2214e-04, -8.9907e-04,  1.0570e-03,  1.7827e-04, -9.1788e-04,
         2.4781e-03,  1.1788e-03, -6.6411e-04,  1.0153e-04,  2.1718e-03,
        -7.0331e-04,  1.5041e-03,  1.2304e-03,  5.5530e-02,  6.5897e-05,
        -2.9238e-03, -1.0602e-03,  8.8310e-04, -1.8524e-03,  2.6104e-03,
        -9.9655e-05, -8.2822e-05, -7.3073e-04,  1.1689e-03, -9.4255e-04,
        -1.3348e-03,  3.6352e-04,  8.4151e-04,  4.3087e-04,  1.1416e-03,
        -1.5940e-03, -2.0052e-03,  2.3001e-03,  3.1764e-04,  1.4758e-03,
         2.0225e-03,  5.8161e-04, -7.8219e-04, -6.0698e-04,  1.6853e-03,
         2.2851e-03,  3.2951e-03,  1.4996e-03, -1.4049e-03, -1.5631e-03,
         4.9464e-04, -1.4712e-04,  1.9131e-03,  7.7718e-04,  4.8813e-04,
         2.1037e-03, -3.9188e-03, -2.3264e-03,  5.7137e-04, -1.7487e-03,
         3.9676e-04, -8.6438e-04, -1.5634e-03, -1.8301e-03,  2.1586e-03,
         2.3899e-04, -2.3655e-03, -7.0605e-04, -2.7494e-03, -1.1627e-03,
         2.2718e-04,  5.6065e-04, -9.8905e-04,  2.2525e-03, -1.6764e-04,
         1.0481e-03, -1.8935e-03, -2.0666e-03,  6.3310e-04, -2.2349e-03,
         7.7128e-04, -1.8601e-03, -1.3590e-03, -8.5959e-04, -2.5686e-03,
        -2.1677e-03, -7.6788e-04, -9.1772e-04,  9.3885e-04, -8.9465e-04,
        -3.3743e-04,  1.4831e-03,  1.6583e-03, -1.5798e-03,  1.4494e-03,
        -1.4973e-03,  2.0094e-03,  6.3598e-04,  1.5365e-03, -4.6240e-04,
         5.7268e-04,  2.2548e-03,  3.0892e-04,  1.4074e-03, -9.9645e-04,
        -2.1718e-03, -8.7051e-04, -8.5581e-04,  1.9596e-04, -7.1652e-04,
         1.2892e-03,  2.9217e-03,  7.6808e-04, -3.0705e-03, -1.3271e-04,
        -3.5832e-03,  1.9382e-04,  7.5424e-04, -2.5110e-03,  1.1279e-03,
        -1.5796e-03,  5.2580e-04, -7.6145e-04,  1.3104e-03,  2.5758e-03,
         1.2973e-03,  7.6568e-04,  6.1955e-06, -1.2418e-03, -2.0290e-03,
        -3.2666e-04,  5.0747e-04, -1.8388e-03], device='cuda:0')), ('fcs.2.weight', tensor([[-1.0789e-03,  3.5731e-04, -1.5290e-03, -1.5377e-04,  3.3530e-04,
         -1.0488e-03,  1.7771e-03, -1.1505e-04, -5.9023e-04,  8.3149e-04,
         -7.2067e-04,  8.6756e-04,  6.4217e-05,  9.3529e-01,  1.0627e-03,
         -4.4109e-04, -8.1151e-04, -1.3570e-03,  1.0616e-05, -1.7228e-03,
          4.4183e-04, -1.3464e-04,  1.1313e-04,  7.1807e-04,  1.3509e-03,
         -1.5250e-04, -1.7983e-03, -2.7502e-03,  7.3409e-04, -7.1679e-04,
         -4.0739e-04,  1.3930e-03, -4.2379e-04,  1.4419e-03,  4.9137e-04,
          8.8516e-04, -1.7401e-03,  5.5071e-04,  1.7501e-03, -6.2202e-05,
          9.6543e-05, -1.2494e-04,  1.7191e-03,  9.2580e-04, -3.7885e-04,
          1.6433e-03, -1.7152e-03,  3.3722e-05, -6.5884e-04, -1.2924e-04,
         -7.3564e-04,  1.5764e-04, -2.1667e-03,  1.9663e-03,  1.4017e-03,
          2.0498e-05, -1.5419e-03, -5.9770e-04,  1.2513e-03, -5.9611e-04,
         -1.4469e-03,  1.3024e-03,  2.1537e-03,  4.3760e-03,  3.2535e-04,
          2.0456e-03,  4.7723e-04,  1.1992e-03,  9.3854e-05,  1.6927e-03,
         -5.9124e-04, -1.0158e-03, -6.0377e-04, -1.4899e-03, -1.2980e-03,
         -1.4292e-03,  2.1192e-03,  1.4966e-03, -8.8727e-06, -5.4172e-04,
         -1.5192e-03,  2.3767e-03,  1.0537e-04, -1.1026e-03,  7.9874e-04,
          3.8358e-03,  2.6624e-04, -2.2071e-03, -2.2253e-03, -4.9772e-04,
         -1.7587e-03,  1.9444e-03,  9.9818e-04, -1.4693e-03, -7.3064e-05,
         -2.4874e-04,  1.1199e-03, -1.2962e-03, -5.2474e-04,  1.3505e-03,
         -1.3705e-03, -2.3652e-04, -2.1289e-03,  1.8379e-03, -1.6615e-03,
         -6.8729e-04,  9.1964e-04,  1.4728e-03,  1.0655e-03, -1.8010e-03,
          4.9958e-04, -7.3546e-04, -1.7960e-03, -4.8479e-04,  1.0776e-04,
          9.9330e-04,  1.8713e-03, -2.0618e-03, -2.7282e-03,  8.8376e-04,
          5.1004e-04,  7.9320e-04, -1.0827e-03, -3.6655e-04, -1.4499e-03,
         -8.2577e-04,  5.4158e-04, -1.9805e-03]], device='cuda:0'))])
end of epoch 8: val_loss 0.00425380821894656, val_acc 1.0
trigger times: 1
end of epoch 9: val_loss 0.006204085925202029, val_acc 1.0
trigger times: 2
end of epoch 10: val_loss 0.005490083737741394, val_acc 1.0
trigger times: 3
end of epoch 11: val_loss 0.008616688867071787, val_acc 1.0
trigger times: 4
end of epoch 12: val_loss 0.005645696211585651, val_acc 1.0
trigger times: 5
end of epoch 13: val_loss 0.02852071493805852, val_acc 0.98
trigger times: 6
end of epoch 14: val_loss 0.00518766099178805, val_acc 1.0
trigger times: 7
end of epoch 15: val_loss 0.003289516315392298, val_acc 1.0
trigger times: 8
end of epoch 16: val_loss 0.0051910835025363155, val_acc 1.0
trigger times: 9
end of epoch 17: val_loss 0.006173287255697772, val_acc 1.0
trigger times: 10
Early stopping.
0 2.089748235994648 -191.10004520678868
1 2.551161661201604 -189.05007017278314
2 2.57486698758521 -187.50220085194994
3 4.3156876105035735 -180.24009179391223
4 5.491921513436409 -171.9613792356186
5 5.713996395672893 -169.3817016847894
6 5.744485736575825 -167.87631268052303
7 3.052834250488104 -164.27567046290412
8 4.441148165272352 -163.76742236654098
9 8.305762038793546 -156.0786895876365
10 6.23986884570877 -155.22804551507866
11 6.205982914012566 -145.29002069283715
12 5.911176804027491 -142.86657280197298
13 11.223061399698054 -142.75441848091938
14 10.37120710945237 -136.98962801176134
15 6.754951341649303 -132.4813576990395
16 11.995202280339527 -130.98347157271724
17 7.730942294001579 -118.2436222554584
18 14.415939835458175 -117.38411415155902
19 8.341610274122104 -116.97382686219106
20 13.012731256952975 -115.06704102317899
21 16.529992080227203 -112.47832645551227
22 10.494520360603929 -103.24187681049156
23 17.23268422527326 -99.7422752992134
24 20.108238518238068 -98.18526661663928
25 17.49071292951703 -88.94674758091466
26 20.0334751209989 -85.88346861832474
27 21.81417679041624 -79.38307722218848
28 20.682367585599422 -79.25112655387144
29 15.882795599027304 -73.50697855948762
30 16.633828826248646 -72.69803191552006
31 20.385390658297183 -71.37326168319514
32 18.283133503049612 -68.27187815304366
33 19.09344708174467 -65.42298162776466
34 20.29288835078478 -65.35816021006309
35 21.24881637096405 -49.3186741604369
36 14.77817508764565 -17.325441617065966
37 22.396374877542257 -4.374511275254108
38 21.65593851815447 -0.4258658969524013
39 19.25457207299769 9.108146753357724
40 20.113193476572633 17.732630180500013
41 25.56280558835715 40.64550156746333
42 25.263549910858274 41.11774838972275
43 22.204702509159688 48.64917674484657
44 24.121133491396904 52.50260039838799
45 24.448961403220892 52.54502852695255
46 24.878763111308217 59.52827491841281
47 25.297112004831433 63.45606316769021
48 26.188172730155657 66.31570758515764
49 21.194593641635038 67.13050507695384
50 27.525596898049116 72.16624272108386
51 20.891043733805418 79.16074531670823
52 22.597098391503096 84.19837606184075
53 22.586915910243988 89.30707154325768
54 22.562480676919222 90.2698850730257
55 23.13532378524542 90.28646231697512
56 25.999090887606144 90.32667007477052
57 27.528105419129133 91.18021498086692
58 26.60945938900113 92.38187517969644
59 22.754370249807835 92.67153902025292
60 22.918119315057993 93.69474938898811
61 26.700232341885567 93.86112859581364
62 23.441173423081636 95.24073532592021
63 23.412076339125633 95.3630101766082
64 23.701155565679073 96.09581961281374
65 24.591695681214333 97.90553231413178
66 23.924593586474657 98.07644230926206
67 24.201781947165728 98.35872828331676
68 23.45272197574377 98.57334710000995
69 23.990605805069208 98.77895390936838
70 23.762221220880747 99.10163703819775
71 24.05933829396963 99.47183807834362
72 24.16927081719041 101.36707045382526
73 24.455513074994087 102.70820969163083
74 24.223853714764118 103.61971441966246
75 24.887979242950678 104.00039883786899
76 24.919229678809643 104.94014608739957
77 24.37123479694128 105.28448326377394
78 25.246325355023146 105.60678192821229
79 25.921170063316822 106.95774051225432
80 25.000032076612115 107.03525723063939
81 25.44875532388687 107.05410485829283
82 26.220318626612425 107.36477417456501
83 26.104970086365938 107.72369032284489
84 24.833234675228596 107.78006757763964
85 25.102408796548843 107.99397435655325
86 25.664264291524887 108.08910889221833
87 25.139790412038565 108.09776529440465
88 26.032408714294434 108.24033506535473
89 25.93979102373123 109.15712102315346
90 25.68896685540676 109.71287331230647
91 25.81499880552292 110.25063890779474
92 25.943038169294596 110.45880856467717
93 26.414457950741053 110.48639228144049
94 26.11853204295039 111.92877271779909
95 26.042787831276655 112.29467419620224
96 26.24341483786702 112.73910566375015
97 26.394369300454855 112.98274531176438
98 26.56741638481617 113.84616479719523
99 27.660450514405966 114.84612239587612
100 26.185837391763926 115.08707834021696
101 27.48575897142291 115.41025719446112
102 27.207303877919912 115.5646624637931
103 27.393199861049652 115.87882502857741
104 26.594281896948814 116.51927592390606
105 26.436988078057766 116.69939038222442
106 27.25395416095853 117.18809854794453
107 27.12505616620183 117.29357601720739
108 27.64595463871956 117.43241923864416
109 27.08775047585368 119.84073495876005
110 28.099677052348852 122.74776106687673
111 28.005441591143608 124.10172315382671
112 28.619601886719465 124.42382576156477
113 28.11203868687153 124.48179570258212
114 28.16455812379718 125.2590893824027
115 28.276389118283987 125.30457667780085
116 28.285792760550976 125.43458549438884
117 29.523396734148264 129.13346806288703
118 29.443492479622364 129.67718524437547
119 30.02046813443303 131.40806576766226
train accuracy: 1.0
validation accuracy: 1.0
