demo lengths 200
demos: (120, 200, 13)
demo_rewards: (120,)
[-191.10004521 -189.05007017 -187.50220085 -180.24009179 -171.96137924
 -169.38170168 -167.87631268 -164.27567046 -163.76742237 -156.07868959
 -155.22804552 -145.29002069 -142.8665728  -142.75441848 -136.98962801
 -132.4813577  -130.98347157 -118.24362226 -117.38411415 -116.97382686
 -115.06704102 -112.47832646 -103.24187681  -99.7422753   -98.18526662
  -88.94674758  -85.88346862  -79.38307722  -79.25112655  -73.50697856
  -72.69803192  -71.37326168  -68.27187815  -65.42298163  -65.35816021
  -49.31867416  -17.32544162   -4.37451128   -0.4258659     9.10814675
   17.73263018   40.64550157   41.11774839   48.64917674   52.5026004
   52.54502853   59.52827492   63.45606317   66.31570759   67.13050508
   72.16624272   79.16074532   84.19837606   89.30707154   90.26988507
   90.28646232   90.32667007   91.18021498   92.38187518   92.67153902
   93.69474939   93.8611286    95.24073533   95.36301018   96.09581961
   97.90553231   98.07644231   98.35872828   98.5733471    98.77895391
   99.10163704   99.47183808  101.36707045  102.70820969  103.61971442
  104.00039884  104.94014609  105.28448326  105.60678193  106.95774051
  107.03525723  107.05410486  107.36477417  107.72369032  107.78006758
  107.99397436  108.08910889  108.09776529  108.24033507  109.15712102
  109.71287331  110.25063891  110.45880856  110.48639228  111.92877272
  112.2946742   112.73910566  112.98274531  113.8461648   114.8461224
  115.08707834  115.41025719  115.56466246  115.87882503  116.51927592
  116.69939038  117.18809855  117.29357602  117.43241924  119.84073496
  122.74776107  124.10172315  124.42382576  124.4817957   125.25908938
  125.30457668  125.43458549  129.13346806  129.67718524  131.40806577]
maximum traj length 200
num training_obs 1800
num training_labels 1800
num val_obs 200
num val_labels 200
ModuleList(
  (0): Linear(in_features=13, out_features=64, bias=True)
  (1): Linear(in_features=64, out_features=1, bias=False)
)
device: cuda:0
end of epoch 0: val_loss 0.028274185729351267, val_acc 0.99
trigger times: 0
saving model weights...
Weights: OrderedDict([('fcs.0.weight', tensor([[ 1.4512e-05, -3.1691e-05,  6.8279e-04, -4.8969e-05,  4.3228e-04,
         -1.9227e-04, -1.3844e-04,  8.9163e-04, -4.0788e-05, -7.5557e-05,
         -1.1896e-04, -4.5833e-04,  1.2342e-03],
        [ 1.6868e-04, -3.6062e-05,  9.8342e-04, -1.7243e-04,  2.4876e-06,
         -2.1460e-05, -8.2668e-05, -4.7538e-04, -2.8870e-05, -1.0838e-03,
         -1.5152e-04,  3.1388e-04,  4.5420e-04],
        [ 6.9422e-05, -2.7675e-05,  3.3222e-04, -1.8163e-04, -4.2649e-05,
         -5.9266e-05, -1.0026e-04,  3.4571e-05,  2.3498e-04, -1.8826e-04,
          3.4150e-04, -4.7510e-04, -4.8356e-04],
        [ 2.6727e-05, -5.6161e-05,  2.0917e-04,  9.6864e-05,  1.2626e-04,
          1.2914e-04, -8.8492e-05,  1.0471e-03, -2.0201e-04, -5.8689e-04,
          4.9583e-04, -7.8161e-04, -6.5215e-04],
        [ 8.4354e-05,  5.5476e-05,  5.8360e-04, -1.0772e-04,  1.3377e-04,
          2.9511e-05, -2.8725e-04,  3.8319e-05, -3.3435e-04, -2.2675e-04,
          4.4339e-05,  3.2520e-04, -2.4320e-04],
        [ 1.0740e-01, -3.0182e-02, -1.2495e-02,  2.5339e-02, -7.3828e-02,
          6.2201e-03,  4.4708e-02, -4.7413e-02,  3.1537e-02,  5.8644e-02,
         -4.5088e-02,  5.7599e-02, -3.9003e-02],
        [-1.1847e-04,  6.2396e-05, -1.2145e-04, -2.0343e-04, -4.7830e-05,
          1.8560e-04,  1.5394e-05, -5.6721e-04, -1.6697e-04, -1.0544e-03,
          6.8394e-06,  1.7294e-04,  7.3667e-05],
        [ 1.9611e-07,  5.7809e-05,  1.4537e-04,  1.9449e-05, -3.2251e-04,
          2.5658e-05,  1.6774e-04,  6.3000e-04,  3.6017e-04,  5.1205e-04,
          9.2628e-05, -3.1992e-04, -1.1651e-03],
        [-3.1313e-02, -7.3974e-05,  1.8269e-04, -2.1758e-05,  5.3520e-05,
          1.3306e-04, -5.1963e-05,  2.1791e-04,  3.1834e-04, -7.7037e-04,
         -5.0754e-05, -3.9699e-05,  3.0983e-04],
        [ 1.4595e-05, -3.2470e-05,  1.5815e-04,  2.7614e-05, -4.7693e-05,
         -5.4844e-05,  2.4801e-04, -4.3431e-04, -2.9223e-04, -2.3136e-04,
         -8.1683e-05, -4.4627e-04,  4.5128e-05],
        [ 1.0425e-04, -1.2419e-04,  5.3937e-04, -8.2297e-05, -1.7677e-04,
          1.1942e-04,  2.9946e-04, -8.2885e-04, -3.0490e-04,  6.5116e-04,
          5.7764e-04, -1.4364e-03,  5.9792e-04],
        [ 1.4986e-04,  6.8340e-05,  7.2452e-04,  5.7134e-05,  2.2219e-04,
          6.0688e-05,  5.3045e-05, -7.2223e-04,  1.0398e-03, -5.6099e-04,
          1.3615e-03,  1.0222e-03, -4.8734e-04],
        [ 3.0300e-04,  2.5807e-04,  1.1068e-04,  5.4929e-04,  9.6871e-04,
          1.0453e-03,  3.6199e-05,  5.8523e-04,  2.8705e-04, -9.3703e-04,
          5.6558e-04, -4.0225e-04,  7.2927e-04],
        [-2.7251e-04,  3.9746e-05,  2.2929e-04,  2.8383e-05, -7.9093e-05,
         -1.4377e-04,  9.4780e-04, -4.1516e-04,  1.7102e-04,  8.4354e-04,
         -2.8845e-04,  1.7702e-03, -8.6875e-04],
        [-8.2431e-06,  5.7626e-04,  5.5233e-04, -1.0340e-03,  2.1058e-04,
          4.9866e-04,  5.7142e-04, -4.0721e-04, -1.1118e-03,  5.8621e-04,
         -1.8396e-04, -1.9093e-03,  1.2177e-03],
        [ 1.1159e-03, -8.3313e-03, -4.6228e-04, -7.6452e-04,  1.8536e-03,
         -2.3366e-03, -4.9533e-04, -8.6130e-05,  9.7307e-04, -2.7038e-04,
          1.1215e-03, -8.5083e-04,  1.7611e-03],
        [ 1.2308e-01, -1.0852e-02, -3.7082e-02,  6.8347e-02, -1.0756e-01,
          1.6637e-02,  1.0259e-01, -2.4782e-02,  4.5034e-02,  3.6453e-02,
         -2.6029e-01,  5.0568e-01, -2.7534e-02],
        [ 2.6510e-01, -3.3021e-02, -3.3402e-02,  6.5015e-03, -3.2642e-02,
          3.7409e-02,  2.5025e-02, -6.0192e-03,  1.4319e-01,  3.1098e-02,
         -3.7018e-01,  1.4289e-01, -2.3846e-02],
        [ 2.0763e-04,  8.2554e-04, -1.3604e-03, -4.4770e-04,  6.6280e-04,
         -7.2728e-04, -3.1990e-04, -6.2084e-04,  1.2078e-03,  5.1936e-04,
         -8.3342e-04, -1.2318e-03,  3.7768e-03],
        [ 1.9679e-05,  1.6363e-04,  1.0813e-05, -6.8610e-05,  1.7296e-04,
         -1.2561e-04, -1.9317e-05,  3.7806e-04, -4.5001e-05,  4.9550e-04,
          3.1965e-05,  7.2580e-04,  4.0969e-04],
        [ 1.1643e-03,  2.8116e-02,  7.8242e-06,  7.3711e-04, -5.2684e-02,
         -1.1961e-01,  1.0917e-03,  1.5016e-04,  1.3519e-01, -5.8676e-05,
         -1.7831e-01,  9.7145e-02, -1.2713e-04],
        [ 1.8250e-04, -3.1175e-05,  6.6305e-04,  3.5418e-04, -1.1548e-03,
          4.1157e-04,  7.1414e-04,  1.0863e-03,  1.0427e-04,  3.3584e-04,
         -3.8397e-04,  9.3011e-04, -1.3983e-03],
        [-2.7838e-05, -6.0102e-04, -1.3873e-03,  2.7480e-04,  1.2292e-05,
         -2.0943e-04,  1.1385e-04,  1.8670e-03,  7.8296e-04,  8.0081e-04,
          1.6161e-03,  9.7779e-06, -1.3619e-04],
        [ 1.3744e-03,  7.6052e-05,  2.5431e-05,  1.0175e-03, -1.3651e-04,
          3.6547e-04, -3.5189e-04, -8.7444e-06,  3.4869e-03, -1.4582e-03,
          2.6832e-03, -1.2046e-03,  1.8897e-03],
        [ 4.2615e-05, -7.1452e-04,  1.8304e-03, -5.3503e-03, -2.3205e-03,
          1.9941e-03, -5.8235e-03,  4.9322e-04,  2.0469e-03, -7.5831e-04,
         -1.2848e-03, -9.5720e-04,  7.0220e-05],
        [ 4.0019e-04, -6.2929e-04,  1.5204e-04, -3.8828e-04,  1.1155e-03,
         -1.3456e-03, -4.3739e-05,  2.8155e-04,  3.6547e-03, -2.9599e-04,
          7.0899e-04, -7.3967e-04, -3.3346e-04],
        [ 8.5022e-05, -1.7813e-05,  3.4317e-04,  7.2103e-04, -1.9887e-04,
         -6.1336e-05,  2.4855e-04, -6.3571e-04,  1.7765e-04, -1.4058e-03,
         -1.4060e-04, -3.3478e-04,  1.8869e-03],
        [-1.5069e-02, -7.1357e-02,  2.2630e-03,  3.4839e-03, -1.6377e-02,
          1.3360e-01,  8.1888e-03,  4.6678e-05,  2.9269e-01, -1.2551e-04,
         -7.1071e-01,  6.9269e-01, -3.2862e-04],
        [ 6.0853e-05,  3.4645e-04,  9.3646e-05,  2.3722e-03,  2.2377e-03,
          1.6397e-03, -3.8016e-04,  1.8442e-03, -9.6515e-04,  6.4359e-04,
         -1.3490e-03,  3.0173e-03, -2.2351e-03],
        [-7.6396e-05, -1.5431e-04,  1.1245e-04,  1.3282e-04,  6.5440e-06,
          7.1792e-05,  2.5468e-04, -1.8148e-03, -1.2175e-04,  5.5206e-04,
         -3.4125e-04,  1.7515e-03, -6.6166e-04],
        [-1.3000e-04, -7.0513e-05, -2.3064e-04,  1.2562e-05, -4.6008e-06,
          1.2472e-05,  1.0858e-04,  1.6931e-03, -2.9449e-04, -3.7559e-04,
         -1.8093e-04, -1.5621e-04, -1.5330e-03],
        [ 2.6311e-04, -6.4065e-05,  1.0696e-04,  2.6428e-04, -2.3643e-04,
         -2.0866e-04,  1.1268e-04,  2.8751e-03,  1.7491e-04,  3.0361e-04,
         -5.6997e-04, -7.1534e-05, -4.2149e-04],
        [-3.6209e-05,  7.8303e-05, -1.1854e-04,  3.6770e-04,  1.0679e-04,
          6.2687e-04, -1.6710e-04, -5.7813e-04, -9.0535e-06, -1.7180e-03,
          5.2522e-04,  1.6138e-04, -3.0106e-03],
        [-1.5184e-05,  6.9511e-05,  3.1985e-04, -6.4815e-05,  4.7642e-04,
         -2.6220e-04, -3.2489e-04, -1.6482e-04,  4.2319e-04, -1.6701e-03,
         -1.0486e-04, -1.2213e-04, -3.7452e-04],
        [ 1.1884e-02,  5.5642e-04,  3.1688e-03,  1.2745e-02, -8.3871e-04,
          1.3021e-02,  8.5081e-03,  2.2705e-04,  1.8255e-03,  2.7676e-03,
         -1.5537e-03,  1.7814e-03, -1.0945e-04],
        [ 4.5230e-05, -8.7421e-05, -2.2127e-04,  1.2845e-04,  1.3944e-04,
          1.6550e-04,  2.8087e-05, -5.5647e-04,  2.5728e-04, -1.2888e-04,
         -7.7793e-04, -2.0570e-04, -2.0438e-03],
        [ 8.1363e-05, -4.4547e-05, -2.9758e-04, -4.0247e-04, -3.8206e-04,
          7.4366e-05,  6.8827e-04, -9.6937e-04,  8.7118e-05, -5.8937e-04,
         -5.2778e-04, -4.2100e-04,  1.4335e-03],
        [ 8.1840e-05, -1.3186e-05, -3.4104e-04,  5.5618e-05, -1.0218e-05,
          5.1311e-06, -1.4362e-04, -8.9259e-05, -7.1863e-05,  6.0347e-04,
          1.5803e-04,  3.8481e-04,  1.7637e-04],
        [-5.9101e-05, -1.7564e-05,  1.6539e-04, -8.0609e-05,  1.2486e-04,
          4.1604e-05,  5.2260e-05, -5.8372e-04, -2.7653e-05,  1.8194e-04,
         -1.0311e-04, -4.7905e-04, -3.1420e-04],
        [-7.2714e-05, -3.3983e-05, -4.1726e-05, -6.0539e-05, -1.1220e-04,
          4.2238e-05, -6.4488e-05,  6.1921e-04,  4.6119e-05,  9.9138e-04,
          3.1974e-04,  1.4682e-03,  2.5616e-05],
        [-9.3792e-04, -1.1255e-03, -1.0177e-03,  1.0239e-03, -5.3274e-04,
          1.5463e-03,  7.4321e-04,  1.1575e-03, -4.2247e-04, -1.1841e-03,
         -5.4770e-04, -5.6206e-04, -1.6041e-03],
        [ 1.1693e-05,  4.1088e-07, -2.1229e-04, -7.3277e-05, -8.1691e-05,
          1.3995e-04, -7.0415e-05, -2.2039e-04, -3.0673e-04, -3.5942e-04,
          4.9519e-04,  1.5153e-04, -7.3394e-04],
        [ 4.1840e-05, -1.7236e-05,  9.2668e-05,  1.6861e-04, -2.5697e-05,
          4.0129e-05,  1.2177e-05, -3.8283e-04, -4.0595e-04, -6.1021e-04,
         -3.6809e-04, -5.2421e-04, -7.5255e-04],
        [-3.1872e-04, -6.5827e-04, -4.3563e-04,  1.7354e-04, -1.1121e-03,
         -6.0440e-04, -1.0949e-04,  9.3521e-04, -7.6769e-05, -2.3271e-04,
          5.0680e-04, -6.9151e-04, -1.0941e-03],
        [ 7.4690e-05, -2.4494e-05, -2.6132e-04, -1.8647e-04,  9.7084e-06,
         -1.9800e-05, -7.3922e-05, -5.1919e-04,  1.6133e-04, -1.0843e-03,
         -5.4613e-05,  6.8872e-04, -7.5598e-04],
        [ 1.5023e-04,  2.3536e-05,  2.8980e-03,  1.9389e-04, -1.0248e-03,
         -4.2906e-05, -2.9500e-04,  3.9546e-04, -1.7263e-04,  3.3778e-04,
         -2.9977e-04, -6.6763e-04, -1.6652e-03],
        [-5.6860e-05, -2.4873e-02, -6.2400e-04, -1.5007e-04, -6.6404e-03,
         -9.1564e-03,  1.1919e-03, -7.0943e-04, -4.0844e-04,  2.5767e-05,
          1.4168e-04, -1.8728e-03, -2.0339e-03],
        [-3.8868e-05, -5.4154e-06, -1.9608e-04, -1.9528e-04, -1.1789e-05,
         -1.1780e-04,  2.0171e-05, -2.7173e-04, -3.3778e-05,  1.3652e-03,
          6.7346e-05,  8.8060e-05, -4.4428e-04],
        [-6.0667e-02, -1.5164e-05, -1.0407e-05, -1.7877e-04, -4.6963e-05,
         -3.4850e-06, -3.2522e-03, -2.0451e-04,  2.2469e-04,  1.3725e-05,
         -8.0454e-05, -5.2820e-05,  4.1221e-04],
        [-8.5457e-05,  1.1679e-04,  2.0504e-04,  1.0891e-08,  1.0054e-04,
         -2.1549e-04,  8.7525e-05,  2.3123e-03,  9.3435e-04,  5.3514e-04,
         -4.8219e-04,  9.2380e-04, -4.6659e-04],
        [-5.6423e-04, -5.1208e-04, -5.3363e-04,  2.7778e-05, -7.9294e-04,
          3.3899e-04,  3.5438e-04, -1.7763e-04,  5.7612e-04,  1.0728e-04,
         -5.8140e-04, -5.5184e-04, -1.9889e-03],
        [ 3.0043e-04,  6.9256e-05, -3.9622e-04, -3.2584e-04,  4.7536e-05,
         -8.7882e-04, -3.9854e-05, -6.7950e-04, -1.9399e-03, -5.4315e-04,
         -1.1339e-03, -1.5077e-04,  6.0365e-04],
        [-7.5316e-02,  5.6373e-06,  4.0508e-05, -6.9124e-02,  2.0002e-05,
          2.0907e-05, -4.0512e-02, -3.1151e-04,  9.5822e-05, -8.5210e-05,
          6.7536e-05, -1.5323e-03, -2.0339e-04],
        [ 2.2955e-05, -7.7620e-05,  6.4257e-04,  7.6728e-02, -4.0992e-04,
         -8.3203e-05, -1.2381e-04, -6.6166e-04, -2.9322e-04,  3.0152e-04,
          2.9662e-04,  3.4711e-04, -3.2461e-05],
        [-4.0187e-04,  7.9817e-06, -8.2706e-04,  7.3524e-05,  6.0825e-05,
          3.5150e-04,  5.6987e-05,  5.8516e-04, -1.6874e-04,  4.3213e-04,
         -6.0898e-05,  4.0632e-04, -1.4762e-03],
        [-1.6508e-02, -1.2816e-05, -7.4585e-05,  1.8871e-05,  1.5641e-05,
         -5.2965e-05,  3.7261e-05,  1.1616e-05, -1.0306e-05,  7.2321e-04,
         -6.5611e-05, -2.8892e-04,  7.8074e-04],
        [-7.5295e-04,  1.9524e-04, -1.0830e-03, -3.5661e-04,  3.2375e-04,
         -1.3004e-04,  4.0669e-04,  1.0570e-03,  1.2984e-03,  8.5785e-04,
          5.9342e-04, -1.5800e-03, -1.9173e-03],
        [ 1.1136e-04, -3.3005e-05, -6.6886e-04, -8.3112e-06,  9.0846e-04,
         -1.7161e-04,  3.1703e-05,  1.0373e-03, -1.3370e-04, -5.0427e-04,
          6.5233e-05,  4.8046e-05,  1.5485e-03],
        [ 1.2043e-04,  8.5181e-06, -1.0774e-04, -7.1474e-05,  1.9287e-05,
         -1.0223e-04, -4.9088e-05, -5.5823e-04, -3.2872e-04, -4.0015e-04,
          1.1002e-05,  8.8989e-04, -1.9829e-03],
        [ 1.2883e-03, -6.8542e-04, -1.2482e-03,  7.1892e-04,  1.4203e-03,
          8.6688e-04,  1.6585e-04, -8.3202e-04,  6.9789e-04,  4.6990e-04,
          1.6607e-03,  6.2719e-04, -5.3058e-04],
        [ 6.3545e-05,  7.5270e-05,  9.6329e-05, -5.4582e-06,  1.2048e-04,
         -6.4451e-05, -2.3807e-05, -1.2299e-04, -9.1683e-06,  9.7145e-04,
          2.3874e-04,  7.1952e-04, -8.4280e-04],
        [-8.0852e-05, -1.3135e-05, -1.0092e-04,  1.1334e-04,  7.1917e-05,
         -2.2962e-05, -2.1136e-05, -3.3493e-04,  1.0883e-04, -1.7292e-05,
          2.9918e-04, -1.0843e-03, -8.3627e-04],
        [ 1.5159e-04,  2.3283e-04, -9.4651e-04, -2.0123e-04,  8.8431e-04,
         -1.3037e-04,  4.0842e-04,  5.9838e-04, -4.4708e-04, -2.1848e-03,
         -4.8435e-05, -7.3238e-04,  2.6860e-03],
        [-5.8134e-05, -3.2124e-05,  1.4828e-03,  9.9770e-05, -6.4917e-05,
          9.8633e-05,  3.1044e-04,  3.8163e-04, -1.5836e-04, -1.3314e-03,
         -7.6923e-04, -7.7201e-04,  1.1601e-03]], device='cuda:0')), ('fcs.0.bias', tensor([ 8.9133e-05, -1.2838e-04, -1.0258e-04, -1.1752e-05, -2.3802e-04,
         7.5962e-03, -1.7764e-04, -4.0341e-05,  2.3867e-05, -1.9760e-04,
        -7.6228e-05,  2.9515e-05,  2.5169e-04,  8.6608e-05,  6.5534e-05,
        -5.3847e-04,  9.8108e-02,  3.7870e-02, -2.9876e-03,  6.9451e-05,
        -1.5424e-02,  5.4474e-04,  5.7014e-05,  8.9114e-04, -1.1160e-02,
         9.3874e-05,  9.8339e-04, -1.0273e-01,  1.6976e-03,  3.1979e-05,
         8.0398e-05,  2.3075e-04,  4.3601e-04, -8.3091e-05,  1.6361e-02,
        -6.0250e-05,  1.3082e-04, -2.8082e-04, -2.1189e-04,  1.8985e-05,
         5.2447e-04, -1.3102e-04, -4.1039e-05, -7.8125e-05,  1.3739e-05,
        -2.1036e-05, -2.0104e-05, -1.7527e-04, -7.6169e-02, -7.2230e-05,
        -2.1642e-04, -1.5457e-04, -1.0416e-01, -6.5670e-05,  7.5159e-05,
        -7.2477e-05,  9.1205e-05, -1.4740e-04, -4.0393e-05, -1.2102e-03,
        -8.7086e-05, -1.1410e-04, -6.7936e-05,  2.0862e-04], device='cuda:0')), ('fcs.1.weight', tensor([[-2.3886e-05,  1.4743e-05, -7.7154e-06, -8.6783e-06,  2.1728e-05,
          9.1524e-02,  2.0912e-05, -1.5542e-04,  6.7767e-05, -2.3696e-06,
         -1.7433e-05,  2.5222e-05, -1.3135e-03, -8.1303e-05,  1.5648e-04,
          3.2139e-03,  3.0820e-01,  2.0605e-01, -2.7969e-05, -4.2639e-05,
          4.2451e-02, -1.7062e-05,  1.7518e-03,  4.0754e-04, -1.1672e-03,
         -1.1013e-03, -4.7311e-05,  3.1431e-01,  3.9229e-03, -1.4811e-05,
         -3.8662e-05,  2.6100e-04, -3.8612e-03,  6.1562e-05,  1.6608e-04,
         -2.9683e-06, -4.2221e-05, -2.1223e-05, -7.5812e-06, -1.3835e-04,
         -7.5012e-04, -4.4394e-06, -6.8502e-06, -1.6426e-04,  9.0542e-05,
         -1.6758e-04,  2.5523e-02,  2.5858e-05,  4.1324e-06,  9.5325e-05,
         -2.3264e-04,  1.5744e-04,  1.0045e-05, -1.9943e-03, -1.5077e-05,
         -1.0697e-04, -2.1026e-05,  3.2533e-04, -9.4894e-06,  4.7288e-05,
         -4.2182e-05,  4.3251e-06,  1.3586e-04,  8.9387e-06]], device='cuda:0'))])
end of epoch 1: val_loss 0.02108986331470021, val_acc 0.995
trigger times: 0
saving model weights...
Weights: OrderedDict([('fcs.0.weight', tensor([[ 2.0577e-04,  2.8582e-04, -5.1001e-04,  4.5716e-04,  5.6527e-04,
          6.0518e-04, -1.0276e-07, -1.1504e-03, -4.9554e-04,  6.5401e-04,
          8.3881e-04,  1.1964e-03,  1.3063e-03],
        [-1.3421e-03, -1.9654e-04, -4.8963e-04,  6.0189e-04, -1.7277e-05,
          4.4263e-04,  3.0409e-04, -5.9869e-04,  5.3459e-04, -1.7070e-03,
          6.5386e-04,  5.7521e-04,  6.2244e-04],
        [-3.3779e-05,  3.8322e-05,  5.4120e-06, -6.0167e-04, -3.3489e-05,
          1.0531e-04, -3.9246e-04,  7.5677e-04,  5.4251e-04,  2.3717e-04,
         -4.3237e-05, -9.0009e-04, -6.3189e-04],
        [ 8.7280e-05, -3.1563e-04,  7.9251e-04,  1.8668e-04,  2.4905e-04,
         -2.4280e-04,  5.2815e-04,  1.7331e-03, -1.9274e-03, -6.3323e-04,
         -2.0382e-04, -1.8942e-03, -8.4074e-04],
        [-2.2909e-04,  1.0144e-04,  7.1447e-07, -4.3208e-04,  1.5579e-04,
         -5.3551e-05, -1.4858e-04, -2.5293e-04, -2.1204e-04,  8.2583e-04,
         -7.3612e-04,  5.7486e-04, -4.2791e-04],
        [-9.9959e-05, -1.8507e-05,  4.8940e-04,  3.1491e-04, -5.3239e-05,
          8.9691e-05,  2.3442e-04,  4.9526e-04,  5.4602e-04, -3.4749e-04,
         -3.0951e-04, -7.2370e-04, -7.9490e-05],
        [-1.2037e-04,  2.0305e-05,  9.5891e-04,  1.9296e-04,  1.2999e-04,
          4.8302e-04,  5.6888e-06, -4.9165e-04, -4.6526e-04, -1.9242e-03,
          9.9675e-04,  8.6306e-04,  1.2848e-03],
        [ 6.2857e-04, -1.4735e-05,  6.6208e-04, -1.9760e-04,  7.7203e-04,
         -6.9723e-04, -7.9257e-04,  3.4754e-04,  4.6339e-04, -1.1854e-03,
         -6.2928e-04, -4.9893e-04,  1.0408e-03],
        [ 4.8358e-05, -1.9243e-04, -2.6933e-04,  9.6860e-05, -4.6995e-04,
         -1.6468e-04,  1.4499e-04, -4.4730e-04,  6.6462e-05, -7.6646e-04,
          1.3212e-04, -8.0445e-05, -3.2272e-05],
        [ 1.8849e-04,  1.1284e-04,  1.3680e-04,  2.7447e-04,  2.1179e-04,
         -9.0728e-05, -2.2414e-04,  2.3035e-04, -3.4528e-04,  5.4426e-04,
         -3.2278e-04, -9.2296e-04,  1.0651e-03],
        [-2.2978e-05,  4.1913e-05,  8.6105e-04,  5.2715e-04,  4.0398e-04,
         -8.2702e-04, -5.3476e-04,  1.4109e-03, -7.3449e-04, -4.7140e-04,
         -8.1558e-04, -1.2623e-03,  6.6414e-04],
        [ 3.1628e-04,  1.1733e-03,  6.0027e-04, -2.1572e-04, -1.1260e-03,
         -7.6971e-04, -1.9409e-04, -8.9636e-04,  6.9158e-05,  5.3915e-04,
         -5.2645e-04,  1.9413e-03, -1.3247e-03],
        [-6.8220e-05, -3.5357e-06, -5.6623e-02,  5.1776e-02, -2.7067e-02,
         -7.7784e-05,  5.6723e-02, -7.8624e-03, -4.6390e-01,  7.5986e-04,
          6.5768e-01,  6.8602e-04,  1.4784e-05],
        [ 8.4056e-04,  1.3516e-03, -5.5134e-04,  6.0867e-05,  1.3358e-03,
         -1.7704e-04, -1.5217e-03, -1.7120e-03,  6.3279e-04, -8.7757e-04,
         -3.7667e-04, -5.0350e-04,  1.0370e-03],
        [ 4.3643e-04,  4.5951e-04, -1.0222e-03, -7.8378e-04,  1.1567e-04,
          4.9248e-04, -8.4346e-04,  6.3161e-04, -3.7770e-04,  4.4965e-04,
          1.2160e-03, -1.0577e-03, -8.8114e-04],
        [ 8.5422e-05, -1.9702e-03,  2.4151e-04,  1.7375e-02,  4.9714e-05,
          1.9302e-05,  6.5681e-05,  3.2083e-04,  9.0111e-05, -1.7171e-04,
         -2.9466e-04,  4.1367e-04,  4.7721e-05],
        [-2.1287e-04, -1.0379e-05, -5.7821e-05, -9.7446e-06,  3.3432e-06,
          5.6873e-05, -2.8885e-05, -2.0521e-04,  2.8431e-04,  5.9684e-04,
          1.3372e-04,  2.6507e-04, -1.7814e-04],
        [-1.0005e-05,  1.8614e-05,  4.9344e-05, -7.2626e-05, -5.7923e-05,
         -1.9087e-05, -2.2070e-05,  2.0104e-04,  9.0515e-05,  5.5223e-04,
         -1.2628e-04,  1.5220e-04,  1.3824e-04],
        [-1.2572e-01, -3.5061e-05, -2.6570e-04, -3.2025e-02,  1.2265e-05,
         -3.4103e-04, -7.5070e-02, -1.0252e-03, -1.9647e-04, -2.8767e-03,
         -7.2436e-04, -2.3709e-03,  1.9799e-03],
        [ 2.1163e-04,  2.7830e-04, -3.5382e-04,  3.5400e-05,  7.8954e-04,
         -6.3752e-04, -1.9861e-04,  4.8185e-04,  7.4187e-04,  7.6633e-04,
          1.9952e-04, -4.0072e-04,  6.1302e-04],
        [-1.1370e-04,  1.5367e-05,  2.1858e-04, -9.5648e-06,  3.9368e-05,
         -1.6024e-05,  5.2174e-05, -4.5420e-05, -9.8196e-05,  4.1443e-05,
          9.3697e-05, -5.8851e-04,  6.6099e-04],
        [ 4.3093e-04,  5.7688e-04, -2.5555e-03, -2.0016e-03,  1.9366e-03,
         -4.4672e-04, -8.7972e-04,  6.8335e-04, -3.8177e-04,  1.2915e-03,
         -6.9344e-04,  2.6620e-04,  2.9650e-04],
        [-6.9251e-05,  5.4681e-04, -5.1197e-04, -1.1958e-05, -2.2077e-04,
          8.7692e-05,  7.0217e-04, -8.8987e-04,  4.1714e-04, -1.7330e-03,
          9.5090e-04,  7.7016e-04, -1.2513e-03],
        [ 2.5187e-04,  1.3473e-03, -1.7032e-03,  6.4134e-04,  2.5627e-05,
          9.6304e-04, -1.4067e-03, -5.7959e-04, -1.2423e-03, -2.5056e-03,
          1.2199e-03,  5.4751e-04,  1.3402e-03],
        [ 9.5948e-02, -8.4776e-02, -5.7173e-05,  2.6669e-06,  2.5925e-03,
         -1.0426e-05,  1.6432e-01,  3.2170e-04,  1.9286e-06,  3.6296e-04,
         -1.2675e-04,  1.9341e-04,  1.3812e-04],
        [-4.1998e-04, -9.7397e-05,  2.2534e-03, -8.0504e-04,  6.0998e-04,
         -2.8925e-04, -3.8180e-04,  2.2819e-03,  5.5821e-04, -1.7953e-04,
          4.1699e-04,  5.7011e-04, -7.9862e-04],
        [-3.5286e-04, -1.6315e-05, -1.1342e-03,  3.8531e-04,  1.1691e-04,
         -2.3615e-04, -2.6830e-04,  2.3256e-03, -6.3011e-04, -1.9764e-03,
         -4.9238e-04, -5.6762e-04,  2.3730e-03],
        [ 2.3971e-01, -3.6662e-02,  4.2455e-01,  4.0310e-01,  3.5031e-03,
          1.2307e-01, -9.5166e-05, -1.6337e-04,  5.1564e-01, -6.3000e-05,
         -1.1858e+00,  1.4216e+00, -3.0080e-01],
        [-2.1603e-01, -2.6472e-04,  1.0427e-04, -1.6935e-01,  6.1690e-05,
         -3.6164e-06, -1.7315e-01,  1.5291e-03,  1.0283e-03, -2.2571e-03,
         -2.0559e-04,  6.8673e-04,  1.3015e-03],
        [-1.0285e-03,  2.0574e-04,  1.3303e-03, -4.3733e-04,  1.4151e-04,
         -5.9886e-05, -2.1174e-04, -7.4148e-04,  7.7132e-04,  7.6653e-04,
         -5.9049e-04, -2.3517e-03, -6.6800e-04],
        [ 1.4119e-05, -2.0606e-05,  1.2296e-03,  7.3221e-04,  1.1404e-04,
         -2.1378e-04, -2.1686e-04,  1.0629e-03,  1.4641e-03, -8.6350e-04,
          3.7275e-04, -4.9085e-04, -1.8820e-03],
        [-3.0157e-01,  4.3457e-05, -4.6811e-04, -4.2862e-02,  2.0708e-04,
          5.9542e-05, -2.9125e-01, -2.4148e-04,  7.2127e-05, -8.9708e-04,
         -8.1207e-05, -5.5363e-04,  2.2978e-03],
        [-4.5967e-04,  5.9550e-05,  1.8436e-03, -8.1875e-05,  3.5938e-04,
          4.0812e-05, -1.1322e-04, -8.0935e-04,  8.5579e-04,  7.8793e-05,
          3.4657e-04, -1.2073e-03,  1.7495e-03],
        [ 2.3369e-04, -1.6107e-02, -9.3336e-05,  2.0408e-05, -4.4535e-04,
         -1.3932e-03,  5.7819e-05,  1.5005e-04,  1.1167e-04,  8.8064e-04,
         -1.1756e-04,  8.5138e-05, -9.7683e-04],
        [ 2.4295e-04, -5.8337e-04, -1.2390e-03, -3.2816e-04,  3.0226e-04,
          5.1752e-04,  6.8741e-05, -7.2970e-04,  7.2536e-04, -1.9634e-03,
          6.7827e-04,  2.3558e-04,  4.0324e-04],
        [ 2.4774e-05, -3.2867e-04, -1.6767e-04,  2.1108e-04,  1.4080e-04,
         -5.2585e-05,  1.7447e-04, -7.6461e-04, -2.1632e-03, -3.3243e-03,
         -3.4669e-04, -6.1732e-04,  9.2743e-04],
        [-1.0796e-03, -8.1615e-04,  1.6419e-03,  9.1830e-04, -7.6395e-06,
         -5.6523e-04, -8.1490e-05, -1.8562e-03, -2.6461e-05,  1.1313e-03,
         -1.7456e-03,  1.2408e-03, -1.3244e-03],
        [-1.4276e-04, -3.0225e-05,  3.7611e-05,  1.1899e-04, -1.6596e-04,
          1.7955e-05, -3.1428e-04, -1.2257e-04, -1.3716e-04,  1.1685e-03,
         -1.7967e-05,  7.5731e-04,  3.6260e-04],
        [-3.7891e-04, -2.9296e-06, -9.5094e-04,  4.5315e-05, -1.3315e-04,
         -3.3009e-05,  1.6057e-04, -2.2704e-04,  5.4196e-04, -4.0980e-04,
          3.2822e-04,  9.9915e-04, -1.6408e-05],
        [-1.9224e-05, -1.9738e-04, -1.3475e-03,  3.2498e-05, -3.8736e-04,
          1.1379e-04,  7.2684e-05,  5.3868e-05, -4.8111e-05, -5.3237e-04,
          6.8803e-05, -1.4602e-03, -8.5331e-04],
        [ 1.0102e-03,  1.7713e-03,  1.4509e-03,  3.8517e-03, -1.2968e-04,
         -1.7996e-04, -1.3516e-03,  5.4290e-05, -9.4062e-04, -1.4459e-03,
          1.3990e-03,  5.7460e-04,  2.0196e-03],
        [ 2.1370e-05, -3.0091e-06,  3.8208e-04,  3.2976e-04,  2.2754e-04,
          1.4798e-04,  1.5620e-04, -5.2936e-04,  8.8029e-05, -5.6272e-04,
          1.1172e-03, -3.3951e-04, -1.1630e-03],
        [-7.9557e-05,  3.8638e-05,  5.9305e-04, -2.1047e-04,  1.8360e-04,
          5.3374e-05, -2.0904e-04,  7.8362e-05,  5.4531e-04, -1.0583e-03,
         -8.5762e-04, -9.8965e-04, -1.1500e-03],
        [-2.6811e-04, -1.3862e-03, -6.3562e-04, -3.6081e-04,  5.8709e-04,
          7.9805e-04, -4.5374e-05, -1.1418e-03, -5.4524e-04, -7.7125e-04,
          5.7619e-04, -6.4360e-04,  6.5346e-04],
        [-1.2970e-04,  2.2580e-04,  1.3061e-04,  9.3227e-05,  1.2662e-04,
         -5.0283e-04, -2.7025e-04,  8.3176e-04,  1.0789e-03,  2.9651e-04,
         -1.4842e-03,  1.1680e-03, -6.7213e-04],
        [-3.7110e-04,  1.8255e-04, -1.4495e-03,  2.6222e-03,  3.1797e-04,
          6.3199e-04,  9.5270e-04, -1.6086e-03,  8.2507e-04, -8.1861e-04,
          9.6797e-04, -7.4396e-04, -1.9158e-03],
        [-3.3883e-05,  3.7808e-02, -3.3270e-04,  2.2032e-04, -1.3881e-02,
         -2.1578e-05,  1.6764e-01, -4.7776e-05, -3.3169e-04,  9.3403e-04,
          2.9754e-02,  2.3114e-04,  9.5723e-04],
        [ 7.6012e-04, -2.9095e-05, -3.5461e-04,  4.6372e-04,  3.4417e-05,
          2.2889e-04,  6.0655e-04, -6.2385e-04,  6.2160e-04,  1.9558e-03,
          2.4602e-04,  5.5030e-04, -5.8650e-04],
        [-6.2913e-05,  2.1663e-05, -1.1691e-04, -5.1654e-05, -1.7055e-05,
         -6.9746e-05,  1.3897e-04,  6.1644e-05,  5.9236e-04, -9.5601e-04,
         -9.1101e-06, -2.9571e-04, -4.4118e-04],
        [ 6.0512e-05,  3.4029e-04,  1.6988e-04,  2.3109e-04, -6.2110e-04,
          1.1058e-03,  2.1500e-04, -6.2133e-04, -5.1260e-04, -6.7285e-04,
         -6.3272e-04,  1.3268e-03, -1.9312e-03],
        [-5.8270e-04, -4.0051e-04,  9.1949e-04, -7.4323e-04, -4.9067e-04,
          9.7264e-04,  1.5499e-03,  3.0394e-04,  6.6093e-04, -2.0726e-03,
          1.4622e-03, -1.3361e-03, -6.3620e-04],
        [-3.3786e-05,  4.5819e-04, -9.7655e-04, -4.7188e-04,  1.0571e-03,
         -2.8387e-04,  1.3856e-04,  1.2496e-03,  5.4449e-04,  9.4843e-04,
          1.0456e-03, -1.0502e-03, -7.8408e-04],
        [-8.7744e-05, -1.1166e-04, -1.3265e-05, -1.2319e-04, -1.5325e-04,
         -4.1243e-05,  1.7131e-05, -7.1977e-04,  2.5009e-04, -7.0377e-04,
          3.1708e-04, -8.9630e-04,  7.2187e-04],
        [-1.0479e-05,  7.5584e-05,  5.4956e-04, -4.2151e-04, -1.1553e-04,
          6.9792e-05,  3.8817e-04, -1.6213e-04, -6.6260e-04,  3.8259e-04,
          5.7439e-04,  9.0541e-04, -2.3785e-04],
        [ 1.1467e-04, -8.7935e-05,  6.3245e-04, -1.0763e-03, -6.1243e-04,
          4.1374e-04, -6.5725e-04,  7.3247e-04,  2.6121e-05,  7.4646e-04,
          1.8868e-04,  6.1296e-04, -2.0167e-03],
        [-1.0347e-04,  4.7777e-05,  1.8908e-05,  1.4906e-04,  4.8245e-05,
          2.1400e-04, -1.6489e-04,  3.1389e-04, -1.3196e-05, -1.3040e-03,
          8.3262e-05,  1.8380e-03,  1.5330e-03],
        [ 1.1332e-04,  1.2377e-03, -1.1075e-03, -5.1586e-04,  8.2364e-04,
         -4.9649e-05,  1.6039e-03, -1.3148e-04,  1.8639e-03,  1.3032e-03,
          9.0346e-04, -5.4735e-04, -1.9575e-03],
        [ 5.5376e-04,  5.6231e-04, -4.1407e-04,  1.6350e-04,  2.9953e-04,
         -1.1524e-04, -6.2420e-04,  9.8684e-04, -2.8155e-04, -7.2983e-04,
          5.6186e-04,  8.3362e-04,  1.3143e-03],
        [-3.3652e-04, -1.3849e-04,  8.1375e-04, -7.2726e-05, -2.7443e-04,
          1.9165e-05, -9.1841e-04,  4.8913e-04,  3.4812e-05, -6.2477e-04,
          2.0040e-04,  1.5026e-03, -2.4620e-03],
        [ 2.2712e-03,  1.6372e-03, -8.8545e-04, -5.5563e-04, -2.3327e-04,
          2.2047e-03,  3.9576e-04, -7.9797e-04,  3.2583e-03,  8.6567e-04,
         -2.9344e-04, -8.6030e-04, -4.4017e-04],
        [ 2.2548e-04,  2.4949e-05, -2.4577e-04,  3.0723e-04, -2.2733e-04,
         -3.0828e-04,  4.7712e-04,  6.6206e-04, -4.7972e-04,  1.6444e-03,
          3.5126e-04,  2.6608e-04, -1.1904e-03],
        [ 1.7949e-04, -4.0220e-05, -3.5885e-04,  1.9545e-04, -1.0881e-04,
         -8.8493e-05, -5.0341e-04, -5.5695e-04, -2.9456e-04, -9.8586e-04,
          2.6335e-04, -2.1747e-03, -1.0085e-03],
        [ 6.4449e-05, -2.0999e-05, -8.2545e-04, -3.7614e-04,  7.8199e-05,
         -1.5276e-04, -4.5362e-05, -1.0723e-03,  2.1474e-04,  4.4991e-04,
          2.1480e-04,  6.4668e-04,  6.2749e-04],
        [ 4.4021e-04,  1.7916e-04, -6.0109e-04,  1.8878e-04, -1.9117e-04,
         -2.3931e-04,  8.0371e-04, -5.4636e-04, -8.7621e-04, -1.8342e-03,
         -4.0884e-04, -1.1313e-03, -2.7341e-04]], device='cuda:0')), ('fcs.0.bias', tensor([ 1.4178e-04, -5.5002e-05, -9.3332e-05,  3.5866e-04, -5.8162e-04,
        -8.4092e-05,  4.0925e-04, -2.1132e-04,  1.0161e-06,  1.0041e-04,
         1.3569e-03, -1.3250e-04,  4.5769e-02,  4.5568e-05,  1.4940e-04,
        -3.1152e-04,  9.3111e-05, -4.7930e-05, -1.4304e-01, -9.9994e-05,
        -2.6882e-04,  5.1521e-04,  3.3816e-04,  4.8206e-04,  1.3342e-01,
        -1.4309e-03,  9.1324e-05,  1.5966e-01, -2.2161e-01,  1.4005e-04,
         1.3702e-04, -1.8531e-01,  3.4443e-05, -5.2264e-05, -9.9117e-05,
         3.5563e-05,  5.7199e-05,  2.6523e-04, -3.4351e-04,  8.7938e-05,
         1.3863e-03,  6.6260e-04,  1.8242e-04,  5.0881e-04, -2.8267e-05,
         6.5711e-04,  1.8454e-04,  2.4044e-04, -8.6297e-05,  1.6813e-04,
        -2.9117e-04,  1.9083e-04,  7.6069e-05, -1.2819e-04, -2.1514e-04,
        -2.2680e-05,  6.9696e-04,  8.3763e-04, -3.1625e-05,  2.0296e-03,
         2.4616e-04, -1.2462e-04,  9.1522e-05,  4.6233e-04], device='cuda:0')), ('fcs.1.weight', tensor([[ 3.5128e-04,  7.9239e-05,  3.4200e-05, -2.3921e-04,  5.7816e-05,
          1.2117e-05,  6.8101e-05, -4.5827e-05, -1.8754e-04, -2.3512e-05,
          7.1546e-05, -4.5554e-04, -1.3295e-01,  2.9124e-04,  4.1703e-04,
          2.3012e-02,  7.7696e-05, -1.5484e-05,  2.5643e-05, -1.2192e-05,
         -4.7934e-05,  5.0080e-05,  2.5078e-04, -1.3472e-03, -1.8023e-03,
          1.1767e-03,  3.3262e-05,  1.1183e+00, -7.9961e-05, -1.2822e-04,
          1.1479e-04,  7.9197e-05,  1.8237e-04, -4.3768e-02, -2.4208e-04,
         -6.6398e-05,  1.8944e-04, -3.2624e-05, -2.8847e-05, -1.7909e-04,
          2.4136e-04,  1.2733e-06,  2.6564e-05,  1.6195e-04, -5.8582e-05,
         -1.5670e-05, -8.8545e-02,  7.2128e-05,  4.1038e-05,  1.7995e-04,
          2.6669e-05, -1.1186e-05, -7.1012e-05, -3.9319e-05, -3.6971e-05,
          2.6089e-04,  1.6843e-04,  6.1817e-05, -4.4630e-05, -1.4501e-04,
          4.4054e-05, -8.1536e-06,  6.1873e-05,  7.8175e-05]], device='cuda:0'))])
end of epoch 2: val_loss 0.06935780451121748, val_acc 0.985
trigger times: 1
end of epoch 3: val_loss 0.0022013285445948937, val_acc 1.0
trigger times: 0
saving model weights...
Weights: OrderedDict([('fcs.0.weight', tensor([[-2.2893e-04, -8.9348e-05, -4.1940e-04,  7.9445e-05,  1.5356e-06,
         -3.4249e-04,  4.1403e-04, -6.0475e-04,  5.5243e-05, -1.5228e-03,
         -2.8473e-04, -5.9453e-05, -3.5248e-04],
        [-1.0235e-03,  7.3558e-04,  1.3101e-03,  1.7656e-03,  5.1347e-04,
          1.1026e-04,  1.5891e-03,  1.6269e-03, -2.9593e-04,  1.7547e-03,
         -9.3606e-04, -5.1229e-04,  6.7424e-04],
        [ 1.6072e-04, -4.2495e-04, -8.1921e-04,  1.2791e-03, -9.1888e-04,
          1.0727e-03,  1.3757e-03, -9.1476e-04, -1.7173e-03, -5.4761e-04,
         -1.1057e-03, -1.3040e-03,  7.6448e-04],
        [-7.8352e-04, -2.2400e-04,  2.7434e-03,  2.4048e-06,  5.5310e-04,
          9.9212e-04,  4.1273e-04, -7.9681e-04,  2.3722e-03,  6.8508e-04,
         -1.2811e-03, -1.9226e-03, -7.7027e-04],
        [-1.3229e-03, -4.0809e-04, -7.8343e-04,  1.2321e-03, -6.4602e-04,
          4.5341e-04, -6.9050e-06,  7.9937e-04,  9.3583e-04, -9.2254e-05,
         -1.6624e-03,  7.2256e-04,  6.3160e-04],
        [ 2.6372e-04, -2.3317e-04, -9.0207e-04, -4.8104e-04, -6.9478e-04,
         -4.8754e-04,  8.5036e-04, -4.0006e-03, -9.2753e-04, -6.6191e-04,
          8.9105e-04, -1.4194e-03, -1.4865e-04],
        [ 3.5913e-05, -7.2847e-05, -5.8741e-04,  9.4991e-05,  3.7418e-04,
         -1.9961e-04,  1.4127e-04,  6.3266e-04, -2.6959e-04,  1.3611e-04,
          8.6071e-05, -1.1872e-03, -1.0933e-03],
        [ 8.1028e-05, -8.2515e-04, -3.4298e-04,  8.9050e-05, -2.1814e-04,
         -1.1483e-03,  1.9073e-06, -8.6037e-04,  2.3451e-04, -2.1218e-03,
         -2.2341e-05,  1.3835e-03, -9.3075e-04],
        [-1.2690e-01, -2.3192e-05, -5.5037e-05, -6.5439e-02, -2.2675e-04,
          4.1401e-06, -9.5710e-02, -1.0474e-04,  8.5249e-05,  5.0702e-04,
         -1.7469e-05,  7.9558e-04,  5.3231e-04],
        [ 1.1965e-03, -3.5525e-04, -2.7802e-03,  1.7822e-04,  9.0458e-04,
          7.7802e-05, -1.0310e-03,  1.5991e-03,  1.2204e-04,  8.7306e-04,
          4.1873e-04, -1.4848e-03, -2.0350e-03],
        [ 9.6186e-04, -1.7611e-03, -1.2852e-03, -2.5246e-05, -3.2088e-04,
         -8.4541e-04,  9.5251e-04, -1.2798e-03,  1.3530e-03,  9.2690e-05,
          1.5008e-03,  9.8280e-04,  2.2702e-03],
        [-7.1015e-05, -2.0911e-04,  8.2115e-05, -2.8431e-05,  8.4617e-05,
          2.0243e-05, -2.2740e-06, -4.1781e-04, -4.2933e-04,  7.7097e-04,
          4.4259e-04, -5.5248e-04,  6.9912e-05],
        [ 3.3407e-04,  1.0819e-04,  5.8641e-04, -4.8695e-04, -3.5164e-05,
         -1.4299e-04, -1.3589e-04, -7.2298e-04,  7.6781e-04,  1.1435e-03,
          4.0775e-04,  4.7318e-04, -4.0704e-04],
        [-6.2573e-05,  5.0475e-05,  2.0540e-05, -1.2891e-04,  1.1626e-04,
         -5.0484e-04, -1.2342e-05, -2.1730e-03, -4.2335e-04, -1.1943e-03,
          2.1810e-04, -4.8410e-04, -7.7477e-04],
        [-3.6009e-05,  2.0506e-05, -2.1031e-04,  5.6153e-04, -2.8888e-04,
          1.9891e-04, -3.6088e-04, -2.7198e-04,  2.1323e-04,  3.8787e-04,
         -4.7700e-06, -1.0536e-03,  1.5761e-03],
        [-1.5145e-04,  1.3141e-04,  3.7608e-04,  5.3599e-04, -1.1585e-04,
         -2.1482e-04, -1.1230e-03, -5.3558e-04, -1.5991e-04, -6.2316e-04,
          2.8947e-04,  6.3659e-04, -6.9476e-04],
        [-4.5020e-04,  3.1371e-05,  8.7812e-04,  3.1334e-04, -5.4278e-05,
         -7.6348e-05, -1.5253e-04, -1.3242e-03,  8.4724e-04,  2.0980e-03,
         -2.8952e-04, -9.2412e-04,  9.1398e-05],
        [ 1.0419e-04,  5.3005e-05, -1.6239e-04, -1.4264e-04,  2.6758e-04,
         -6.5621e-05, -9.1492e-05, -1.6866e-04, -6.5153e-05,  1.9090e-03,
          1.2011e-03, -4.4191e-04,  6.1040e-04],
        [ 5.8223e-05, -1.6764e-04, -1.1934e-04, -6.8490e-04, -2.4635e-04,
          6.3394e-04, -2.8377e-04,  5.4143e-04, -1.3757e-03, -1.7877e-03,
          3.1704e-04,  5.4334e-04,  1.3126e-03],
        [ 1.8021e-03,  8.0616e-04,  9.6622e-04, -5.1599e-04, -6.3802e-04,
          2.1291e-03, -3.7385e-04,  6.7242e-04, -7.3721e-04,  7.3787e-04,
         -8.2353e-04,  2.2841e-04,  8.8986e-04],
        [-1.9874e-04,  1.4340e-04, -4.7418e-04,  2.7939e-04, -6.4175e-05,
         -1.7392e-04, -4.2247e-04, -1.0653e-03,  5.8382e-04, -1.1103e-03,
          4.0871e-04,  4.5139e-04, -1.9441e-03],
        [ 3.8544e-05, -2.4117e-06, -1.4843e-04,  1.3037e-04, -1.8535e-05,
          9.2525e-05,  1.1430e-04,  1.6926e-05,  1.0395e-04,  3.6634e-04,
         -1.3381e-04,  7.8857e-05,  4.5789e-04],
        [ 6.6526e-05,  4.3584e-05, -2.2211e-04, -2.5157e-05,  1.1597e-05,
          3.7289e-05,  2.2407e-06,  2.1219e-04, -3.5476e-06,  3.3030e-04,
          1.1101e-04, -2.5672e-04,  1.5384e-03],
        [-6.7604e-04, -8.1112e-04, -6.5350e-04, -2.2427e-03, -3.5899e-04,
         -4.7027e-04, -1.4020e-03, -1.8220e-03, -1.6030e-03, -1.0945e-03,
          3.1078e-04, -7.5067e-04,  3.2758e-04],
        [-1.1269e-04, -6.9063e-05, -9.8599e-04,  4.2596e-05,  3.5572e-04,
          1.4876e-04,  1.6298e-04, -1.5310e-03, -3.0177e-04, -4.2588e-04,
         -4.4467e-04,  3.0976e-04,  6.6479e-04],
        [-3.1483e-05,  1.4659e-05,  2.3062e-04,  6.8129e-05,  7.8480e-06,
          4.0814e-04,  1.6198e-05,  7.5405e-04, -2.1770e-04, -6.7713e-04,
          1.5049e-04, -7.3921e-04,  4.2220e-04],
        [ 3.7278e-04, -2.9334e-04, -1.9696e-03, -5.6278e-04, -3.1863e-04,
          7.0011e-04,  2.6152e-04,  1.9085e-03,  1.0413e-03,  6.2579e-04,
         -9.2939e-04,  2.5732e-04,  1.3144e-03],
        [ 2.8450e-01,  3.0164e-02,  3.0075e-01,  5.4100e-02, -1.8505e-02,
          1.8651e-01,  8.5102e-02,  4.0198e-04,  3.8913e-01, -1.2202e-03,
         -1.0612e+00,  1.1207e+00, -1.3659e-01],
        [-1.2686e-04,  3.1638e-05,  1.9677e-04, -7.0028e-05, -6.0187e-05,
         -5.8430e-05,  6.4174e-05,  8.9169e-05,  6.2110e-05,  4.1125e-04,
         -1.0813e-05, -2.4027e-05, -2.7364e-04],
        [-2.2421e-03, -1.1309e-03, -5.6750e-04, -7.1897e-04,  6.8914e-04,
         -3.6193e-04, -5.2079e-04, -1.0854e-03, -1.0136e-03,  1.3220e-03,
         -1.2431e-03, -1.1086e-03,  2.1749e-03],
        [ 4.7533e-04, -3.0014e-05,  2.4635e-04, -1.1762e-03, -1.6580e-03,
         -1.3007e-03,  1.9118e-04,  7.6823e-04, -9.6184e-04,  1.0749e-03,
         -6.4165e-04, -1.2969e-03, -1.2570e-03],
        [-1.1093e-04, -2.3946e-05, -7.6571e-04, -4.3757e-04,  2.0682e-04,
          8.3492e-05, -6.5889e-04, -1.6832e-03,  6.7438e-04,  1.2791e-03,
          1.6126e-03,  6.2655e-04,  2.2042e-03],
        [ 2.4011e-04,  1.0859e-04,  3.6357e-05,  6.0506e-04, -5.0681e-04,
         -9.5884e-05,  3.1174e-04, -6.3002e-04, -6.9593e-04, -5.9562e-04,
          7.9583e-04, -4.2996e-04, -5.6201e-04],
        [ 7.1494e-04,  6.8037e-05,  5.1595e-04,  1.2254e-04, -3.5933e-04,
          2.7278e-04,  3.2445e-04,  1.1142e-03,  3.4358e-04,  9.4029e-04,
          1.6846e-04, -1.1192e-03,  8.3379e-04],
        [ 5.3895e-02, -1.0992e-01, -5.0823e-05,  6.3645e-02, -8.0556e-05,
          3.0629e-05,  1.2162e-03, -2.0871e-04,  7.1724e-05,  3.7045e-04,
         -2.8277e-04,  2.1094e-04, -6.0306e-05],
        [ 1.1042e-04, -3.5493e-04,  8.3834e-05,  1.4298e-04,  3.8279e-04,
         -9.6830e-04,  5.0888e-05,  1.6692e-03,  6.1509e-04, -1.3138e-03,
         -4.9656e-05, -5.4098e-06,  4.9324e-04],
        [-7.6410e-05, -5.5630e-04, -9.9214e-04, -5.2103e-04, -1.0177e-03,
         -8.5092e-05, -2.4730e-04,  6.8773e-04, -1.3839e-03,  3.1657e-04,
          1.3542e-04, -1.1331e-03,  1.8113e-03],
        [-1.3928e-03, -9.0075e-06,  6.1734e-04, -7.1675e-04, -5.6014e-04,
         -8.1916e-04, -4.7365e-04, -9.7735e-05, -1.0079e-03, -8.4455e-04,
          4.5418e-04,  2.7692e-04,  2.2413e-04],
        [ 4.4001e-04,  2.9498e-05,  1.3226e-05, -4.3904e-04,  2.8203e-04,
          1.2026e-04, -7.4841e-04,  1.0100e-03, -1.3924e-03,  7.2779e-04,
         -1.6043e-03, -1.8894e-03, -8.7609e-04],
        [-1.4810e-04,  6.2275e-04, -9.0487e-04,  5.0448e-04, -4.2375e-04,
          4.9827e-04, -1.1691e-05,  1.9943e-03, -8.6802e-04, -2.1632e-03,
         -3.6955e-04,  2.7582e-04,  1.2870e-03],
        [-1.5145e-04,  1.6046e-04, -6.7156e-04,  4.1378e-06,  1.1232e-03,
          2.2251e-03,  5.0337e-05,  1.3829e-03,  7.0124e-04,  1.5086e-03,
         -3.0293e-04,  1.2126e-03, -4.9818e-04],
        [-2.2679e-04, -2.5649e-04, -2.1124e-03, -5.1292e-04, -7.4393e-05,
         -8.9596e-04, -3.1777e-04,  8.6574e-04,  1.3812e-03,  7.9522e-04,
         -1.3595e-03, -8.9956e-04,  2.0639e-03],
        [-7.1711e-04, -8.2004e-04, -6.2275e-04, -6.1214e-05,  5.4096e-04,
          1.1403e-03,  4.2527e-04,  6.6345e-04,  2.3549e-03, -1.9482e-03,
         -8.5067e-04,  1.9430e-03, -1.3059e-03],
        [-4.5680e-05, -8.5769e-05,  4.7122e-05,  4.8129e-05, -7.0332e-05,
         -2.1397e-04, -8.7234e-05,  3.3047e-04,  3.8900e-04, -6.5565e-04,
         -8.9350e-05,  8.6166e-04,  2.1817e-03],
        [ 1.8198e-04,  1.1171e-04,  3.7197e-04, -1.3325e-03, -1.6266e-03,
          3.2732e-04,  5.3972e-04, -1.2426e-03, -9.8110e-04, -1.2893e-03,
          5.6890e-04,  2.1100e-03,  1.3089e-03],
        [ 3.9660e-04, -1.8382e-02,  2.3319e-03, -9.8120e-06, -9.9145e-03,
         -5.6298e-03,  7.2908e-05,  3.3037e-04,  2.6641e-04, -6.6740e-04,
         -8.9789e-04, -1.5911e-03, -6.5691e-04],
        [-2.0489e-04, -4.6836e-05,  2.2298e-04, -4.3267e-04,  3.6278e-05,
         -5.3693e-05, -2.1073e-04,  5.6662e-04, -6.1426e-04,  6.4990e-04,
          3.4554e-04,  5.9826e-04, -4.3485e-04],
        [-6.8582e-04, -2.3770e-05,  4.2728e-04, -1.0618e-03, -9.3772e-04,
         -3.3263e-04,  1.2990e-03, -8.5623e-04,  5.9053e-04, -2.1743e-03,
         -4.6422e-04, -8.9262e-04, -6.6779e-04],
        [-3.3490e-04,  3.7963e-04, -1.0710e-03,  2.9351e-04,  1.0266e-04,
         -1.6936e-04,  3.0427e-04,  1.1153e-03, -6.1626e-04, -2.0754e-03,
         -9.1600e-04, -1.0756e-03, -7.5242e-04],
        [ 1.1018e-01,  8.9198e-06, -2.7949e-04,  3.0405e-05, -7.4530e-04,
          2.5114e-05,  7.4334e-02, -2.9356e-05, -2.5229e-04,  2.0335e-04,
          1.3013e-04,  3.6779e-04,  2.8716e-04],
        [ 1.1101e-04, -1.9196e-04,  1.9716e-04,  6.2926e-05,  6.3125e-05,
          8.6295e-04, -7.6869e-05,  2.8582e-04,  3.6302e-04,  1.2481e-04,
         -2.1675e-04,  4.1487e-04,  8.1195e-04],
        [-5.2556e-05, -7.2234e-04,  4.9547e-04, -1.0385e-03, -4.3389e-03,
         -4.1577e-04, -2.4007e-04, -1.4057e-03, -1.4574e-03, -3.9885e-03,
         -1.3708e-04, -5.8042e-04, -6.9908e-04],
        [ 5.1775e-04, -1.5850e-04, -1.5091e-03,  2.9676e-04, -2.7842e-04,
         -5.1960e-04,  1.1706e-03,  4.1346e-03,  1.0311e-03,  1.6175e-03,
         -4.1879e-04,  8.8694e-04,  6.7172e-04],
        [ 1.0193e-03, -2.1021e-04,  4.9957e-04,  3.8081e-04, -4.7391e-04,
         -1.3925e-03, -8.2256e-04, -7.1596e-04, -1.2097e-03,  6.6480e-04,
          6.1439e-04,  1.8476e-03,  1.2878e-03],
        [-1.0789e-03, -1.1806e-03,  1.2943e-03, -2.5292e-04, -8.9513e-04,
          1.6108e-03,  1.2339e-03,  5.4634e-04, -8.7172e-04, -5.4881e-04,
          6.4919e-04,  2.1755e-03, -1.4130e-03],
        [-1.5012e-04,  1.2335e-04,  1.9322e-03, -9.3262e-04,  1.2543e-03,
          1.0899e-03, -1.7371e-04, -1.2165e-03,  9.0859e-04,  1.2890e-03,
          3.5860e-04, -7.5369e-04, -5.7657e-04],
        [ 6.1850e-04, -7.6945e-04, -1.7330e-03, -7.2733e-04, -9.7919e-04,
          1.2433e-04, -8.2840e-05, -6.6483e-04, -6.5875e-04, -1.0448e-03,
         -1.4664e-03,  2.5308e-03,  5.4943e-04],
        [ 2.2588e-03, -1.7394e-04, -9.1641e-04, -3.3071e-05,  2.5852e-04,
         -8.6082e-04,  7.9949e-04, -1.7612e-03,  6.2749e-04, -1.1416e-03,
          1.0933e-03,  3.0919e-03, -1.3235e-03],
        [ 6.0191e-04, -1.2704e-03,  1.9943e-03, -1.8904e-04, -1.5951e-04,
          2.7959e-04, -1.4386e-04, -6.5961e-04, -5.1990e-04, -5.9177e-04,
          6.9541e-04,  1.3840e-03, -7.6422e-04],
        [ 8.9059e-05,  2.9598e-05,  4.0903e-04, -2.9284e-04, -1.8691e-05,
         -3.0728e-04,  7.5645e-05, -1.4648e-04, -6.7541e-05, -5.7878e-04,
         -3.3491e-05,  2.4349e-04, -5.5269e-04],
        [ 3.3696e-03, -4.4437e-04, -3.9217e-04,  1.2357e-03, -1.9264e-03,
          6.1930e-04,  1.7822e-04,  1.9456e-03,  1.4132e-03, -1.0333e-03,
          1.2307e-03, -1.2462e-04,  1.2775e-03],
        [-1.7067e-03, -4.3817e-04,  6.4107e-04, -4.7385e-04, -3.1307e-05,
         -8.1012e-04, -5.9187e-04,  2.9698e-04,  1.2405e-03,  2.9120e-04,
         -6.9698e-04, -1.9379e-03,  2.0632e-03],
        [-1.1209e-04, -6.8803e-04,  3.3912e-04, -1.4445e-03,  3.8704e-04,
          2.4723e-04,  2.4175e-04,  6.2042e-04,  9.6679e-04,  1.2828e-03,
         -6.2150e-04, -1.0212e-03,  6.8102e-04],
        [-4.7238e-02,  1.0163e-06, -1.2588e-05, -1.0730e-04, -6.5335e-06,
         -2.7346e-06,  1.0031e-04,  5.7795e-04,  8.4159e-04,  5.6951e-04,
          7.6340e-04, -2.8355e-04, -9.1304e-04]], device='cuda:0')), ('fcs.0.bias', tensor([ 2.3306e-04, -8.5773e-04,  3.5148e-04,  6.5111e-04,  8.4892e-04,
         8.2127e-04, -3.7330e-05,  1.4435e-05, -1.4929e-01, -4.5622e-05,
         1.0133e-03,  1.3198e-05,  2.9178e-04,  1.2272e-05,  2.1476e-04,
        -2.7833e-04,  4.9974e-05, -7.1330e-05,  3.8542e-05, -2.1294e-04,
         3.5435e-04, -1.0820e-04,  2.1143e-05,  1.6756e-03,  8.2273e-05,
         9.6201e-05, -3.9694e-04,  6.9545e-02, -7.6238e-06,  2.2858e-03,
         4.7064e-04, -3.9410e-04, -2.9086e-04,  1.7981e-06,  1.0352e-01,
         2.7701e-05,  6.3882e-04,  1.1250e-03,  6.2503e-04, -9.1269e-04,
         2.4312e-04,  4.8147e-04,  3.9651e-05, -8.6413e-07,  6.3200e-04,
         1.8411e-04,  9.2814e-05, -8.6869e-04,  5.5959e-04,  9.8838e-02,
        -1.3202e-05,  1.5286e-03,  5.2103e-04,  1.5389e-03,  6.7310e-04,
         1.4935e-04,  6.5754e-04,  9.4536e-04, -2.7269e-03,  4.6250e-04,
        -1.0794e-03,  1.5072e-04, -2.6421e-04, -1.0537e-01], device='cuda:0')), ('fcs.1.weight', tensor([[ 2.5673e-05, -9.1830e-05,  1.2997e-04,  1.2337e-04, -3.0300e-04,
         -1.4075e-04, -1.2604e-05, -1.0022e-04, -5.4121e-05,  1.0081e-04,
          2.3647e-04,  1.0318e-04, -7.0479e-05,  1.0776e-04,  4.2263e-05,
         -7.2000e-05, -4.3010e-04, -1.5009e-06,  4.1792e-04,  2.3816e-04,
          1.2151e-04, -1.1440e-05, -4.1531e-05,  1.6093e-03,  2.0137e-05,
          7.8663e-07,  1.6159e-03,  9.3007e-01, -8.9902e-06,  5.2314e-04,
         -7.0685e-04, -1.9318e-04,  2.7724e-04,  1.0592e-04,  9.3234e-03,
         -3.8646e-04, -1.1389e-03,  9.4127e-05, -9.2580e-05, -4.2233e-04,
          7.1945e-04,  4.5081e-04,  7.6456e-05, -1.1136e-04,  1.1305e-04,
          8.8605e-02,  2.0179e-06, -1.0595e-03,  1.3949e-04,  1.3293e-04,
         -2.0351e-04,  5.4773e-05,  3.1405e-04,  1.3721e-04, -2.7683e-04,
         -7.9273e-04, -8.1783e-04,  1.6648e-03, -2.6905e-04,  2.1561e-05,
         -1.5220e-04,  9.2741e-05, -1.3382e-03, -7.0764e-02]], device='cuda:0'))])
end of epoch 4: val_loss 0.006844655011286207, val_acc 1.0
trigger times: 1
end of epoch 5: val_loss 4.17230785387801e-08, val_acc 1.0
trigger times: 0
saving model weights...
Weights: OrderedDict([('fcs.0.weight', tensor([[-1.6045e-03,  2.4322e-04, -5.4196e-06, -2.8340e-04,  8.4548e-04,
          6.9327e-04,  9.4455e-04,  4.8488e-05,  4.2902e-04,  1.6392e-03,
          1.1275e-03,  5.8170e-04,  1.0130e-03],
        [ 1.9518e-05,  2.6729e-03, -9.0608e-05,  2.3511e-04, -5.2917e-04,
         -3.2590e-03,  4.5807e-04,  7.1706e-04, -2.0207e-03,  8.5066e-04,
          2.4074e-03, -7.1025e-04,  3.7286e-04],
        [-2.8493e-01,  4.0437e-06, -1.5610e-01, -2.7262e-01, -1.7361e-01,
         -3.9098e-02, -2.6552e-01,  2.8410e-04,  2.1245e-01,  1.5903e-03,
         -2.1929e-01,  2.2484e-04, -3.2462e-04],
        [-2.0415e-01, -1.0062e-01,  1.2752e-01,  1.7221e-01, -1.1371e-01,
         -2.8370e-02, -2.3900e-01, -4.2760e-02,  1.2146e-01, -5.3127e-04,
         -2.9800e-01,  1.7407e-01,  1.2900e-03],
        [ 3.3737e-01, -5.9751e-03, -1.0166e-01, -6.2647e-05,  2.6117e-01,
          2.5631e-01,  1.8719e-01,  1.0620e-03,  2.5849e-01,  9.6307e-04,
         -3.3341e-01,  1.0586e-03,  1.3377e-03],
        [ 1.5293e-04,  1.8863e-04, -2.1876e-04,  8.0912e-04,  9.0386e-05,
         -1.0979e-03,  8.0975e-04,  1.0479e-05, -9.0398e-04,  2.7083e-04,
          5.4165e-04, -1.9035e-03, -1.1867e-03],
        [ 2.1314e-03,  5.1638e-02,  2.1330e-01,  2.8840e-01,  1.7202e-05,
         -8.7182e-04, -2.9428e-03,  1.0162e-02, -4.6817e-01, -2.7387e-02,
          5.7531e-01, -5.4682e-02,  1.7434e-02],
        [ 1.5530e-04, -2.1201e-04,  7.0944e-04, -3.3187e-05, -1.4284e-03,
         -1.3595e-04,  3.8653e-04, -3.6212e-04,  4.4187e-04,  5.0278e-04,
          2.2759e-04,  1.2450e-04,  7.2682e-04],
        [ 1.8793e-04, -2.2191e-04, -1.3724e-04,  7.3495e-05, -3.6135e-04,
          4.4574e-05,  1.3760e-04,  3.8724e-04, -3.0724e-04, -1.5852e-03,
         -9.8345e-05, -7.7665e-05, -2.4974e-03],
        [-3.6497e-02, -3.4248e-04, -1.0410e-03, -2.5780e-04, -1.1380e-03,
         -4.5104e-04, -4.1691e-05,  7.5441e-04, -6.5629e-04, -3.2415e-06,
          1.4677e-03,  1.0135e-03, -2.1085e-04],
        [-2.7613e-01,  2.1981e-04,  3.6270e-04, -2.6803e-01, -6.3849e-04,
         -2.9042e-04, -2.7706e-01, -3.5701e-04,  1.2169e-01, -9.0309e-04,
         -1.3984e-01, -5.2973e-04, -1.2045e-03],
        [-1.6694e-04, -7.2818e-02, -2.5790e-03,  1.8657e-03,  4.1238e-04,
          1.0181e-04, -3.3967e-04,  2.8968e-03, -2.2039e-05,  1.3012e-03,
         -8.4838e-04,  2.0502e-03, -6.3266e-05],
        [-3.0494e-03, -3.0894e-04,  9.1186e-04,  4.4450e-04, -1.9159e-04,
         -1.4478e-03,  1.5801e-03,  4.2710e-04,  1.0367e-03,  1.3191e-03,
          3.8927e-04,  3.1835e-03, -6.5209e-04],
        [-2.7204e-01,  2.5485e-04, -3.6594e-02, -2.7892e-01,  3.3373e-03,
         -1.5998e-04, -3.2028e-01,  2.0080e-04,  1.0818e-01,  1.8254e-03,
         -1.5893e-01,  1.1316e-04,  9.7244e-04],
        [ 2.0901e-01, -5.6091e-03, -1.9090e-01, -1.0162e-01,  2.1481e-01,
          9.3534e-02,  5.3430e-02,  1.3505e-03,  4.0658e-01,  3.5144e-03,
         -4.2060e-01,  5.2175e-05, -1.0646e-03],
        [-5.7963e-05,  7.2584e-04, -7.9070e-04,  1.8780e-05, -6.2550e-04,
          3.3231e-03,  6.2955e-04,  7.1891e-04,  2.1457e-03, -1.9325e-03,
         -5.4768e-04,  1.7633e-06, -3.7783e-04],
        [-2.9115e-01, -7.9631e-02, -1.5803e-01, -2.8679e-01, -1.8997e-01,
         -2.4851e-01, -2.5674e-01, -8.2242e-04,  1.0592e-01,  3.8178e-04,
         -1.1742e-01, -1.0542e-04,  4.5884e-04],
        [ 2.1158e-03,  6.4403e-04, -3.7722e-04,  9.3814e-04,  2.3844e-03,
         -3.0013e-04,  4.3251e-03,  1.6008e-03, -1.1782e-03,  9.7266e-04,
          2.0465e-04, -6.0753e-04, -3.2822e-04],
        [-7.3036e-04,  8.7963e-02, -3.1774e-05, -7.8422e-04,  3.4692e-02,
          2.7374e-02, -2.2075e-02, -2.0506e-04,  2.8601e-04,  5.0622e-04,
         -3.7864e-05, -6.6074e-04,  4.5995e-05],
        [-2.1018e-04, -9.8815e-05,  7.7794e-06,  4.7257e-04,  1.6747e-04,
         -7.5141e-04, -2.1739e-04, -1.2000e-03, -1.6596e-03, -2.0187e-04,
          2.0553e-03, -4.7275e-05,  1.0183e-03],
        [ 1.7921e-01,  1.2046e-01, -7.3210e-02, -6.1825e-02, -2.4003e-04,
         -5.2948e-02,  1.8215e-01,  1.9832e-04,  2.9537e-04, -4.5049e-05,
          8.2685e-03, -2.7701e-04,  1.7729e-03],
        [-3.7723e-04,  1.7768e-04, -7.7289e-04, -4.1447e-04, -3.8130e-04,
         -2.1357e-04, -3.8752e-04,  6.5723e-04, -8.3158e-04,  8.4032e-04,
         -1.0587e-03,  1.0349e-03, -1.2253e-04],
        [ 1.4603e-04, -2.5595e-04,  8.5047e-04, -9.2290e-04,  4.7796e-04,
          2.5356e-04, -1.6822e-05, -4.0668e-04,  1.0077e-03,  7.8876e-04,
          6.4190e-04, -7.7603e-04, -7.9154e-04],
        [-3.8527e-02, -1.2770e-01, -2.5110e-01,  1.7817e-02, -9.5993e-02,
         -6.4664e-02,  5.1191e-01, -1.9896e-01, -6.2156e-01, -2.0462e-01,
          7.3110e-01, -3.3582e-01,  1.1003e-01],
        [-4.9343e-04, -6.7762e-05,  1.0090e-03,  7.6464e-04, -8.4546e-04,
         -1.2128e-03, -9.9507e-04,  2.2873e-03, -5.1737e-05,  1.3100e-04,
          6.0479e-04,  8.7427e-04,  1.1063e-03],
        [ 4.7899e-04, -5.3562e-04,  1.3855e-03,  9.6724e-05,  2.1598e-04,
          7.9001e-04,  8.8609e-04, -2.5527e-04, -6.2761e-04,  2.2733e-03,
          2.6249e-04, -2.4872e-04,  1.7576e-03],
        [-2.9123e-02,  4.6004e-02, -1.5315e-01, -3.7177e-01, -2.7082e-05,
          1.5864e-04, -4.3505e-01,  7.6310e-05, -2.1130e-04,  6.8295e-05,
         -2.6232e-04, -1.6529e-04,  4.3476e-04],
        [ 6.9779e-01,  5.3697e-02,  5.0319e-01,  3.0193e-01,  8.0282e-02,
          1.9596e-01,  4.6712e-01, -3.0253e-02,  5.1195e-01,  2.7601e-01,
         -1.5448e+00,  1.7096e+00, -8.1965e-01],
        [-1.9138e-04,  4.6004e-05, -1.7767e-03,  6.9075e-06,  1.6116e-04,
         -1.7701e-04, -1.9504e-04,  8.6763e-04,  2.9310e-04,  7.1579e-04,
          4.3148e-04, -1.5510e-04, -4.4525e-04],
        [-2.8197e-05, -7.5883e-05, -1.2457e-03, -3.6313e-05,  1.5025e-04,
         -7.1953e-05,  1.7760e-04, -3.5243e-05,  2.0015e-04, -2.3025e-04,
          3.6018e-04,  7.5928e-04,  2.8002e-04],
        [-1.2498e-06, -5.9080e-05,  9.9795e-04, -1.7191e-04,  1.3063e-03,
         -1.7236e-04,  1.0956e-04,  8.9743e-04, -1.2174e-04, -3.5584e-04,
         -5.0533e-04,  1.2766e-05, -1.2346e-03],
        [ 1.7072e-03, -4.6953e-04,  2.3513e-03, -7.3410e-04,  2.3427e-03,
         -4.5421e-04, -6.1293e-04,  2.4336e-03, -5.4640e-04,  7.2895e-04,
          1.6341e-03, -6.0792e-04,  1.8346e-03],
        [ 1.6526e-02,  1.3036e-01, -1.7530e-01, -1.3928e-01,  2.2936e-01,
          2.0025e-01, -2.3404e-03, -2.7939e-05,  2.3182e-01, -9.6164e-05,
         -2.3742e-01,  8.7649e-04, -6.5486e-05],
        [-1.4191e-03, -1.8270e-03,  1.0681e-03,  1.6158e-03,  8.3328e-04,
         -1.5884e-03, -9.0410e-04,  2.2734e-04,  1.3319e-03, -1.5461e-03,
         -1.9855e-04,  4.3666e-05,  5.2253e-04],
        [-1.3395e-04, -6.0196e-05, -3.1173e-04, -5.5573e-04,  2.0616e-04,
         -1.9845e-04,  2.7359e-04, -4.7371e-04,  9.8443e-04,  4.5736e-04,
         -1.2774e-04,  8.1220e-04,  7.6870e-04],
        [-2.0048e-01, -2.5554e-01,  3.0626e-06,  3.8366e-05, -2.1758e-01,
         -2.0964e-01, -2.0433e-04, -4.3173e-04, -6.9056e-04,  2.0343e-03,
          3.1880e-04, -1.6092e-03, -1.4631e-04],
        [ 5.5682e-01, -8.5586e-02,  3.8312e-01,  5.8469e-01, -1.1137e-01,
         -5.5534e-02, -6.8982e-05, -8.8105e-04,  1.8672e-01,  2.2192e-02,
         -2.4070e-01,  2.4782e-01,  8.7461e-03],
        [-1.0931e-05, -1.0106e-04,  4.7080e-04,  1.6576e-03, -2.0663e-04,
          2.0286e-04, -7.2988e-04,  1.3702e-03,  1.0080e-03, -1.1975e-03,
         -8.9315e-04, -8.1989e-04,  1.7342e-03],
        [-2.2231e-01,  1.6439e-01, -1.4242e-01, -3.4723e-01,  1.1951e-04,
         -6.2320e-05, -1.7406e-01,  3.6639e-04,  9.6243e-06,  6.5545e-04,
          2.1738e-04, -1.9797e-05,  8.2434e-04],
        [ 4.7068e-04, -1.1915e-04,  1.0221e-03,  1.9964e-03, -6.5864e-04,
          1.7568e-05, -1.3487e-04, -8.4256e-04, -1.4793e-03,  1.1306e-03,
          4.5718e-04, -2.2547e-03,  8.3396e-04],
        [-1.0362e-03,  3.4262e-04, -1.1951e-03, -3.8554e-04,  4.0703e-03,
          2.9003e-04,  8.5335e-04,  9.3572e-04,  4.9117e-05, -6.7439e-04,
         -3.1537e-04,  2.3822e-03,  3.9392e-04],
        [ 4.3166e-03,  1.2125e-01, -2.0080e-01, -4.4244e-01, -2.2753e-02,
         -4.9894e-02, -2.4021e-01, -3.1134e-03,  9.9308e-02,  3.8443e-05,
         -5.1235e-02, -6.6984e-04,  1.5283e-04],
        [-2.7778e-04,  3.6444e-04,  1.0883e-03,  3.7448e-04,  1.1494e-03,
         -2.1577e-03,  6.5202e-04, -1.1773e-03, -1.2204e-03, -1.0807e-04,
         -7.2540e-04,  5.2778e-04,  8.3578e-04],
        [ 3.5059e-04, -4.8462e-04, -3.4185e-04, -1.0015e-03, -2.0575e-04,
         -2.0763e-05, -1.0071e-04, -8.7537e-04,  3.0407e-05, -1.2618e-04,
          6.2513e-04, -1.4434e-04, -1.1066e-03],
        [ 8.1137e-05,  5.4395e-05,  4.4408e-04,  3.0471e-04, -1.6445e-05,
         -1.2879e-05, -6.0523e-04,  2.5813e-04,  3.3387e-04, -1.1154e-03,
          6.0899e-04,  1.5069e-03, -3.9365e-04],
        [-1.2042e-03, -9.5798e-05,  1.5767e-03,  1.4591e-04,  4.2075e-04,
          1.5183e-04,  1.4095e-04,  5.2662e-04, -9.4213e-05,  4.9854e-04,
         -1.2870e-03,  6.2271e-04, -1.7462e-03],
        [ 9.4264e-04,  8.6736e-04, -4.6425e-04,  8.4338e-04, -1.1863e-03,
         -2.4738e-04, -1.4186e-03, -1.6197e-03, -1.9415e-03,  6.4928e-04,
          1.9458e-03,  5.7615e-04, -1.0295e-03],
        [-3.9243e-01,  3.6339e-02, -3.0668e-04, -1.1050e-04, -1.1306e-01,
         -9.3176e-05,  3.4918e-01, -1.3126e-01, -3.2646e-01, -8.3729e-02,
          3.8811e-01, -1.1564e-01,  4.1715e-02],
        [ 1.2835e-02, -8.2390e-02, -4.5297e-03,  8.2109e-02,  2.6933e-01,
         -8.8308e-03,  3.3437e-01, -2.6754e-01, -6.2496e-01, -2.3228e-01,
          7.2117e-01, -3.5228e-01,  1.4231e-01],
        [-5.0073e-04, -2.1860e-05,  1.3204e-03,  2.7254e-04, -2.3372e-05,
          2.0501e-04, -9.1113e-05, -7.5353e-04, -7.0253e-04,  9.8491e-05,
         -6.3755e-04, -5.7712e-04,  7.7790e-04],
        [ 3.0058e-04,  1.6056e-03, -3.1258e-04, -1.3086e-03,  1.1492e-03,
          1.1937e-03, -1.0840e-05, -4.8238e-04,  3.5998e-04,  5.6688e-04,
         -5.0390e-04, -1.3296e-03,  1.3872e-03],
        [ 5.7449e-05, -6.1494e-05,  2.4354e-05, -5.8586e-06,  9.1213e-06,
         -1.5481e-04,  1.0743e-04,  1.7050e-04,  7.5852e-05, -5.2891e-04,
         -4.9869e-06,  6.6668e-04,  5.9188e-04],
        [ 6.6022e-01, -3.8826e-01,  4.4725e-02,  2.6333e-01, -1.6480e-01,
         -2.5438e-01,  1.2754e-01,  1.1234e-01,  3.7165e-01,  3.1891e-01,
         -4.0939e-01,  3.6245e-01, -2.1436e-01],
        [-7.3830e-04, -1.8471e-04,  8.1798e-04,  6.9581e-04,  1.5195e-03,
          8.8666e-04,  9.0410e-04, -2.3676e-04,  1.0270e-03,  2.0269e-03,
         -1.0407e-05,  7.5352e-04, -6.4541e-04],
        [-1.1837e-01,  1.4055e-02,  1.7903e-04, -1.0215e-01, -9.9537e-05,
          2.1338e-04,  1.6766e-03, -2.4876e-03,  3.3682e-04, -5.1649e-04,
         -1.4669e-04, -3.0129e-04,  7.4066e-05],
        [ 4.0963e-05,  5.2932e-05, -6.2238e-05,  1.3291e-04, -1.2071e-04,
          9.4605e-05,  1.5695e-03, -1.5930e-04,  2.5578e-05, -1.6869e-04,
         -1.1175e-04,  1.0535e-03, -3.9615e-05],
        [-3.3003e-04, -7.6169e-04, -9.4459e-04,  1.9664e-04, -1.0696e-03,
          9.9099e-04, -7.7504e-04,  5.0283e-04,  9.3381e-04,  9.2143e-05,
         -5.0170e-04,  4.3064e-04, -3.1359e-03],
        [ 1.9875e-03, -4.5061e-04, -3.2637e-04,  5.3288e-04,  2.7510e-03,
         -8.7615e-04, -2.4856e-03, -9.0689e-04,  2.8868e-03, -3.5442e-03,
          5.9895e-04, -1.8554e-03,  1.1004e-03],
        [-8.9455e-04,  9.0790e-02,  3.9858e-04, -1.2000e-02,  8.5091e-02,
          1.2599e-01, -1.7496e-05,  1.4120e-04,  1.6335e-01,  3.4782e-04,
         -2.2034e-01,  1.3235e-04,  2.0792e-03],
        [-6.3413e-04, -6.3366e-04, -7.2873e-04,  7.3397e-04, -3.8532e-04,
         -1.7196e-04,  6.0772e-04, -1.2019e-03,  2.0719e-03,  1.1565e-03,
         -5.1495e-04, -1.8808e-03,  1.2474e-03],
        [ 4.8887e-01,  3.9175e-04,  2.5755e-01,  3.0765e-01, -5.6415e-05,
         -5.2555e-04, -3.6002e-01,  3.1815e-02,  2.7386e-01,  5.9618e-02,
         -3.2214e-01,  2.7511e-01, -1.7728e-02],
        [-4.6886e-01,  5.8560e-02, -3.1652e-02, -3.9112e-01,  2.3115e-01,
          8.4128e-02, -4.4741e-01,  4.4649e-02,  2.8587e-01,  4.7986e-02,
         -3.4561e-01,  5.3232e-01, -4.3490e-04],
        [-1.4800e-04, -2.9442e-05, -8.5873e-04, -1.1221e-04,  1.9162e-05,
          2.0243e-05,  1.1542e-04, -5.5316e-04, -1.9490e-05, -5.6419e-04,
          1.3368e-04,  5.5339e-04, -6.0528e-05],
        [ 8.0999e-05, -1.8701e-04, -1.8791e-03, -3.1922e-05,  5.0979e-04,
          4.4190e-04, -4.5203e-04, -4.3065e-04, -4.1056e-04, -4.4915e-04,
         -1.0989e-05, -1.2935e-03,  1.0388e-03]], device='cuda:0')), ('fcs.0.bias', tensor([-3.1206e-04, -1.4515e-03, -2.8893e-01,  1.3507e-03, -2.5041e-03,
         1.5596e-04,  1.4074e-01, -5.6129e-05,  1.0945e-04, -5.2703e-02,
        -2.8229e-01,  2.0101e-04, -9.7655e-04, -2.7603e-01,  4.4585e-04,
         4.8390e-04, -2.9745e-01, -1.1624e-03, -5.7135e-04,  4.8530e-04,
         3.9346e-03, -4.6381e-04, -1.6003e-04, -6.1867e-04,  1.4589e-03,
        -9.5436e-04, -2.5358e-01,  3.8562e-01,  1.1400e-04,  5.9158e-04,
        -2.1745e-04,  2.6526e-04,  7.5858e-04, -7.9588e-04, -7.4547e-05,
         1.1793e-04,  2.2822e-02,  1.3462e-04, -1.9775e-01, -1.4548e-04,
         1.8869e-04, -4.2491e-01, -1.8058e-04, -1.2840e-04,  2.7083e-05,
         8.7481e-04, -1.4456e-03,  1.9490e-01,  2.8507e-01,  2.3990e-04,
        -3.5905e-04, -3.4062e-05, -1.2291e-03,  1.9903e-03, -1.5494e-01,
        -2.3816e-04,  7.3998e-04, -4.5537e-04,  1.5518e-01,  9.1840e-04,
        -3.7160e-02, -2.9863e-01,  6.2161e-05, -6.3785e-04], device='cuda:0')), ('fcs.1.weight', tensor([[ 8.4982e-05,  1.7526e-03,  3.8541e-02,  4.0273e-02, -1.9924e-02,
          3.7935e-04, -1.0991e-01,  9.1209e-05,  2.1726e-04,  3.5688e-04,
         -1.9958e-02,  2.4514e-01, -8.6659e-05, -2.1050e-01, -2.4928e-02,
         -6.4412e-04,  1.8144e-01,  2.3228e-04, -5.4421e-02,  5.6992e-04,
          1.0887e-02, -1.2588e-05, -2.6275e-05, -2.2878e-01, -9.9178e-05,
          3.5223e-05,  6.8076e-02,  1.1826e+00,  1.0728e-04, -3.7989e-05,
         -1.5040e-04, -6.7858e-05, -1.1817e-01, -2.5901e-01,  6.8523e-05,
          3.6426e-03, -7.8965e-02, -1.8738e-04,  4.7091e-03, -1.7340e-04,
          2.5182e-04,  3.4985e-03,  4.7994e-04,  2.3307e-04,  3.2664e-05,
         -9.4745e-05, -2.1101e-04, -1.0733e-01, -2.0836e-01,  5.7714e-05,
          5.7897e-04, -1.0725e-05,  3.2550e-01, -1.0192e-04, -1.8151e-01,
         -4.4299e-05,  2.2802e-03,  7.1744e-04,  1.4041e-01,  1.0411e-04,
          2.9557e-02,  2.2393e-01,  1.6452e-05,  7.3552e-05]], device='cuda:0'))])
end of epoch 6: val_loss 0.0001186592572231504, val_acc 1.0
trigger times: 1
end of epoch 7: val_loss 0.008758412113644098, val_acc 1.0
trigger times: 2
end of epoch 8: val_loss 0.04943156480788673, val_acc 0.995
trigger times: 3
end of epoch 9: val_loss 0.0005507269408923676, val_acc 1.0
trigger times: 4
end of epoch 10: val_loss 0.005371142944934064, val_acc 1.0
trigger times: 5
end of epoch 11: val_loss 0.2597416132688519, val_acc 0.98
trigger times: 6
end of epoch 12: val_loss 0.0005528563256404695, val_acc 1.0
trigger times: 7
end of epoch 13: val_loss 0.09448722957127412, val_acc 0.965
trigger times: 8
end of epoch 14: val_loss 1.5003209700239495e-05, val_acc 1.0
trigger times: 9
end of epoch 15: val_loss 0.002371631813356423, val_acc 1.0
trigger times: 10
Early stopping.
0 -1.6445404547266662 -191.10004520678868
1 -1.4060034360736609 -189.05007017278314
2 -1.5873397812247276 -187.50220085194994
3 -1.2967032212764025 -180.24009179391223
4 -1.3678032546304166 -171.9613792356186
5 -0.42632550678536063 -169.3817016847894
6 -1.3805706319399178 -167.87631268052303
7 -1.601129304151982 -164.27567046290412
8 -1.5232936097308993 -163.76742236654098
9 -1.0708691189211095 -156.0786895876365
10 -1.3472486296668649 -155.22804551507866
11 -1.352470571640879 -145.29002069283715
12 -1.3676030761562288 -142.86657280197298
13 0.03761422434945416 -142.75441848091938
14 -1.0985711503017228 -136.98962801176134
15 -1.2251849022577517 -132.4813576990395
16 1.01409725000849 -130.98347157271724
17 -1.226317134220153 -118.2436222554584
18 1.0290694383293157 -117.38411415155902
19 -1.2971489084884524 -116.97382686219106
20 -0.7194258627714589 -115.06704102317899
21 3.0129488922757446 -112.47832645551227
22 -0.915702833335672 -103.24187681049156
23 3.8598365038633347 -99.7422752992134
24 6.690305993513903 -98.18526661663928
25 2.957677561091259 -88.94674758091466
26 3.8979347433742078 -85.88346861832474
27 7.73633042833535 -79.38307722218848
28 6.621439529873896 -79.25112655387144
29 2.9493546691956 -73.50697855948762
30 2.078525264896598 -72.69803191552006
31 6.739873917358636 -71.37326168319514
32 3.88493467256194 -68.27187815304366
33 5.618486610997934 -65.42298162776466
34 6.1677879028138705 -65.35816021006309
35 6.483765248194686 -49.3186741604369
36 4.1728857040870935 -17.325441617065966
37 9.026737668813439 -4.374511275254108
38 10.008510125720932 -0.4258658969524013
39 6.6064923345984425 9.108146753357724
40 8.984085427364334 17.732630180500013
41 10.59634807612747 40.64550156746333
42 9.948950001504272 41.11774838972275
43 9.72294674697332 48.64917674484657
44 10.672233315766789 52.50260039838799
45 10.978112319833599 52.54502852695255
46 11.424707894297171 59.52827491841281
47 10.787487714726012 63.45606316769021
48 11.824987919884734 66.31570758515764
49 7.599997357538086 67.13050507695384
50 13.701509395381436 72.16624272108386
51 9.497500201570801 79.16074531670823
52 10.828755552589428 84.19837606184075
53 10.845872852280081 89.30707154325768
54 11.043355950969271 90.2698850730257
55 10.86576781499025 90.28646231697512
56 10.994582024926785 90.32667007477052
57 13.389869465492666 91.18021498086692
58 12.333402420626953 92.38187517969644
59 10.614950448270974 92.67153902025292
60 10.860380835831165 93.69474938898811
61 12.963914773077704 93.86112859581364
62 10.879116683267057 95.24073532592021
63 10.991622425150126 95.3630101766082
64 10.033198274730239 96.09581961281374
65 11.41148316935869 97.90553231413178
66 10.822565487105749 98.07644230926206
67 11.749840843422135 98.35872828331676
68 11.275759951939108 98.57334710000995
69 11.884210818534484 98.77895390936838
70 11.326343393418938 99.10163703819775
71 9.886453892861027 99.47183807834362
72 11.824642614228651 101.36707045382526
73 11.089971631503431 102.70820969163083
74 11.421242632131907 103.61971441966246
75 12.222406133105324 104.00039883786899
76 12.760617797845043 104.94014608739957
77 11.930741493808455 105.28448326377394
78 13.38279493234586 105.60678192821229
79 12.9687064923055 106.95774051225432
80 12.002433926885715 107.03525723063939
81 13.066580785583938 107.05410485829283
82 13.046682817919645 107.36477417456501
83 13.119294963878929 107.72369032284489
84 11.95180681324564 107.78006757763964
85 12.375121289107483 107.99397435655325
86 11.896820999390911 108.08910889221833
87 11.255533789830224 108.09776529440465
88 13.58162436154089 108.24033506535473
89 13.009438615903491 109.15712102315346
90 12.855049101577606 109.71287331230647
91 11.226496133691398 110.25063890779474
92 13.589529056102037 110.45880856467717
93 13.088249535139767 110.48639228144049
94 12.56328850868158 111.92877271779909
95 13.046044911818171 112.29467419620224
96 11.28470638266299 112.73910566375015
97 14.0348533220822 112.98274531176438
98 14.086469040659722 113.84616479719523
99 13.735064617358148 114.84612239587612
100 13.549842691165395 115.08707834021696
101 14.701630777839455 115.41025719446112
102 14.291589788772399 115.5646624637931
103 14.757383520074654 115.87882502857741
104 12.41825506160967 116.51927592390606
105 14.642992175882682 116.69939038222442
106 14.550741083279718 117.18809854794453
107 13.992193423793651 117.29357601720739
108 14.652250371756963 117.43241923864416
109 13.716907449736027 119.84073495876005
110 14.873873783333693 122.74776106687673
111 15.921662582841236 124.10172315382671
112 15.343433423666283 124.42382576156477
113 15.742655036854558 124.48179570258212
114 15.044189339329023 125.2590893824027
115 14.00550772139104 125.30457667780085
116 15.264490216504782 125.43458549438884
117 17.39784053816402 129.13346806288703
118 16.733547441777773 129.67718524437547
119 17.65072437375784 131.40806576766226
train accuracy: 1.0
validation accuracy: 1.0
