demo lengths 200
demos: (120, 200, 3)
demo_rewards: (120,)
[-191.10004521 -189.05007017 -187.50220085 -180.24009179 -171.96137924
 -169.38170168 -167.87631268 -164.27567046 -163.76742237 -156.07868959
 -155.22804552 -145.29002069 -142.8665728  -142.75441848 -136.98962801
 -132.4813577  -130.98347157 -118.24362226 -117.38411415 -116.97382686
 -115.06704102 -112.47832646 -103.24187681  -99.7422753   -98.18526662
  -88.94674758  -85.88346862  -79.38307722  -79.25112655  -73.50697856
  -72.69803192  -71.37326168  -68.27187815  -65.42298163  -65.35816021
  -49.31867416  -17.32544162   -4.37451128   -0.4258659     9.10814675
   17.73263018   40.64550157   41.11774839   48.64917674   52.5026004
   52.54502853   59.52827492   63.45606317   66.31570759   67.13050508
   72.16624272   79.16074532   84.19837606   89.30707154   90.26988507
   90.28646232   90.32667007   91.18021498   92.38187518   92.67153902
   93.69474939   93.8611286    95.24073533   95.36301018   96.09581961
   97.90553231   98.07644231   98.35872828   98.5733471    98.77895391
   99.10163704   99.47183808  101.36707045  102.70820969  103.61971442
  104.00039884  104.94014609  105.28448326  105.60678193  106.95774051
  107.03525723  107.05410486  107.36477417  107.72369032  107.78006758
  107.99397436  108.08910889  108.09776529  108.24033507  109.15712102
  109.71287331  110.25063891  110.45880856  110.48639228  111.92877272
  112.2946742   112.73910566  112.98274531  113.8461648   114.8461224
  115.08707834  115.41025719  115.56466246  115.87882503  116.51927592
  116.69939038  117.18809855  117.29357602  117.43241924  119.84073496
  122.74776107  124.10172315  124.42382576  124.4817957   125.25908938
  125.30457668  125.43458549  129.13346806  129.67718524  131.40806577]
maximum traj length 200
num training_obs 1800
num training_labels 1800
num val_obs 200
num val_labels 200
ModuleList(
  (0): Linear(in_features=3, out_features=128, bias=True)
  (1): Linear(in_features=128, out_features=1, bias=False)
)
device: cuda:0
end of epoch 0: val_loss 0.010417301175423433, val_acc 1.0
trigger times: 0
saving model weights...
Weights: OrderedDict([('fcs.0.weight', tensor([[ 8.3688e-04,  4.8373e-04, -1.2489e-03],
        [-4.7750e-04, -3.3435e-04, -1.3006e-03],
        [-9.4066e-04, -7.9266e-04,  4.5238e-04],
        [ 5.5781e-04, -1.0663e-03,  2.5546e-03],
        [-1.0234e-03,  8.9116e-04,  2.1988e-03],
        [-5.6235e-04,  1.6933e-03,  1.3168e-03],
        [ 5.3643e-04,  1.4040e-03, -6.5878e-04],
        [ 5.9468e-04, -5.3926e-04, -4.7874e-04],
        [ 1.0997e-03, -4.0590e-04,  1.4925e-03],
        [-3.1441e-03,  2.8681e-03,  9.6438e-04],
        [-9.5010e-04, -2.0176e-03, -2.1333e-04],
        [-3.5661e-04,  3.2982e-04,  1.1566e-03],
        [ 4.2901e-04,  8.5304e-04,  6.3125e-04],
        [-1.1938e-03,  6.6748e-05, -2.0704e-03],
        [-7.7380e-05,  1.3768e-03, -9.6243e-04],
        [-3.8731e-04, -1.7661e-04, -1.4270e-03],
        [ 1.2062e-04,  2.0205e-03, -7.2362e-04],
        [ 1.7092e-03,  4.5137e-04,  3.0940e-04],
        [-8.5528e-04, -4.3453e-04, -3.4151e-04],
        [ 5.0019e-04, -2.1793e-03,  4.8104e-04],
        [ 2.4799e-03, -8.7519e-04, -4.9369e-04],
        [-1.5705e-03,  1.6459e-03,  2.2144e-03],
        [ 1.7127e-03,  1.8353e-03, -1.8412e-03],
        [-1.3398e-03,  1.0609e-04, -8.1103e-04],
        [ 4.1605e-04,  3.0566e-04,  1.2669e-03],
        [ 5.7625e-04,  2.7023e-03,  5.5811e-04],
        [ 1.7403e-03,  6.8265e-04, -7.7771e-04],
        [-5.8738e-04,  7.3919e-04, -1.1711e-04],
        [ 1.0483e-03,  4.0703e-04, -4.9361e-04],
        [-1.4448e-03,  5.9041e-04, -4.8138e-04],
        [ 4.0391e-05,  1.6047e-03,  3.5356e-04],
        [ 1.2541e-03,  3.9156e-04, -1.9619e-03],
        [ 2.8303e-03,  2.3118e-03, -3.9184e-04],
        [-8.2046e-04,  1.5405e-03, -6.6926e-04],
        [-9.6154e-04, -3.9358e-04,  1.2435e-03],
        [ 8.5033e-04,  2.0546e-03, -1.2574e-03],
        [-5.8229e-04,  4.6462e-05, -3.9181e-04],
        [-2.5672e-03,  1.5525e-03,  2.3051e-03],
        [ 4.0880e-04,  2.7584e-03,  1.1313e-04],
        [-1.5604e-03, -1.5217e-03,  7.7773e-04],
        [ 4.6870e-04,  4.5812e-04,  2.5078e-04],
        [ 8.2486e-04, -1.0686e-03, -7.0480e-04],
        [-4.7214e-04, -1.9192e-03, -1.8009e-03],
        [-2.7755e-03, -5.4994e-04,  2.5344e-04],
        [-9.0435e-04,  3.9282e-04,  1.5543e-03],
        [-6.1819e-04,  1.6120e-03,  2.4131e-04],
        [ 2.6421e-04, -4.9785e-04,  4.6727e-04],
        [-1.2448e-03, -1.8869e-03,  5.9437e-04],
        [-1.1190e-03, -3.9645e-04,  7.3242e-04],
        [-1.4822e-03, -1.1217e-03,  1.2636e-03],
        [ 2.4680e-03, -1.1220e-03, -2.3701e-03],
        [-9.6177e-04, -5.2092e-04,  7.6678e-04],
        [-8.2357e-04, -1.3175e-03,  6.6702e-04],
        [-1.4174e-03,  1.3884e-04, -1.0949e-03],
        [ 1.0958e-03, -7.8397e-06,  2.1830e-03],
        [ 8.6692e-05,  1.5324e-03,  4.1432e-04],
        [ 1.1927e-03, -2.2855e-03,  2.6201e-03],
        [ 9.0062e-04,  5.4116e-04, -1.6261e-03],
        [ 1.3437e-03,  6.9092e-04, -2.1611e-04],
        [-1.2547e-03, -5.3784e-04, -9.0336e-05],
        [ 6.1611e-04,  2.9982e-05,  6.9864e-04],
        [-3.4218e-05, -2.7465e-04,  5.2318e-04],
        [-1.8955e-03,  7.5755e-04,  7.2530e-04],
        [ 1.7933e-03, -1.1919e-04, -4.4529e-04],
        [ 4.8043e-04, -6.3859e-04, -1.4949e-03],
        [ 1.6767e-03,  3.5516e-04,  7.4803e-04],
        [ 5.4332e-04,  6.8967e-04, -9.9541e-04],
        [ 2.4714e-04,  6.2836e-04,  1.1862e-03],
        [ 2.5461e-04, -1.0766e-03, -1.0744e-03],
        [-3.2331e-03,  5.3235e-04, -1.6210e-03],
        [-2.1823e-04, -2.2403e-03,  5.2225e-04],
        [-1.8883e-03, -9.9139e-04, -1.6999e-04],
        [ 2.5234e-03, -1.3961e-03, -9.7093e-04],
        [ 1.5854e-05, -2.7679e-04, -2.7982e-04],
        [ 5.5298e-04,  1.4670e-03,  5.8205e-04],
        [ 1.4652e-03,  5.2971e-04, -8.8408e-04],
        [-1.5252e-03, -5.4961e-04,  1.1949e-04],
        [-1.1267e-03,  6.9432e-04, -2.4084e-03],
        [-1.6174e-03,  3.6083e-05,  5.0407e-06],
        [-3.0022e-03,  1.8123e-03,  7.1437e-04],
        [-7.8170e-04, -3.6059e-04, -1.9598e-03],
        [-6.5185e-04,  9.7065e-05, -5.5151e-04],
        [-1.1829e-04, -8.6039e-04, -2.5139e-03],
        [ 2.2938e-03, -2.3845e-05, -1.0364e-04],
        [ 1.1389e-03, -1.6059e-03,  5.2841e-05],
        [-7.5520e-04, -9.6961e-04, -3.9869e-04],
        [ 1.6513e-03, -3.6685e-04, -7.2206e-04],
        [ 6.8263e-04, -5.6387e-04,  1.1579e-03],
        [-8.9089e-04, -5.1260e-06, -1.2211e-03],
        [-9.5364e-04, -6.2593e-04,  4.5903e-04],
        [ 2.7808e-03,  6.2459e-04, -3.0805e-03],
        [-6.7038e-04,  1.5028e-03, -6.0627e-04],
        [ 1.2000e-03, -1.6173e-04,  1.3694e-03],
        [-6.6867e-04,  6.9938e-04,  1.0820e-03],
        [-1.8173e-03, -7.3492e-04,  1.5976e-03],
        [ 1.3953e-03, -6.3166e-04,  4.6307e-04],
        [-2.6505e-04,  4.2227e-04,  3.2976e-04],
        [ 9.1632e-04, -1.3255e-03,  1.6086e-03],
        [ 5.2898e-01, -1.6300e-02,  4.2200e-01],
        [ 8.4866e-04, -1.0607e-04, -3.8233e-04],
        [ 8.1062e-04,  1.2444e-03, -7.5360e-04],
        [-1.6073e-03,  8.2549e-04,  1.1421e-03],
        [ 9.8808e-04,  5.9263e-04, -8.6657e-04],
        [-7.3280e-04,  5.6597e-04, -2.5133e-04],
        [ 9.7411e-04,  1.6235e-03,  6.7083e-04],
        [ 6.8436e-04, -3.6171e-04,  8.3018e-04],
        [ 1.8427e-03, -8.1130e-04, -1.5196e-03],
        [-1.4997e-03, -5.9037e-04,  9.7251e-04],
        [ 1.7041e-03, -7.2017e-04, -3.0898e-05],
        [-7.5881e-04, -4.4690e-04, -1.4805e-03],
        [ 1.1186e-03, -7.5866e-04, -1.1860e-04],
        [-3.3828e-04,  3.5498e-04,  2.1271e-03],
        [-7.1353e-04, -1.9487e-03, -7.5407e-04],
        [ 1.2795e-03,  1.8465e-03,  5.2889e-04],
        [ 1.5969e-03, -3.0751e-03,  5.3114e-04],
        [ 2.6727e-04, -1.8645e-03, -6.4049e-06],
        [ 1.3611e-03,  2.0888e-03, -7.8809e-04],
        [ 9.9471e-04,  3.8777e-04, -1.2565e-03],
        [ 1.3104e-03,  7.8392e-04,  5.0771e-04],
        [ 1.1595e-03, -7.6568e-04,  6.0106e-05],
        [-8.1908e-04,  3.1277e-05,  7.1192e-04],
        [-1.4117e-03, -2.0951e-03, -8.3335e-04],
        [ 1.7545e-03, -1.0762e-04, -3.6675e-03],
        [ 1.4415e-04,  1.7487e-03,  2.3652e-03],
        [-7.4850e-04, -3.9039e-04,  1.7960e-04],
        [-2.4191e-03, -1.3098e-03,  1.1073e-04],
        [-5.8250e-05,  1.4813e-03,  9.0198e-04],
        [ 1.1155e-03,  8.7992e-04,  1.0175e-03]], device='cuda:0')), ('fcs.0.bias', tensor([ 6.0326e-04, -6.4634e-04, -1.4488e-04, -2.8467e-03, -7.4136e-04,
        -9.3145e-04, -2.2926e-03,  1.2263e-03,  5.4946e-04,  1.3825e-03,
         1.3434e-03, -2.0414e-03,  2.5403e-03, -5.4695e-04, -1.2325e-03,
        -4.3179e-04,  9.1207e-05, -2.2239e-03,  9.9605e-04, -1.6018e-03,
         1.8407e-03, -9.2578e-04,  7.9167e-04, -7.2699e-06, -2.3306e-04,
         3.9813e-04, -4.5981e-03, -3.9568e-04, -1.5930e-03, -1.4782e-03,
         1.7946e-03,  5.3470e-04, -4.1451e-05, -2.3942e-03, -1.7086e-03,
         1.8440e-03,  7.2366e-04,  4.2202e-04,  7.7074e-04, -3.0675e-03,
         2.0299e-04, -7.5634e-04, -1.9671e-04,  2.0938e-04, -6.8801e-04,
        -1.5078e-03,  1.6206e-03,  1.5922e-03, -1.3710e-03, -1.2923e-03,
        -1.3147e-03, -3.8977e-03, -7.4911e-04, -3.3287e-03, -2.3532e-04,
        -5.6818e-04,  1.2948e-03,  1.0414e-03,  1.2769e-05,  1.3351e-03,
        -9.3524e-04, -4.4572e-04, -8.4009e-04, -2.2029e-03,  2.0442e-04,
         3.0506e-04,  2.6822e-03,  8.4045e-04,  7.7711e-06,  1.0442e-03,
         3.2611e-03,  1.3819e-03, -3.8302e-03,  2.6191e-05, -5.9681e-04,
         8.7802e-04, -1.0766e-03, -1.0309e-03, -1.0013e-03,  7.3093e-04,
        -9.7282e-04,  1.9279e-03,  7.0499e-05, -2.9930e-04, -7.7861e-05,
         1.4158e-03, -4.1686e-04, -1.2721e-04,  1.3149e-03,  9.0388e-04,
        -4.9764e-04, -1.1014e-03,  7.6774e-04,  1.9315e-03, -1.7582e-03,
        -1.3490e-03,  2.5809e-04, -1.5381e-03,  6.0500e-02,  1.5240e-03,
         2.3186e-04,  1.9017e-03,  1.9671e-04,  1.5774e-05,  1.0505e-03,
         5.1869e-04,  3.6653e-04,  1.8142e-03, -1.2312e-03, -3.6430e-04,
        -3.2702e-03,  1.2350e-03, -2.7534e-05, -7.5603e-04,  1.1564e-03,
         3.4530e-03,  3.7486e-03, -1.6858e-03, -3.0232e-03,  7.5142e-04,
         1.7934e-03, -8.9370e-04,  8.1490e-04, -6.8748e-04, -8.7621e-06,
         1.1148e-04, -1.5087e-03,  9.9039e-04], device='cuda:0')), ('fcs.1.weight', tensor([[ 1.5714e-03, -5.7463e-05, -9.0438e-06,  1.8219e-03,  3.5941e-05,
          1.1762e-03,  1.6067e-03, -7.8171e-04, -1.2661e-03, -7.8270e-04,
         -1.8871e-03,  6.7555e-04,  6.7453e-05, -7.0621e-04, -1.5619e-03,
          1.1453e-03, -2.1954e-03, -1.5487e-03, -1.3024e-04, -4.8588e-04,
         -8.9555e-04,  1.4285e-03,  1.1634e-04,  2.5826e-04,  1.3648e-04,
         -6.9131e-04, -2.2835e-03,  4.4647e-04,  2.6100e-03,  1.2312e-03,
          2.8842e-04,  8.0174e-04,  1.2846e-03, -9.4823e-04,  9.3569e-05,
          4.3352e-04, -5.6131e-04,  1.0209e-03, -6.1784e-04, -1.5990e-03,
         -5.8105e-04, -1.5404e-03,  9.1984e-04, -2.8037e-04,  4.3397e-04,
          5.1021e-04,  1.9398e-04,  1.7325e-03, -1.0915e-03,  2.0078e-04,
         -1.7199e-03, -2.4971e-03, -2.3503e-05,  8.3837e-04, -3.0838e-03,
          1.0565e-03, -2.1704e-03, -2.0750e-03, -2.6794e-04, -5.8182e-04,
          2.3763e-04,  1.4562e-04, -2.2326e-03,  9.6922e-04, -1.0775e-03,
          3.4628e-03,  2.2835e-03, -2.1509e-03,  3.8514e-04,  6.2123e-04,
         -6.2115e-04,  1.4856e-04, -1.2473e-03, -7.4654e-04, -4.9622e-04,
         -1.9612e-03, -7.7472e-04, -1.5928e-03, -5.9812e-04,  1.3428e-03,
         -1.2749e-03, -1.5381e-03, -8.7242e-04, -5.4135e-04,  6.7260e-04,
          3.4221e-03, -6.2345e-04,  2.3323e-05,  7.9899e-04, -4.9544e-04,
          2.1848e-03,  1.1324e-03, -8.3717e-04,  5.0026e-04,  6.6200e-06,
          9.5422e-04,  9.1033e-04, -1.5378e-05, -7.8844e-01, -1.0370e-03,
         -1.1039e-03,  8.5762e-04, -1.3107e-04,  6.8219e-04,  3.6252e-03,
          1.2001e-03,  2.3390e-03,  2.6314e-04,  3.5951e-04, -8.3090e-04,
         -5.3862e-04,  6.5296e-04,  2.4524e-04,  5.1979e-05, -1.0242e-03,
          2.4340e-03, -1.0817e-03,  1.5361e-03,  1.3187e-04, -5.8853e-04,
          6.6557e-04,  2.0082e-03, -3.2527e-03, -1.0810e-03, -6.7004e-04,
         -1.1653e-03, -1.6915e-04, -7.7135e-04]], device='cuda:0'))])
end of epoch 1: val_loss 0.007529366751354658, val_acc 1.0
trigger times: 0
saving model weights...
Weights: OrderedDict([('fcs.0.weight', tensor([[-5.2889e-04,  1.2359e-03, -5.0824e-04],
        [ 8.3671e-04,  2.9448e-05,  5.4825e-04],
        [ 6.3639e-04, -1.9507e-04, -1.6623e-03],
        [ 1.2188e-03, -2.4139e-03,  8.8484e-04],
        [-1.3527e-03, -1.1767e-03,  9.8899e-04],
        [-6.4419e-04,  9.4995e-04, -1.3096e-03],
        [-1.6117e-03, -3.3673e-04,  8.2289e-04],
        [-1.0872e-03, -1.0772e-03,  7.8494e-04],
        [ 4.8105e-04, -7.4677e-05,  7.1546e-04],
        [ 1.2751e-03, -4.1073e-04, -9.5603e-04],
        [ 8.3675e-04,  5.8343e-04, -2.0663e-03],
        [ 1.3432e-03,  8.5410e-04, -2.5088e-04],
        [-3.7641e-04,  8.2687e-04,  1.0035e-03],
        [-1.4697e-04,  6.4461e-04,  1.1539e-04],
        [ 4.1884e-05,  3.2982e-04, -1.2327e-03],
        [ 1.5026e-03,  1.4848e-03,  8.6482e-04],
        [ 1.9974e-04,  8.2133e-04, -3.9464e-04],
        [ 1.2631e-03,  1.7479e-03, -6.8796e-04],
        [-1.5301e-03,  1.3156e-03, -2.4403e-05],
        [-1.2402e-03,  7.8984e-05, -2.4015e-03],
        [-9.8368e-04,  4.9122e-04,  9.8647e-04],
        [ 1.0901e-05, -6.3272e-04, -7.9831e-04],
        [ 8.1128e-04, -1.2938e-04, -1.0739e-03],
        [-5.1151e-04, -1.2896e-03, -3.5532e-04],
        [ 1.8249e-03,  8.6215e-05,  2.7989e-04],
        [ 1.1463e-03,  2.4352e-03,  8.7850e-04],
        [ 8.3695e-04, -4.9502e-04, -8.1090e-04],
        [ 6.0116e-04,  9.4252e-04, -1.3732e-04],
        [ 5.2893e-04, -1.3872e-04, -1.8849e-03],
        [-1.4090e-03,  2.2129e-04, -1.3499e-03],
        [ 7.9234e-04, -1.3283e-03,  1.0878e-03],
        [-2.1949e-03, -2.7044e-03,  4.9740e-03],
        [ 5.1825e-04, -3.3521e-04,  4.6486e-04],
        [-8.6093e-04,  1.6128e-03, -1.7266e-04],
        [-7.2163e-04, -3.3321e-04, -1.0615e-03],
        [-7.0935e-05, -2.2549e-03, -2.5868e-04],
        [-1.5573e-04,  3.1206e-04,  4.6262e-05],
        [-4.2168e-04, -9.8093e-04,  6.7473e-04],
        [ 1.0728e-03, -1.1203e-03, -1.2660e-03],
        [-1.5004e-03,  1.5081e-03, -1.2169e-03],
        [ 7.8615e-04,  1.5432e-03, -3.8543e-03],
        [-6.8110e-04,  1.4047e-03, -8.3348e-04],
        [-1.1496e-03,  8.6184e-04, -2.9426e-04],
        [-1.0325e-03,  4.8174e-04, -1.1142e-04],
        [-8.1143e-04, -1.0862e-03,  9.6222e-04],
        [ 1.4042e-03,  7.1763e-05, -3.2988e-03],
        [-1.7733e-04,  1.4664e-03,  6.2433e-04],
        [ 1.8862e-03,  1.8567e-04, -1.4869e-03],
        [ 2.6863e-04,  8.6614e-04,  8.1680e-04],
        [ 1.0888e-03,  2.3691e-04, -4.5891e-04],
        [-2.3610e-03,  1.1254e-03,  2.8386e-03],
        [-5.6845e-04, -8.7263e-04, -8.7270e-04],
        [-1.3155e-03,  1.6049e-03, -1.6958e-03],
        [-1.3632e-04, -7.0055e-04, -2.2016e-04],
        [-2.1417e-03,  2.0401e-03,  3.2644e-03],
        [ 3.1303e-04, -1.4427e-03, -7.9584e-04],
        [ 5.5436e-04, -1.8894e-03,  3.6770e-03],
        [-9.7041e-04, -4.3051e-04,  2.3310e-03],
        [ 1.1833e-03,  1.1953e-04, -1.1123e-04],
        [-9.2656e-04, -1.1825e-03, -5.4326e-05],
        [-5.7141e-04, -1.5578e-03, -7.3697e-04],
        [-1.0029e-03, -2.1346e-04, -1.5226e-04],
        [-1.6803e-03, -1.3467e-03,  3.0109e-04],
        [-1.6105e-03,  7.2160e-04, -1.9958e-03],
        [-1.3025e-03, -1.6323e-04, -2.7878e-03],
        [ 1.5812e-03,  2.0268e-03, -2.1968e-03],
        [-1.8236e-03,  1.5677e-03,  2.2227e-03],
        [-6.2190e-05,  5.6699e-04,  1.2984e-03],
        [ 1.1310e-03, -7.8124e-04, -8.6459e-04],
        [-9.3945e-04, -3.2528e-04, -6.5691e-04],
        [-1.0545e-03,  3.1053e-03, -1.0573e-05],
        [-1.9839e-03,  8.4219e-04,  2.2356e-03],
        [ 1.4526e-03, -7.6334e-04,  1.5681e-03],
        [ 2.2572e-04, -3.5768e-04,  1.8767e-04],
        [-7.4232e-05, -3.1551e-03,  5.0601e-04],
        [ 1.8668e-03,  1.7122e-03, -1.3333e-03],
        [-1.0623e-03,  3.3497e-04, -9.1979e-04],
        [-1.6043e-04,  2.7485e-03, -1.1591e-03],
        [ 9.7395e-04, -3.3704e-03, -8.4367e-04],
        [ 3.0682e-04, -3.6650e-04,  1.5404e-03],
        [-1.3944e-03,  6.4314e-05,  8.2484e-04],
        [ 1.1958e-03,  1.2588e-03, -5.0073e-04],
        [ 1.6189e-03,  2.1561e-03,  5.6755e-04],
        [ 7.9569e-04,  2.5154e-04,  8.4862e-04],
        [ 1.4619e-03, -8.8875e-04, -1.4874e-03],
        [ 1.6767e-03,  1.9699e-03, -4.0024e-03],
        [ 1.0258e-03,  5.3759e-05,  1.1535e-03],
        [ 1.1245e-04,  2.3260e-04,  9.5907e-04],
        [-2.4312e-03,  7.3790e-04,  1.5381e-03],
        [-6.4320e-04,  1.3459e-03, -3.4593e-04],
        [-2.4982e-03,  1.0910e-05, -8.7053e-04],
        [-4.9340e-04,  4.7189e-04,  1.3277e-03],
        [ 4.5784e-04,  2.2911e-03, -2.4242e-03],
        [ 1.5804e-03,  1.3766e-03,  1.8099e-03],
        [-8.3494e-04, -1.7433e-03, -1.3181e-03],
        [-1.4751e-03,  7.1114e-04, -2.3288e-03],
        [-5.3088e-04, -4.4893e-04,  1.1727e-03],
        [ 1.0512e-03,  4.9636e-04, -1.5883e-04],
        [ 4.1387e-01, -1.0851e-01,  5.8528e-01],
        [ 7.5263e-04,  7.5572e-04, -7.1119e-05],
        [-1.9896e-03,  3.8035e-04, -3.6647e-06],
        [-1.0233e-03,  1.7285e-03,  2.0724e-03],
        [ 8.8605e-04,  1.7409e-04,  2.3085e-04],
        [ 1.0838e-03, -1.2329e-05,  1.5626e-03],
        [-2.1742e-04,  1.4119e-03,  1.7938e-03],
        [ 8.6462e-04,  4.4395e-04,  6.4576e-04],
        [-4.0985e-04,  2.3532e-04,  8.4578e-04],
        [-1.5467e-03, -3.3790e-03, -4.8420e-04],
        [ 9.4768e-04, -1.5196e-03, -2.4762e-03],
        [ 2.3287e-03,  9.7407e-05, -1.2174e-03],
        [ 2.7154e-03, -2.5224e-03,  1.8503e-04],
        [-1.6511e-03,  1.0771e-03, -7.7673e-04],
        [ 1.3360e-04,  1.5765e-03, -5.0321e-04],
        [ 5.2658e-04, -1.3769e-03,  5.7846e-04],
        [ 9.0795e-04,  5.1150e-04,  5.3337e-04],
        [-6.2085e-04, -5.1982e-04,  2.7323e-04],
        [-1.0741e-03, -2.3143e-03,  1.7770e-04],
        [ 7.9948e-04,  1.5633e-03, -7.4529e-04],
        [ 1.3160e-03, -1.7455e-03,  5.2652e-04],
        [-6.6059e-04, -2.1314e-03, -1.0538e-03],
        [-2.3584e-03, -1.2934e-03, -1.6698e-03],
        [-7.2881e-04, -7.6382e-04,  4.8977e-04],
        [ 1.0742e-03,  3.1335e-03, -8.5435e-04],
        [-4.7790e-06, -2.1023e-03,  3.9440e-04],
        [ 9.7783e-04,  1.6591e-03,  9.7890e-04],
        [ 6.6956e-04, -6.6809e-04,  2.4030e-05],
        [-2.8144e-03,  2.1174e-04,  5.7062e-04],
        [ 2.2094e-03, -9.0383e-04, -1.6035e-03]], device='cuda:0')), ('fcs.0.bias', tensor([ 1.9755e-03,  6.7440e-04, -1.6516e-03,  7.0413e-04,  5.9091e-04,
         8.4083e-04,  2.1714e-04,  1.5084e-03,  3.2368e-04,  1.3943e-03,
         7.0904e-05, -3.3530e-05,  1.9825e-04, -6.5407e-04,  1.6432e-03,
         3.0725e-03, -7.8826e-04,  2.9050e-04,  9.5382e-04, -7.4671e-04,
         1.8897e-03, -6.4467e-04, -2.6227e-03, -1.4650e-04, -1.7909e-03,
         2.2475e-03, -1.0017e-03,  7.0655e-04,  2.0713e-03,  2.1990e-03,
        -1.4605e-04,  6.3295e-04, -5.3851e-04,  2.1484e-03,  6.4271e-04,
         1.3432e-03, -7.0534e-04, -5.3101e-04,  5.3813e-05,  3.2638e-04,
         1.1947e-03, -1.4897e-04,  1.0361e-04, -9.1326e-04,  1.3655e-03,
        -1.6517e-03,  1.6620e-03,  1.8774e-03,  1.9917e-03,  1.5960e-03,
         1.7602e-03, -2.3743e-03,  7.0835e-04, -1.6744e-03,  3.0254e-04,
         2.7687e-04, -6.5033e-04,  3.4313e-03, -4.9730e-04, -9.5875e-04,
         1.6306e-03,  1.4827e-04,  6.7823e-03, -1.4108e-03, -7.6239e-04,
        -5.9780e-04, -6.7706e-04,  3.5341e-04, -1.2788e-05,  5.7638e-05,
        -8.4941e-04, -7.8543e-04,  7.9368e-05,  2.6894e-03,  1.0837e-03,
        -8.4940e-04, -6.7340e-04,  2.4984e-03,  3.0499e-03,  2.7822e-03,
        -2.4321e-03, -1.3259e-05,  6.9690e-04, -8.3175e-04, -6.6310e-04,
        -1.0236e-03, -2.0539e-03, -1.5723e-03, -2.1095e-03,  2.7321e-05,
        -8.5067e-04, -2.3869e-04, -1.6508e-03, -1.5586e-03,  8.0493e-04,
        -5.6256e-04, -4.8627e-04,  8.5518e-04,  1.7190e-01,  3.0689e-03,
         1.1510e-04,  1.3819e-03, -1.4316e-03, -9.2020e-04,  1.0074e-03,
         3.4706e-04, -5.3015e-04,  2.1497e-03, -4.1736e-04,  1.9529e-03,
        -1.8588e-04, -2.7368e-04, -2.5653e-04, -7.5315e-04,  6.8307e-04,
         2.1777e-03,  5.5319e-04, -2.1444e-04, -2.7149e-03, -1.1291e-03,
         1.0842e-03,  7.8877e-05, -2.0229e-03,  1.3423e-03,  3.9593e-04,
        -2.7591e-04, -6.7621e-04, -3.5300e-04], device='cuda:0')), ('fcs.1.weight', tensor([[-6.9755e-04,  1.3643e-03, -1.6237e-03,  5.6574e-04,  1.5951e-03,
         -1.8986e-03,  2.7197e-04,  8.9023e-04, -2.6567e-03,  9.3487e-04,
          1.5771e-03,  1.0189e-03,  7.6748e-04, -9.1423e-04, -6.3262e-05,
         -2.8375e-03, -4.8221e-05, -2.8313e-03, -8.2833e-04, -2.1066e-05,
          1.0219e-03,  2.1257e-03,  4.5831e-04, -1.0697e-04,  5.4459e-04,
         -1.6102e-03, -1.2100e-03,  1.0297e-03,  1.1803e-03,  1.0030e-03,
         -4.9173e-04,  4.5433e-04,  2.4567e-03,  1.0188e-03,  1.4562e-03,
          5.1229e-04, -1.5409e-03, -6.5841e-04, -3.8406e-03,  2.8684e-03,
         -6.8925e-04, -4.3529e-04, -8.2052e-04, -8.4709e-05,  1.9407e-03,
          7.3640e-04,  9.5347e-04, -2.7018e-03,  9.0223e-04, -8.4677e-04,
         -3.8829e-04, -2.4479e-03,  2.5927e-03,  3.5350e-04,  1.0902e-04,
          8.6883e-04, -1.0741e-03, -1.9593e-05,  8.1968e-04, -3.2418e-04,
         -1.2969e-04,  8.0816e-04,  2.7901e-04,  9.9713e-04, -2.0728e-04,
         -1.9764e-03, -4.1489e-04, -1.7987e-03,  2.0624e-03,  2.5741e-04,
          3.2283e-05, -8.1691e-04,  1.2889e-03, -1.1841e-03,  1.4876e-04,
         -1.2687e-03, -9.1478e-04, -1.0585e-03,  7.8538e-04,  1.9587e-03,
         -8.6018e-04, -7.2621e-04, -1.2591e-03,  7.0665e-04, -6.9501e-04,
         -1.5058e-03,  1.7909e-04,  1.4028e-04, -1.0106e-03,  1.5855e-03,
         -3.6751e-04, -2.3142e-04,  4.8210e-04, -1.1788e-03, -1.7472e-03,
          4.4549e-04,  2.6426e-03,  2.5089e-03, -8.1596e-01,  5.1923e-05,
          9.7274e-04,  9.3518e-04, -8.3428e-04,  3.2496e-03,  4.7197e-06,
         -1.9707e-03, -5.7268e-04,  3.0264e-03, -2.0048e-03, -1.7222e-03,
          2.5703e-04,  2.3774e-03, -1.2753e-04,  1.7783e-03, -8.3022e-04,
          9.5412e-04,  1.9171e-03,  3.8504e-04, -6.4657e-04,  4.5967e-04,
         -1.0160e-03,  1.5248e-03, -6.6543e-04, -1.2417e-03, -2.2436e-03,
         -2.6485e-05,  1.3886e-03, -1.9144e-04]], device='cuda:0'))])
end of epoch 2: val_loss 0.010169017073760856, val_acc 1.0
trigger times: 1
end of epoch 3: val_loss 0.009627797507487657, val_acc 1.0
trigger times: 2
end of epoch 4: val_loss 0.010492300535552416, val_acc 1.0
trigger times: 3
end of epoch 5: val_loss 0.011261956385592384, val_acc 1.0
trigger times: 4
end of epoch 6: val_loss 0.011030925258356028, val_acc 1.0
trigger times: 5
end of epoch 7: val_loss 0.00949775340809822, val_acc 1.0
trigger times: 6
end of epoch 8: val_loss 0.01631464743747916, val_acc 1.0
trigger times: 7
end of epoch 9: val_loss 0.015513241896316643, val_acc 1.0
trigger times: 8
end of epoch 10: val_loss 0.006168493194095781, val_acc 1.0
trigger times: 0
saving model weights...
Weights: OrderedDict([('fcs.0.weight', tensor([[-4.6723e-04,  1.1489e-03, -4.1384e-05],
        [-4.3312e-05, -8.5635e-04,  6.9937e-04],
        [-1.2113e-03, -1.3689e-03, -3.0061e-04],
        [ 1.1266e-03, -2.6443e-04,  3.4549e-04],
        [-1.5581e-03, -4.1006e-04,  9.5144e-05],
        [ 2.4762e-03, -1.4175e-03,  8.1235e-04],
        [-1.1394e-03,  9.0510e-04, -1.1925e-03],
        [ 3.3604e-04, -4.3299e-04,  1.9269e-03],
        [ 4.6354e-03,  9.1197e-04, -8.3721e-04],
        [ 1.6298e-03,  1.5557e-03, -1.0826e-03],
        [ 1.3647e-03, -7.5101e-04, -3.3389e-03],
        [-1.2342e-03, -5.0040e-04, -3.1393e-03],
        [ 4.2836e-04, -3.3078e-03,  1.2210e-03],
        [-1.4062e-03, -1.2300e-03,  1.3817e-04],
        [ 1.6144e-04, -2.6099e-03, -7.1155e-04],
        [ 1.5749e-03,  3.2185e-03, -2.7617e-03],
        [-2.2468e-03, -8.7281e-04,  4.5172e-04],
        [ 1.9102e-03,  1.2105e-03,  1.1601e-03],
        [-3.6882e-04,  2.1882e-03,  6.6844e-04],
        [-9.3563e-04, -1.1742e-03, -8.5224e-04],
        [-3.2001e-03,  5.7044e-04, -1.9926e-03],
        [-3.6901e-04, -2.0575e-03, -1.4905e-03],
        [ 2.0893e-03,  2.0397e-03,  1.6245e-03],
        [ 1.1570e-03, -1.4382e-03,  9.9325e-04],
        [ 2.9981e-04, -2.7829e-04, -1.3617e-03],
        [-4.2554e-04,  3.7510e-04, -1.7464e-03],
        [ 3.3055e-03,  8.9921e-05, -1.4170e-04],
        [-1.4283e-03, -1.9066e-03,  1.7092e-03],
        [ 2.3924e-03, -2.6199e-03, -4.0499e-04],
        [-6.1733e-04,  8.7661e-04, -5.6064e-04],
        [ 1.8311e-03, -6.3753e-05,  2.6199e-03],
        [ 2.8103e-03,  1.6207e-03,  1.5825e-05],
        [-9.6702e-04, -1.3628e-04,  1.5375e-03],
        [ 1.0576e-04,  4.3569e-04, -2.3587e-05],
        [-1.2473e-03,  1.4365e-03, -6.7443e-04],
        [-1.5009e-03,  1.0394e-03, -7.8586e-04],
        [-1.1151e-03, -1.1419e-04,  2.4982e-04],
        [ 8.4924e-04, -1.5189e-03,  6.6257e-04],
        [ 2.2289e-03,  3.5197e-03, -6.1432e-04],
        [-2.7441e-04,  8.4932e-04, -1.7166e-03],
        [ 1.8297e-03, -1.3493e-03, -2.5190e-03],
        [ 2.9313e-03, -2.0272e-03, -7.9674e-04],
        [-8.2535e-04,  1.5369e-04,  6.1472e-04],
        [ 2.2565e-03,  1.1912e-03, -9.2690e-04],
        [-1.5891e-04,  7.3479e-04, -2.1470e-03],
        [-1.4959e-03,  2.7334e-03, -6.9181e-04],
        [ 7.4245e-04,  5.9422e-04, -6.3244e-04],
        [ 1.6220e-03,  1.1126e-04, -1.7856e-03],
        [-9.5141e-04,  1.0030e-05, -1.6698e-03],
        [ 1.8508e-03,  8.9649e-04, -1.4289e-03],
        [ 4.9689e-05,  5.1632e-04, -1.6669e-03],
        [-1.2132e-03,  5.0992e-04, -1.0730e-03],
        [ 6.8896e-04,  1.1793e-03, -6.6584e-04],
        [ 2.4123e-03,  2.1199e-03,  3.3769e-04],
        [ 5.4312e-04,  5.4360e-04,  1.2155e-03],
        [ 4.9206e-04, -8.2613e-04, -7.1111e-05],
        [-8.0534e-04,  1.4837e-03, -1.9179e-03],
        [-1.8169e-03,  4.1991e-03,  8.6018e-04],
        [-6.9735e-04,  1.7446e-03, -1.3212e-03],
        [ 2.6834e-03, -5.7286e-05,  1.1029e-03],
        [ 1.6130e-03, -6.1065e-05,  5.0286e-04],
        [ 1.1025e-03, -1.7585e-03,  1.2356e-03],
        [ 7.1509e-04,  2.1539e-04,  5.0182e-05],
        [-1.1935e-04, -6.1393e-04,  1.5758e-04],
        [-9.8337e-04,  2.8622e-04, -1.3943e-03],
        [ 7.9369e-05,  1.9792e-03,  8.0390e-04],
        [ 5.7783e-04, -4.1296e-03,  1.4195e-03],
        [ 8.7462e-04, -1.2554e-03,  5.7283e-04],
        [-9.7872e-04,  2.0454e-04, -3.3937e-04],
        [-1.2568e-03,  1.6564e-03,  1.4737e-03],
        [ 1.1578e-03, -1.1919e-03, -6.5372e-04],
        [ 5.6368e-04, -5.6004e-04, -1.6433e-04],
        [-1.1759e-03, -1.6227e-04, -1.6081e-03],
        [-4.0371e-04,  1.9239e-03, -1.3159e-03],
        [-1.6028e-03,  1.9628e-03, -4.5094e-04],
        [-1.6727e-03, -6.1368e-04,  3.3880e-04],
        [-1.3906e-03, -1.4924e-04,  4.0525e-04],
        [ 4.9546e-04, -1.5841e-03,  2.0439e-03],
        [-7.2157e-04,  5.2346e-04,  7.2362e-04],
        [-1.5504e-05,  1.0668e-03,  1.1765e-04],
        [-8.8452e-04,  3.4484e-04,  1.1191e-03],
        [ 1.2307e-03, -7.5753e-04,  1.4848e-03],
        [ 3.4954e-04, -1.0551e-03, -8.1932e-04],
        [-3.3067e-06, -1.1644e-03,  5.8904e-05],
        [ 2.1143e-03,  5.8229e-05, -5.2200e-04],
        [ 1.6700e-03,  2.9947e-04, -1.2300e-04],
        [-1.7572e-03,  2.3831e-03, -1.2477e-03],
        [ 3.2206e-03,  1.6692e-04, -4.9063e-05],
        [ 2.1960e-03, -1.1903e-03,  1.4012e-03],
        [-5.8158e-04, -1.0309e-03,  4.3083e-04],
        [ 1.6571e-03, -2.3238e-03,  7.0126e-04],
        [-1.4219e-03, -1.5828e-03, -1.6607e-04],
        [-1.1436e-03,  1.0511e-03,  4.5813e-05],
        [-2.0699e-03, -1.7271e-03, -6.4705e-04],
        [-3.1181e-04, -1.2567e-03,  1.0880e-03],
        [ 3.4934e-05, -7.8660e-04,  3.5115e-04],
        [ 1.3435e-04,  5.5872e-04, -1.4546e-03],
        [ 2.3561e-03,  1.1067e-03,  4.8612e-04],
        [ 3.8184e-01, -1.0573e-01,  6.5310e-01],
        [ 2.3939e-03,  2.2544e-04, -3.3607e-04],
        [-6.7973e-04, -4.5177e-04,  1.3677e-03],
        [ 1.4141e-03, -1.3845e-03,  1.7378e-03],
        [ 1.5939e-03,  8.2725e-04, -1.4934e-03],
        [ 1.2601e-03, -1.4007e-03, -1.6143e-03],
        [ 2.0368e-04,  1.6743e-04,  4.9540e-06],
        [ 2.2052e-03, -3.5122e-04,  1.2471e-03],
        [-6.8839e-04, -1.2271e-03, -6.7459e-04],
        [ 1.3324e-03,  1.3681e-03,  2.4677e-03],
        [ 2.7066e-04,  1.3261e-03,  8.4293e-04],
        [-3.7827e-03,  3.3049e-03,  1.4394e-04],
        [ 1.1057e-03, -7.3614e-05, -7.4786e-04],
        [ 7.6086e-04, -1.2904e-03, -1.7855e-03],
        [-4.2171e-04,  1.3056e-03, -8.4511e-04],
        [ 8.2273e-04,  3.7407e-04, -3.9406e-04],
        [ 3.5108e-04, -8.5852e-04,  8.6841e-05],
        [ 1.9373e-04,  3.7991e-04, -9.5990e-05],
        [ 1.7557e-03,  6.1254e-04, -1.2656e-03],
        [ 9.1972e-04,  2.0444e-04, -2.5470e-03],
        [-1.4860e-03,  7.2632e-04,  9.3848e-04],
        [-6.2543e-05,  2.9611e-04,  3.2080e-03],
        [ 9.8156e-04, -2.0764e-04,  3.7017e-04],
        [ 1.4979e-04, -2.5780e-03,  5.6949e-04],
        [ 1.2920e-03,  2.0051e-03,  8.5121e-04],
        [ 1.5108e-03,  9.7240e-04, -1.5486e-03],
        [ 5.9247e-04,  3.2747e-05, -6.5783e-05],
        [ 3.5861e-04, -3.4091e-04,  1.3736e-03],
        [-1.9846e-03,  1.3347e-03,  2.4696e-03],
        [ 1.0007e-03, -1.6775e-04,  9.8129e-04]], device='cuda:0')), ('fcs.0.bias', tensor([-4.2800e-05,  7.8119e-04, -1.8638e-04,  3.0153e-05,  2.1655e-04,
         3.4100e-05,  8.1647e-04, -1.1280e-03,  4.8598e-06, -1.7975e-03,
         5.7651e-05, -2.3161e-03, -5.6793e-04,  1.3590e-03,  6.1527e-04,
         2.6800e-03,  1.1044e-04, -6.2566e-04, -2.0424e-03, -3.6299e-04,
         7.5360e-04, -3.9857e-04,  1.9280e-04,  9.1329e-04,  1.6914e-03,
         1.2799e-03,  1.8464e-04,  1.7143e-03, -4.3011e-03,  1.6014e-04,
         1.4513e-03, -2.6410e-04, -1.8967e-03, -3.3599e-04,  9.4125e-04,
         1.5145e-04, -1.9555e-03, -3.5918e-05, -8.6084e-04, -3.2652e-04,
         4.3241e-04, -1.2834e-03,  1.3649e-03, -4.8899e-06,  2.9660e-03,
        -3.2335e-03,  6.2690e-04, -1.2213e-03, -6.2761e-04, -6.7628e-04,
        -4.3991e-04, -1.9502e-04, -1.7960e-03,  1.6428e-03,  1.5268e-04,
        -8.2018e-06, -2.0488e-03, -2.3297e-03, -1.6356e-03,  4.4036e-04,
         9.3943e-04, -6.3574e-04,  6.8488e-04,  1.6445e-03, -1.3392e-03,
        -7.1444e-04,  6.5556e-04,  3.4405e-04, -1.2963e-03, -1.1298e-05,
         2.4223e-04, -1.7417e-03,  6.7138e-04, -1.5323e-03, -9.2063e-04,
         2.3378e-03, -2.4189e-03,  2.0295e-03, -7.1977e-04, -5.7340e-04,
        -3.2345e-04, -6.8376e-04,  5.6907e-06,  2.1922e-03,  1.4082e-03,
         1.5766e-03, -1.2066e-03, -1.2646e-03,  2.7003e-03, -8.3386e-04,
         4.8372e-05,  1.3781e-03, -1.9704e-04,  1.0304e-03, -9.7790e-04,
        -6.6119e-04,  2.9646e-04,  7.4690e-04,  1.4162e-01,  3.9411e-04,
        -1.0998e-03,  2.4418e-03,  1.4031e-04,  1.6066e-03,  1.0864e-03,
         1.2722e-03,  7.5644e-04,  8.8053e-04,  1.1405e-03,  2.1477e-03,
        -1.5742e-03, -4.2139e-04, -1.7297e-03, -7.4499e-04, -1.4784e-03,
         2.1177e-03, -1.4318e-03, -1.0479e-03,  8.6511e-04,  6.1422e-04,
        -1.7033e-03, -2.2046e-03, -2.3603e-03, -2.3807e-04, -1.4547e-03,
         3.5284e-04,  1.3754e-04, -1.1339e-03], device='cuda:0')), ('fcs.1.weight', tensor([[-1.0439e-03, -1.3249e-03, -6.0216e-04, -5.9860e-04, -1.1898e-03,
         -6.2838e-04,  2.8372e-03,  1.9307e-03, -3.9556e-04,  3.0811e-04,
         -1.6823e-03, -1.8968e-03, -2.2547e-04, -3.0352e-06,  4.0464e-04,
          1.0263e-03, -1.3849e-03,  1.7239e-03,  1.6771e-03,  1.2425e-03,
          2.2450e-03,  1.8914e-03,  1.2453e-03, -9.1354e-04, -3.9646e-04,
          1.3178e-03,  1.0899e-03,  1.0507e-03, -2.6011e-04, -6.9278e-04,
         -8.5776e-04, -5.6444e-04,  1.0870e-03, -1.9833e-03,  2.4174e-04,
         -1.3178e-03,  6.6941e-05,  8.7241e-04,  1.1038e-03,  4.6560e-04,
         -5.7696e-04, -1.0780e-03, -1.0159e-03,  1.7787e-03, -1.2675e-03,
         -3.7346e-05, -1.1150e-03, -1.1543e-03, -6.0598e-04, -6.9902e-04,
         -3.1810e-04,  1.6846e-04,  1.4533e-03,  1.6689e-03,  6.1482e-04,
          1.5834e-03,  9.3878e-04, -1.1475e-03,  1.5873e-03,  7.1784e-04,
          6.9425e-05,  9.2584e-04, -1.5862e-04, -1.8292e-03,  1.8990e-03,
          1.0127e-03,  2.4914e-03, -2.6489e-03, -1.3280e-04,  8.8680e-04,
          1.4412e-03,  3.3549e-03, -7.6825e-04,  1.3216e-03, -1.3457e-04,
          4.6763e-04,  1.1956e-05, -1.4935e-03,  2.2250e-03,  6.7980e-04,
         -4.1549e-03, -7.0725e-04,  8.5296e-04, -9.9113e-04, -2.9832e-04,
         -1.5715e-03, -1.0444e-03, -2.2644e-03, -6.2572e-05,  2.3471e-03,
         -6.4449e-04,  3.5173e-04, -1.3029e-03,  1.0532e-03, -1.6679e-03,
          1.3731e-03,  2.7505e-03,  6.4875e-04, -8.8581e-01, -4.4031e-04,
          7.6359e-04,  2.2747e-04, -1.3997e-03,  2.0481e-03,  9.2285e-05,
         -1.5082e-03, -1.6650e-04, -2.9209e-03, -9.1719e-04,  1.4864e-03,
         -3.8428e-03,  8.7677e-04, -1.4043e-03,  7.1625e-04,  2.0605e-03,
         -1.6872e-03, -1.6310e-03, -3.2158e-03, -5.2423e-04, -1.5326e-03,
          2.6527e-03, -1.7498e-03, -2.8892e-03,  1.2306e-03, -1.0678e-03,
          4.6029e-05,  5.8981e-04, -9.6601e-04]], device='cuda:0'))])
end of epoch 11: val_loss 0.007292848475129432, val_acc 1.0
trigger times: 1
end of epoch 12: val_loss 0.013127006118785225, val_acc 1.0
trigger times: 2
end of epoch 13: val_loss 0.010355887679627465, val_acc 1.0
trigger times: 3
end of epoch 14: val_loss 0.016536831117127518, val_acc 1.0
trigger times: 4
end of epoch 15: val_loss 0.012343598055196168, val_acc 1.0
trigger times: 5
end of epoch 16: val_loss 0.009716967971031387, val_acc 1.0
trigger times: 6
end of epoch 17: val_loss 0.009808131518581682, val_acc 1.0
trigger times: 7
end of epoch 18: val_loss 0.014877095752309976, val_acc 1.0
trigger times: 8
end of epoch 19: val_loss 0.009132769664036288, val_acc 1.0
trigger times: 9
end of epoch 20: val_loss 0.006038810906700327, val_acc 1.0
trigger times: 0
saving model weights...
Weights: OrderedDict([('fcs.0.weight', tensor([[-1.1739e-03, -4.2212e-03,  1.7276e-03],
        [-4.5536e-04, -6.5338e-04, -2.0996e-03],
        [-4.9895e-04,  1.2971e-04,  8.8046e-04],
        [-1.5160e-03,  4.7891e-04,  9.0340e-04],
        [-2.8026e-03,  8.7594e-04, -1.7860e-03],
        [-9.4375e-04,  1.8119e-03,  9.1098e-04],
        [ 1.1508e-03,  2.9178e-04, -1.3929e-03],
        [ 2.3129e-04,  1.2493e-03,  1.8189e-03],
        [ 5.2834e-04,  8.6768e-04,  8.5807e-04],
        [ 1.5296e-03, -3.4974e-04, -3.0073e-05],
        [ 1.2385e-03,  8.1352e-04,  6.2412e-04],
        [-5.9149e-04,  1.0740e-03, -2.1316e-03],
        [ 2.3945e-03,  5.6544e-04,  9.9276e-04],
        [ 2.1354e-03,  5.2557e-04, -1.7323e-03],
        [-1.3197e-03,  1.8655e-03,  8.3713e-04],
        [ 1.8641e-03, -1.5821e-03, -2.0769e-03],
        [ 9.1708e-04, -1.0742e-03, -9.6028e-04],
        [-7.3218e-04,  1.8836e-03,  1.4909e-03],
        [ 3.3050e-04, -2.3587e-03,  3.2186e-04],
        [-1.3188e-03,  1.8857e-05,  1.4186e-03],
        [ 1.2491e-03,  4.7587e-05,  1.0490e-03],
        [-1.1978e-03,  2.6347e-04,  1.7703e-03],
        [-2.6710e-04,  2.3345e-03, -2.5700e-03],
        [-1.4924e-03,  4.7575e-04, -1.1373e-03],
        [-8.2109e-04,  2.8457e-03,  7.5869e-04],
        [-1.7943e-03, -6.2917e-04,  2.2893e-03],
        [ 9.1723e-06, -4.8300e-04,  1.1731e-03],
        [ 1.1652e-03, -1.6375e-03, -2.6048e-04],
        [-1.7216e-03,  6.3701e-04,  1.6538e-03],
        [ 1.1396e-03,  2.4058e-03,  1.5489e-03],
        [ 1.1237e-03,  1.3829e-03, -2.8142e-03],
        [ 2.3857e-04, -4.9970e-04, -9.2103e-04],
        [ 2.5555e-03,  1.2891e-03, -8.0695e-04],
        [ 4.9177e-04,  8.1802e-04,  5.5183e-04],
        [-2.2683e-03, -1.2571e-03, -7.2929e-04],
        [ 1.0791e-03,  1.2200e-03,  1.0016e-03],
        [ 1.0148e-03,  1.1342e-03, -3.8795e-04],
        [ 4.3322e-03,  1.2620e-04, -4.0887e-04],
        [ 1.2793e-04, -1.4235e-04, -1.1573e-04],
        [-5.7477e-04,  4.4405e-04,  1.3715e-04],
        [-2.0046e-03, -2.8413e-04,  2.6014e-03],
        [-1.1626e-03, -1.6560e-04,  1.4971e-04],
        [-2.6064e-04,  1.3743e-03,  2.4775e-04],
        [-3.4228e-03,  1.1440e-03, -6.8506e-04],
        [ 2.9728e-04, -2.7014e-03, -3.0695e-04],
        [ 7.7210e-04,  5.5616e-04,  4.7526e-04],
        [-5.6635e-04,  5.5083e-04,  7.0212e-05],
        [-5.2001e-04, -1.5327e-03, -5.9392e-04],
        [ 2.1154e-03, -2.5508e-03, -1.4346e-03],
        [-3.7978e-03, -1.2629e-03,  7.0231e-04],
        [ 6.6899e-04,  1.2212e-04, -1.4819e-03],
        [ 5.8450e-04, -1.0140e-03,  2.3212e-04],
        [ 1.5453e-03,  1.0316e-03, -3.6707e-03],
        [ 6.0723e-04,  1.1816e-04, -2.2031e-03],
        [-1.7340e-03,  2.7422e-03, -1.2811e-03],
        [-6.4365e-05, -5.6778e-04,  7.6840e-04],
        [-9.9618e-04,  1.9494e-03,  2.9664e-04],
        [ 1.4037e-03, -5.8775e-04,  1.7439e-03],
        [ 1.9746e-03, -9.6584e-04,  2.5333e-03],
        [-1.1580e-03,  2.8044e-03,  4.4871e-04],
        [ 1.0585e-03,  7.2558e-04,  5.6579e-04],
        [ 2.5184e-03, -6.5728e-04,  4.4695e-04],
        [-1.2951e-03, -4.2192e-04, -9.3542e-05],
        [ 8.3999e-04,  1.8526e-03,  2.3259e-04],
        [-1.1140e-03,  7.4652e-04,  5.4622e-04],
        [ 4.1313e-05,  2.6384e-04, -1.0730e-03],
        [-3.1051e-04,  2.9088e-03, -1.0649e-03],
        [-1.4897e-03,  2.7125e-04,  1.6492e-03],
        [-1.0008e-03, -1.1228e-03, -6.1822e-04],
        [-1.6962e-03,  1.8185e-03,  8.4896e-05],
        [-6.0871e-04,  6.9510e-04, -1.5934e-03],
        [-1.0236e-03,  4.9284e-04,  1.5048e-03],
        [-2.4887e-03,  1.8313e-03, -1.3518e-03],
        [ 9.2178e-04,  1.6380e-04, -2.2555e-03],
        [ 1.6723e-03,  1.1524e-03,  7.9968e-04],
        [-7.8486e-04, -7.5589e-04, -4.4091e-06],
        [ 1.2605e-03, -9.5999e-04,  8.0152e-04],
        [-2.1790e-03,  1.8845e-03,  3.5564e-04],
        [ 2.7925e-03,  5.4253e-05, -8.5709e-04],
        [-1.7007e-03,  5.7102e-04,  2.1075e-04],
        [ 4.6966e-04, -1.0392e-03,  2.2355e-04],
        [-4.5053e-04,  1.1061e-03,  1.9698e-03],
        [-7.3316e-04,  1.1019e-04,  8.2288e-04],
        [-6.2278e-04,  1.6535e-03,  1.1454e-03],
        [ 1.4256e-04, -5.4148e-04,  2.8045e-03],
        [ 1.4575e-03, -2.5336e-03, -7.0440e-04],
        [ 1.9497e-04,  4.3291e-05, -5.1366e-04],
        [ 4.1978e-04, -6.4114e-04, -1.4550e-04],
        [ 9.5910e-04,  1.9041e-03,  1.9802e-03],
        [ 1.8199e-03, -4.2705e-04,  3.8343e-04],
        [ 3.9104e-04, -3.2587e-04,  1.2787e-03],
        [ 8.6280e-05, -1.7692e-03, -6.8584e-06],
        [-5.7618e-05,  3.3365e-04, -4.2109e-04],
        [-1.2242e-03,  9.2798e-04, -2.5154e-04],
        [-1.5183e-03, -1.1026e-05, -7.7686e-04],
        [-2.0671e-03, -1.9051e-03, -1.8880e-03],
        [-1.5420e-03,  1.8377e-03,  5.6555e-04],
        [ 4.0439e-04,  7.7354e-05, -4.7599e-04],
        [ 3.9344e-01, -2.0363e-01,  6.8907e-01],
        [-1.4730e-03, -2.3515e-03,  8.4401e-04],
        [ 1.6243e-03,  2.7540e-03, -1.0534e-03],
        [-8.1480e-04, -7.1669e-04,  7.2440e-04],
        [ 7.2935e-04, -7.0234e-04, -4.6886e-04],
        [-1.7129e-03,  4.4949e-04, -5.2140e-04],
        [ 4.2825e-04,  9.6984e-04,  1.3027e-03],
        [ 6.0582e-04, -7.4541e-04, -3.8916e-04],
        [-1.5010e-03, -3.3843e-04,  2.6897e-04],
        [ 1.2293e-03,  7.3748e-05,  2.0152e-03],
        [ 1.7518e-03,  1.4900e-03, -1.3099e-03],
        [ 6.2467e-04,  3.1864e-05, -1.6652e-03],
        [-1.6752e-03, -8.6506e-04,  3.2786e-04],
        [ 3.7615e-04,  1.0575e-03, -1.2961e-04],
        [-3.5381e-04, -5.0686e-06, -2.8765e-03],
        [-2.3817e-05, -8.3301e-04,  1.1558e-04],
        [-8.7735e-04,  6.4709e-04,  1.8170e-03],
        [-2.1288e-03, -8.6639e-04,  1.6942e-03],
        [ 3.4226e-04, -1.8496e-04, -1.4793e-03],
        [ 1.7104e-03, -3.1674e-03, -1.5421e-03],
        [-8.2885e-04,  6.6500e-05,  4.5637e-04],
        [ 3.8306e-04,  2.8399e-03, -4.6255e-04],
        [-7.0808e-04, -1.2511e-03,  1.0998e-03],
        [-5.6110e-04, -1.6019e-03, -1.5236e-03],
        [ 1.1334e-04,  1.5180e-03,  1.0551e-03],
        [-2.2823e-03,  5.8527e-04,  1.9616e-03],
        [ 3.9009e-04, -1.2573e-03, -1.7367e-04],
        [-5.0004e-04,  1.1749e-03, -9.8453e-04],
        [ 1.1241e-03,  8.2220e-04,  1.2142e-03],
        [ 3.4834e-04, -1.5758e-03, -1.0949e-03]], device='cuda:0')), ('fcs.0.bias', tensor([-2.6442e-03, -9.2045e-04, -6.8550e-04,  1.0680e-03, -3.2615e-03,
        -7.2254e-04, -2.4837e-03,  3.2978e-03,  1.5133e-03,  7.2178e-04,
         1.1606e-03,  2.2895e-03,  4.8220e-04, -6.3960e-04, -5.0647e-04,
         2.5322e-03,  1.4222e-03,  4.0296e-04, -8.3625e-04,  1.5247e-03,
         1.0235e-03,  1.3765e-03, -5.0318e-05, -1.8494e-04, -1.8705e-03,
         6.1900e-04,  7.1608e-04,  1.1064e-03, -2.4234e-03, -5.6977e-04,
         3.7594e-04,  4.5716e-05,  7.8098e-06,  1.6556e-03, -1.5675e-04,
         2.1215e-03,  1.7201e-03,  1.7963e-03,  2.0474e-03,  1.0263e-03,
         3.9600e-04,  1.5272e-03,  1.1825e-03,  8.2494e-04, -1.0384e-03,
        -1.0331e-03, -1.8289e-03, -9.4796e-04, -9.8703e-04,  4.9634e-04,
        -2.9709e-03,  5.3786e-04, -1.5583e-03,  2.7726e-03, -2.8543e-04,
         1.8947e-03,  1.5427e-03,  2.1880e-04,  1.0622e-03, -1.7219e-03,
        -6.7243e-04, -3.8440e-03, -8.6370e-06,  1.5748e-03,  1.0196e-04,
        -1.8765e-04,  3.8710e-04, -1.9808e-04,  8.9312e-04,  2.8376e-03,
        -1.9896e-03, -1.5873e-03, -7.3717e-04,  1.4840e-03,  6.8654e-04,
        -1.0022e-04, -8.2666e-05, -1.0764e-03,  6.5443e-04,  1.5716e-03,
         1.8325e-04,  9.1118e-04,  1.2072e-03, -1.3855e-03,  2.4541e-04,
         2.4829e-03, -2.5573e-04, -1.6199e-04,  1.2323e-03,  1.3434e-03,
         2.4349e-05,  1.1504e-03,  3.4558e-04,  3.1101e-03, -2.1640e-03,
        -2.7486e-04,  4.4907e-04,  8.1829e-04,  4.6671e-02, -2.9133e-03,
        -1.2480e-03, -1.3252e-03,  8.5687e-04, -5.0139e-04, -7.2606e-04,
        -1.3756e-03, -3.5947e-04, -1.1511e-03, -4.3536e-04,  1.4826e-03,
        -4.1813e-04,  2.4591e-04, -1.0739e-03, -6.4191e-04, -1.9960e-04,
         3.2444e-04,  1.5970e-03,  2.3766e-03, -2.1071e-03,  1.6849e-03,
         2.8143e-03,  1.2319e-03,  2.0702e-03,  1.9250e-03, -3.1299e-05,
        -1.8790e-03, -2.0508e-03,  1.0251e-03], device='cuda:0')), ('fcs.1.weight', tensor([[-2.6220e-03, -3.4238e-03, -2.3859e-06, -3.3175e-04, -1.7486e-03,
         -6.5927e-04,  2.8624e-04,  6.1079e-04,  2.6779e-04,  1.4476e-03,
         -6.2826e-04,  1.5061e-03,  5.7819e-04,  1.9490e-03,  5.3948e-04,
          6.4108e-04, -9.7369e-04, -1.4379e-03,  9.6844e-04,  8.7501e-04,
          2.3764e-04,  2.8097e-04,  6.6065e-04, -2.5627e-04,  7.3345e-04,
         -3.8590e-03, -1.6261e-04, -5.4693e-04,  9.1773e-04,  2.3361e-03,
          6.8750e-04, -8.9438e-04, -1.2419e-03, -2.1762e-03, -3.5123e-04,
          1.0267e-03,  1.6680e-03,  1.4246e-03, -2.3541e-04, -7.7962e-05,
          1.0287e-03,  1.0010e-03, -4.6377e-04, -1.7005e-03,  2.0375e-03,
          1.0975e-03,  2.8078e-03, -1.8097e-03, -6.1426e-04,  2.7129e-05,
          3.1678e-04,  4.9699e-05, -1.7259e-03,  1.0300e-03,  1.0843e-03,
         -1.2692e-03,  1.5125e-05,  1.9318e-03,  1.4518e-03,  2.3622e-04,
         -1.0248e-03, -1.4489e-03,  2.5988e-04,  5.4663e-04, -3.7950e-04,
         -1.2109e-04,  1.9873e-03,  2.3372e-03,  1.8594e-03,  1.7623e-03,
          1.6950e-03,  1.2335e-03,  1.4956e-04, -2.9102e-03, -4.9284e-04,
          9.3083e-04,  7.1887e-04, -2.2660e-04,  1.5609e-03,  1.3770e-03,
         -6.5786e-04, -7.3621e-04, -9.3859e-04, -9.7197e-04,  1.4696e-03,
         -7.2569e-04,  2.7040e-03,  8.1875e-05,  4.5996e-04,  5.5848e-04,
          6.6784e-05,  7.6238e-04, -1.6998e-03, -1.0638e-03, -6.7164e-04,
         -2.2700e-04, -1.0667e-03, -6.1699e-04, -9.0194e-01, -7.7753e-04,
         -6.0795e-04, -2.8533e-04, -1.2620e-04, -1.6766e-03,  1.7107e-03,
          5.4499e-05,  2.8906e-03,  4.8994e-05, -1.2254e-03,  2.8947e-04,
         -3.3050e-03, -5.3122e-05,  4.3901e-04,  7.1677e-04, -5.5647e-04,
         -4.3356e-04,  6.9087e-04, -5.8563e-04, -1.1527e-04,  1.3204e-03,
          1.9942e-03, -7.8784e-04, -4.9298e-04, -1.6219e-03,  1.5358e-03,
          1.5889e-03,  1.0471e-04,  9.9657e-04]], device='cuda:0'))])
end of epoch 21: val_loss 0.011378294472031812, val_acc 1.0
trigger times: 1
end of epoch 22: val_loss 0.010668611371141381, val_acc 1.0
trigger times: 2
end of epoch 23: val_loss 0.009700397364187445, val_acc 1.0
trigger times: 3
end of epoch 24: val_loss 0.010612547130519623, val_acc 1.0
trigger times: 4
end of epoch 25: val_loss 0.007691369366662464, val_acc 1.0
trigger times: 5
end of epoch 26: val_loss 0.010236631704487138, val_acc 1.0
trigger times: 6
end of epoch 27: val_loss 0.01182032901872688, val_acc 1.0
trigger times: 7
end of epoch 28: val_loss 0.010375637251598171, val_acc 1.0
trigger times: 8
end of epoch 29: val_loss 0.007248507742799753, val_acc 1.0
trigger times: 9
end of epoch 30: val_loss 0.01053749818929198, val_acc 1.0
trigger times: 10
Early stopping.
0 -45.56132188439369 -191.10004520678868
1 -45.32348647713661 -189.05007017278314
2 -45.71822567284107 -187.50220085194994
3 -42.895445704460144 -180.24009179391223
4 -41.05536712706089 -171.9613792356186
5 -40.03464575111866 -169.3817016847894
6 -39.96552909910679 -167.87631268052303
7 -42.91254276037216 -164.27567046290412
8 -42.02404998242855 -163.76742236654098
9 -36.32830300182104 -156.0786895876365
10 -38.40000641345978 -155.22804551507866
11 -37.48641510307789 -145.29002069283715
12 -37.55929246544838 -142.86657280197298
13 -32.71257500350475 -142.75441848091938
14 -33.097982697188854 -136.98962801176134
15 -35.81768552958965 -132.4813576990395
16 -31.222269169986248 -130.98347157271724
17 -33.711687073111534 -118.2436222554584
18 -28.095983006060123 -117.38411415155902
19 -33.34028811007738 -116.97382686219106
20 -29.106266997754574 -115.06704102317899
21 -25.852609634399414 -112.47832645551227
22 -30.1735021173954 -103.24187681049156
23 -24.201671931892633 -99.7422752992134
24 -21.18331528455019 -98.18526661663928
25 -22.875356640666723 -88.94674758091466
26 -20.466451689600945 -85.88346861832474
27 -17.75473203882575 -79.38307722218848
28 -18.78903578966856 -79.25112655387144
29 -25.221652404870838 -73.50697855948762
30 -22.313302654772997 -72.69803191552006
31 -21.01889414805919 -71.37326168319514
32 -20.616468004882336 -68.27187815304366
33 -19.579032726585865 -65.42298162776466
34 -18.043308954685926 -65.35816021006309
35 -16.404621932655573 -49.3186741604369
36 -27.511402159754653 -17.325441617065966
37 -19.001888816303108 -4.374511275254108
38 -19.947880998748587 -0.4258658969524013
39 -21.360228692385135 9.108146753357724
40 -21.673194665563642 17.732630180500013
41 -15.063359342515469 40.64550156746333
42 -15.446534658782184 41.11774838972275
43 -19.622160116239684 48.64917674484657
44 -15.710292731848313 52.50260039838799
45 -16.77696518105222 52.54502852695255
46 -16.2668834105134 59.52827491841281
47 -15.600100310140988 63.45606316769021
48 -14.537095430248883 66.31570758515764
49 -21.091829106444493 67.13050507695384
50 -12.780368334089871 72.16624272108386
51 -21.74306403688388 79.16074531670823
52 -19.487201613985235 84.19837606184075
53 -19.573761450941674 89.30707154325768
54 -19.603804655664135 90.2698850730257
55 -18.772709159864462 90.28646231697512
56 -14.850302943494171 90.32667007477052
57 -12.941113666456658 91.18021498086692
58 -14.149718626809772 92.38187517969644
59 -19.358704301615944 92.67153902025292
60 -19.15102615975775 93.69474938898811
61 -14.034363842962193 93.86112859581364
62 -18.478288644604618 95.24073532592021
63 -18.522987918695435 95.3630101766082
64 -18.047016097654705 96.09581961281374
65 -16.927466254433966 97.90553231413178
66 -17.826240803144174 98.07644230926206
67 -17.50656645942945 98.35872828331676
68 -18.464330696617253 98.57334710000995
69 -17.77635149937123 98.77895390936838
70 -17.96345893741818 99.10163703819775
71 -17.578880885790568 99.47183807834362
72 -17.54897662246367 101.36707045382526
73 -17.178909902402665 102.70820969163083
74 -17.43680409010267 103.61971441966246
75 -16.630508682050277 104.00039883786899
76 -16.550908829725813 104.94014608739957
77 -17.215646151351393 105.28448326377394
78 -16.168459496751893 105.60678192821229
79 -15.272597964649322 106.95774051225432
80 -16.37688435956079 107.03525723063939
81 -15.805163522672956 107.05410485829283
82 -14.788934643744142 107.36477417456501
83 -15.004798771464266 107.72369032284489
84 -16.695109898166265 107.78006757763964
85 -16.286432015054743 107.99397435655325
86 -15.565047051466536 108.08910889221833
87 -16.23859835676558 108.09776529440465
88 -15.085751413978869 108.24033506535473
89 -15.150107143752393 109.15712102315346
90 -15.444428423114005 109.71287331230647
91 -15.282012060910347 110.25063890779474
92 -15.20287119137356 110.45880856467717
93 -14.568466459211777 110.48639228144049
94 -14.926903300220147 111.92877271779909
95 -15.077231207411387 112.29467419620224
96 -14.734844150108984 112.73910566375015
97 -14.70032607082976 112.98274531176438
98 -14.34374045956065 113.84616479719523
99 -12.946379145068931 114.84612239587612
100 -14.835078165939194 115.08707834021696
101 -13.167572809528792 115.41025719446112
102 -13.559818313238793 115.5646624637931
103 -13.416116659122054 115.87882502857741
104 -14.283938268752536 116.51927592390606
105 -14.580067256174516 116.69939038222442
106 -13.599502241704613 117.18809854794453
107 -13.66357259065262 117.29357601720739
108 -13.06597854339634 117.43241923864416
109 -13.712446144243586 119.84073495876005
110 -12.333590821363032 122.74776106687673
111 -12.598627573286649 124.10172315382671
112 -11.75696617999347 124.42382576156477
113 -12.31778393406421 124.48179570258212
114 -12.364125201231218 125.2590893824027
115 -12.107346213888377 125.30457667780085
116 -12.14310684290831 125.43458549438884
117 -10.653409263963113 129.13346806288703
118 -10.688478734125965 129.67718524437547
119 -9.923807559825946 131.40806576766226
train accuracy: 1.0
validation accuracy: 1.0
