demo lengths 200
demos: (120, 200, 3)
demo_rewards: (120,)
[-191.10004521 -189.05007017 -187.50220085 -180.24009179 -171.96137924
 -169.38170168 -167.87631268 -164.27567046 -163.76742237 -156.07868959
 -155.22804552 -145.29002069 -142.8665728  -142.75441848 -136.98962801
 -132.4813577  -130.98347157 -118.24362226 -117.38411415 -116.97382686
 -115.06704102 -112.47832646 -103.24187681  -99.7422753   -98.18526662
  -88.94674758  -85.88346862  -79.38307722  -79.25112655  -73.50697856
  -72.69803192  -71.37326168  -68.27187815  -65.42298163  -65.35816021
  -49.31867416  -17.32544162   -4.37451128   -0.4258659     9.10814675
   17.73263018   40.64550157   41.11774839   48.64917674   52.5026004
   52.54502853   59.52827492   63.45606317   66.31570759   67.13050508
   72.16624272   79.16074532   84.19837606   89.30707154   90.26988507
   90.28646232   90.32667007   91.18021498   92.38187518   92.67153902
   93.69474939   93.8611286    95.24073533   95.36301018   96.09581961
   97.90553231   98.07644231   98.35872828   98.5733471    98.77895391
   99.10163704   99.47183808  101.36707045  102.70820969  103.61971442
  104.00039884  104.94014609  105.28448326  105.60678193  106.95774051
  107.03525723  107.05410486  107.36477417  107.72369032  107.78006758
  107.99397436  108.08910889  108.09776529  108.24033507  109.15712102
  109.71287331  110.25063891  110.45880856  110.48639228  111.92877272
  112.2946742   112.73910566  112.98274531  113.8461648   114.8461224
  115.08707834  115.41025719  115.56466246  115.87882503  116.51927592
  116.69939038  117.18809855  117.29357602  117.43241924  119.84073496
  122.74776107  124.10172315  124.42382576  124.4817957   125.25908938
  125.30457668  125.43458549  129.13346806  129.67718524  131.40806577]
maximum traj length 200
num training_obs 1800
num training_labels 1800
num val_obs 200
num val_labels 200
ModuleList(
  (0): Linear(in_features=3, out_features=64, bias=True)
  (1): Linear(in_features=64, out_features=64, bias=True)
  (2): Linear(in_features=64, out_features=1, bias=False)
)
device: cuda:0
end of epoch 0: val_loss 0.013085899013737752, val_acc 1.0
trigger times: 0
saving model weights...
Weights: OrderedDict([('fcs.0.weight', tensor([[-5.9623e-04, -2.8188e-04, -6.5828e-04],
        [ 4.4598e-05,  2.5411e-03, -9.3464e-04],
        [-1.2900e-04, -7.6451e-04, -1.4169e-03],
        [ 6.2208e-04,  2.0435e-03,  1.2370e-03],
        [ 5.5080e-04,  2.1730e-04,  5.3758e-04],
        [-6.2286e-04, -2.7813e-05,  9.0452e-04],
        [-9.9203e-04, -1.5511e-03,  7.8102e-04],
        [ 7.6910e-04, -5.8371e-04,  2.5262e-03],
        [ 3.5989e-05,  1.3586e-03,  1.8843e-03],
        [ 1.0604e-03,  1.0029e-03, -6.4743e-04],
        [-2.6956e-03,  1.1714e-03,  5.2508e-04],
        [-5.0246e-05, -1.5464e-03,  6.4609e-04],
        [-6.0841e-05,  2.0098e-04, -8.6769e-05],
        [-1.4485e-04, -2.0729e-03,  9.6779e-04],
        [ 5.4682e-04, -5.3283e-04,  1.7582e-03],
        [-6.1836e-04, -4.2715e-04,  1.8321e-04],
        [ 6.5327e-04,  4.0153e-04, -1.8009e-03],
        [-7.4585e-04, -2.9887e-03,  2.0367e-03],
        [-7.3983e-04, -1.3904e-03, -1.1765e-04],
        [ 2.8022e-04, -4.2634e-04,  3.2241e-04],
        [ 8.7944e-05, -1.2217e-03,  1.4041e-03],
        [-1.7572e-03, -1.1212e-03,  1.8885e-03],
        [-2.8551e-03, -9.6995e-04, -3.5019e-04],
        [-2.4657e-04,  5.2735e-04,  1.5435e-04],
        [-3.4189e-03,  1.2893e-03,  5.6156e-04],
        [-2.3631e-04,  6.9559e-04,  5.1748e-04],
        [ 1.9868e-03,  1.5311e-03,  2.5999e-03],
        [-8.9597e-04,  1.3223e-04, -2.5316e-04],
        [ 1.5038e-03,  2.7160e-03, -3.5910e-05],
        [-1.1595e-03,  1.9319e-03, -5.5071e-04],
        [ 7.0070e-04, -8.7955e-04, -2.1243e-04],
        [ 6.4125e-04, -1.5796e-03, -7.2253e-04],
        [ 1.4826e-04,  1.5643e-03, -8.7692e-04],
        [ 2.3605e-03, -4.4272e-04, -1.5450e-03],
        [-7.9555e-04, -1.0880e-03, -8.3144e-04],
        [-1.8768e-04, -2.3849e-03, -7.6277e-04],
        [ 1.7799e-03,  1.1582e-03, -4.6605e-04],
        [-6.2375e-04,  8.2620e-04, -7.1994e-04],
        [ 5.9876e-04,  9.3727e-04,  3.1549e-04],
        [ 4.1288e-01, -1.2764e-02,  5.3952e-01],
        [-3.1698e-04, -6.9092e-04, -2.9578e-04],
        [-1.3007e-03,  4.8172e-04,  6.3408e-04],
        [-1.4477e-03,  8.8208e-04,  1.4966e-03],
        [ 2.6712e-03,  6.9685e-04, -1.8374e-03],
        [-2.5024e-04,  1.6843e-04, -1.2783e-03],
        [-8.1927e-05, -2.3153e-04,  2.7946e-03],
        [-1.0654e-04,  2.7945e-04, -4.6727e-04],
        [ 2.1929e-04,  8.9110e-04,  2.4378e-04],
        [ 6.1291e-04, -3.0360e-05, -1.4924e-03],
        [-1.2978e-03,  7.3474e-04, -1.0467e-03],
        [ 2.4941e-03, -1.2261e-03,  2.0394e-04],
        [ 7.1550e-04,  5.2592e-04, -2.2425e-03],
        [-8.6730e-04,  9.2114e-04,  2.0789e-04],
        [-3.1418e-04,  2.4459e-03, -1.7897e-03],
        [-7.4914e-05, -9.1198e-04, -1.8139e-04],
        [ 8.4119e-04, -1.5583e-03, -1.2149e-03],
        [-9.3697e-04, -1.7634e-03, -4.4760e-04],
        [-1.7385e-04,  7.2770e-04,  1.0300e-03],
        [-1.1122e-03, -2.7838e-04, -4.3159e-04],
        [ 1.4875e-03,  1.9883e-04, -1.2218e-03],
        [ 5.3348e-05, -3.2386e-03,  1.6048e-03],
        [ 1.1741e-03, -4.8233e-04, -2.2205e-03],
        [-9.6062e-04,  2.8449e-04,  7.2615e-04],
        [ 1.2849e-04,  1.1357e-04,  8.7293e-04]], device='cuda:0')), ('fcs.0.bias', tensor([-4.5945e-04,  1.8212e-03,  3.0076e-03,  2.2574e-04, -3.5177e-04,
        -1.7559e-03,  9.8924e-04, -6.2107e-06, -8.3504e-04,  2.0257e-04,
         2.5332e-05, -1.0404e-03,  1.3670e-06, -5.5675e-04, -3.3919e-04,
         8.7132e-04,  2.0205e-03, -1.8806e-04,  1.4971e-03, -1.4286e-04,
        -2.1995e-04,  6.6783e-04, -2.1047e-03,  3.8287e-04,  3.6623e-04,
        -2.5864e-03, -1.0975e-03,  9.6580e-04, -2.0240e-04,  1.0903e-03,
        -5.7336e-04,  7.8326e-04,  8.0213e-05, -1.2986e-04,  3.2206e-04,
        -1.0050e-03,  1.0374e-03, -2.1741e-03, -1.5164e-03,  3.0763e-02,
         8.6465e-04,  3.1105e-04, -1.1542e-04, -4.8618e-04, -1.8424e-03,
        -7.5990e-04,  1.6611e-04, -1.9142e-03,  1.4461e-03,  1.8661e-04,
        -1.1970e-03,  1.5761e-03, -7.0904e-04, -1.3246e-03,  1.7257e-04,
         2.1490e-03, -1.2641e-03, -8.8135e-04, -2.0108e-06, -3.1329e-05,
         1.2140e-04,  6.3366e-04, -3.1020e-04, -2.5745e-04], device='cuda:0')), ('fcs.1.weight', tensor([[-2.6890e-04,  1.3242e-03, -8.9316e-04,  ...,  1.3110e-03,
         -1.3043e-03,  1.6715e-04],
        [-1.0714e-03,  7.1716e-04,  1.3033e-03,  ...,  8.0566e-05,
         -7.0371e-04, -2.7997e-04],
        [ 1.2313e-03,  8.0725e-04,  1.9625e-03,  ..., -1.9611e-03,
         -2.1785e-03,  1.9297e-04],
        ...,
        [ 1.4584e-03, -1.8067e-03, -6.5702e-04,  ..., -6.7260e-04,
         -1.3105e-03,  4.8423e-04],
        [-1.5537e-03, -1.7143e-03,  4.5775e-04,  ..., -5.5162e-04,
          2.5869e-03, -1.8140e-03],
        [-5.7521e-04,  1.9587e-03, -2.1812e-03,  ...,  1.3102e-03,
          8.9114e-04,  2.9125e-04]], device='cuda:0')), ('fcs.1.bias', tensor([ 2.6970e-04, -4.8777e-05,  9.7617e-04, -1.4519e-04, -5.4541e-04,
         7.8766e-04, -6.7367e-04, -2.1420e-03,  4.5466e-04, -2.0266e-04,
        -8.6301e-04,  6.8716e-04, -3.6641e-04, -7.2187e-04,  1.6801e-04,
        -1.4626e-04, -2.1230e-03,  1.9617e-03, -8.4654e-04,  1.1028e-03,
         2.0774e-03, -8.0302e-03, -1.8256e-03,  1.1713e-03,  7.1239e-04,
         8.8948e-04,  4.8207e-04, -6.3482e-04,  9.8225e-04, -1.6099e-03,
         3.7194e-03,  2.3080e-03, -1.1177e-03, -9.8107e-04,  6.1219e-04,
         2.1721e-04,  8.4857e-04, -2.6975e-05, -7.9187e-04,  1.7369e-03,
        -5.9487e-05, -3.8304e-04, -3.0412e-04, -6.3489e-04,  1.4261e-05,
         6.4395e-04, -3.7878e-04, -7.6393e-04, -7.0176e-04, -4.6440e-04,
         6.5075e-05,  1.9616e-03, -2.2856e-04, -7.1122e-04, -1.7818e-03,
        -8.8385e-04, -2.0902e-03, -1.9612e-03,  6.3930e-04, -1.4971e-03,
        -6.7357e-04,  9.1265e-05, -4.9848e-04,  2.2712e-04], device='cuda:0')), ('fcs.2.weight', tensor([[-3.2596e-04,  1.8966e-04, -1.4608e-04,  5.6862e-04, -1.3357e-04,
         -3.3324e-04, -2.4643e-04, -8.7227e-04,  1.5900e-04, -3.0919e-04,
          5.8376e-04,  5.7336e-05, -7.5833e-04,  2.2711e-04,  7.0346e-05,
         -6.2243e-04, -5.9681e-05,  1.9290e-04, -1.0890e-03, -2.4292e-04,
         -7.3937e-04, -7.4601e-01, -7.3556e-04, -6.8623e-04,  1.6508e-03,
          9.2762e-04,  2.0095e-05, -1.7564e-04, -4.7643e-05, -5.8815e-04,
          2.7156e-05, -5.0006e-04, -1.6860e-04, -4.3762e-04,  6.7655e-04,
          2.5618e-03,  2.3385e-03,  3.3478e-05, -3.0378e-04,  2.6814e-04,
         -4.9544e-05, -5.9542e-04, -5.6129e-04, -5.3649e-05, -6.0315e-04,
          8.3703e-04,  1.6819e-05, -3.9236e-04, -2.4990e-03,  2.2271e-05,
          2.7549e-04, -4.6324e-04, -3.1046e-04, -1.7064e-03,  1.1426e-04,
          1.2101e-03, -1.4076e-03,  7.5843e-04, -6.0408e-04, -3.4880e-04,
          2.2654e-04,  6.8285e-04,  4.8121e-04, -6.3248e-04]], device='cuda:0'))])
end of epoch 1: val_loss 0.008868013771954146, val_acc 0.995
trigger times: 0
saving model weights...
Weights: OrderedDict([('fcs.0.weight', tensor([[ 1.3632e-03, -7.8912e-04,  2.2570e-04],
        [ 9.7172e-04, -1.4930e-03,  1.3474e-03],
        [ 1.4497e-03, -1.2039e-03,  1.5746e-03],
        [-8.2645e-05,  1.5517e-03, -2.6844e-04],
        [-1.4326e-04, -4.3918e-04,  3.6146e-04],
        [ 1.0509e-04,  1.0457e-03, -2.4427e-03],
        [ 1.5952e-03,  7.7955e-04,  6.3668e-04],
        [ 1.0493e-03,  1.3719e-03, -4.9131e-04],
        [-4.8407e-05,  1.2535e-03,  7.5471e-04],
        [ 8.9623e-04, -1.1476e-04, -1.7337e-04],
        [ 5.3808e-04,  1.1229e-03, -1.1426e-03],
        [-2.3872e-03,  3.5122e-04,  1.2954e-03],
        [ 3.4323e-04, -1.9830e-03, -1.5712e-03],
        [-3.0347e-04, -5.6774e-04,  9.0518e-04],
        [ 2.4247e-04, -1.2229e-03, -6.8668e-04],
        [-1.4384e-03, -2.0790e-03, -1.6343e-03],
        [ 8.3940e-04, -3.5729e-04, -3.5297e-04],
        [ 1.1651e-03, -7.9682e-04, -1.4079e-03],
        [ 2.5952e-05,  2.9455e-05, -5.6517e-04],
        [ 3.6411e-04, -4.0259e-04, -7.8936e-05],
        [ 1.8958e-03,  1.2859e-03,  2.5341e-04],
        [-3.8600e-04,  9.1391e-04, -1.3133e-03],
        [-1.8263e-03, -6.1707e-04,  3.9243e-04],
        [ 1.0808e-03, -5.4362e-04,  2.0213e-04],
        [-1.7272e-03,  1.9475e-03, -2.3803e-04],
        [-1.4016e-03, -5.0985e-04, -1.4358e-04],
        [-1.7849e-03, -1.4771e-03, -4.6230e-04],
        [ 1.4827e-03,  1.8153e-03,  1.0975e-03],
        [ 7.9915e-04, -1.6721e-03,  1.3894e-03],
        [-2.2111e-03,  4.2188e-04,  4.6278e-04],
        [-1.4022e-04,  6.2457e-04, -1.2505e-04],
        [-5.2829e-04,  2.5858e-03,  1.7032e-03],
        [-1.5762e-03, -5.2683e-04, -7.3683e-04],
        [ 7.6301e-04,  1.3704e-03,  7.2989e-04],
        [-1.7313e-04, -1.1862e-04,  2.0341e-03],
        [ 1.5845e-04, -1.6083e-03, -1.1628e-03],
        [-2.0349e-04, -1.7684e-03, -1.7300e-03],
        [ 1.6617e-03, -2.4626e-03,  1.3057e-03],
        [-1.3163e-03,  1.0281e-03, -6.9654e-04],
        [ 5.0802e-01, -1.5218e-02,  4.9548e-01],
        [-1.3575e-03,  7.9440e-04,  7.8751e-05],
        [ 1.9435e-03, -1.3884e-03, -1.8537e-03],
        [-1.5255e-03,  1.4880e-03,  1.2199e-03],
        [ 1.4146e-03,  1.0344e-03,  5.6694e-04],
        [ 5.5395e-04, -6.2020e-04, -1.8772e-03],
        [-6.9371e-04,  1.4096e-03, -1.5408e-03],
        [-7.5435e-04,  1.2685e-03, -1.8447e-03],
        [ 5.6493e-04, -2.4656e-03,  1.5534e-03],
        [-6.9564e-04, -1.1635e-03, -3.2616e-03],
        [ 8.6210e-04, -1.7687e-03, -6.8057e-04],
        [ 7.0565e-04, -3.2823e-04, -1.4521e-03],
        [-6.4842e-04, -9.0426e-05, -1.0414e-03],
        [-7.4847e-04, -7.7420e-04, -2.5519e-03],
        [ 9.6080e-04,  3.8721e-04, -4.6879e-04],
        [ 7.8862e-04, -5.4957e-04, -1.6098e-03],
        [ 1.3506e-03,  1.8046e-03,  4.6674e-04],
        [-8.5067e-04, -2.6872e-03, -2.4212e-03],
        [ 7.8737e-04, -1.7065e-03,  6.7840e-04],
        [-4.6516e-04,  1.4964e-03, -4.1316e-04],
        [-1.2566e-03,  1.2783e-03, -7.2485e-04],
        [ 1.4145e-03,  3.6693e-04, -2.4796e-03],
        [ 1.5471e-03, -8.1505e-04,  2.3784e-03],
        [-1.3269e-03, -6.5622e-04, -1.5841e-03],
        [ 2.7987e-04,  1.0035e-03,  2.6033e-03]], device='cuda:0')), ('fcs.0.bias', tensor([-9.1641e-04, -7.0497e-04, -1.1623e-03, -6.3650e-04,  1.4409e-04,
         9.1843e-04,  7.8338e-04,  2.5643e-04,  1.1124e-03, -5.0206e-05,
         2.7473e-05,  9.5979e-04,  1.3018e-04,  4.8028e-04, -5.9458e-04,
        -2.5699e-03, -3.7180e-04,  4.4107e-04, -3.8256e-05,  2.9140e-04,
         8.2067e-04,  8.0676e-04, -2.4351e-04,  9.1080e-04,  9.0584e-04,
        -1.3369e-03, -1.1352e-03,  4.2881e-04,  2.2152e-04, -5.1787e-04,
        -1.0822e-03, -1.0851e-03, -4.1415e-04,  5.8020e-04, -1.2287e-03,
         8.8230e-04,  7.2337e-04,  8.9174e-04,  5.7500e-04,  2.6199e-03,
         7.3841e-04,  2.9833e-04,  1.2345e-03,  4.6227e-04,  1.9315e-03,
         3.3470e-04,  9.0028e-04,  1.5191e-03, -5.2806e-04,  3.7897e-04,
        -1.2176e-03, -8.8469e-04,  1.2958e-03,  2.1133e-04, -1.6776e-03,
        -9.5793e-04, -1.3639e-03,  5.5457e-04, -5.8568e-04,  7.1331e-04,
         1.9512e-03,  1.2272e-03, -3.2875e-03,  3.7333e-05], device='cuda:0')), ('fcs.1.weight', tensor([[-4.3334e-04,  1.6907e-03, -8.9348e-04,  ...,  1.3117e-03,
         -1.3041e-03,  3.5022e-04],
        [-2.4306e-03,  1.3683e-03,  1.3053e-03,  ...,  8.2131e-05,
         -1.4391e-03,  2.0053e-04],
        [ 1.2930e-03,  8.7989e-04,  1.9616e-03,  ..., -1.9621e-03,
         -2.1806e-03,  1.1311e-03],
        ...,
        [ 2.2125e-03, -1.9378e-03, -6.5507e-04,  ..., -6.7379e-04,
         -1.3102e-03,  7.7815e-04],
        [-1.6267e-03, -1.9208e-03,  4.5991e-04,  ..., -5.5314e-04,
          2.5905e-03, -2.1160e-03],
        [-1.0338e-03,  2.1447e-03, -2.1820e-03,  ...,  1.3105e-03,
          8.9263e-04,  4.9068e-04]], device='cuda:0')), ('fcs.1.bias', tensor([-2.2304e-03,  1.0597e-04,  1.3102e-03,  1.5550e-03, -2.5304e-03,
         6.6432e-04, -6.7368e-04, -2.1666e-03,  4.8931e-04, -4.1276e-04,
         1.3724e-03,  7.5417e-04, -2.2113e-03,  6.3386e-04,  1.5765e-04,
        -3.4802e-04, -2.1711e-03,  1.4880e-03, -1.0465e-03,  1.8227e-03,
        -1.2573e-03, -4.2861e-04, -1.9768e-03,  8.8892e-04, -6.4444e-04,
        -1.3027e-03,  5.3735e-04, -9.9900e-04,  1.1621e-03, -1.7648e-03,
         4.2163e-03, -2.1483e-03, -1.2778e-03,  2.9321e-05,  1.1268e-03,
        -9.7283e-04,  7.4452e-04, -5.3486e-04,  7.2730e-04,  1.7809e-03,
         3.5238e-05,  1.1633e-03,  8.7290e-04, -1.3867e-03,  9.9440e-04,
         2.1392e-03, -4.7355e-04, -1.1103e-03,  7.6520e-04, -4.8541e-04,
        -2.3166e-04,  1.9470e-03,  5.0015e-04, -7.5788e-04, -1.0163e-03,
        -7.5213e-04,  8.0281e-04, -6.5096e-04, -1.9609e-03,  1.9611e-03,
        -6.7367e-04, -4.5505e-04, -1.1108e-03, -7.6530e-04], device='cuda:0')), ('fcs.2.weight', tensor([[ 9.5941e-05, -6.4759e-04, -1.0364e-04,  3.6229e-04,  5.8551e-05,
          9.6762e-04,  1.2475e-04,  4.2587e-04,  1.8333e-04, -8.1085e-04,
          7.4314e-04,  7.5785e-04, -1.4414e-03,  5.2596e-04,  1.4537e-04,
         -1.2258e-03, -1.4769e-04,  9.5874e-04, -7.3600e-04, -1.6567e-05,
         -1.5686e-03, -8.2820e-01, -2.3600e-03, -5.8133e-05,  1.1911e-03,
          1.3152e-03, -6.7273e-04, -1.2602e-03, -1.9720e-04, -2.9617e-04,
         -2.9074e-04,  2.2304e-04, -8.8762e-05,  1.4677e-03, -6.6526e-04,
          8.7062e-04, -4.4650e-04, -1.3699e-03,  6.6059e-05, -4.9646e-04,
          4.3500e-04,  2.5369e-04,  1.7845e-03, -2.1290e-04,  1.2838e-03,
          5.1007e-04,  9.3702e-05,  4.0764e-04, -1.1222e-03,  2.4670e-05,
         -2.2411e-03,  9.5371e-04,  1.4961e-03, -1.8351e-04, -1.1762e-03,
         -3.7881e-05, -1.6875e-03, -9.9850e-04,  2.7672e-04, -7.4465e-04,
          2.4885e-04, -7.3283e-04,  1.6048e-03, -4.9514e-04]], device='cuda:0'))])
end of epoch 2: val_loss 0.010610781333982721, val_acc 1.0
trigger times: 1
end of epoch 3: val_loss 0.010826767540027298, val_acc 0.995
trigger times: 2
end of epoch 4: val_loss 0.008662971732175001, val_acc 0.995
trigger times: 0
saving model weights...
Weights: OrderedDict([('fcs.0.weight', tensor([[ 8.5286e-04,  2.0081e-03, -6.2753e-04],
        [ 3.7530e-04, -4.1194e-05,  1.0845e-04],
        [ 1.9670e-03,  3.0565e-04,  3.7230e-04],
        [ 1.3594e-04, -1.0660e-03,  1.0847e-03],
        [ 6.7371e-04, -1.1408e-03, -6.7065e-04],
        [ 1.2136e-03,  3.8358e-03,  2.5892e-04],
        [-4.1518e-04,  1.1331e-03,  3.6053e-04],
        [-1.7512e-03,  1.7691e-03,  1.3340e-03],
        [-1.6011e-03, -9.0316e-04, -1.4966e-03],
        [-2.7308e-03, -6.4396e-04,  1.0896e-03],
        [-1.7603e-03, -1.9076e-03, -4.6904e-04],
        [ 1.1303e-03,  5.5764e-04,  2.2618e-03],
        [-2.2645e-03, -1.2149e-03,  2.4997e-04],
        [ 1.1696e-03, -1.3537e-03, -1.6265e-03],
        [ 2.5191e-04,  1.8197e-03,  1.1401e-03],
        [ 1.0053e-04, -3.1659e-04, -7.3621e-04],
        [-5.3023e-04,  3.2912e-05,  3.5928e-04],
        [-1.1927e-03,  8.8492e-04, -3.7400e-04],
        [ 1.1544e-03,  7.5642e-05,  1.9687e-03],
        [-3.9135e-04, -1.9428e-03,  5.0106e-04],
        [ 3.7987e-04,  8.9943e-04,  1.4133e-03],
        [-1.7245e-03, -1.7221e-03,  8.1059e-04],
        [ 5.4198e-04,  1.3176e-05, -6.8126e-04],
        [ 2.3019e-03,  3.8592e-04,  8.8849e-04],
        [-1.6007e-03, -8.9174e-04,  2.0008e-03],
        [-6.0463e-04,  1.7523e-03, -1.1568e-03],
        [ 5.4298e-04,  1.2343e-03,  7.7176e-04],
        [ 7.2555e-04, -3.0149e-04, -2.6582e-03],
        [ 1.1078e-04,  8.3855e-05,  1.1247e-03],
        [-6.2904e-04,  6.1989e-04, -8.9253e-04],
        [ 1.9509e-03, -1.4829e-03,  1.7948e-03],
        [ 2.5000e-03,  6.0127e-04,  5.0012e-04],
        [ 1.6303e-04, -1.3726e-03,  2.4256e-03],
        [ 1.4826e-03,  2.5941e-04,  5.9574e-04],
        [ 6.5159e-05,  9.5810e-04, -3.7765e-04],
        [-6.1270e-05, -2.3535e-03, -8.5939e-04],
        [-5.3387e-04, -6.1525e-04,  1.3259e-03],
        [ 7.1237e-04, -6.9493e-04, -5.6812e-04],
        [ 9.1142e-04,  1.6430e-03,  1.6635e-04],
        [ 4.8505e-01, -2.1034e-02,  5.3089e-01],
        [-2.2441e-04, -3.3657e-04,  9.1546e-04],
        [-1.9691e-03, -5.0607e-04, -3.7509e-04],
        [-1.3443e-04, -9.4842e-04, -1.1100e-05],
        [-2.4825e-03, -7.0524e-04, -9.3624e-04],
        [ 4.8970e-04,  2.9526e-04,  4.0716e-04],
        [-9.8201e-04, -9.4518e-04,  2.0685e-03],
        [-1.0090e-03, -1.0987e-03,  6.4751e-04],
        [ 2.1433e-03, -1.2195e-03, -7.3773e-05],
        [ 1.0381e-03, -7.3292e-04,  1.9137e-03],
        [-4.5788e-04,  1.8384e-04,  8.0301e-04],
        [ 2.6312e-04,  1.1964e-03,  1.1362e-03],
        [-1.5360e-03, -8.0718e-05,  1.7578e-03],
        [ 8.2419e-04, -4.8404e-04,  6.6938e-05],
        [ 4.6527e-04,  7.4453e-04, -8.2714e-04],
        [ 1.3333e-03, -6.3021e-04,  3.8312e-04],
        [ 2.5394e-03, -8.1650e-04,  1.1820e-03],
        [ 3.1118e-03, -1.0533e-03, -1.2344e-03],
        [ 1.9290e-03, -1.9994e-04, -8.0349e-04],
        [-6.5695e-04,  2.5056e-04, -1.6317e-03],
        [ 8.2281e-04, -1.3200e-03, -1.6646e-03],
        [-3.8352e-04,  5.5104e-06,  2.5286e-03],
        [ 7.2006e-04, -1.5625e-03,  3.4335e-04],
        [ 7.1833e-04,  6.8891e-04,  6.9634e-04],
        [ 1.1582e-03,  3.8561e-04, -1.2544e-03]], device='cuda:0')), ('fcs.0.bias', tensor([-1.5245e-04,  1.4211e-03, -5.6204e-04, -3.2769e-03, -6.9301e-05,
        -6.4029e-05,  4.4012e-04,  5.7648e-04, -1.4481e-03, -2.2237e-03,
        -7.9409e-04,  1.3325e-03,  1.2473e-04, -8.6110e-04, -1.6242e-04,
         1.8568e-03,  6.1045e-04,  8.2159e-04, -7.6728e-04,  1.9481e-04,
        -4.7194e-04, -1.9366e-03, -8.5267e-04, -1.1043e-03,  1.9492e-03,
         7.2683e-04, -4.6633e-04,  1.2282e-03,  2.3901e-03,  1.0569e-03,
         6.2125e-04, -2.8642e-05, -6.4167e-04, -7.4837e-04, -3.5142e-04,
         2.7927e-04,  3.2580e-03, -5.4542e-04,  1.2243e-05,  1.7852e-04,
         1.1132e-03,  1.8469e-03,  8.6155e-04, -9.2061e-04, -1.4284e-03,
         2.7571e-04,  8.8706e-04,  1.3619e-03,  1.3953e-03,  1.3808e-03,
        -9.6205e-04, -1.5006e-03, -4.2883e-04, -2.0107e-04, -5.2633e-04,
         4.3202e-04,  3.2253e-03, -2.5105e-03,  1.0702e-03,  1.7966e-04,
        -7.9883e-05,  1.8921e-03,  1.7337e-03, -2.6827e-03], device='cuda:0')), ('fcs.1.weight', tensor([[-4.9852e-04,  1.7851e-03, -8.9351e-04,  ...,  1.3114e-03,
         -1.3042e-03,  4.9568e-04],
        [-4.2993e-03,  1.8241e-03,  1.3045e-03,  ...,  8.0730e-05,
         -6.3141e-05,  1.5298e-03],
        [ 1.3043e-03,  8.9333e-04,  1.9606e-03,  ..., -1.9631e-03,
         -2.1803e-03, -2.4105e-05],
        ...,
        [ 2.4952e-03, -1.9626e-03, -6.5451e-04,  ..., -6.7311e-04,
         -1.3137e-03,  9.0992e-04],
        [-1.6397e-03, -1.9597e-03,  4.6173e-04,  ..., -5.5260e-04,
          2.5909e-03, -2.1802e-03],
        [-1.3022e-03,  2.1800e-03, -2.1802e-03,  ...,  1.3109e-03,
          8.9276e-04,  6.7195e-04]], device='cuda:0')), ('fcs.1.bias', tensor([ 2.1389e-03, -1.8466e-03, -7.9310e-04, -1.3866e-03, -1.3744e-03,
         2.0991e-04,  1.3907e-03, -5.2558e-04,  2.2326e-03,  1.2947e-03,
         8.5665e-05, -3.3148e-03,  3.2313e-04,  5.0290e-04,  7.3458e-04,
         5.9213e-04, -2.1804e-03, -1.0237e-03, -1.3112e-03,  2.4980e-03,
         1.2745e-03, -2.9966e-03, -1.2214e-03, -1.6472e-03,  6.4357e-04,
        -4.8553e-04,  2.1658e-03, -1.2951e-03, -5.5078e-04, -1.8289e-03,
         9.7999e-04,  6.4035e-04, -4.9629e-04,  1.0669e-03,  2.3205e-03,
         6.8052e-04, -1.7022e-03,  1.0219e-03, -6.3299e-04,  1.8298e-03,
        -1.2634e-03,  8.7226e-05,  7.0628e-04,  6.0668e-05,  6.8626e-04,
         3.3350e-04,  1.3147e-04,  1.2781e-03, -1.6736e-03, -6.7225e-04,
         1.1894e-03,  9.6569e-04, -1.4108e-03, -4.0903e-04,  5.0008e-04,
        -1.1960e-03,  1.3429e-03, -4.5713e-04, -2.1984e-03,  1.8995e-03,
        -2.5041e-03,  4.1088e-04,  6.7707e-04,  4.7807e-04], device='cuda:0')), ('fcs.2.weight', tensor([[-1.1089e-03, -1.4471e-03,  9.8481e-04,  1.0199e-03,  2.8232e-04,
          6.9489e-04, -6.4495e-04, -1.4148e-03,  6.8088e-04, -7.6266e-04,
         -7.9761e-04,  2.1484e-03,  1.6895e-03,  3.2464e-04, -1.1092e-03,
         -1.5197e-03, -3.3244e-04, -4.0397e-04, -5.9700e-04,  7.8073e-04,
         -1.4176e-04, -8.2545e-01,  1.5971e-04, -5.2715e-04, -3.0533e-04,
          3.7786e-04, -2.8373e-03, -1.1750e-03,  1.7101e-03,  1.3847e-05,
         -2.9577e-04,  1.7019e-03,  2.9975e-04, -1.1215e-03, -1.6573e-03,
         -1.2759e-03,  1.9815e-04,  1.3217e-03,  1.1076e-03,  1.1393e-03,
         -7.9056e-04,  1.9209e-03,  8.9443e-05,  8.4932e-04, -1.3910e-03,
          1.1272e-03,  1.1277e-03,  1.5459e-03, -1.4906e-03,  2.9901e-04,
          8.6482e-04,  6.5818e-04, -2.3998e-04,  1.6838e-03,  1.2248e-03,
         -7.2004e-04,  1.0584e-03, -4.6602e-05,  1.5594e-03,  1.2706e-03,
          1.3116e-04,  1.3998e-03,  1.0866e-03, -1.2071e-03]], device='cuda:0'))])
end of epoch 5: val_loss 0.010584773143051009, val_acc 0.995
trigger times: 1
end of epoch 6: val_loss 0.008079644387621947, val_acc 0.995
trigger times: 0
saving model weights...
Weights: OrderedDict([('fcs.0.weight', tensor([[-1.0047e-03,  8.8184e-05,  2.4425e-03],
        [-3.8724e-04,  1.1831e-03, -1.0917e-03],
        [ 5.8951e-04,  8.7108e-04,  2.1113e-03],
        [ 8.2824e-04, -1.4205e-03, -1.3141e-03],
        [ 1.1143e-03, -7.5730e-04, -8.2755e-04],
        [-2.2178e-03,  2.2466e-03,  1.2779e-03],
        [ 8.4089e-04, -1.6201e-03, -6.1149e-04],
        [-8.7717e-04,  2.5098e-03, -2.4028e-03],
        [ 1.7550e-03,  2.3547e-03,  9.4460e-04],
        [-3.4142e-04, -9.5921e-04,  7.4471e-04],
        [-4.8534e-04,  4.8249e-05,  3.2518e-04],
        [-1.1339e-04, -9.4087e-04, -8.4197e-05],
        [ 9.0791e-04,  1.4109e-05,  3.7199e-04],
        [-2.1977e-04,  1.7964e-03,  1.7728e-03],
        [ 7.7288e-04,  2.8291e-03, -1.3223e-03],
        [ 2.8503e-04, -1.4035e-03,  2.1060e-03],
        [ 1.2556e-03,  4.4749e-04, -3.8069e-03],
        [-1.5797e-03, -1.8124e-03,  4.0556e-04],
        [ 1.6660e-03, -1.9905e-04,  2.1259e-03],
        [ 8.7230e-04,  8.0865e-04,  3.4783e-03],
        [ 8.9037e-04,  2.3746e-03,  1.0583e-03],
        [ 1.8912e-04,  1.2485e-03, -8.8482e-04],
        [-3.5829e-03, -2.0640e-03,  1.2280e-03],
        [-9.0503e-04, -5.0576e-04,  1.5419e-04],
        [-2.2335e-03,  1.8776e-03, -1.2596e-03],
        [ 1.5211e-04, -1.0675e-03, -2.2059e-05],
        [-2.5379e-03,  5.9869e-04, -1.0984e-03],
        [ 1.3581e-03,  8.4158e-04, -1.9043e-03],
        [ 1.3886e-03,  1.7004e-03, -1.7675e-03],
        [ 5.7242e-04,  1.4355e-03,  8.9283e-04],
        [-6.1526e-04, -4.9416e-04,  8.7479e-04],
        [ 8.9802e-04, -2.2323e-03, -1.8828e-03],
        [-1.9629e-04,  8.3864e-04, -2.5749e-03],
        [-6.8805e-05,  1.1049e-03,  1.9370e-03],
        [-3.9802e-05,  3.6333e-03,  1.1230e-03],
        [-1.9362e-04,  4.7039e-04,  9.4537e-04],
        [-8.8080e-04, -8.4847e-04,  3.9298e-04],
        [-2.2286e-03, -1.6389e-03, -9.7037e-04],
        [-7.3297e-05,  6.4217e-04,  3.3431e-04],
        [ 5.2066e-01, -5.1173e-02,  5.0475e-01],
        [-4.2090e-04,  8.5819e-04,  5.6222e-04],
        [-1.7000e-03, -1.2127e-05,  1.7213e-03],
        [-1.7029e-04,  1.1077e-03, -9.3372e-04],
        [-1.5462e-03,  2.6193e-05, -7.0657e-04],
        [ 1.2445e-03,  2.1683e-03, -2.2596e-03],
        [ 1.3804e-03,  7.2503e-04,  6.4160e-04],
        [ 9.5346e-04, -1.1081e-04, -1.0951e-03],
        [-2.5596e-03,  1.0210e-03, -4.3796e-04],
        [-4.0449e-04, -2.9019e-03, -5.7003e-04],
        [-3.5449e-04, -6.7318e-04,  1.1316e-03],
        [-8.1019e-05, -7.6483e-04,  2.3446e-03],
        [-1.3295e-03, -1.8662e-04,  4.6352e-04],
        [-8.9228e-04, -2.0208e-05, -3.2435e-04],
        [ 1.3885e-03, -1.8386e-03,  4.8075e-04],
        [ 8.5903e-04, -8.8001e-04,  1.7226e-03],
        [-1.3871e-03, -4.7911e-04,  3.4751e-04],
        [ 9.4705e-04,  1.7129e-03,  1.5885e-03],
        [-1.5930e-03,  4.9450e-04, -6.9642e-04],
        [ 6.4614e-04,  1.3052e-04, -7.2311e-04],
        [ 6.4262e-04, -1.1858e-03,  8.2823e-04],
        [-3.4770e-04, -1.2802e-03, -9.4759e-04],
        [-9.7172e-04,  1.1718e-03, -1.7820e-03],
        [ 1.1204e-04, -6.1944e-04,  7.2414e-04],
        [-2.6670e-04, -1.3156e-03, -2.4747e-03]], device='cuda:0')), ('fcs.0.bias', tensor([ 1.1644e-04,  1.5619e-04, -2.4181e-03, -7.6661e-04, -1.8830e-03,
        -9.5905e-04,  1.6679e-04,  1.0295e-03, -3.7549e-05,  1.8796e-04,
         1.3119e-03,  2.3509e-03,  2.9497e-05,  1.3848e-03, -1.7450e-03,
         1.5348e-03, -1.6058e-03, -2.7269e-03, -2.5080e-03,  1.9502e-03,
        -5.2614e-04,  4.2897e-03,  1.6653e-04,  7.5498e-04, -6.9026e-04,
         2.0053e-03, -3.2944e-03,  1.2847e-03,  3.2694e-03,  1.3976e-03,
         2.5179e-03,  6.6170e-04, -9.2154e-04, -1.8997e-03, -3.8708e-03,
        -3.0296e-03, -1.4713e-03, -2.8827e-03, -1.8387e-03,  4.0228e-02,
        -3.5103e-04,  1.4390e-04, -9.4126e-04,  8.7470e-04,  1.9850e-03,
        -9.1905e-04, -3.8113e-05,  7.2758e-04,  5.5007e-04, -1.0577e-03,
         2.0321e-04, -1.5895e-03,  1.2699e-03,  1.0726e-03, -6.0605e-04,
        -8.2129e-04,  9.1537e-06,  5.6489e-04,  9.4651e-04, -1.1391e-03,
        -2.4453e-04,  5.2458e-04,  1.3960e-03,  1.2473e-03], device='cuda:0')), ('fcs.1.weight', tensor([[-5.0076e-04,  1.7878e-03, -8.9360e-04,  ...,  1.3119e-03,
         -1.3048e-03,  4.9788e-04],
        [-4.3159e-03,  1.8289e-03,  1.3034e-03,  ...,  8.3875e-05,
          1.6954e-04, -2.2135e-04],
        [ 1.3016e-03,  8.9688e-04,  1.9632e-03,  ..., -1.9625e-03,
         -2.1811e-03, -2.6263e-04],
        ...,
        [ 2.4956e-03, -1.9617e-03, -6.5327e-04,  ..., -6.7490e-04,
         -1.3112e-03,  9.1123e-04],
        [-1.6406e-03, -1.9617e-03,  4.5985e-04,  ..., -5.5204e-04,
          2.5905e-03, -2.1790e-03],
        [-1.3000e-03,  2.1766e-03, -2.1830e-03,  ...,  1.3095e-03,
          8.9402e-04,  6.7554e-04]], device='cuda:0')), ('fcs.1.bias', tensor([ 1.1479e-03, -2.4360e-03,  1.2153e-03, -1.1794e-03, -1.6407e-03,
         3.3324e-03,  1.2389e-03, -6.9295e-04,  2.1918e-03,  4.1726e-03,
        -8.3112e-04, -2.7106e-03, -1.6841e-03, -1.9609e-03,  7.1018e-04,
        -2.1870e-03, -7.7028e-04, -3.8127e-04,  8.4527e-04,  2.2022e-03,
        -4.7992e-03,  2.0890e-03,  1.5678e-03, -1.9757e-03,  2.1465e-03,
        -1.2819e-03, -7.6331e-04,  1.3086e-03,  7.7093e-04,  1.8898e-04,
        -1.9219e-03,  8.8731e-04,  2.3401e-03,  2.0021e-03, -2.1817e-03,
         1.3164e-03,  1.1825e-03, -1.1506e-03, -5.3122e-04,  6.0292e-04,
         7.2588e-04, -1.9403e-03, -1.7699e-03,  1.9061e-06, -1.8869e-03,
        -1.1483e-03,  9.6140e-04,  5.2529e-04, -3.3316e-03,  5.1116e-05,
         2.1839e-03, -3.5900e-04,  1.0805e-03, -2.6345e-04, -7.8219e-04,
         1.2657e-03, -1.2842e-03,  1.9099e-03,  2.1266e-04, -1.6530e-03,
        -1.3050e-03,  1.0176e-03, -2.2965e-04, -1.9618e-03], device='cuda:0')), ('fcs.2.weight', tensor([[ 1.0078e-03, -1.8622e-03,  7.2046e-04,  5.3564e-04,  1.1321e-03,
          2.6092e-03,  5.8231e-04, -1.8880e-03,  5.3309e-04, -1.7563e-03,
         -2.3239e-03, -1.1304e-04,  1.3116e-03, -4.4333e-04,  7.7736e-04,
         -2.3940e-03, -1.5227e-03, -9.8868e-04, -9.0972e-04,  2.0227e-03,
          3.1380e-03, -8.3667e-01,  1.0341e-03,  6.7358e-04,  4.0599e-04,
          1.5742e-03,  3.6928e-04, -2.0149e-03, -5.0914e-04,  8.7985e-04,
          1.4686e-03,  1.3312e-03,  1.6622e-03, -2.3175e-03,  4.8142e-04,
          3.9603e-04,  1.0307e-03,  1.3094e-05,  2.0715e-03,  1.3791e-04,
          6.4533e-04, -1.4161e-04, -2.4302e-03, -6.9287e-04, -1.6453e-03,
          3.8220e-03,  1.5657e-03, -2.1936e-03,  5.7573e-04,  1.9446e-03,
         -9.1392e-04, -1.4201e-03,  5.7759e-05, -9.5262e-04,  1.3263e-04,
         -3.6879e-04,  1.8165e-05, -4.5475e-04,  7.7305e-04,  5.8922e-04,
         -2.3891e-04,  6.8360e-04, -7.8134e-04, -1.3014e-03]], device='cuda:0'))])
end of epoch 7: val_loss 0.008667162967383533, val_acc 0.995
trigger times: 1
end of epoch 8: val_loss 0.011119667606466094, val_acc 1.0
trigger times: 2
end of epoch 9: val_loss 0.010807443006098651, val_acc 0.995
trigger times: 3
end of epoch 10: val_loss 0.014077896294276505, val_acc 1.0
trigger times: 4
end of epoch 11: val_loss 0.007570763690963886, val_acc 0.995
trigger times: 0
saving model weights...
Weights: OrderedDict([('fcs.0.weight', tensor([[-4.0540e-03,  1.2634e-03, -2.2677e-03],
        [-9.7324e-04,  1.6683e-03,  2.5329e-04],
        [-3.5043e-03,  5.6953e-04, -4.1197e-04],
        [-2.9261e-04, -3.4976e-04,  1.3035e-04],
        [ 2.5800e-04,  1.1214e-04,  1.7763e-04],
        [ 2.8519e-03,  3.2909e-04, -4.1132e-03],
        [-2.1033e-03, -1.9622e-04, -1.1844e-03],
        [-9.4935e-04,  1.4739e-03,  2.5648e-04],
        [ 8.3977e-04, -1.6921e-03,  4.4137e-04],
        [-1.8901e-04, -1.4824e-03,  1.4713e-03],
        [-2.0219e-03,  1.0297e-03,  1.8902e-03],
        [-1.5573e-03, -7.8211e-04, -9.2312e-04],
        [-1.6913e-03, -9.0881e-05, -1.9679e-03],
        [-1.2657e-03, -1.5875e-03,  1.1999e-04],
        [-1.1592e-03,  3.6109e-04,  5.7296e-04],
        [ 9.6997e-05, -2.8630e-04,  3.5176e-04],
        [ 2.8696e-04,  1.5342e-04,  8.2079e-04],
        [-1.7214e-03, -4.1617e-04,  9.5592e-04],
        [ 1.5824e-03, -1.3126e-03, -5.9861e-04],
        [ 1.5119e-03, -1.8271e-04, -4.5977e-04],
        [-3.8772e-04,  2.0517e-03, -6.2449e-04],
        [ 8.7637e-04, -4.7042e-04, -2.0792e-04],
        [-1.6556e-03, -1.2815e-03, -7.8256e-04],
        [ 1.3708e-03, -3.7618e-04,  3.5068e-04],
        [ 1.6125e-03,  3.7727e-04,  1.1719e-03],
        [ 1.1897e-03,  1.1306e-03, -4.7523e-04],
        [-3.4277e-04,  9.9366e-04, -6.5249e-04],
        [-2.1843e-04,  3.0033e-03, -2.5549e-03],
        [ 5.9044e-04,  1.8324e-03, -1.3506e-05],
        [ 3.2059e-04,  8.1600e-04, -1.8036e-03],
        [-1.5619e-03,  3.9352e-04,  9.0139e-04],
        [ 4.6575e-04, -1.3692e-03, -9.3136e-04],
        [ 2.4908e-03, -8.1514e-04,  1.1682e-03],
        [-2.2954e-03,  2.9729e-05, -2.4900e-03],
        [-1.7183e-04, -1.4885e-03,  2.1254e-03],
        [-4.6889e-04,  1.7945e-03,  1.1079e-03],
        [-2.4125e-03,  1.6956e-04,  7.9488e-04],
        [ 8.3853e-05,  1.3213e-03, -6.8632e-04],
        [-1.8149e-03, -9.6361e-04,  2.5992e-04],
        [ 5.4841e-01, -7.6783e-02,  4.9463e-01],
        [ 1.1795e-03, -8.4634e-04, -2.1769e-04],
        [-1.2016e-03,  5.2744e-05, -5.9714e-05],
        [ 7.9572e-05, -3.0890e-03, -7.3080e-04],
        [-2.0492e-03, -8.4126e-04, -3.6029e-04],
        [-8.5633e-04,  8.9572e-04,  1.3119e-03],
        [-3.8557e-04, -2.1082e-03,  3.0469e-04],
        [ 2.0140e-04, -7.8630e-04, -3.6423e-04],
        [-4.6144e-04, -5.8574e-04,  6.9796e-04],
        [ 2.8845e-04,  2.1649e-03, -1.4867e-03],
        [ 1.5513e-03,  1.1021e-03, -9.5708e-04],
        [-3.2003e-04,  7.0937e-04, -1.1141e-03],
        [-1.1368e-04, -2.9599e-04, -1.3859e-03],
        [-1.2372e-03,  5.4385e-04, -5.8993e-04],
        [ 9.4060e-04, -1.8925e-03, -3.1961e-04],
        [ 6.4422e-05, -1.9470e-03, -5.7454e-04],
        [-2.9895e-03, -7.4990e-04, -1.5582e-03],
        [ 4.9142e-04, -8.3055e-04, -1.4755e-05],
        [ 1.7187e-04, -1.8898e-03, -5.7277e-04],
        [-2.9410e-04,  8.8442e-04, -1.1516e-04],
        [ 1.2155e-03, -9.6866e-04, -3.6318e-04],
        [ 3.3207e-03, -1.4944e-03, -1.3376e-03],
        [-1.5930e-03,  1.0718e-03,  5.5592e-04],
        [-1.3557e-03, -1.7146e-03,  1.4948e-03],
        [ 1.1699e-03,  2.6854e-03,  1.6954e-03]], device='cuda:0')), ('fcs.0.bias', tensor([-5.7755e-04, -5.2859e-05, -5.4423e-05, -3.1839e-03, -7.6993e-04,
        -4.4801e-04,  1.5694e-04, -8.7793e-04, -1.2170e-03, -1.6570e-04,
         3.7411e-04, -6.3881e-04, -7.1953e-04, -4.2751e-04, -2.2952e-03,
        -6.7367e-04, -1.0589e-03,  1.7405e-04,  1.4598e-03,  1.3547e-03,
        -2.8522e-03, -3.2894e-04, -1.0031e-03, -3.8041e-04, -2.2281e-03,
         2.0164e-04, -3.7800e-04, -1.5329e-03, -3.6558e-04,  5.1764e-04,
        -1.9015e-03, -2.3694e-04,  1.8042e-03, -6.2306e-04, -2.1960e-03,
        -1.1343e-03,  1.9801e-03, -5.9050e-05,  1.3049e-03,  4.0036e-02,
        -1.2913e-04, -6.2845e-04,  2.0265e-05,  2.8768e-04, -1.8725e-03,
        -1.5895e-03, -2.0502e-03,  6.6720e-04,  1.9332e-03, -1.3398e-03,
        -1.4903e-04,  1.4872e-03, -1.2924e-03, -1.8668e-03,  7.1730e-04,
        -1.5647e-03,  9.2777e-04, -1.6939e-03, -2.9212e-03,  5.3151e-05,
        -1.1596e-04,  2.6720e-03, -2.0917e-03,  7.4089e-04], device='cuda:0')), ('fcs.1.weight', tensor([[-5.0130e-04,  1.7854e-03, -8.9344e-04,  ...,  1.3122e-03,
         -1.3041e-03,  4.9728e-04],
        [-4.3153e-03,  1.8292e-03,  1.3085e-03,  ...,  8.0910e-05,
          6.7204e-04, -1.1266e-03],
        [ 1.3055e-03,  8.9517e-04,  1.9569e-03,  ..., -1.9611e-03,
         -2.1849e-03, -1.5355e-03],
        ...,
        [ 2.4994e-03, -1.9612e-03, -6.5505e-04,  ..., -6.7269e-04,
         -1.3124e-03,  9.0959e-04],
        [-1.6447e-03, -1.9617e-03,  4.6502e-04,  ..., -5.5325e-04,
          2.5937e-03, -2.1849e-03],
        [-1.3070e-03,  2.1814e-03, -2.1820e-03,  ...,  1.3150e-03,
          8.9404e-04,  6.7363e-04]], device='cuda:0')), ('fcs.1.bias', tensor([-8.4015e-04, -2.4775e-03, -1.2003e-03, -1.2041e-03, -1.3141e-03,
         1.2363e-04, -7.6563e-04,  2.1840e-03,  6.7275e-04,  5.2011e-04,
        -1.9646e-03, -9.9359e-04, -1.7541e-03, -2.1549e-05,  8.8245e-06,
         2.3931e-03, -2.0626e-03,  1.3385e-03,  1.9845e-04, -6.4649e-04,
         1.3186e-03,  5.4055e-02, -1.3177e-03,  1.1714e-03,  1.3806e-03,
        -9.2176e-04,  8.9911e-04,  8.9564e-04,  1.3319e-03, -2.1736e-03,
        -7.5191e-04, -1.4036e-03, -3.6214e-04, -2.0784e-03, -7.0516e-04,
         9.9028e-04,  1.9782e-03, -1.9838e-03,  1.1241e-03, -1.9745e-03,
        -2.5967e-03, -7.3166e-04,  1.3862e-03,  1.2029e-03,  1.8595e-03,
         8.5073e-04, -1.9455e-03, -3.7405e-04, -1.7694e-04, -1.0427e-03,
         2.1818e-03, -8.0275e-05,  8.5752e-04,  1.3338e-03, -1.2306e-03,
        -2.4295e-03,  4.9638e-04,  1.6967e-05, -1.9313e-03, -1.7094e-03,
        -9.7682e-04,  9.7708e-04,  1.7420e-05,  9.2189e-04], device='cuda:0')), ('fcs.2.weight', tensor([[ 1.9691e-03,  2.4744e-03, -2.0108e-03,  3.7032e-04, -7.1022e-05,
          1.4034e-03,  5.4970e-04, -8.7112e-04,  7.5712e-04, -1.9763e-03,
         -7.8463e-05, -1.6072e-04,  6.2485e-04, -3.7088e-04,  4.9485e-04,
          5.1176e-04, -9.3811e-04,  2.5228e-04,  8.3669e-04,  9.8000e-04,
          7.1251e-04, -8.6235e-01,  9.8214e-04,  1.4032e-03,  2.6530e-03,
          2.2801e-04,  2.3466e-03, -6.3639e-05,  8.2646e-04, -1.4931e-03,
         -5.8734e-04, -2.0191e-03, -2.3194e-04,  3.0117e-04, -1.0083e-05,
          2.1841e-03, -2.7766e-03,  5.7579e-04, -1.3011e-03, -1.0892e-03,
         -3.8048e-03, -8.3214e-04, -4.2400e-04, -7.7142e-04, -6.1402e-04,
         -1.0102e-03,  1.6510e-04,  7.3175e-04,  1.4483e-03, -1.8292e-03,
         -6.8087e-04, -4.9358e-04, -1.3045e-03, -1.6541e-03,  2.4726e-04,
          2.0848e-03, -1.5887e-03,  2.3522e-03,  1.7089e-03,  7.6583e-04,
          1.5912e-03,  6.6766e-04,  5.4032e-04,  8.4632e-04]], device='cuda:0'))])
end of epoch 12: val_loss 0.011187806285872846, val_acc 0.995
trigger times: 1
end of epoch 13: val_loss 0.010143183428814418, val_acc 0.995
trigger times: 2
end of epoch 14: val_loss 0.007967136501972404, val_acc 0.995
trigger times: 3
end of epoch 15: val_loss 0.011323546258457747, val_acc 1.0
trigger times: 4
end of epoch 16: val_loss 0.005943193963317661, val_acc 1.0
trigger times: 0
saving model weights...
Weights: OrderedDict([('fcs.0.weight', tensor([[-1.8600e-03,  3.0909e-05, -8.1259e-04],
        [ 2.7725e-04, -3.9948e-04,  1.6836e-03],
        [-5.6237e-04, -6.4065e-04,  8.3524e-04],
        [ 3.3250e-04,  1.6470e-03,  1.4837e-03],
        [ 8.5825e-04, -4.0224e-05, -1.5331e-03],
        [-1.4100e-03,  6.3609e-04,  3.8108e-04],
        [-1.2813e-04, -2.1645e-03,  1.4312e-03],
        [ 1.4844e-03,  9.0552e-04, -5.3212e-04],
        [ 5.2848e-04, -7.7992e-04,  4.0017e-04],
        [ 1.7150e-03, -8.0292e-04,  8.5002e-04],
        [-2.7187e-04, -1.8330e-03,  1.9246e-04],
        [-1.7140e-03, -8.1111e-04,  6.5176e-05],
        [-5.6508e-05, -8.4322e-04, -1.0309e-03],
        [-7.5742e-04,  5.9856e-04,  3.7109e-04],
        [ 3.3500e-03, -4.9866e-04,  1.2888e-03],
        [ 1.4423e-03, -5.3278e-04, -1.7740e-04],
        [-1.5051e-03,  1.5115e-03, -8.4442e-04],
        [ 6.7855e-04, -1.1728e-04,  2.1389e-03],
        [ 2.2055e-03,  3.9625e-04, -1.9829e-03],
        [-4.5991e-04,  2.4518e-03,  1.3080e-03],
        [ 4.7827e-04,  1.2109e-03,  1.3118e-03],
        [ 1.1650e-03,  1.5903e-03, -8.7145e-04],
        [ 3.6890e-04,  3.1329e-04,  7.3761e-04],
        [-9.8778e-04,  1.8433e-04,  8.3395e-04],
        [-9.5424e-04,  1.1055e-03,  8.2176e-04],
        [-2.1836e-04, -1.5330e-03,  1.1950e-03],
        [ 1.6990e-04, -3.0319e-04,  3.5839e-04],
        [-2.2170e-03,  1.2286e-03, -3.6641e-05],
        [-7.4980e-04,  9.7018e-04,  1.0355e-04],
        [-1.3842e-03, -1.3226e-03, -1.5618e-03],
        [ 6.6003e-04,  2.8548e-03,  1.0251e-04],
        [ 1.0965e-03, -9.5432e-04, -1.6102e-04],
        [ 6.4772e-04,  1.5309e-03, -1.4440e-03],
        [-1.0813e-04,  6.8747e-04,  1.1232e-04],
        [-1.0257e-03, -5.5614e-04, -1.2456e-03],
        [-5.5522e-04,  1.1498e-03, -2.3068e-03],
        [ 1.9250e-03,  1.2664e-03,  1.1038e-03],
        [-4.7407e-04,  1.0072e-04, -2.0369e-03],
        [-1.7009e-03,  1.4730e-04,  1.0162e-03],
        [ 4.5972e-01, -3.6926e-02,  6.3804e-01],
        [-9.0899e-04,  3.2195e-03, -9.8173e-04],
        [-4.6617e-04, -1.3731e-04, -1.6023e-04],
        [-5.6128e-04,  1.6923e-03, -2.0275e-03],
        [ 2.5433e-03,  7.9979e-04, -1.3152e-03],
        [ 1.5992e-03, -6.7178e-05,  1.3479e-03],
        [-6.4758e-04,  9.4326e-06,  4.3121e-04],
        [-3.7251e-04,  9.0845e-04, -6.4223e-04],
        [-4.3279e-04,  9.4825e-04,  1.1809e-03],
        [-1.1145e-04, -1.2381e-04,  1.7804e-03],
        [ 3.7962e-04,  4.9482e-04,  7.8061e-04],
        [ 1.4665e-03,  1.4643e-03, -7.8499e-04],
        [-1.7400e-03,  2.4172e-03,  7.9001e-05],
        [-1.8736e-03, -6.1698e-05, -1.1798e-03],
        [ 2.2345e-04, -9.0585e-04, -1.6533e-03],
        [-9.8494e-04,  2.2039e-04, -5.6795e-04],
        [-8.6054e-04, -9.6079e-04, -6.2619e-04],
        [ 2.2467e-03, -4.9100e-04,  3.1727e-04],
        [ 8.8573e-04, -9.6695e-05, -7.9284e-04],
        [ 5.0472e-04,  8.8369e-04, -1.0036e-03],
        [ 7.4586e-04,  1.0562e-04, -5.8051e-04],
        [-7.4119e-04, -1.2311e-03, -1.0463e-03],
        [-2.0410e-03,  1.5857e-03, -2.4460e-03],
        [ 8.5723e-04, -1.0009e-03,  5.4864e-04],
        [ 4.7608e-04,  3.2763e-04, -1.2307e-03]], device='cuda:0')), ('fcs.0.bias', tensor([-4.6100e-04, -1.2980e-05, -3.9569e-04, -2.8391e-03, -1.0462e-03,
        -2.0328e-03,  1.4823e-03, -8.0156e-04,  1.2352e-03, -2.2319e-04,
        -2.3561e-03, -1.6900e-03, -3.3024e-03,  9.9096e-04,  9.8096e-04,
        -1.0237e-03, -2.2675e-04, -8.8420e-04, -2.1239e-04,  1.6907e-03,
         1.5180e-03,  1.2488e-03, -9.5868e-04,  6.7583e-04, -8.3423e-05,
        -1.3836e-03, -6.4110e-04, -1.3200e-03, -4.8014e-04,  1.0032e-04,
        -3.1583e-03,  1.4985e-03, -7.9392e-04,  9.9207e-04, -9.4994e-04,
        -1.1777e-03,  1.2925e-03,  4.5404e-03, -7.2139e-04,  3.6123e-02,
         2.2343e-03, -1.1786e-03, -1.6775e-03, -6.6603e-04, -5.1120e-04,
         2.4524e-03,  2.1259e-03,  1.4698e-03,  6.0977e-04,  9.0702e-04,
        -3.9010e-03, -5.2897e-04, -1.0344e-03, -1.0084e-03, -1.7699e-03,
         3.4686e-03,  1.2972e-03,  4.5609e-04,  4.1506e-04,  4.7505e-04,
        -6.7786e-04,  2.3428e-03, -1.5667e-03,  1.8309e-03], device='cuda:0')), ('fcs.1.weight', tensor([[-4.9873e-04,  1.7864e-03, -8.9400e-04,  ...,  1.3116e-03,
         -1.3046e-03,  4.9755e-04],
        [-4.3187e-03,  1.8284e-03,  1.3051e-03,  ...,  8.0905e-05,
          6.7353e-04,  6.2415e-04],
        [ 1.3049e-03,  8.9388e-04,  1.9617e-03,  ..., -1.9617e-03,
         -2.1792e-03,  1.0524e-03],
        ...,
        [ 2.4953e-03, -1.9651e-03, -6.5798e-04,  ..., -6.8137e-04,
         -1.3111e-03,  9.1038e-04],
        [-1.6362e-03, -1.9580e-03,  4.6341e-04,  ..., -5.4690e-04,
          2.5918e-03, -2.1774e-03],
        [-1.3058e-03,  2.1802e-03, -2.1808e-03,  ...,  1.3107e-03,
          8.9270e-04,  6.7296e-04]], device='cuda:0')), ('fcs.1.bias', tensor([ 1.3008e-03,  5.6282e-04,  5.3501e-04,  1.3165e-03,  3.4105e-04,
        -5.3081e-04,  2.1983e-03, -1.0812e-03,  1.2941e-03, -1.3744e-03,
        -2.0368e-03,  6.7714e-04, -1.9820e-03,  6.7311e-04, -1.3157e-03,
         6.2693e-04,  4.9382e-04,  1.9865e-03,  9.5542e-04,  8.9503e-04,
         6.6775e-04,  1.4993e-02, -2.1618e-03,  1.5189e-03, -9.6225e-05,
         9.6506e-04,  7.6515e-04,  7.1976e-04, -6.6371e-04,  9.9923e-04,
        -1.3085e-03,  1.5306e-03, -8.8683e-04,  1.2833e-03, -9.5572e-04,
         8.1638e-04,  1.1393e-03, -2.1001e-03,  1.3088e-03, -5.4878e-04,
        -2.2082e-03, -8.6708e-04, -5.6312e-04, -2.1806e-03, -2.2086e-03,
         7.6448e-04, -1.0285e-03,  1.2962e-03,  3.1505e-03, -2.0014e-03,
         7.7131e-04,  1.8895e-03,  6.7211e-04,  2.2052e-03,  1.9996e-03,
        -1.6308e-03, -6.9480e-04,  3.5414e-04,  8.8260e-04,  6.4498e-04,
         1.3406e-03,  7.6725e-04,  3.3642e-03,  8.9298e-04], device='cuda:0')), ('fcs.2.weight', tensor([[ 8.0262e-04, -8.8653e-04, -9.3120e-04,  5.1351e-04,  1.0491e-03,
          2.1355e-03,  2.2973e-03,  1.0816e-03, -2.1141e-05,  5.9412e-06,
         -1.1784e-03,  1.4536e-03,  6.3830e-04,  1.5716e-03, -1.0016e-03,
          3.3389e-04, -1.7924e-03,  7.5163e-04, -8.7093e-04,  3.7418e-04,
          7.8413e-04, -8.8233e-01,  1.5142e-03,  2.3273e-03,  4.3828e-04,
          8.1477e-04, -1.2687e-03, -1.6950e-03,  1.2000e-03, -1.6639e-03,
         -8.6160e-04, -3.4361e-04, -1.2552e-03, -9.3980e-04,  1.1107e-04,
          4.4736e-03,  8.7618e-05,  7.8503e-04,  5.5853e-04, -8.3398e-04,
         -5.5923e-04, -1.0691e-03, -2.8331e-03, -8.4158e-04, -9.6386e-04,
         -1.8329e-03,  2.3899e-04,  2.6272e-03, -9.6773e-04,  1.0982e-05,
          5.3005e-04,  6.7968e-04, -4.7581e-04, -6.6943e-04, -1.1510e-03,
          2.3323e-03, -1.5608e-03, -1.8208e-04, -9.6690e-04,  6.4767e-04,
          1.5098e-03, -2.4187e-03,  1.9259e-03,  1.3333e-03]], device='cuda:0'))])
end of epoch 17: val_loss 0.00848714014820569, val_acc 0.995
trigger times: 1
end of epoch 18: val_loss 0.004766822471866732, val_acc 1.0
trigger times: 0
saving model weights...
Weights: OrderedDict([('fcs.0.weight', tensor([[-1.2269e-03,  5.3763e-04,  5.6443e-04],
        [-1.9544e-03, -4.0258e-04,  2.0393e-03],
        [-7.3905e-04, -2.0441e-03, -1.1350e-03],
        [-5.6073e-04, -8.0563e-04,  9.5276e-04],
        [-1.6476e-03, -4.4696e-04, -2.2735e-04],
        [ 9.0087e-04, -1.4692e-03, -1.3028e-04],
        [-1.6740e-03,  2.5756e-04, -7.3858e-04],
        [-6.7954e-05, -1.1190e-03, -9.1491e-04],
        [-3.6899e-04,  4.7714e-04, -1.5402e-03],
        [ 1.9250e-03, -5.1757e-04,  6.9035e-04],
        [ 1.0499e-04,  3.4518e-04, -7.5636e-04],
        [ 1.7750e-03, -1.3057e-03, -8.1240e-04],
        [-4.2804e-04,  1.3195e-03, -2.5323e-03],
        [ 1.7796e-03,  7.4855e-04, -2.0151e-04],
        [-1.8294e-03, -6.2901e-04,  1.6283e-04],
        [-8.2682e-04,  2.0290e-04,  7.0507e-04],
        [ 8.4110e-04, -2.8089e-04, -3.2764e-04],
        [-3.6139e-03,  4.7851e-04,  1.4557e-03],
        [ 1.1320e-03, -7.9160e-04,  1.5965e-05],
        [ 1.7336e-03,  1.8372e-03, -1.2342e-03],
        [ 6.3313e-04, -9.6037e-04, -1.0277e-03],
        [ 2.6607e-03, -1.4645e-03, -7.4737e-05],
        [ 4.2090e-05, -2.3654e-03,  3.4717e-05],
        [-6.1941e-04, -2.0369e-03, -5.9488e-04],
        [ 1.1861e-03,  8.2235e-04, -4.6286e-04],
        [ 6.7372e-04, -8.0366e-04,  6.8307e-04],
        [-7.7052e-04, -3.2118e-03,  4.5279e-04],
        [ 3.1036e-03, -2.9135e-04, -1.3669e-03],
        [-3.9283e-05,  6.5122e-04,  1.3927e-03],
        [-1.1720e-03,  3.2391e-05,  2.2483e-03],
        [-1.1094e-04, -4.5796e-04, -1.1613e-03],
        [ 1.4887e-03,  6.4440e-04,  4.9432e-04],
        [ 9.7819e-04, -4.2459e-04,  2.5297e-04],
        [ 3.7226e-04,  6.7364e-04,  1.2784e-03],
        [ 6.9506e-04, -1.7071e-03, -1.7882e-03],
        [ 7.2201e-04, -2.1232e-03, -1.3465e-03],
        [-5.1626e-04,  1.2500e-04,  1.6685e-03],
        [ 4.7100e-04, -1.3165e-03,  1.9898e-03],
        [ 2.6810e-04,  1.7173e-03,  1.1971e-03],
        [ 4.1195e-01, -1.8752e-02,  7.1609e-01],
        [-2.5493e-03, -1.7367e-03, -2.8590e-05],
        [-9.3574e-04, -1.4792e-03,  4.5706e-04],
        [ 8.9965e-05, -3.6752e-03, -9.4368e-04],
        [ 2.8087e-04,  5.3633e-05,  9.1176e-04],
        [-2.4610e-03,  1.1803e-03,  5.9174e-04],
        [-2.7101e-04, -1.3391e-03, -2.4131e-03],
        [-3.0979e-04, -1.4367e-04, -5.6039e-04],
        [-1.5095e-04, -1.0870e-05, -8.3190e-04],
        [ 6.1375e-04,  3.6724e-04, -6.9395e-05],
        [-3.0894e-04,  1.2226e-03, -6.3028e-05],
        [ 1.4951e-03,  9.0720e-04,  2.5358e-05],
        [-1.8005e-03, -3.4487e-04, -3.5587e-04],
        [ 1.2267e-03,  4.3663e-05,  9.5293e-04],
        [ 2.4976e-03, -1.0438e-03, -2.2681e-04],
        [ 1.9430e-03, -1.7939e-03, -1.2798e-04],
        [ 1.8547e-03,  1.5288e-03, -1.0441e-03],
        [-1.0636e-03, -9.9804e-04, -9.7697e-04],
        [-1.7534e-03,  4.9301e-04, -2.0517e-03],
        [-4.4162e-04,  3.0665e-03, -2.0364e-03],
        [ 2.1140e-03, -1.6236e-03, -2.6167e-03],
        [ 6.9258e-04, -8.9289e-04, -8.9514e-04],
        [-1.6482e-03,  2.1943e-03, -1.9263e-03],
        [ 8.4031e-04,  1.3377e-03, -6.6985e-04],
        [ 6.1341e-04, -1.3363e-03,  1.6394e-03]], device='cuda:0')), ('fcs.0.bias', tensor([-1.8763e-03, -8.8019e-04,  4.7645e-04,  1.9077e-03,  2.1281e-03,
         1.2191e-03, -1.4998e-03, -1.7778e-03, -5.9727e-06, -5.6452e-04,
         1.6675e-03, -2.1043e-03, -5.0767e-04, -7.5941e-04, -9.8110e-04,
         3.3407e-05,  3.7902e-05, -7.5749e-05,  9.5982e-04, -2.2409e-04,
        -2.9070e-03, -5.7692e-04, -1.7579e-03,  4.1126e-03,  2.6652e-04,
        -8.3449e-04,  4.6796e-04,  2.3559e-03, -2.6608e-03,  1.3608e-03,
        -3.6871e-04,  1.4886e-03, -6.3156e-04,  1.4248e-04,  6.9847e-04,
         2.5896e-03, -1.3637e-04, -1.7369e-04, -6.5584e-04,  1.3892e-01,
         8.3233e-04, -7.1488e-04,  7.5381e-04,  2.1328e-03,  3.0367e-04,
         1.8739e-03, -1.3819e-03, -8.3263e-04,  5.0101e-04,  5.7544e-04,
        -1.4479e-04,  8.8938e-04,  9.5512e-04, -1.2275e-03, -8.1096e-04,
        -2.2677e-03,  8.9187e-04,  4.3574e-04,  3.3906e-04, -1.8685e-03,
        -2.3572e-04, -1.5434e-03, -1.8719e-03,  2.5049e-05], device='cuda:0')), ('fcs.1.weight', tensor([[-4.9715e-04,  1.7874e-03, -8.9396e-04,  ...,  1.3111e-03,
         -1.3041e-03,  5.0088e-04],
        [-4.3094e-03,  1.8478e-03,  1.3048e-03,  ...,  8.5651e-05,
          6.7506e-04,  7.1204e-04],
        [ 1.3034e-03,  8.9306e-04,  1.9611e-03,  ..., -1.9619e-03,
         -2.1790e-03,  1.1292e-03],
        ...,
        [ 2.4955e-03, -1.9643e-03, -6.5884e-04,  ..., -6.7477e-04,
         -1.3137e-03,  9.1117e-04],
        [-1.6396e-03, -1.9617e-03,  4.6178e-04,  ..., -5.5155e-04,
          2.5893e-03, -2.1807e-03],
        [-1.3063e-03,  2.1788e-03, -2.1831e-03,  ...,  1.3113e-03,
          8.9148e-04,  6.7483e-04]], device='cuda:0')), ('fcs.1.bias', tensor([ 2.1445e-04, -4.5169e-03,  1.1797e-03, -8.4968e-04,  3.9993e-04,
         2.9629e-03, -1.8934e-03, -2.9973e-03,  1.4685e-03, -2.4846e-03,
         1.7018e-03,  9.8573e-04,  6.5036e-04,  1.1998e-03,  5.9103e-04,
         7.6425e-04,  2.3906e-03, -1.9255e-03,  5.0079e-04,  8.8684e-04,
         1.5618e-03,  1.1839e-02,  2.1105e-03, -1.8680e-03, -3.1580e-05,
        -4.8003e-03,  7.1411e-04,  6.0898e-04, -6.4668e-04, -2.6311e-04,
         2.2227e-03, -6.8213e-04,  4.8309e-04,  1.3168e-03,  1.4616e-03,
        -1.8060e-03,  1.5810e-03, -1.1697e-03, -5.6956e-04,  1.3323e-03,
         1.2518e-03, -5.5267e-04, -1.8544e-03,  2.4043e-04, -2.4772e-04,
        -2.3403e-03, -1.3847e-03, -3.0997e-03,  8.6010e-04, -2.1877e-03,
         2.3879e-04, -1.0483e-03,  6.7100e-04, -1.6106e-03,  1.2587e-04,
         1.9612e-03, -2.6500e-03, -3.7447e-04,  6.9648e-04, -9.4651e-04,
         6.2949e-04, -1.5437e-03,  1.4271e-03,  1.4622e-03], device='cuda:0')), ('fcs.2.weight', tensor([[-1.1002e-03, -2.5950e-05, -6.1849e-04, -9.0476e-04, -1.1167e-03,
          1.1001e-03,  8.6959e-04, -2.4736e-03,  1.1157e-03, -8.8743e-04,
          1.7544e-03, -1.7032e-03, -8.6986e-04, -1.1799e-03,  1.0244e-03,
         -5.8648e-04, -9.4560e-04, -6.5454e-04,  3.4628e-04,  2.4891e-05,
         -2.1642e-04, -9.2365e-01, -7.8454e-04,  5.5430e-04, -5.3784e-04,
          1.5041e-03,  4.1523e-04, -1.3958e-03, -1.4931e-03,  1.8464e-04,
         -8.8828e-04,  2.3867e-03,  1.3375e-03,  2.5055e-04, -4.9041e-04,
         -5.3495e-05,  2.5476e-03, -1.4759e-04,  3.7784e-03, -1.4988e-03,
          4.6577e-04,  3.6222e-04, -1.5513e-03, -1.6473e-03, -2.0457e-04,
          7.9186e-04, -5.6448e-04,  1.4360e-03,  2.0783e-03,  2.8248e-04,
          1.5058e-03, -1.3040e-03, -3.0309e-04, -1.2660e-03,  2.2140e-04,
         -1.4384e-03, -1.4290e-03, -3.7229e-04,  1.2552e-03,  4.7643e-04,
          1.7443e-04, -6.7948e-04, -4.5580e-04, -2.2420e-03]], device='cuda:0'))])
end of epoch 19: val_loss 0.011108825550083133, val_acc 0.995
trigger times: 1
end of epoch 20: val_loss 0.01297316859996478, val_acc 0.995
trigger times: 2
end of epoch 21: val_loss 0.010416310311020282, val_acc 0.995
trigger times: 3
end of epoch 22: val_loss 0.0059232414518562496, val_acc 1.0
trigger times: 4
end of epoch 23: val_loss 0.0073932400031957715, val_acc 0.995
trigger times: 5
end of epoch 24: val_loss 0.011140411481158985, val_acc 0.995
trigger times: 6
end of epoch 25: val_loss 0.008188656689897727, val_acc 1.0
trigger times: 7
end of epoch 26: val_loss 0.00758671112402979, val_acc 1.0
trigger times: 8
end of epoch 27: val_loss 0.007692376302280906, val_acc 1.0
trigger times: 9
end of epoch 28: val_loss 0.011864495047827113, val_acc 0.995
trigger times: 10
Early stopping.
0 -44.54658454656601 -191.10004520678868
1 -44.26501576602459 -189.05007017278314
2 -45.05878409743309 -187.50220085194994
3 -41.39060862362385 -180.24009179391223
4 -39.21227586269379 -171.9613792356186
5 -38.00395728647709 -169.3817016847894
6 -37.92216540873051 -167.87631268052303
7 -43.04349382221699 -164.27567046290412
8 -41.665084823966026 -163.76742236654098
9 -33.61629329621792 -156.0786895876365
10 -36.721894435584545 -155.22804551507866
11 -36.29346066713333 -145.29002069283715
12 -36.70621570944786 -142.86657280197298
13 -29.335838600993156 -142.75441848091938
14 -30.445144645869732 -136.98962801176134
15 -34.9710258692503 -132.4813576990395
16 -27.898075729608536 -130.98347157271724
17 -33.130923092365265 -118.2436222554584
18 -24.197048792615533 -117.38411415155902
19 -32.691188648343086 -116.97382686219106
20 -26.04613523185253 -115.06704102317899
21 -21.214704487472773 -112.47832645551227
22 -28.942271426320076 -103.24187681049156
23 -19.91334150917828 -99.7422752992134
24 -15.687008305452764 -98.18526661663928
25 -18.99625914916396 -88.94674758091466
26 -15.491409244015813 -85.88346861832474
27 -12.607725996524096 -79.38307722218848
28 -14.158708987757564 -79.25112655387144
29 -22.127827057498507 -73.50697855948762
30 -19.637015789747238 -72.69803191552006
31 -15.843646508874372 -71.37326168319514
32 -17.301684826612473 -68.27187815304366
33 -16.073519119992852 -65.42298162776466
34 -14.25548599101603 -65.35816021006309
35 -12.642063530161977 -49.3186741604369
36 -25.52364250685787 -17.325441617065966
37 -14.473048769286834 -4.374511275254108
38 -15.601297782035545 -0.4258658969524013
39 -18.57943401276134 9.108146753357724
40 -18.322814597049728 17.732630180500013
41 -10.183654744876549 40.64550156746333
42 -10.664945875061676 41.11774838972275
43 -15.898636320896912 48.64917674484657
44 -11.915034229285084 52.50260039838799
45 -12.500825969153084 52.54502852695255
46 -11.861917658650782 59.52827491841281
47 -11.1665934730554 63.45606316769021
48 -9.865087703743484 66.31570758515764
49 -17.99707247421611 67.13050507695384
50 -7.8030681956443 72.16624272108386
51 -19.033275848487392 79.16074531670823
52 -16.424947081541177 84.19837606184075
53 -16.46516859094845 89.30707154325768
54 -16.50074219808448 90.2698850730257
55 -15.59957048803335 90.28646231697512
56 -10.654903555987403 90.32667007477052
57 -8.360237483982928 91.18021498086692
58 -9.76822924206499 92.38187517969644
59 -16.210570740688127 92.67153902025292
60 -15.96471597623895 93.69474938898811
61 -9.630536607059184 93.86112859581364
62 -15.168296920775902 95.24073532592021
63 -15.213297613729083 95.3630101766082
64 -14.733153107750695 96.09581961281374
65 -13.402444398612715 97.90553231413178
66 -14.420349871506914 98.07644230926206
67 -14.017936884367373 98.35872828331676
68 -15.151783365872689 98.57334710000995
69 -14.337311593495542 98.77895390936838
70 -14.646848666714504 99.10163703819775
71 -14.185135045205243 99.47183807834362
72 -14.068146834149957 101.36707045382526
73 -13.630037273163907 102.70820969163083
74 -13.970372143667191 103.61971441966246
75 -12.980819947610144 104.00039883786899
76 -12.911779731686693 104.94014608739957
77 -13.735813102102838 105.28448326377394
78 -12.433825405372772 105.60678192821229
79 -11.399552899471018 106.95774051225432
80 -12.767568749724887 107.03525723063939
81 -12.09165235189721 107.05410485829283
82 -10.905025040730834 107.36477417456501
83 -11.115644184115808 107.72369032284489
84 -13.057285515184049 107.78006757763964
85 -12.62461089505814 107.99397435655325
86 -11.771653871750459 108.08910889221833
87 -12.568190565274563 108.09776529440465
88 -11.214155243127607 108.24033506535473
89 -11.331353051471524 109.15712102315346
90 -11.695886474568397 109.71287331230647
91 -11.494525072281249 110.25063890779474
92 -11.352536832680926 110.45880856467717
93 -10.627043867832981 110.48639228144049
94 -11.057249777484685 111.92877271779909
95 -11.206336109957192 112.29467419620224
96 -10.855911438935436 112.73910566375015
97 -10.695791299338453 112.98274531176438
98 -10.37478874460794 113.84616479719523
99 -8.72007249831222 114.84612239587612
100 -10.960703522432595 115.08707834021696
101 -8.979802897083573 115.41025719446112
102 -9.425190257956274 115.5646624637931
103 -9.175495780596975 115.87882502857741
104 -10.319325288408436 116.51927592390606
105 -10.609233552182559 116.69939038222442
106 -9.392589068622328 117.18809854794453
107 -9.54606520559173 117.29357601720739
108 -8.787369253404904 117.43241923864416
109 -9.608261210145429 119.84073495876005
110 -8.026219178456813 122.74776106687673
111 -8.242763152287807 124.10172315382671
112 -7.276913172681816 124.42382576156477
113 -8.010287790908478 124.48179570258212
114 -7.981656796298921 125.2590893824027
115 -7.755960035952739 125.30457667780085
116 -7.771913407836109 125.43458549438884
117 -5.939936849579681 129.13346806288703
118 -6.037139401421882 129.67718524437547
119 -5.145059591974132 131.40806576766226
train accuracy: 0.995
validation accuracy: 0.995
