demo lengths 200
demos: (120, 200, 13)
demo_rewards: (120,)
[-191.10004521 -189.05007017 -187.50220085 -180.24009179 -171.96137924
 -169.38170168 -167.87631268 -164.27567046 -163.76742237 -156.07868959
 -155.22804552 -145.29002069 -142.8665728  -142.75441848 -136.98962801
 -132.4813577  -130.98347157 -118.24362226 -117.38411415 -116.97382686
 -115.06704102 -112.47832646 -103.24187681  -99.7422753   -98.18526662
  -88.94674758  -85.88346862  -79.38307722  -79.25112655  -73.50697856
  -72.69803192  -71.37326168  -68.27187815  -65.42298163  -65.35816021
  -49.31867416  -17.32544162   -4.37451128   -0.4258659     9.10814675
   17.73263018   40.64550157   41.11774839   48.64917674   52.5026004
   52.54502853   59.52827492   63.45606317   66.31570759   67.13050508
   72.16624272   79.16074532   84.19837606   89.30707154   90.26988507
   90.28646232   90.32667007   91.18021498   92.38187518   92.67153902
   93.69474939   93.8611286    95.24073533   95.36301018   96.09581961
   97.90553231   98.07644231   98.35872828   98.5733471    98.77895391
   99.10163704   99.47183808  101.36707045  102.70820969  103.61971442
  104.00039884  104.94014609  105.28448326  105.60678193  106.95774051
  107.03525723  107.05410486  107.36477417  107.72369032  107.78006758
  107.99397436  108.08910889  108.09776529  108.24033507  109.15712102
  109.71287331  110.25063891  110.45880856  110.48639228  111.92877272
  112.2946742   112.73910566  112.98274531  113.8461648   114.8461224
  115.08707834  115.41025719  115.56466246  115.87882503  116.51927592
  116.69939038  117.18809855  117.29357602  117.43241924  119.84073496
  122.74776107  124.10172315  124.42382576  124.4817957   125.25908938
  125.30457668  125.43458549  129.13346806  129.67718524  131.40806577]
maximum traj length 200
num training_obs 1800
num training_labels 1800
num val_obs 200
num val_labels 200
ModuleList(
  (0): Linear(in_features=13, out_features=256, bias=True)
  (1): Linear(in_features=256, out_features=128, bias=True)
  (2): Linear(in_features=128, out_features=1, bias=False)
)
Total number of parameters: 36608
Number of trainable paramters: 36608
device: cuda:0
end of epoch 0: val_loss 3.83831298828125, val_acc 0.99
trigger times: 0
saving model weights...
Weights: OrderedDict([('fcs.0.weight', tensor([[-1.1407e-04,  4.6435e-05, -6.2537e-04,  ..., -4.7888e-04,
          1.1980e-03, -3.2312e-05],
        [-5.6021e-05,  2.7566e-04, -9.6340e-06,  ...,  4.5038e-04,
          6.8675e-04, -7.6836e-04],
        [ 4.3459e-01, -1.3487e-01,  2.3648e-01,  ..., -1.5359e-01,
         -1.3235e-01, -1.6587e-02],
        ...,
        [-2.2091e-01, -5.9829e-05, -3.8986e-02,  ..., -7.6369e-02,
          2.8332e-04,  4.7945e-04],
        [-2.1735e-01, -4.6601e-02, -1.9018e-04,  ..., -1.9004e-04,
         -1.6792e-04, -6.7199e-04],
        [-1.5841e-01, -2.4834e-02,  7.4063e-05,  ...,  1.6876e-04,
          8.7776e-05,  6.6891e-04]], device='cuda:0')), ('fcs.0.bias', tensor([ 2.0078e-04,  1.4630e-04,  7.8481e-02,  2.3698e-01, -3.1454e-04,
        -2.4146e-01,  3.0488e-05, -4.9760e-02,  1.7374e-01,  3.7736e-05,
         1.6804e-04, -2.7154e-01,  8.6260e-04, -1.0479e-04,  2.4418e-03,
         5.0746e-04,  8.8296e-02, -1.3602e-03,  4.5187e-05,  6.5641e-05,
        -1.5565e-04,  5.1844e-05, -4.1642e-02, -2.3370e-01,  3.3519e-01,
        -3.5536e-02,  1.7126e-04,  3.2082e-01, -2.1889e-04, -1.8963e-04,
         5.8862e-04, -3.0311e-04,  5.8918e-02, -2.3053e-01, -2.8169e-01,
         1.0850e-03, -3.0272e-01, -4.6180e-03, -2.8525e-01, -2.6364e-01,
        -2.4336e-02,  5.0365e-03, -5.1259e-05,  3.4483e-01, -3.0253e-05,
         2.1060e-01, -1.4977e-04, -3.6616e-02,  3.5886e-04, -5.3886e-02,
        -2.2579e-01,  1.1759e-04, -8.6551e-05, -6.1753e-04,  1.1848e-04,
         2.1820e-03, -1.7283e-01,  2.0616e-01, -1.3489e-01,  3.3616e-04,
         1.8487e-01, -2.1587e-04, -1.1254e-03,  2.8337e-06,  5.4798e-01,
         6.5677e-02, -5.3332e-04, -3.9098e-04,  5.1775e-02,  2.7164e-05,
         1.1326e-04, -3.6222e-04, -4.4690e-03,  1.7650e-04,  6.0925e-02,
        -3.6630e-01,  9.6443e-04, -8.9625e-02,  1.5145e-04,  6.5847e-04,
        -2.1619e-01,  5.9981e-04,  3.5079e-01,  1.1593e-01,  2.3820e-01,
         6.9614e-04,  5.3205e-05,  7.1137e-04, -5.7854e-04,  1.5963e-03,
         2.0142e-01,  3.6943e-01,  4.2288e-05, -1.2808e-01, -2.0386e-04,
        -1.5439e-05, -5.2957e-04,  4.7164e-04,  5.7734e-05, -1.4913e-03,
         5.2916e-01,  2.6469e-04, -1.6512e-04, -1.5394e-04,  3.8796e-01,
        -4.4786e-03,  5.7168e-04, -2.9418e-04, -2.8529e-01,  1.0882e-04,
        -3.3734e-04, -2.4134e-05, -7.5212e-04,  5.6156e-04, -7.2946e-02,
        -9.8693e-04,  2.4301e-04,  2.7596e-04, -6.0358e-05, -3.1106e-04,
         9.7886e-05, -1.7349e-01,  3.4178e-04, -6.2895e-05, -1.7336e-05,
         4.6858e-05,  8.9438e-04,  7.4480e-04, -1.6928e-02, -2.1650e-01,
         6.1489e-04,  1.1434e-02, -3.2017e-04,  1.6990e-04, -3.0945e-04,
         1.1986e-01,  3.2388e-01,  7.4274e-02,  1.8790e-04, -2.6493e-02,
        -1.2412e-04, -2.0520e-01, -1.2348e-01,  1.4051e-01, -5.8069e-02,
         2.9721e-01, -1.7754e-02,  3.4110e-01, -1.3789e-01,  2.6160e-01,
         3.4697e-04, -2.8275e-01,  3.8168e-05,  8.7445e-04, -1.3847e-03,
         1.5866e-01,  8.1528e-04,  2.9326e-01, -3.1264e-04, -2.1004e-01,
         8.0363e-05, -2.4704e-03, -2.3332e-04, -3.1835e-01,  7.8341e-02,
        -8.0382e-05,  2.2339e-04,  2.5283e-02,  1.6266e-01, -2.8831e-01,
         1.4337e-01,  5.0038e-06, -3.5101e-04, -2.8548e-01,  2.3257e-04,
         1.6775e-04, -2.4489e-04, -3.4554e-02,  2.8493e-04,  3.5000e-04,
        -5.9131e-04, -1.4959e-01,  3.3831e-01,  1.1372e-05, -4.8617e-02,
        -2.5360e-01, -1.0850e-02, -9.7983e-02,  1.4547e-02,  2.9890e-02,
        -2.8482e-01, -1.6493e-01,  4.1552e-04, -2.7980e-01, -1.0713e-02,
        -4.1291e-04,  1.9572e-01,  1.1064e-03, -5.9995e-04,  3.7850e-01,
        -2.9464e-01, -5.6574e-02, -2.1265e-01, -9.0132e-04,  1.5667e-03,
         3.7236e-04,  2.8017e-03, -1.3555e-01, -1.2221e-04,  4.7854e-01,
        -1.4429e-04,  3.1245e-01, -2.1810e-03, -1.1319e-04, -4.2899e-04,
        -2.1060e-03,  1.0310e-03,  7.2552e-03, -3.0345e-01,  2.4383e-04,
         1.3266e-01, -1.0406e-04, -3.1309e-02,  5.2841e-04, -2.1085e-01,
         1.6190e-04, -3.6982e-04,  1.2069e-02, -1.3875e-04, -2.0274e-01,
        -5.3524e-05,  3.8318e-01, -4.1086e-02, -7.0898e-04, -2.4573e-01,
        -3.2418e-02, -1.9107e-01,  1.3843e-03,  1.1053e-01, -7.3082e-04,
        -4.7394e-04, -5.2767e-04,  1.6936e-05,  3.6546e-02, -2.2821e-04,
        -3.4047e-04,  1.9970e-06, -3.2527e-01, -6.8241e-02, -2.9936e-01,
        -1.2577e-05, -9.3670e-02, -1.6139e-01, -2.2107e-01, -2.1446e-01,
        -1.6976e-01], device='cuda:0')), ('fcs.1.weight', tensor([[ 7.0179e-04, -5.1619e-04, -4.4203e-05,  ..., -9.0917e-04,
         -1.7454e-04, -9.0910e-04],
        [-1.7752e-03, -1.4145e-03,  6.3875e-04,  ..., -4.6344e-05,
          7.1669e-04, -6.8716e-04],
        [-1.2674e-03, -1.1350e-03,  9.5102e-02,  ..., -7.9207e-05,
          6.8889e-04, -4.3877e-04],
        ...,
        [-1.5261e-03,  9.6730e-04,  2.0273e-01,  ..., -6.0900e-04,
         -4.6285e-03, -2.0827e-03],
        [-1.0912e-03,  1.6575e-03,  2.9534e-01,  ..., -2.8795e-04,
          3.5665e-04,  1.6672e-04],
        [ 8.9345e-04,  6.5070e-04,  1.8433e-04,  ...,  1.4410e-04,
          1.9741e-03,  1.5927e-03]], device='cuda:0')), ('fcs.1.bias', tensor([ 2.8902e-04,  5.2105e-06,  1.7871e-01,  1.3936e-04, -3.9095e-03,
        -1.1769e-03, -2.6197e-01,  1.8290e-01,  2.4195e-06,  2.1501e-04,
        -5.0964e-04, -4.3015e-06, -8.6095e-05, -4.3138e-03,  1.1029e-01,
        -4.0533e-04, -1.3383e-04, -1.4359e-04, -1.6498e-04,  2.0271e-01,
         1.6592e-04,  1.3563e-04, -2.2099e-05, -1.6569e-04, -1.0637e-05,
        -4.5989e-01, -8.9576e-05, -5.0871e-05,  2.1419e-04, -9.1747e-04,
         8.1855e-05, -1.1424e-04,  1.4103e-01,  9.2726e-03, -3.1550e-04,
        -1.3900e-04, -6.5797e-05,  2.9212e-03, -9.0897e-04, -2.4971e-04,
        -3.2456e-02,  3.1418e-05,  3.3861e-02,  3.5674e-04, -2.6011e-04,
         1.2591e-03, -1.6693e-04,  1.6483e-03,  6.3942e-05, -2.1412e-01,
         3.1011e-01, -1.8392e-04,  3.7198e-04,  4.4391e-02, -1.9144e-02,
         3.5332e-04, -3.1348e-04,  3.2015e-04,  1.0739e-03,  5.4235e-02,
        -5.3932e-03,  1.5199e-03, -6.3403e-05,  3.1448e-01,  5.8685e-04,
         2.2900e-05,  1.0592e-04,  3.1207e-04,  3.2157e-03,  1.1182e-04,
        -9.8743e-06,  1.7563e-04, -9.5173e-05, -2.7063e-04, -1.2796e-01,
         7.4407e-05, -7.2217e-05, -1.1321e-03,  2.8888e-04, -2.4465e-04,
        -3.7501e-04,  1.3679e-03, -5.0460e-06, -2.9834e-01, -3.4777e-04,
         3.7886e-06,  9.5580e-04,  6.5113e-04, -1.1663e-04, -9.4982e-06,
         1.8246e-04, -5.3214e-05, -4.3639e-05, -1.5242e-04,  4.9009e-04,
         5.0643e-04, -2.9967e-01,  5.2303e-02,  1.1615e-03,  5.5004e-05,
         1.0060e-03, -4.0231e-05,  5.4352e-03,  2.8520e-04, -9.1650e-04,
         3.7331e-04, -2.7594e-05, -1.2846e-03, -9.3550e-04,  1.1877e-01,
        -1.3233e-04,  1.6816e-04,  1.0220e-04, -2.1320e-01, -2.7333e-04,
        -9.5083e-05,  3.8172e-04, -9.5223e-05, -1.9939e-04,  3.3603e-03,
        -6.5433e-04,  1.2036e-01,  1.6678e-01,  5.3502e-02,  6.1458e-04,
         2.4669e-04,  6.2274e-02,  8.8222e-05], device='cuda:0')), ('fcs.2.weight', tensor([[ 1.0544e-02,  7.8472e-05,  1.7274e-01,  4.5385e-03,  1.5887e-02,
         -2.8318e-05,  1.4399e-01,  2.0865e-02,  1.6324e-03,  3.3018e-03,
          7.1173e-02, -4.9774e-04, -1.3682e-04,  1.1752e-02,  2.3308e-02,
          4.4607e-03, -6.2242e-03,  3.4956e-04, -3.0293e-02, -1.5339e-01,
         -2.8982e-05, -2.3977e-05,  1.6052e-04,  1.2652e-03, -4.6025e-02,
          5.3579e-01, -1.1602e-04,  1.5148e-04, -2.7322e-02, -1.9904e-04,
          8.2283e-03, -4.8453e-05, -1.3088e-01,  3.4223e-02,  6.4951e-03,
          8.9518e-03,  1.3243e-02, -4.1952e-02,  1.2912e-04,  1.2222e-03,
         -5.7932e-02, -1.3669e-01, -1.2287e-02,  2.2626e-05, -4.1568e-06,
          2.5150e-04,  1.3238e-05,  4.5177e-01, -9.4509e-05,  7.1060e-02,
          8.9171e-01,  2.0397e-01,  1.1637e-01,  9.1026e-02, -1.1139e-02,
          2.2601e-05, -2.8579e-04,  2.8859e-01,  1.3516e-05, -1.2401e-01,
          2.6207e-01,  3.4069e-04,  2.8070e-02,  2.8808e-01,  6.7443e-05,
         -5.5738e-04, -2.8346e-05,  7.1559e-03,  2.2753e-02,  8.2435e-02,
          7.0751e-06, -6.0024e-05, -8.7024e-03,  1.6005e-05, -1.8805e-02,
          1.0655e-04,  4.1705e-03, -2.0439e-05,  1.0529e-04, -1.3055e-01,
          5.8330e-03,  1.0198e-02,  7.1291e-02,  2.2153e-01, -5.7044e-05,
         -4.2030e-04,  4.3370e-05,  1.4266e-01, -5.5381e-03, -3.0686e-04,
          2.3842e-03, -1.3196e-04, -9.1325e-04,  8.4685e-03, -1.5772e-03,
         -4.3071e-06,  7.2059e-01, -5.2833e-02,  2.5184e-04, -8.8142e-02,
          1.8077e-04,  8.5300e-03, -5.0011e-02,  3.8105e-04, -2.5985e-05,
         -1.7735e-04,  1.0446e-02,  2.2921e-04,  2.5153e-05,  1.5475e-01,
         -4.2131e-04,  3.9151e-05, -2.9884e-05,  1.6477e-02, -3.2765e-04,
          1.8102e-03, -1.4632e-01, -2.6033e-04,  8.2690e-03, -1.6639e-02,
          2.5596e-03,  6.4007e-02,  2.1968e-01, -5.7690e-02,  1.7803e-05,
         -5.9307e-02, -1.6873e-01,  3.3135e-03]], device='cuda:0'))])
end of epoch 1: val_loss 1.7881390590446245e-09, val_acc 1.0
trigger times: 0
saving model weights...
Weights: OrderedDict([('fcs.0.weight', tensor([[ 7.8915e-05,  4.2864e-04, -5.9929e-04,  ..., -4.5151e-05,
         -6.7135e-04,  1.3541e-03],
        [ 2.2443e-04, -2.4378e-04,  3.0688e-04,  ...,  3.8386e-04,
          9.9942e-05, -1.9590e-03],
        [-2.3633e-05, -7.8796e-02,  8.0178e-06,  ..., -1.6912e-05,
         -1.6452e-04, -1.9281e-04],
        ...,
        [-1.7633e-05, -2.6297e-05, -1.4224e-04,  ..., -7.8763e-05,
          7.8747e-04,  6.3420e-04],
        [ 3.0172e-05,  5.2925e-05,  3.1066e-05,  ..., -3.7876e-04,
         -7.2643e-04, -1.1217e-03],
        [ 4.6381e-05,  4.3187e-05, -2.6966e-04,  ...,  3.0157e-04,
          1.0432e-03,  6.7424e-04]], device='cuda:0')), ('fcs.0.bias', tensor([-6.4368e-05,  1.0164e-04, -4.5442e-05, -5.8005e-05,  9.2806e-05,
        -2.4065e-04, -1.0162e-05, -8.0755e-05, -3.5234e-05, -3.6879e-04,
        -5.7367e-04, -7.9876e-02, -2.0577e-03,  6.1526e-05, -1.8631e-03,
        -3.1897e-04, -9.9920e-05, -1.0736e-03, -4.6363e-04, -3.9664e-04,
        -1.8465e-04,  2.0243e-04, -9.7343e-05, -7.8437e-02, -3.3105e-06,
         1.2784e-04,  3.1609e-04,  2.1556e-01,  5.4794e-04,  1.4457e-03,
         9.6749e-04, -1.2361e-03,  3.8361e-05, -2.8173e-02, -1.4377e-01,
        -1.0240e-03, -1.9116e-01,  7.8348e-04, -2.2371e-01,  5.3924e-05,
         1.1333e-03, -1.9894e-02, -3.4956e-05,  3.3679e-04, -1.8020e-04,
        -7.5943e-05, -2.9388e-05, -1.8649e-05, -1.9639e-03,  3.1582e-05,
        -1.1319e-01, -8.2009e-05,  3.3402e-04, -5.4868e-04, -5.3090e-05,
         3.5052e-04, -2.3824e-06,  1.2765e-04,  1.1399e-04,  4.6731e-05,
         4.7428e-05, -9.0266e-04,  1.1701e-03,  1.7866e-04, -2.3773e-06,
         1.6398e-03, -3.9679e-04, -2.6341e-04, -1.2312e-05,  3.7672e-04,
         7.6587e-04,  1.2077e-03,  2.0663e-04, -4.2051e-05, -3.8893e-06,
        -2.7075e-01,  1.5333e-03, -1.1069e-04,  8.9842e-04, -1.5735e-03,
        -8.6614e-03, -7.8230e-04,  1.8958e-05,  7.2888e-05, -9.7545e-06,
        -1.3928e-04, -1.1837e-04,  5.7131e-04, -9.9015e-04,  1.0632e-03,
        -6.6246e-05, -8.0097e-05, -2.3982e-04,  1.7837e-04,  3.6008e-04,
         4.9560e-05,  6.9476e-04, -5.3074e-04,  3.8614e-04,  1.6272e-03,
         5.7945e-01,  2.7364e-04, -8.6836e-05,  1.1038e-03, -2.2026e-04,
        -6.1977e-06,  1.1091e-03, -7.2319e-04, -2.3278e-01,  2.2781e-04,
        -4.8525e-04, -4.0892e-04, -1.3812e-03,  1.4275e-03, -1.6286e-04,
         1.3734e-03,  1.8825e-04,  1.1733e-03,  1.7715e-05,  6.5419e-04,
         2.8431e-04, -7.6903e-05, -1.7127e-04,  5.1453e-04, -2.4874e-05,
         8.6197e-04, -7.7483e-04, -4.4803e-04,  2.7828e-05, -3.2046e-04,
         9.9923e-04, -4.6363e-04, -9.0682e-05,  8.2927e-05,  1.5314e-04,
         2.0631e-05, -8.4340e-05, -1.0347e-04,  8.2362e-04, -1.3792e-04,
        -2.5180e-04,  2.7358e-05,  4.5532e-05,  5.4504e-06, -1.4905e-04,
        -7.4671e-05,  2.0173e-05,  4.9618e-03,  5.2186e-05, -5.9743e-05,
         1.6922e-04, -1.8224e-01, -3.0074e-04, -1.5980e-03, -1.8908e-03,
         3.7254e-05,  3.4339e-04, -6.1441e-07, -2.4826e-04, -5.9882e-06,
        -2.9446e-04,  5.9130e-04,  4.5207e-04, -2.0404e-01, -7.0522e-06,
        -1.1152e-03, -9.6910e-05,  1.3375e-05, -7.1300e-06, -1.9716e-01,
         1.1214e-04,  5.0216e-04, -1.6952e-04, -2.3689e-01, -4.7775e-04,
        -2.3947e-04,  1.3835e-04, -1.2893e-05,  1.0567e-03,  3.7752e-04,
         1.8114e-03,  6.7708e-05, -3.6808e-05,  2.2703e-04, -1.2022e-05,
        -4.8118e-05,  6.0894e-04, -1.7477e-05,  1.6541e-04,  3.3080e-04,
        -2.1223e-01,  1.1892e-05,  4.3889e-04, -1.3264e-01, -1.3970e-04,
         2.5905e-04,  8.3978e-06,  1.2186e-03,  6.6265e-04,  1.1991e-04,
         5.2644e-06,  3.8723e-05,  4.0473e-05, -1.6870e-06,  1.8992e-05,
         2.7547e-04, -4.4509e-04,  3.6002e-05, -8.4213e-05,  7.2317e-05,
        -1.6067e-03,  8.0926e-03, -6.4764e-04, -4.5112e-04,  8.2177e-04,
         6.3145e-04,  1.4545e-03, -6.5528e-04,  5.8701e-05, -1.7787e-04,
         5.1451e-05, -3.1314e-04,  3.7720e-04,  7.5346e-04, -7.1752e-05,
        -2.2466e-04,  1.4846e-04,  3.7037e-05, -5.1618e-04,  5.1721e-06,
        -9.8447e-04, -7.6491e-06,  7.3873e-04, -5.9811e-04,  3.5547e-05,
        -1.1097e-01,  2.5662e-05, -2.3835e-03, -9.9629e-05,  4.9843e-05,
        -6.4389e-04, -3.4653e-04, -4.0021e-04, -4.2276e-02, -3.2392e-04,
         1.0204e-04,  1.2739e-05, -5.4581e-05, -4.7529e-05, -1.2102e-01,
         2.2849e-04,  5.5914e-07, -3.9607e-07,  6.3122e-06,  4.1970e-05,
         5.4891e-05], device='cuda:0')), ('fcs.1.weight', tensor([[ 6.7368e-04, -5.4696e-04, -4.4106e-06,  ..., -1.3945e-03,
          6.9375e-04, -9.0975e-04],
        [-1.7854e-03, -1.4145e-03,  6.3214e-04,  ..., -2.3124e-04,
          1.0001e-03, -6.7356e-04],
        [ 1.3003e-03,  2.2709e-04, -5.1618e-05,  ...,  1.1522e-04,
         -2.1752e-04,  3.6131e-04],
        ...,
        [-1.3029e-03,  8.9347e-04, -3.1268e-05,  ..., -8.7942e-04,
          2.3791e-03,  1.1402e-03],
        [-2.1780e-03,  2.2722e-04,  7.7166e-06,  ...,  5.0203e-04,
          1.2481e-04, -9.7121e-04],
        [ 8.9362e-04,  6.5468e-04,  3.3522e-04,  ...,  6.7863e-04,
          2.1465e-03,  1.1303e-03]], device='cuda:0')), ('fcs.1.bias', tensor([ 7.2083e-04, -2.6191e-04, -1.0264e-04, -3.9460e-05, -7.0760e-04,
        -1.2796e-03,  5.3191e-05,  6.4247e-04, -1.0766e-04,  6.6335e-04,
        -1.1325e-03,  6.8544e-05, -1.4773e-04,  1.8392e-04,  1.6692e-04,
        -9.2658e-04, -2.2456e-04,  4.8389e-04, -4.0095e-04, -4.3405e-04,
        -1.0958e-03,  8.6173e-04, -8.0306e-04,  8.0588e-04,  6.0093e-06,
        -1.4788e-01,  1.2278e-03,  3.4521e-04,  2.7192e-04, -1.8110e-03,
         1.8282e-03,  5.0521e-05,  2.1637e-05,  4.2577e-04, -6.1153e-05,
        -5.1363e-04, -7.0924e-04, -1.5855e-04,  1.8060e-03, -6.8562e-04,
        -1.8762e-04, -7.5306e-04,  6.8780e-04,  2.1006e-04, -4.3254e-04,
        -1.8482e-03, -3.4171e-04, -1.3152e-01, -1.3307e-03, -6.5427e-05,
        -1.5979e-02, -2.1431e-05,  6.8539e-04,  3.2136e-04,  2.4810e-04,
         1.2009e-03,  7.3292e-04, -1.8218e-03, -1.5732e-03,  6.2907e-05,
         4.5961e-05, -1.2317e-03,  5.0126e-04, -1.5137e-04,  6.8673e-04,
         3.4065e-04,  1.2939e-03, -6.2750e-04,  3.2871e-04,  2.3224e-04,
        -3.1045e-04,  4.7298e-04,  1.4522e-04, -1.1846e-04, -3.9388e-05,
         2.1857e-04,  1.5700e-03, -2.2899e-03,  7.1789e-04, -2.2822e-05,
        -9.3664e-04,  1.0177e-03,  1.4343e-04,  3.7454e-05,  1.7411e-04,
        -7.0056e-04,  1.2641e-03,  1.1143e-03,  2.2439e-04, -3.0397e-04,
        -3.2584e-04, -6.6798e-06,  4.0818e-04,  2.1571e-04, -4.4788e-04,
         7.6931e-04, -1.3266e-05,  1.4367e-04,  1.5430e-03,  5.4451e-06,
         5.5459e-04,  1.2562e-04,  4.6355e-04, -3.6261e-04,  5.2586e-04,
         1.8411e-04, -4.1631e-04, -2.0564e-03, -1.1641e-03,  3.8382e-04,
         2.9734e-04,  4.7281e-04,  2.4734e-04, -1.2512e-05, -1.1501e-03,
        -1.7154e-05,  2.3053e-05, -2.9443e-04, -2.2187e-04, -8.7705e-05,
        -1.2082e-03,  9.8981e-05, -2.0314e-05,  5.2730e-04,  8.3597e-04,
         6.3159e-04,  1.0287e-05,  1.3093e-04], device='cuda:0')), ('fcs.2.weight', tensor([[-1.4503e-07, -5.0548e-06, -5.2415e-06, -6.3312e-03,  3.9126e-05,
         -1.1263e-04,  1.9502e-05, -6.4976e-06, -1.7402e-05,  2.2669e-05,
          1.7605e-05,  9.5561e-04, -5.6153e-05, -2.8933e-06, -8.5067e-02,
         -1.7712e-04, -7.3236e-06, -1.9715e-04, -4.5440e-05,  2.2240e-07,
         -5.7632e-05,  4.6660e-05, -7.1282e-05, -3.8133e-07,  2.9348e-06,
          4.8107e-01,  2.6956e-04,  2.4074e-05,  3.6712e-05,  6.7058e-05,
          1.9615e-04,  5.7687e-05,  1.2279e-02, -1.4365e-06,  2.2858e-06,
         -2.2901e-04,  3.5077e-04, -5.2263e-06,  4.4866e-05, -1.6281e-04,
         -3.2113e-02, -3.9835e-06, -3.8735e-05,  1.8190e-04, -1.7201e-04,
         -7.2172e-04,  4.5009e-05,  2.7648e-01,  1.7488e-03,  1.2007e-02,
          6.0720e-01, -1.4308e-04, -4.8351e-05,  1.9591e-06, -1.8067e-06,
          1.0642e-05,  3.7897e-04,  5.1122e-05, -2.4939e-04, -2.2394e-06,
          7.3748e-02, -1.2376e-04,  2.6206e-04,  6.3694e-02,  4.8085e-04,
          5.6744e-04,  1.2114e-05, -7.8486e-05, -5.8014e-06,  1.1471e-04,
         -7.0709e-05, -3.5019e-05,  2.3503e-05,  2.5067e-05, -3.7127e-05,
          2.1057e-06, -1.0606e-04,  1.9003e-04,  1.5005e-05, -7.9419e-02,
          9.4385e-06,  1.0915e-06,  9.0242e-06,  1.9012e-01, -6.9371e-05,
          2.6635e-04, -1.2335e-04,  4.3958e-02, -9.7594e-04,  8.0036e-05,
         -6.1460e-05, -2.5331e-04,  1.2366e-04, -1.0534e-04,  9.5988e-05,
         -1.8694e-04,  6.3926e-01, -1.0107e-01, -2.5805e-05, -5.5510e-02,
         -1.1945e-05,  1.4541e-04, -4.8928e-06,  1.2654e-04,  1.4999e-04,
          2.7018e-04,  7.5561e-05,  6.8088e-04, -3.0356e-05,  9.7529e-03,
          6.7401e-04, -1.3626e-04,  1.9216e-04,  3.3651e-06, -2.9422e-04,
         -1.1468e-06,  2.2149e-06, -1.5536e-05,  3.8987e-04,  7.8757e-06,
          4.3709e-04, -2.0532e-07,  1.3235e-01,  4.4938e-07, -1.1042e-04,
          3.7380e-05, -4.0113e-02, -4.4324e-04]], device='cuda:0'))])
end of epoch 2: val_loss 0.0028203382952268186, val_acc 1.0
trigger times: 1
end of epoch 3: val_loss 0.01889215107988445, val_acc 0.995
trigger times: 2
end of epoch 4: val_loss 0.0, val_acc 1.0
trigger times: 0
saving model weights...
Weights: OrderedDict([('fcs.0.weight', tensor([[ 2.0360e-04,  3.4591e-04,  1.1968e-03,  ...,  7.4640e-04,
         -1.8599e-03,  1.2780e-03],
        [ 2.5047e-02, -2.9367e-05, -2.0224e-04,  ...,  2.8380e-04,
          1.1294e-04,  1.9657e-04],
        [-1.8639e-04, -1.2391e-01,  4.5226e-01,  ..., -6.3241e-04,
         -1.4735e-03,  8.5997e-05],
        ...,
        [-2.5229e-05, -1.8274e-01, -1.1569e-04,  ...,  4.2692e-06,
         -7.5124e-05,  3.9759e-04],
        [ 2.4800e-01, -8.4588e-02,  4.1089e-01,  ..., -4.5095e-01,
          1.6424e-04, -1.7270e-01],
        [ 1.1612e-03, -5.3326e-04, -5.7522e-04,  ...,  3.9737e-04,
         -1.2758e-03, -2.0222e-03]], device='cuda:0')), ('fcs.0.bias', tensor([-3.5090e-04,  1.1446e-01, -1.3115e-01, -1.5829e-04, -5.3463e-04,
        -1.0310e-03, -2.8103e-01, -3.8332e-05,  5.8709e-04,  1.0656e-01,
        -4.1695e-01, -2.3198e-04,  1.2259e-01, -3.1657e-01,  4.7655e-05,
        -2.6972e-01, -4.1669e-01, -2.3320e-01,  3.0356e-05,  2.4552e-04,
        -4.5796e-04, -5.3514e-04,  1.0075e-03,  2.6149e-01, -6.7985e-05,
         2.8414e-04, -9.3675e-05,  3.3965e-05, -1.9074e-04,  8.2342e-01,
         9.3354e-01,  2.0702e-04,  1.9077e-01, -2.5656e-01,  1.2978e-04,
        -1.3363e-03, -1.8399e-05, -2.4307e-04,  3.5117e-01,  1.8925e-03,
        -2.7184e-04, -6.6037e-04, -3.0883e-05,  1.6078e-04,  5.7287e-01,
         4.2821e-04, -1.5519e-01, -2.7453e-01, -2.4088e-04, -1.6183e-04,
         2.9418e-04,  7.0069e-05,  1.2500e-01,  5.9102e-06, -1.5557e-01,
         6.9663e-01, -5.3904e-04, -1.4162e-04,  1.6156e-04, -1.0392e-01,
        -3.1853e-05, -4.2487e-03, -1.9293e-01,  5.8388e-02, -5.7968e-04,
        -1.1482e-01,  3.1983e-01, -4.0408e-05,  3.0746e-01, -1.3603e-01,
        -1.6097e-01, -2.4425e-05, -1.0536e-02, -1.0029e-01,  3.7369e-04,
        -3.8848e-05,  1.4847e-01,  9.7580e-05,  2.1395e-01,  8.8518e-06,
        -3.1253e-05, -2.4479e-04, -3.0195e-06, -5.7435e-04, -1.5672e-04,
        -3.1299e-04, -2.2175e-01,  7.9130e-05,  9.1024e-02, -9.5974e-05,
         1.5113e-03,  6.8037e-04, -2.6027e-04, -1.0535e-03,  9.0062e-02,
         4.2963e-01,  8.8843e-02, -4.7237e-05, -3.5590e-01,  1.6639e-01,
        -1.1663e-04,  2.9907e-05,  6.5283e-05, -3.5317e-05,  8.9198e-04,
        -4.8165e-02, -6.1777e-02,  3.5179e-01,  7.6989e-05, -2.5512e-04,
         4.7025e-05,  1.1765e-01, -2.4113e-01, -1.0268e-01,  6.5382e-01,
        -8.6060e-05,  1.7015e-05,  6.7604e-04,  1.1833e-01,  5.2196e-01,
         7.2934e-01, -1.3444e-03,  6.8716e-04,  3.3191e-01, -2.9180e-01,
         4.9069e-04, -8.6066e-02,  5.6903e-01, -2.7823e-01,  6.4933e-01,
         2.4986e-01,  4.9863e-05, -3.8047e-04,  3.2179e-01, -3.3643e-05,
        -8.3146e-04, -2.9576e-01, -3.3602e-04,  1.9722e-04,  5.0308e-04,
        -2.8941e-01, -4.4684e-01,  2.2239e-04, -5.8422e-04,  3.0003e-01,
        -2.7852e-01,  1.4566e-05, -4.2819e-04, -1.5955e-02, -1.2704e-03,
        -3.1462e-01,  1.2810e-01, -2.7025e-01,  1.0990e-05, -2.1622e-01,
        -4.8828e-04,  1.5194e-01,  1.0332e-03, -1.3035e-03, -1.1636e-03,
        -2.4623e-01, -9.1831e-07,  4.8059e-05,  9.3635e-05, -2.2350e-04,
         1.1753e-04,  1.0206e-01, -8.2860e-04,  1.1419e-04, -2.4216e-01,
        -9.3116e-05,  3.0508e-02, -8.3993e-02,  8.5384e-05, -1.6556e-01,
         3.6935e-04,  1.3489e-01, -2.8659e-01,  9.7609e-01,  1.6523e-01,
         3.0296e-01,  2.6115e-01, -2.9293e-01, -5.4950e-05, -3.2234e-04,
        -2.8020e-05, -6.5808e-05,  1.5479e-04, -3.5458e-01, -1.3320e-02,
        -1.6822e-05, -3.9139e-02, -1.8159e-01, -8.4728e-05,  2.0247e-01,
         2.5694e-01,  5.7943e-04,  5.5072e-04, -6.0743e-05, -9.1881e-05,
         6.1418e-04,  9.5175e-05, -6.8517e-02,  2.6555e-01, -8.1529e-02,
        -1.4915e-04,  1.1223e-04, -6.6580e-02,  1.1040e-01,  5.7386e-04,
         8.0268e-02,  1.8959e-01, -3.6868e-04, -3.3624e-01, -3.3339e-01,
        -1.6860e-01,  1.4798e-06,  1.1396e-01, -8.6231e-05, -2.4170e-01,
         7.4545e-04,  4.2591e-01, -2.0086e-04,  5.4450e-02,  3.2984e-01,
        -9.5300e-06,  4.8827e-04, -2.6829e-01, -3.3250e-04,  7.6002e-05,
         5.1164e-01, -5.0905e-02,  9.4587e-06, -1.0309e-04, -1.8377e-04,
         6.7682e-04, -4.6357e-03,  3.5833e-04, -1.0550e-02,  1.8169e-02,
         4.9424e-01, -5.1005e-05, -3.0258e-01, -1.2211e-03, -1.0120e-04,
        -6.5133e-05, -3.9676e-01,  1.7539e-04,  1.3762e-03,  1.2072e-04,
        -1.1620e-01, -1.5707e-01, -3.9113e-04,  7.3857e-05,  8.2332e-02,
        -2.7479e-04], device='cuda:0')), ('fcs.1.weight', tensor([[ 2.1755e-03, -1.6023e-04, -3.8917e-04,  ...,  2.3094e-05,
         -6.1003e-05, -2.5756e-03],
        [-1.3003e-03, -8.4233e-07,  2.1190e-04,  ...,  2.1579e-04,
         -2.2295e-05, -8.8017e-04],
        [ 8.9393e-04, -1.2253e-04,  3.3463e-05,  ..., -2.1929e-04,
         -2.6022e-04, -1.4569e-03],
        ...,
        [-8.4097e-04,  2.1198e-02,  3.4355e-04,  ...,  6.6504e-06,
          1.2673e-04, -1.8798e-03],
        [-2.1805e-03,  3.5196e-04,  7.7818e-04,  ..., -7.8620e-04,
          4.2094e-04, -8.9367e-04],
        [-2.5032e-03, -1.8152e-03, -7.1050e-04,  ..., -7.0852e-04,
         -8.2051e-05, -7.6081e-04]], device='cuda:0')), ('fcs.1.bias', tensor([ 5.1531e-02, -6.3334e-06,  4.2876e-05, -1.6151e-04,  2.4060e-04,
        -5.4473e-04, -1.0733e-03, -1.2846e-04, -7.0765e-05, -2.4414e-01,
        -4.7065e-04,  1.4865e-04,  2.6865e-04, -3.1092e-02,  2.6205e-04,
        -7.0091e-05, -4.6814e-05, -1.3959e-01,  5.8626e-04, -1.6304e-03,
         1.1878e-04, -4.9379e-05, -1.3706e-01,  7.8996e-04,  1.3622e-04,
        -3.2611e-02, -4.6529e-04, -2.8481e-04,  1.1308e-03, -7.9211e-05,
         3.5080e-05,  6.3969e-06, -8.9751e-05, -4.9789e-05,  1.9747e-04,
         2.6193e-06,  1.5779e-03,  5.2342e-04,  5.2166e-04, -4.1789e-05,
         3.9281e-04,  9.2535e-02,  1.7305e-03, -3.9360e-05,  1.1894e-03,
         4.1310e-05, -8.4828e-04,  8.7605e-04, -3.3042e-02, -6.6911e-05,
        -6.1555e-05,  4.0683e-02, -2.2738e-01,  4.1722e-05, -3.1678e-04,
        -2.4896e-04,  6.7272e-05,  2.0269e-05,  2.9862e-04, -2.3425e-01,
        -5.6401e-04,  8.9666e-05,  9.8206e-04,  1.7127e-01, -7.2437e-02,
        -4.2346e-02, -9.0911e-04,  1.7948e-05,  1.1826e-05, -2.7555e-01,
         2.4728e-04,  1.2882e-03,  1.3440e-04,  2.2870e-06, -2.6250e-02,
         3.5886e-04,  1.0274e-04, -5.2146e-05, -1.2831e-01, -4.3353e-05,
        -9.4238e-06,  7.6276e-05, -8.3916e-04, -1.2182e-04,  4.8586e-04,
         7.2728e-04, -1.0059e-04,  4.7912e-04, -4.4596e-05, -4.8276e-05,
         1.2673e-04, -1.1878e-04, -1.0154e-03, -6.8182e-05, -2.4137e-04,
        -7.2029e-04, -1.3134e-04,  2.7593e-04, -8.8777e-04, -9.6545e-02,
         7.1879e-05, -1.3837e-01, -1.3770e-05, -7.4991e-02, -7.6277e-04,
        -2.2312e-03,  5.9024e-04, -1.1314e-03, -2.9712e-04, -4.2115e-04,
         1.7177e-04, -5.5348e-04, -7.1224e-05,  5.4465e-04, -4.8998e-04,
         2.1516e-04, -2.1833e-04, -1.4189e-02, -1.2690e-02, -4.7525e-04,
        -6.7002e-04, -2.1221e-05,  1.0446e-04, -7.2697e-05,  3.4037e-05,
         6.2593e-04,  1.2573e-03, -3.7719e-04], device='cuda:0')), ('fcs.2.weight', tensor([[ 1.3182e-01, -6.8180e-02, -8.8104e-02,  7.3366e-02,  1.6917e-04,
          1.1522e-02,  1.6689e-04,  2.3686e-02, -1.8876e-05, -6.7238e-02,
          3.7781e-06, -1.8184e-05, -2.4726e-04,  1.7374e-01,  1.7360e-05,
          7.1718e-02,  1.7833e-02, -8.7453e-06, -2.4866e-01, -2.0368e-04,
          6.8376e-02,  5.8618e-05, -1.2102e-07,  3.7102e-02, -2.6543e-01,
         -4.7787e-02, -4.5943e-05, -1.1893e-01,  8.2487e-02, -1.8950e-01,
          5.3175e-07,  4.3856e-03,  1.1840e-04, -9.2080e-02,  1.0234e-01,
         -1.4871e-07,  1.3167e-04,  1.2071e-01,  1.8913e-04,  8.2971e-06,
          4.0646e-04,  3.0067e-01, -5.3091e-02,  1.8088e-01,  6.5971e-04,
         -1.1217e-01, -3.4144e-01, -9.9588e-05, -5.1314e-07,  9.1853e-05,
         -4.0478e-06,  2.6690e-01,  1.1627e-05,  1.4092e-01, -4.7695e-05,
          1.1096e-01, -7.9405e-01,  5.1653e-05,  9.6551e-05,  1.3356e-01,
          1.2964e-05,  2.6587e-01, -1.2154e-03, -4.0443e-01,  1.5405e-01,
         -4.0046e-05, -8.7220e-02, -1.0495e-01, -1.7733e-01,  3.6704e-06,
         -1.7555e-04,  1.4535e-01, -5.7362e-02, -2.2603e-01,  7.6110e-05,
         -4.9901e-02, -1.0434e-04,  2.3393e-02,  4.4107e-05,  2.5608e-01,
         -2.5044e-01, -1.7062e-01, -6.5376e-05, -7.1459e-02,  1.0085e-05,
          5.6640e-04,  1.6291e-01,  2.5238e-02, -7.3671e-03,  6.2573e-05,
          1.0068e-01,  1.4170e-02,  2.5871e-04,  4.4215e-05, -4.2401e-05,
         -3.6488e-04,  1.2574e-02,  3.0953e-06,  1.8708e-01, -1.9928e-01,
          2.1332e-01,  3.2934e-01,  1.0431e-01,  1.2086e-01,  9.8256e-06,
         -4.9577e-04,  8.6615e-02,  8.3990e-05, -6.5005e-05,  1.2478e-06,
         -6.2870e-05, -1.0551e-03,  1.8508e-01, -1.2189e-04,  2.5091e-01,
         -5.7898e-07,  1.9004e-04,  2.9645e-05, -2.0305e-01,  2.5850e-05,
          1.4291e-03,  4.2263e-05,  3.3500e-05, -1.1273e-02, -2.1172e-01,
         -4.1086e-09, -3.2340e-05,  7.4253e-02]], device='cuda:0'))])
end of epoch 5: val_loss 0.008601060708325576, val_acc 0.995
trigger times: 1
end of epoch 6: val_loss 0.01170755160723921, val_acc 0.995
trigger times: 2
end of epoch 7: val_loss 0.028750376653066602, val_acc 0.99
trigger times: 3
end of epoch 8: val_loss 1.1218048095703126, val_acc 0.99
trigger times: 4
end of epoch 9: val_loss 0.011258869469165801, val_acc 0.995
trigger times: 5
end of epoch 10: val_loss 0.010700935606842633, val_acc 0.995
trigger times: 6
end of epoch 11: val_loss 30.46999298095703, val_acc 0.91
trigger times: 7
end of epoch 12: val_loss 0.0, val_acc 1.0
trigger times: 0
saving model weights...
Weights: OrderedDict([('fcs.0.weight', tensor([[ 1.7915e-01, -7.3861e-02,  2.2542e-01,  ..., -6.4492e-01,
          4.6229e-01, -6.0078e-05],
        [-4.3380e-05,  3.3323e-05, -9.4099e-04,  ..., -2.3612e-04,
         -2.4252e-03, -4.9831e-04],
        [ 8.8476e-02, -1.2830e-01,  2.4344e-01,  ..., -3.6425e-05,
         -7.5327e-05,  8.3374e-05],
        ...,
        [-4.9572e-04, -1.8001e-03, -2.2709e-03,  ..., -3.7209e-04,
          8.8677e-04,  3.0430e-04],
        [ 4.1453e-05,  5.0174e-03, -1.6501e-01,  ...,  1.6432e-01,
          1.7597e-04,  7.4424e-05],
        [ 9.5248e-05, -6.3218e-02,  2.9010e-05,  ..., -8.8448e-05,
         -3.3357e-05,  1.6250e-04]], device='cuda:0')), ('fcs.0.bias', tensor([ 1.0604e-01,  1.6351e-04,  1.3561e-01, -2.1072e-04,  1.9835e-02,
         2.6585e-04,  1.3123e-04,  5.6894e-04, -2.3908e-01, -1.8562e-04,
        -8.4102e-02, -9.4123e-06, -1.1191e-04,  3.0190e-04,  5.5731e-03,
         1.4717e-04,  4.7182e-02, -9.9036e-02, -2.1755e-01,  4.2440e-05,
        -6.2643e-06, -6.6077e-04, -6.3368e-04,  5.2456e-05,  1.8120e-04,
         2.0131e-04, -1.0234e-05, -1.5443e-04,  4.2695e-04,  5.4879e-02,
         1.6747e-04, -4.0213e-04,  3.7622e-02,  1.0390e-04, -4.6165e-04,
        -3.4897e-04, -1.3248e-01,  7.3904e-04, -6.4717e-06,  7.5785e-04,
         1.4070e-03,  1.5352e-04,  3.6707e-05,  5.0406e-01, -1.4312e-05,
         5.5506e-05,  3.9726e-05, -4.4585e-04, -7.3997e-04, -1.0341e-05,
         4.8938e-01, -7.3652e-05, -1.5783e-01, -2.7933e-04,  4.0583e-04,
         3.5392e-04, -9.3136e-05,  5.1791e-01, -3.8319e-02, -1.0543e-05,
        -2.0640e-05, -1.3145e-03,  4.3339e-02, -7.8921e-05, -1.9091e-01,
        -2.0611e-03, -1.9018e-05,  3.7634e-02,  2.7274e-04, -2.2501e-05,
        -3.0048e-04, -1.6515e-01, -1.4988e-05,  2.5560e-04, -2.7558e-05,
        -2.4424e-01,  2.8587e-01,  2.4444e-01,  2.9915e-05, -5.2354e-10,
        -3.2175e-04, -3.8101e-05, -2.6524e-06,  1.6174e-04,  3.4406e-04,
        -2.4076e-04,  2.0472e-01, -1.9546e-05, -1.2585e-04, -1.6577e-01,
         1.7037e-04, -8.1608e-05,  4.2933e-05, -3.6905e-01,  4.6029e-06,
         2.6275e-04,  8.7091e-05,  1.9354e-04, -4.4042e-04,  4.7315e-05,
        -1.5705e-04,  6.1116e-04,  2.4434e-04,  1.8349e-03,  1.1654e-04,
         1.1430e-01,  7.3221e-05,  4.2597e-05, -2.0003e-01, -5.9978e-04,
        -1.1147e-01, -8.7731e-02, -2.0135e-01,  3.9449e-04, -1.4756e-05,
         4.0521e-04,  7.9424e-05, -1.5818e-01, -4.7130e-05,  1.1250e-04,
         6.1722e-04, -2.7147e-01, -1.6554e-03,  1.3602e-01,  1.5923e-01,
        -5.8366e-05, -1.7361e-05,  2.0204e-02, -9.9224e-06, -2.9691e-01,
         3.8614e-06, -4.0459e-02,  1.6849e-01, -1.7175e-01,  2.6698e-05,
        -1.2474e-01,  7.1621e-05, -1.5914e-03,  9.4613e-05, -3.1037e-04,
        -5.1391e-05, -1.2270e-03, -2.0097e-01, -1.0276e-03, -2.4133e-01,
        -6.8894e-04,  7.0283e-02,  3.2224e-01, -2.2857e-05, -3.9665e-04,
         5.2592e-05, -5.3380e-05,  5.4872e-04,  3.0239e-02,  1.8013e-05,
         5.4978e-05, -8.7074e-04, -2.3843e-01, -2.8994e-05,  1.8137e-04,
        -7.6199e-02,  2.2044e-04, -1.9429e-03, -1.2184e-04, -1.1031e-04,
        -4.2152e-05, -2.8490e-04,  9.3951e-06,  4.9711e-05,  1.6604e-03,
         2.3282e-04,  6.0183e-06,  1.0740e-04, -3.0379e-04, -6.2789e-06,
         2.2170e-04, -2.9509e-06,  4.9228e-01, -4.0284e-05,  5.9569e-02,
        -2.1145e-06, -2.6199e-01,  5.1567e-05,  1.1214e-01, -6.3711e-05,
        -2.7826e-01, -8.6167e-01, -4.3584e-05,  2.2068e-01, -1.9094e-05,
        -1.2878e-05, -4.2953e-04, -2.2052e-01, -9.4208e-02, -5.9404e-05,
         1.1746e-04,  1.1782e-04,  2.7244e-04,  1.6557e-01, -1.5650e-04,
         7.8942e-02,  3.0601e-05, -2.3409e-01, -2.6111e-01,  2.5493e-02,
        -2.7814e-01,  6.8370e-03, -6.6670e-04, -2.6965e-01, -1.7270e-02,
        -1.2852e-01,  4.0226e-01,  2.8002e-04,  5.3015e-05, -1.3361e-01,
         1.7872e-04, -4.5924e-01,  7.4877e-01, -1.3053e-05,  8.2519e-04,
         2.6661e-05,  3.1284e-05,  3.5877e-05,  7.7374e-05,  1.1531e-04,
        -4.1683e-01,  1.4777e-04,  8.3844e-05,  2.8372e-06, -1.1813e-05,
         7.4083e-05, -3.8210e-01, -9.2588e-06,  8.8694e-04, -5.2487e-04,
         2.2470e-05, -1.2912e-01,  5.7700e-05, -1.7103e-05, -3.6451e-04,
        -6.3770e-05, -1.3297e-01, -2.6556e-01,  2.4292e-01, -1.3855e-04,
        -7.4514e-04,  3.7932e-06, -1.6616e-02,  3.4347e-05,  5.5942e-05,
        -1.0485e-04,  1.5399e-01, -6.3329e-05,  1.0843e-03,  7.2462e-05,
         1.5707e-01], device='cuda:0')), ('fcs.1.weight', tensor([[ 6.6579e-04,  1.2604e-03,  1.3057e-03,  ...,  7.6487e-04,
          8.7671e-04,  1.2941e-03],
        [-3.1793e-05, -5.2413e-05, -3.3909e-05,  ...,  1.6389e-03,
         -7.2324e-04,  3.9561e-05],
        [ 1.2578e-03,  3.6761e-04,  6.0060e-04,  ..., -1.3044e-03,
         -7.6666e-05, -1.2946e-03],
        ...,
        [-3.0717e-04, -5.6903e-04,  9.1704e-04,  ..., -7.4967e-04,
          4.9626e-04, -2.0794e-04],
        [-1.9843e-04,  1.3033e-03,  1.0804e-03,  ..., -1.3043e-03,
          6.7556e-04, -8.3352e-04],
        [ 1.2931e-03,  8.9368e-04, -1.1660e-03,  ...,  7.7662e-04,
         -3.7507e-07, -2.6004e-04]], device='cuda:0')), ('fcs.1.bias', tensor([-3.1774e-06, -1.7942e-04,  8.1088e-04,  1.2500e-03, -1.6265e-03,
         3.0438e-03, -5.0933e-04, -2.8414e-04, -3.5204e-04, -8.1534e-05,
         1.6547e-04,  3.7871e-05,  3.1896e-05, -3.2475e-05, -6.8699e-05,
         2.9839e-04, -1.1141e-05,  1.7410e-05, -6.5082e-04, -6.2926e-04,
        -7.0087e-02,  9.6800e-05,  6.1491e-04,  1.6957e-04,  9.5607e-02,
         1.5809e-04,  1.0727e-03, -1.2263e-04, -1.0232e-05,  1.8373e-04,
         1.3964e-04, -1.5671e-04, -5.6229e-05,  2.6566e-05,  1.2904e-03,
         1.1084e-03,  1.2886e-03, -1.6102e-04, -4.1290e-04,  7.7496e-05,
         1.2920e-05,  1.2750e-01,  7.9159e-05,  5.0232e-05, -7.0255e-06,
        -3.1069e-05, -6.8346e-05,  6.5686e-05, -4.3983e-05, -3.8252e-04,
        -2.2360e-04, -2.6877e-02,  2.1078e-05,  2.0322e-04, -1.6207e-01,
         3.7439e-04, -6.8590e-04,  1.7112e-04, -8.6966e-05, -1.4638e-04,
        -1.9299e-04, -3.8422e-05, -2.9368e-02, -1.5040e-03,  2.4863e-05,
        -9.2384e-05,  1.9494e-05, -1.0329e-03, -6.1334e-02, -8.1301e-05,
         3.6373e-05, -2.5771e-05,  5.2454e-04, -1.1836e-04,  1.6232e-04,
        -2.3273e-01, -7.6455e-04, -1.9147e-04, -8.2070e-04,  4.2067e-05,
        -1.1304e-03, -2.8424e-04, -1.8537e-04, -4.6073e-05, -3.5654e-04,
        -8.0416e-04,  2.7079e-04, -7.8497e-06, -3.4273e-04, -1.8049e-05,
         1.2325e-04, -1.3452e-05,  1.5324e-03, -8.7220e-05, -8.0905e-05,
         3.2852e-04, -6.2126e-05, -2.5388e-06, -8.1981e-05, -1.0270e-04,
         7.9556e-04, -2.2108e-05, -8.2743e-04, -9.8771e-04, -1.9649e-01,
        -7.9417e-05, -7.2970e-04, -4.7502e-04,  1.1207e-05,  6.5030e-04,
        -7.9665e-05,  8.9892e-04, -5.2709e-04,  1.0631e-04, -4.9665e-05,
        -1.4120e-03,  7.8129e-05,  2.1076e-04, -1.1024e-04,  1.8252e-04,
         3.1831e-04,  1.3408e-04,  1.0706e-05, -2.9860e-04,  8.2139e-02,
        -1.7009e-03,  1.8873e-04, -2.7975e-05], device='cuda:0')), ('fcs.2.weight', tensor([[-2.5612e-04, -1.8107e-02, -3.8999e-05, -2.7984e-05,  4.4590e-04,
          5.5936e-04,  6.7669e-02, -2.4884e-01,  5.0896e-02,  2.3769e-01,
         -1.4600e-02,  2.7543e-05,  9.4343e-03, -9.3505e-02, -7.1341e-02,
         -1.3850e-04, -1.9495e-02,  4.9918e-02,  5.0775e-05, -1.0074e-04,
          9.2113e-02, -1.5872e-01,  9.0073e-05, -1.8708e-04,  3.7879e-01,
         -8.6446e-02, -3.5010e-04, -8.1162e-05,  2.0093e-01,  1.1915e-02,
         -1.2491e-06, -6.8783e-02, -3.7461e-02, -7.5944e-02,  2.6967e-05,
         -2.5516e-02, -2.1875e-04, -9.0776e-02,  5.3189e-04,  3.0599e-02,
          1.0051e-01,  8.1570e-01, -3.8604e-05,  7.0914e-02, -2.0285e-03,
          1.1555e-01,  1.8795e-01,  4.8410e-03,  1.9708e-02, -6.0759e-02,
          3.8116e-05, -2.6658e-04,  2.2021e-07,  1.2547e-02,  4.3618e-01,
         -6.6792e-02, -7.6847e-02,  3.3324e-02, -4.3211e-01,  8.0372e-03,
         -1.0188e-02,  1.1441e-01, -7.0074e-02, -1.3233e-06,  1.0787e+00,
         -4.7524e-03,  1.0531e-01,  1.3345e-01, -4.4143e-08, -2.3136e-01,
         -2.9330e-01,  2.3573e-06,  1.4676e-05,  6.8329e-05, -3.5374e-06,
          2.3487e-01,  4.9495e-07, -5.5192e-03, -1.3830e-02, -2.9474e-02,
         -6.3366e-05,  4.2088e-05, -1.6833e-05,  8.2691e-02,  8.6020e-05,
         -1.7290e-06, -5.0327e-02,  1.0152e-07, -1.3578e-05, -1.1295e-01,
         -3.8544e-02,  9.2131e-06,  8.2505e-04,  1.4207e-05, -1.8309e-05,
          1.8971e-01,  3.1945e-05,  1.1572e-03, -1.6189e-01,  1.1321e-01,
         -8.9552e-02, -9.0752e-02, -6.6127e-06,  3.7764e-05,  4.5390e-01,
          1.8282e-04,  3.0205e-05,  9.4095e-05, -6.0317e-02,  1.1406e-04,
         -5.2834e-02, -1.4091e-01,  1.1448e-05,  6.3968e-02,  3.1007e-02,
          2.2569e-01,  2.6912e-05,  7.5614e-02,  4.7320e-06, -1.4406e-01,
         -2.6980e-02,  1.9868e-01,  9.8918e-02, -2.5413e-05, -1.7591e-06,
         -9.6505e-02,  1.4086e-04, -1.2224e-05]], device='cuda:0'))])
end of epoch 13: val_loss 0.11050872862339016, val_acc 0.995
trigger times: 1
end of epoch 14: val_loss 0.042439670314784336, val_acc 0.99
trigger times: 2
end of epoch 15: val_loss 0.02517777561852249, val_acc 0.99
trigger times: 3
end of epoch 16: val_loss 0.0, val_acc 1.0
trigger times: 0
saving model weights...
Weights: OrderedDict([('fcs.0.weight', tensor([[-2.3638e-05,  1.1105e-04,  1.4164e-04,  ..., -4.0194e-04,
         -3.4930e-04,  1.1199e-03],
        [ 2.8925e-05, -5.3003e-05,  8.4574e-04,  ..., -1.8782e-04,
          4.3074e-04,  6.2985e-04],
        [-2.2880e-05,  5.1146e-06,  6.1076e-05,  ...,  1.1616e-04,
          1.9328e-04,  3.8032e-04],
        ...,
        [-4.0456e-01,  9.1545e-06, -1.4342e-04,  ..., -3.2063e-06,
         -6.3860e-04,  6.7358e-04],
        [-1.6830e-02,  1.5448e-02, -3.3091e-06,  ...,  6.1049e-02,
         -5.7412e-05,  1.8826e-04],
        [ 1.0107e-03,  2.7520e-05, -1.1324e-03,  ...,  7.4194e-05,
         -6.8011e-05,  1.5030e-04]], device='cuda:0')), ('fcs.0.bias', tensor([-4.1106e-05, -4.3935e-06,  3.6905e-05,  9.8625e-06,  2.4920e-01,
        -1.9298e-02,  5.6141e-05, -2.9523e-05,  2.6473e-01,  1.4787e-03,
         6.4370e-05, -8.1818e-02, -1.2304e-01,  4.4439e-02, -7.4265e-02,
        -6.4032e-05, -1.5700e-04, -1.0608e-04, -1.1623e-04, -2.7601e-01,
         7.2034e-02,  1.3526e-01, -2.6518e-05, -6.1830e-04, -8.7507e-05,
        -1.2554e-01, -8.8838e-04,  2.9967e-01, -1.7525e-02,  2.5826e-01,
         1.4385e-01,  6.5480e-05, -3.0228e-04, -2.2807e-04, -2.5925e-05,
         9.7929e-05, -1.4657e-04,  4.4694e-05, -4.6589e-05,  2.8289e-03,
         2.1442e-01,  1.9205e-04,  9.7002e-02,  3.1265e-04, -3.5009e-04,
         4.7572e-02,  1.0954e-03,  1.3102e-03,  2.8225e-01,  7.2506e-05,
        -8.7792e-02, -7.7320e-05, -4.2791e-04,  1.2967e-01, -1.1531e-04,
         7.0220e-01, -9.7926e-06,  2.3168e-05, -2.1620e-06, -2.3782e-01,
        -1.2913e-01, -1.6616e-05, -1.3547e-01, -5.2818e-05,  3.0144e-01,
        -2.6117e-02, -1.1630e-01, -6.0149e-05,  5.9488e-06,  1.7173e-04,
         9.8530e-05, -9.0658e-05,  3.4682e-04,  5.3435e-01, -1.1037e-01,
         2.3213e-05, -1.2205e-04, -4.3719e-05,  4.0123e-01,  1.8489e-04,
        -7.1327e-02,  2.0911e-01, -1.8456e-04,  1.0330e-01, -8.7580e-03,
        -5.4382e-05, -7.7162e-04,  2.3901e-01, -1.8783e-01,  1.0909e-04,
         4.1945e-06,  4.8550e-01,  3.0613e-02,  2.8294e-04,  5.7515e-01,
        -2.8391e-02,  2.8501e-06, -4.7181e-05,  4.6152e-01, -2.1341e-04,
         1.7373e-04,  8.4654e-02, -2.3730e-01,  3.5705e-06, -1.5871e-01,
        -1.3939e-01,  6.2937e-02, -4.9078e-02, -6.7844e-04, -8.2056e-02,
         4.5165e-01, -5.2609e-02, -3.1318e-01, -6.3448e-02,  4.8586e-05,
         3.4270e-05, -2.0066e-03,  3.3767e-06,  3.5030e-02, -6.2540e-04,
         6.9238e-01, -2.0864e-04, -4.1326e-04, -3.1740e-04,  1.6426e-05,
        -5.7132e-03,  1.8607e-04,  8.4242e-04, -1.1059e-01,  2.2282e-01,
         9.1643e-06,  1.9994e-04, -1.9903e-04,  4.6268e-05, -1.5143e-01,
        -1.1889e-01,  5.9820e-05, -8.3601e-02,  4.6425e-01, -1.0563e-01,
        -4.6401e-02, -2.1162e-01,  6.8861e-04, -3.9940e-05,  8.8047e-05,
        -3.3863e-02,  4.0178e-04, -1.5908e-01,  3.6619e-01,  1.7111e-05,
         4.7473e-02,  4.7334e-01, -1.9086e-05,  1.2486e-03,  1.4546e-01,
        -1.3925e-01,  1.7109e-01, -1.0473e-04, -9.7343e-04,  1.6878e-04,
         9.2474e-04,  1.6400e-01, -4.5983e-05, -1.2986e-01,  2.3987e-04,
         3.2439e-04,  2.3829e-01, -2.5095e-01,  3.6437e-01,  5.6857e-05,
        -2.4613e-01,  3.4852e-01,  2.1493e-05,  2.8404e-05, -1.4521e-01,
        -9.0587e-03,  2.1582e-02,  6.8297e-05,  1.2540e-01, -2.2103e-05,
        -5.4435e-04, -1.6265e-04,  5.6238e-01,  5.0959e-04, -2.0918e-01,
        -2.3870e-05,  2.8169e-04, -1.6540e-01, -2.1003e-01, -3.2828e-04,
         7.8769e-01, -2.2165e-01, -1.7627e-01, -5.6682e-02, -1.7638e-01,
        -6.9634e-04,  9.7811e-05, -4.2150e-07,  4.9302e-05,  5.4418e-01,
        -2.6464e-04, -2.0912e-01,  1.8891e-01, -8.3912e-02,  1.2100e-03,
        -2.6639e-05, -2.1363e-04, -5.8176e-05, -3.0423e-05, -6.7570e-02,
        -4.0682e-05,  4.5820e-01,  2.0178e-01, -2.1680e-01, -1.8493e-05,
         2.9381e-01, -1.3347e-01,  2.1028e-04,  2.9238e-01, -1.2699e-05,
        -1.2815e-01,  9.1149e-02, -5.8928e-04, -1.3654e-04, -2.8356e-04,
         7.9566e-05,  2.9056e-01,  2.2683e-04, -1.7480e-02,  1.2107e-01,
         8.9562e-05,  9.5483e-02, -1.9302e-04, -1.7776e-02, -1.4352e-01,
        -5.4517e-05, -2.4674e-01,  7.0278e-02, -1.7293e-02, -9.9486e-06,
         1.8963e-06,  1.3798e-01, -4.3290e-05,  5.7110e-04, -1.4875e-01,
         4.2719e-04,  2.3223e-01,  1.0115e-04, -5.9942e-06,  5.2479e-02,
        -1.0842e-01, -3.9589e-01, -1.6019e-04, -9.9534e-02,  2.3379e-05,
         8.8172e-04], device='cuda:0')), ('fcs.1.weight', tensor([[ 1.0106e-03,  2.3830e-03,  9.6636e-02,  ...,  6.1054e-04,
          4.6586e-05,  1.3779e-03],
        [-8.9386e-04,  3.5797e-04,  1.5685e-03,  ...,  4.2062e-04,
          1.2234e-04,  8.3734e-04],
        [ 4.9857e-04,  5.4989e-04, -2.3195e-03,  ..., -9.1775e-04,
         -1.2668e-03,  1.3038e-03],
        ...,
        [-1.0423e-03,  6.1139e-04,  1.2910e-03,  ...,  4.8789e-04,
          3.1790e-04, -3.0296e-04],
        [-4.9726e-04, -1.1674e-03,  4.8857e-06,  ...,  3.9278e-04,
          2.3833e-05,  2.1789e-03],
        [ 6.3077e-04, -2.4691e-04, -2.3810e-04,  ..., -2.3906e-04,
         -3.4226e-05, -3.8645e-04]], device='cuda:0')), ('fcs.1.bias', tensor([ 5.7428e-04, -1.5906e-03, -1.9792e-05,  1.0367e-03,  3.6989e-04,
        -1.6891e-03, -2.1203e-03,  4.6402e-05, -4.8984e-05, -8.2758e-04,
        -6.1865e-06,  6.7896e-04, -4.9835e-04, -1.5430e-04,  4.2225e-05,
        -5.3304e-05,  5.4578e-04, -1.4511e-02,  2.5864e-04,  1.2063e-04,
        -6.1796e-05, -8.2029e-07, -1.2131e-04,  6.2356e-04, -2.3913e-01,
         5.8319e-04, -5.0720e-04,  4.5632e-05, -2.5070e-05, -9.1864e-05,
         1.2640e-03,  8.2852e-04,  1.0003e-04, -1.4074e-03,  8.5575e-02,
         6.7489e-05, -2.3252e-04,  2.3542e-04, -8.1647e-04,  1.4351e-03,
        -2.8589e-01, -2.8669e-05, -4.2387e-05,  1.5834e-03, -2.8909e-04,
         9.7148e-04, -8.2117e-04,  7.5063e-05, -1.1546e-04, -1.0670e-05,
         7.7052e-05, -4.0066e-04, -5.9729e-04, -4.9495e-04,  8.6085e-05,
         8.3933e-05,  1.3817e-04, -5.5017e-04,  8.9572e-04, -1.7454e-01,
        -1.6036e-04, -7.3309e-04, -6.2193e-04,  5.2910e-05, -1.2494e-01,
         1.2598e-03,  3.2696e-05, -1.7251e-04,  9.9738e-05,  1.6766e-01,
        -1.5867e-03, -7.9457e-04,  4.8811e-01, -4.3135e-06, -1.3225e-01,
        -1.2746e-01, -3.2040e-05, -3.9235e-04,  5.4683e-05, -7.2377e-03,
         2.2259e-04, -5.8194e-04, -7.5508e-04, -5.4728e-04,  2.6879e-04,
        -6.1697e-04,  3.0221e-04,  3.2014e-05, -2.8586e-05, -3.0359e-05,
         2.0100e-05,  4.7145e-04,  2.6948e-05, -7.9575e-04, -6.4741e-04,
        -1.5088e-03, -1.1711e-04,  2.3211e-04, -7.9090e-04, -4.6448e-03,
         7.6776e-05, -1.3637e-04,  4.8991e-04, -1.0614e-03, -1.4194e-03,
        -3.3997e-04,  8.7702e-04, -6.7980e-05,  1.6899e-04, -8.1333e-04,
         1.9996e-04, -2.3875e-04,  7.9533e-04,  1.6769e-03,  4.8745e-04,
        -9.7651e-04,  9.7562e-04, -9.9674e-04, -1.1111e-04,  7.1616e-05,
        -1.6896e-03,  1.7722e-04, -4.7508e-04, -5.0430e-04, -2.2810e-04,
        -1.3077e-03,  6.4117e-04,  7.5778e-05], device='cuda:0')), ('fcs.2.weight', tensor([[-3.6392e-02, -8.4463e-03, -8.5140e-06,  1.6695e-06, -1.3454e-05,
         -1.7444e-05,  1.7249e-05, -2.2104e-01, -1.1013e-02,  7.9450e-06,
          2.2156e-04,  1.4808e-05,  4.5281e-05, -1.0022e-01, -2.6047e-02,
          4.5462e-04, -1.7343e-04,  1.7660e-01, -1.1774e-01,  8.0832e-02,
         -3.3013e-05,  1.6489e-01,  1.3039e-01, -1.2207e-05,  2.5335e-05,
         -3.2435e-01,  9.3385e-05, -9.0758e-05, -3.1747e-02, -3.0228e-03,
         -2.8603e-05, -7.4578e-02, -1.2032e-05,  1.7563e-05, -4.2486e-01,
         -5.3932e-02,  1.2121e-04,  5.1815e-02,  8.2161e-03,  3.2800e-05,
          5.4007e-02,  1.1760e-01,  1.2457e-02, -5.7159e-05,  1.9299e-02,
          9.8290e-06,  3.3437e-06, -6.4289e-02,  1.9743e-02,  2.2038e-02,
         -5.9306e-05, -3.2581e-01,  6.5457e-03, -1.1794e-01, -2.1267e-01,
          1.2822e-04, -1.7046e-01, -9.6766e-02,  1.2515e-04,  7.2044e-02,
         -3.2230e-02, -3.3147e-02, -9.3172e-05,  1.8647e-02,  3.4227e-02,
          5.1791e-06,  7.3983e-02, -3.7619e-02, -1.6796e-01,  2.4792e-01,
          4.4372e-05, -4.2657e-05, -3.1596e-01, -1.8895e-01,  2.0563e-05,
          7.2718e-03, -4.8155e-01, -3.4726e-02,  3.6708e-07, -2.2241e-06,
          2.7694e-04,  1.9208e-06,  1.6110e-03, -1.5051e-04,  1.4301e-05,
          3.5352e-05,  1.8715e-05, -2.8518e-03,  6.2947e-03, -2.2681e-02,
         -5.2500e-02, -4.0949e-02, -6.2019e-03,  2.0153e-02, -2.8409e-05,
         -1.3951e-06, -4.3337e-05, -3.5498e-02,  2.8525e-06, -8.9353e-05,
          6.7447e-02,  4.4555e-02, -1.7615e-01, -7.2267e-06, -3.6126e-03,
         -9.0617e-02, -6.4041e-04,  1.4750e-01,  1.5864e-01, -6.0391e-02,
          2.0773e-01,  2.7026e-04, -8.7945e-05,  2.7208e-04,  4.4217e-05,
         -1.7126e-06, -1.6274e-01, -2.6123e-01, -1.1909e-01, -2.8934e-03,
         -1.1208e-04, -1.8853e-06,  1.2979e-05, -1.4989e-06, -1.8213e-05,
          1.2854e-05, -1.3976e-06,  1.4724e-01]], device='cuda:0'))])
end of epoch 17: val_loss 0.006451809646000015, val_acc 0.995
trigger times: 1
end of epoch 18: val_loss 0.03954942285785002, val_acc 0.97
trigger times: 2
end of epoch 19: val_loss 7.56830810546875, val_acc 0.98
trigger times: 3
end of epoch 20: val_loss 0.943599853515625, val_acc 0.995
trigger times: 4
end of epoch 21: val_loss 1.0211328757314675e-05, val_acc 1.0
trigger times: 5
end of epoch 22: val_loss 0.010628747089252535, val_acc 1.0
trigger times: 6
end of epoch 23: val_loss 0.208089599609375, val_acc 0.995
trigger times: 7
end of epoch 24: val_loss 1.8788991728797554e-05, val_acc 1.0
trigger times: 8
end of epoch 25: val_loss 0.0476180875392447, val_acc 0.995
trigger times: 9
end of epoch 26: val_loss 0.2616767773642273, val_acc 0.965
trigger times: 10
Early stopping.
0 -3.53792786039412 -191.10004520678868
1 -4.154903193935752 -189.05007017278314
2 -4.108112817630172 -187.50220085194994
3 -3.6157151367515326 -180.24009179391223
4 -3.5357182609150186 -171.9613792356186
5 -0.7217559702403378 -169.3817016847894
6 -3.66981259919703 -167.87631268052303
7 -3.959699844941497 -164.27567046290412
8 -3.023443254234735 -163.76742236654098
9 0.48824764823075384 -156.0786895876365
10 -3.7608901476487517 -155.22804551507866
11 -3.691107949241996 -145.29002069283715
12 -3.650807151570916 -142.86657280197298
13 5.9001288583967835 -142.75441848091938
14 -2.1061040818458423 -136.98962801176134
15 -3.2353050832170993 -132.4813576990395
16 6.300223365891725 -130.98347157271724
17 -3.213291347550694 -118.2436222554584
18 16.360517018008977 -117.38411415155902
19 1.0079281113576144 -116.97382686219106
20 -2.5662379271234386 -115.06704102317899
21 19.419682120962534 -112.47832645551227
22 -3.0175280214753 -103.24187681049156
23 33.65835858404171 -99.7422752992134
24 43.32344941794872 -98.18526661663928
25 14.202238373691216 -88.94674758091466
26 15.716648402391002 -85.88346861832474
27 49.40109075041255 -79.38307722218848
28 44.8665078242193 -79.25112655387144
29 17.47516723140143 -73.50697855948762
30 10.15627746930113 -72.69803191552006
31 36.16689221188426 -71.37326168319514
32 28.92479377705604 -68.27187815304366
33 30.62581231025979 -65.42298162776466
34 38.72609185834881 -65.35816021006309
35 30.015664321370423 -49.3186741604369
36 11.112438813550398 -17.325441617065966
37 46.82912679971196 -4.374511275254108
38 46.43396573991049 -0.4258658969524013
39 31.517764557269402 9.108146753357724
40 35.01278683618875 17.732630180500013
41 39.49818598187994 40.64550156746333
42 37.07431243988685 41.11774838972275
43 30.07030513032805 48.64917674484657
44 41.41016818024218 52.50260039838799
45 38.742004903266206 52.54502852695255
46 40.92595699505182 59.52827491841281
47 48.52853140962543 63.45606316769021
48 56.29184914322104 66.31570758515764
49 21.636106183286756 67.13050507695384
50 54.73649295978248 72.16624272108386
51 22.476513678440824 79.16074531670823
52 36.179464833810925 84.19837606184075
53 29.75215809897054 89.30707154325768
54 36.192351550096646 90.2698850730257
55 39.59897866216488 90.28646231697512
56 38.08631084486842 90.32667007477052
57 63.08557640493382 91.18021498086692
58 44.735015956452116 92.38187517969644
59 30.397774064855184 92.67153902025292
60 32.53021306544542 93.69474938898811
61 45.198084199102595 93.86112859581364
62 35.53204151894897 95.24073532592021
63 30.271457909897435 95.3630101766082
64 24.88227440061746 96.09581961281374
65 43.69493485009298 97.90553231413178
66 29.220131620881148 98.07644230926206
67 36.663337146281265 98.35872828331676
68 35.54960097395815 98.57334710000995
69 35.77421278011752 98.77895390936838
70 42.490797646169085 99.10163703819775
71 29.199176079942845 99.47183807834362
72 38.80101651651785 101.36707045382526
73 32.42718907346716 102.70820969163083
74 33.469799934420735 103.61971441966246
75 39.55130916123744 104.00039883786899
76 37.31806560914265 104.94014608739957
77 35.44922702002805 105.28448326377394
78 42.00964476889931 105.60678192821229
79 49.17039115424268 106.95774051225432
80 50.93714133516187 107.03525723063939
81 48.880205610068515 107.05410485829283
82 58.12287018314237 107.36477417456501
83 53.5158088512253 107.72369032284489
84 36.540484792611096 107.78006757763964
85 36.79431692394428 107.99397435655325
86 32.791331116401125 108.08910889221833
87 31.220802941475995 108.09776529440465
88 52.155766163021326 108.24033506535473
89 50.863732596859336 109.15712102315346
90 52.72008171188645 109.71287331230647
91 33.58608084451407 110.25063890779474
92 41.32440197048709 110.45880856467717
93 52.92687830119394 110.48639228144049
94 38.51218330580741 111.92877271779909
95 52.79554750106763 112.29467419620224
96 33.828900597582106 112.73910566375015
97 49.17584306187928 112.98274531176438
98 61.55339124472812 113.84616479719523
99 59.20798389590345 114.84612239587612
100 55.30897310981527 115.08707834021696
101 64.6950039069634 115.41025719446112
102 50.69191983062774 115.5646624637931
103 50.41524283780018 115.87882502857741
104 40.679270583787 116.51927592390606
105 50.440273663494736 116.69939038222442
106 55.18853754224256 117.18809854794453
107 43.800271519459784 117.29357601720739
108 55.488852394744754 117.43241923864416
109 47.17541094968328 119.84073495876005
110 68.68575351918116 122.74776106687673
111 58.08998965565115 124.10172315382671
112 52.252207162440754 124.42382576156477
113 65.14338922733441 124.48179570258212
114 60.54000329179689 125.2590893824027
115 50.613893730333075 125.30457667780085
116 64.26159838121384 125.43458549438884
117 70.33974097413011 129.13346806288703
118 73.08207290805876 129.67718524437547
119 77.31058715842664 131.40806576766226
train accuracy: 0.9766666666666667
validation accuracy: 0.965
