demo lengths 200
demos: (120, 200, 3)
demo_rewards: (120,)
[-191.10004521 -189.05007017 -187.50220085 -180.24009179 -171.96137924
 -169.38170168 -167.87631268 -164.27567046 -163.76742237 -156.07868959
 -155.22804552 -145.29002069 -142.8665728  -142.75441848 -136.98962801
 -132.4813577  -130.98347157 -118.24362226 -117.38411415 -116.97382686
 -115.06704102 -112.47832646 -103.24187681  -99.7422753   -98.18526662
  -88.94674758  -85.88346862  -79.38307722  -79.25112655  -73.50697856
  -72.69803192  -71.37326168  -68.27187815  -65.42298163  -65.35816021
  -49.31867416  -17.32544162   -4.37451128   -0.4258659     9.10814675
   17.73263018   40.64550157   41.11774839   48.64917674   52.5026004
   52.54502853   59.52827492   63.45606317   66.31570759   67.13050508
   72.16624272   79.16074532   84.19837606   89.30707154   90.26988507
   90.28646232   90.32667007   91.18021498   92.38187518   92.67153902
   93.69474939   93.8611286    95.24073533   95.36301018   96.09581961
   97.90553231   98.07644231   98.35872828   98.5733471    98.77895391
   99.10163704   99.47183808  101.36707045  102.70820969  103.61971442
  104.00039884  104.94014609  105.28448326  105.60678193  106.95774051
  107.03525723  107.05410486  107.36477417  107.72369032  107.78006758
  107.99397436  108.08910889  108.09776529  108.24033507  109.15712102
  109.71287331  110.25063891  110.45880856  110.48639228  111.92877272
  112.2946742   112.73910566  112.98274531  113.8461648   114.8461224
  115.08707834  115.41025719  115.56466246  115.87882503  116.51927592
  116.69939038  117.18809855  117.29357602  117.43241924  119.84073496
  122.74776107  124.10172315  124.42382576  124.4817957   125.25908938
  125.30457668  125.43458549  129.13346806  129.67718524  131.40806577]
maximum traj length 200
num training_obs 1800
num training_labels 1800
num val_obs 200
num val_labels 200
ModuleList(
  (0): Linear(in_features=3, out_features=64, bias=True)
  (1): Linear(in_features=64, out_features=1, bias=False)
)
device: cuda:0
end of epoch 0: val_loss 0.0049256205912576335, val_acc 1.0
trigger times: 0
saving model weights...
Weights: OrderedDict([('fcs.0.weight', tensor([[-1.7724e-03,  1.3918e-03, -2.5309e-03],
        [-4.4020e-04,  8.4400e-04,  2.6801e-03],
        [ 1.7353e-03,  1.8909e-04,  4.4192e-04],
        [ 5.5233e-04,  1.7779e-03,  1.2743e-03],
        [ 3.8668e-04,  2.7157e-03,  1.2153e-03],
        [ 4.1959e-05,  1.0145e-03, -1.0205e-03],
        [-4.5861e-04, -1.0536e-03,  2.2859e-03],
        [-6.8133e-05,  3.1577e-04, -4.3129e-04],
        [-1.5697e-03, -8.8000e-04,  1.1799e-03],
        [ 8.0528e-05, -2.3420e-03,  1.9691e-03],
        [ 6.9052e-04, -2.7458e-04, -3.2043e-03],
        [ 1.1238e-03,  2.5561e-05, -6.1390e-04],
        [-3.3047e-01,  5.6009e-01, -8.0587e-02],
        [-3.3530e-04, -6.3486e-04,  2.3665e-04],
        [-1.0114e-03, -8.4229e-04, -1.6452e-03],
        [ 3.1236e-04, -5.4985e-04,  1.7934e-03],
        [-1.8104e-05, -9.5146e-04, -7.6312e-04],
        [-9.5776e-04, -1.9396e-03, -3.0097e-03],
        [ 7.6038e-05,  7.5596e-04, -8.8788e-04],
        [ 1.1979e-03,  2.7396e-03,  3.9626e-04],
        [ 1.4084e-04, -1.0913e-03, -2.5081e-03],
        [-2.4036e-03,  1.3197e-03,  8.1007e-04],
        [-2.1574e-04, -1.0509e-03, -2.4650e-04],
        [ 6.2022e-04, -5.5718e-04,  1.8145e-03],
        [ 8.2865e-04, -1.1493e-03, -2.0281e-04],
        [-1.0100e-03,  2.7985e-04, -4.7479e-04],
        [-3.2651e-04,  4.7355e-04, -2.9148e-05],
        [-3.8220e-04,  9.0883e-04, -1.2879e-03],
        [ 4.3953e-05, -8.4090e-04,  5.4951e-04],
        [-2.6199e-04,  2.0560e-04, -5.7175e-04],
        [-3.2630e-04,  7.7699e-04,  3.9998e-04],
        [-6.9343e-05, -5.2671e-04,  1.6235e-03],
        [-4.3353e-05,  2.0915e-03, -1.2674e-03],
        [ 6.8639e-04, -2.1232e-03,  2.3369e-03],
        [-8.3636e-04,  1.1580e-03, -8.3025e-04],
        [-2.3072e-03,  2.9222e-04, -7.2969e-04],
        [-1.1642e-04, -1.1078e-03, -9.5099e-04],
        [-5.6863e-04, -4.0638e-04, -6.0915e-04],
        [-2.4258e-04, -1.6768e-03, -1.0346e-03],
        [ 1.0099e-04,  7.9152e-04,  1.2955e-03],
        [ 4.8154e-04, -1.7716e-03, -9.0746e-04],
        [ 1.4105e-04,  1.6205e-03, -3.7734e-04],
        [-2.5876e-04, -9.2334e-04,  1.1178e-03],
        [ 9.0498e-04,  2.3106e-04, -1.7395e-03],
        [-1.5354e-04, -5.6933e-04, -3.0321e-03],
        [-1.0205e-03, -1.3595e-03, -1.5749e-03],
        [ 2.2018e-03,  8.3622e-04,  2.3871e-04],
        [-4.1688e-04,  5.0009e-04,  2.3865e-04],
        [-1.6496e-03, -5.8424e-04, -1.1882e-03],
        [ 1.3885e-04,  1.9126e-04, -2.0606e-03],
        [ 1.6643e-03,  1.0735e-03, -2.5797e-03],
        [-3.3200e-04,  1.0618e-03,  2.0043e-03],
        [ 2.0649e-04, -6.3328e-04,  4.2087e-04],
        [ 2.0184e-03, -1.7939e-03,  2.1191e-03],
        [ 2.4889e-04, -1.1327e-03,  1.8711e-03],
        [-9.1416e-04,  2.1004e-03,  9.8123e-04],
        [-8.7411e-04,  8.6839e-04, -6.8735e-04],
        [-1.9165e-03,  7.5173e-04,  1.2621e-03],
        [ 1.0662e-03,  4.0378e-04,  9.5560e-04],
        [-4.9565e-04, -1.0770e-03,  8.9268e-04],
        [ 5.5852e-04, -3.9635e-04,  7.1503e-04],
        [-2.1377e-03, -5.5675e-04, -1.3171e-03],
        [-8.7266e-04, -2.7811e-03,  8.6971e-04],
        [ 1.3970e-03, -8.2404e-04,  1.0005e-03]], device='cuda:0')), ('fcs.0.bias', tensor([ 3.8594e-04,  1.0857e-04, -3.1184e-04, -1.9617e-03,  8.5885e-04,
         1.9336e-03, -1.3259e-03, -1.7750e-05, -2.6137e-04,  4.6489e-04,
         1.2412e-03,  1.0547e-03,  1.4781e-01,  1.3074e-03,  1.3725e-03,
        -1.2849e-03,  3.0115e-04,  1.3988e-03, -1.2432e-04, -1.9515e-04,
        -5.2088e-04,  1.3340e-03, -2.1304e-03,  2.7444e-04,  3.2972e-03,
        -3.9307e-04, -2.6248e-03, -5.7419e-04,  3.5132e-04,  5.4923e-05,
        -1.0681e-03,  3.2960e-03, -6.5599e-04,  6.4038e-04,  1.3555e-03,
        -6.3847e-04,  2.1207e-03,  6.8136e-04,  4.0925e-04,  4.7888e-04,
         4.1173e-04, -5.3088e-04,  1.3019e-04, -9.2146e-04,  1.1886e-03,
         4.6149e-04,  8.4167e-04, -1.3121e-03, -3.0486e-04, -1.3841e-04,
        -7.0725e-04, -1.7497e-03, -1.1608e-03,  9.3306e-04, -4.8612e-04,
        -2.3638e-03,  7.8464e-04,  1.3028e-03,  6.4910e-04, -6.7948e-06,
         1.1682e-03, -5.3950e-04,  1.3890e-03,  7.3298e-04], device='cuda:0')), ('fcs.1.weight', tensor([[-1.1166e-03, -1.9102e-04,  3.4099e-04, -1.3430e-03, -4.2843e-04,
          4.2238e-04, -5.9695e-06,  3.2207e-05,  1.7904e-04,  3.2957e-05,
          6.3702e-04, -8.1767e-04,  7.8733e-01,  3.2286e-05,  1.8856e-03,
         -6.2637e-05, -7.8696e-06, -7.9922e-06, -1.5779e-02, -2.5678e-03,
         -6.3897e-05, -3.3360e-05, -1.9970e-04, -4.9409e-05, -1.3299e-03,
          6.0698e-04, -4.1102e-05,  2.6707e-04, -1.0148e-03, -1.0480e-05,
         -4.5789e-05,  2.1058e-05, -2.3774e-03, -8.3491e-05,  1.5980e-03,
         -4.9294e-04, -5.5857e-04, -3.3152e-05,  8.4137e-06, -2.4671e-04,
          1.9836e-04,  7.4622e-06, -1.3816e-04,  1.2304e-03,  2.2798e-05,
          1.5388e-03, -3.6928e-04, -4.6652e-05, -4.3321e-05, -5.7413e-04,
         -1.5469e-03,  3.4561e-05, -5.3882e-06,  1.6886e-04, -2.3125e-05,
          1.8234e-03, -1.6746e-04, -1.3163e-05, -4.5258e-04, -1.3086e-05,
         -6.1455e-06, -9.2151e-04,  4.7471e-04,  4.7065e-04]], device='cuda:0'))])
end of epoch 1: val_loss 0.008381230225971415, val_acc 1.0
trigger times: 1
end of epoch 2: val_loss 0.004741793196925741, val_acc 1.0
trigger times: 0
saving model weights...
Weights: OrderedDict([('fcs.0.weight', tensor([[-2.1057e-04, -1.7031e-04, -3.0391e-04],
        [ 5.4262e-04,  5.9481e-04, -1.4583e-03],
        [ 9.0727e-04,  1.0632e-03,  1.0998e-04],
        [-3.7328e-04,  9.8424e-04, -2.2061e-03],
        [-1.2729e-03, -1.7753e-03, -2.5669e-03],
        [ 8.8014e-04,  9.9098e-04, -1.7357e-04],
        [-2.4468e-04,  1.2854e-03, -3.5908e-04],
        [ 6.0071e-04,  3.1461e-04, -5.5827e-04],
        [ 1.2042e-03, -7.2737e-05, -5.8609e-04],
        [ 5.9019e-04,  5.1061e-04, -4.1176e-04],
        [-7.2860e-04, -6.3097e-04, -1.2336e-03],
        [-7.7940e-04, -3.2625e-03,  2.1329e-04],
        [-3.0519e-01,  6.0887e-01, -4.7793e-02],
        [-5.7538e-04, -6.1874e-04, -1.0832e-03],
        [ 1.6118e-03,  4.5266e-04,  6.3544e-04],
        [ 1.0106e-03, -7.4913e-04,  1.9333e-03],
        [ 4.7442e-05,  1.0419e-03, -6.0606e-04],
        [-1.3497e-03, -2.1521e-03, -3.1984e-03],
        [ 1.3797e-03, -1.0481e-04,  1.4644e-04],
        [-1.4748e-03,  2.6487e-04,  7.1563e-04],
        [-6.7051e-04, -1.9488e-03,  7.3221e-04],
        [-2.5576e-03,  2.3021e-03, -2.4304e-03],
        [-1.2705e-03,  1.3252e-03,  5.7108e-05],
        [-1.3064e-03,  8.1239e-04,  1.9675e-03],
        [ 7.5080e-04, -8.6937e-04, -6.1179e-04],
        [ 2.2377e-04,  4.6703e-04, -1.4615e-03],
        [-1.1042e-06,  2.6168e-04,  1.2275e-03],
        [-8.3143e-04, -8.8564e-05,  1.3033e-03],
        [ 1.8468e-03,  1.3030e-03, -9.6475e-04],
        [-1.6532e-03, -8.7082e-04, -8.1026e-04],
        [-1.6216e-03,  1.1244e-03,  1.4086e-03],
        [ 8.9048e-04,  2.3249e-03, -9.0463e-04],
        [-2.2307e-04, -1.9551e-03, -1.1887e-03],
        [ 1.5778e-03, -2.0489e-03,  2.1804e-03],
        [ 3.4582e-04, -3.8329e-03, -8.7404e-04],
        [-1.2424e-03,  5.8139e-04, -1.9554e-04],
        [ 2.9980e-03, -1.0108e-03, -1.0891e-03],
        [-1.2283e-03, -4.9003e-04, -6.1367e-04],
        [ 5.1996e-04, -1.9785e-03, -1.2958e-03],
        [-5.5942e-04,  1.4563e-03,  1.3192e-03],
        [ 6.7614e-04,  1.8842e-03, -8.3556e-04],
        [-7.7539e-05,  2.9671e-03, -9.0941e-04],
        [ 5.1530e-04, -1.0047e-03,  1.3047e-03],
        [-9.2724e-05,  2.8855e-05,  7.8344e-04],
        [ 6.6415e-04, -5.9293e-04, -3.1738e-03],
        [-2.1220e-03, -1.5040e-03, -1.2023e-03],
        [ 1.0445e-03, -1.1140e-03,  1.7814e-03],
        [ 1.9251e-03,  5.1503e-04, -8.5364e-04],
        [ 9.2605e-04, -9.0137e-04, -1.1728e-03],
        [ 7.0586e-04, -1.5890e-03, -3.1915e-04],
        [ 7.9057e-04,  5.7277e-04, -9.4393e-05],
        [ 2.2751e-04, -6.8786e-04,  2.0073e-03],
        [-2.1833e-03, -6.0819e-04, -6.5194e-04],
        [-1.7791e-03, -1.0554e-03, -8.4120e-04],
        [-1.5876e-03,  1.4339e-03,  2.5867e-04],
        [-9.3328e-04, -7.4701e-04,  5.5528e-04],
        [-5.5036e-05, -3.9532e-03, -5.2401e-05],
        [-5.2684e-04,  1.1755e-03, -4.8343e-04],
        [ 1.8089e-03,  2.1583e-03, -8.3048e-04],
        [ 1.6870e-03, -2.2169e-03, -5.7823e-04],
        [-1.2957e-04,  1.6723e-03, -3.7400e-04],
        [-1.9770e-03, -1.0382e-03, -1.7939e-03],
        [-1.3450e-04, -2.2374e-04, -7.3003e-05],
        [-2.1559e-04, -8.0086e-04, -2.2722e-03]], device='cuda:0')), ('fcs.0.bias', tensor([ 3.5221e-04, -9.8880e-04, -9.6184e-04, -1.0130e-03,  8.9766e-04,
        -1.7935e-03, -3.7468e-03,  4.9230e-04, -1.3240e-03,  2.3927e-04,
        -9.1357e-04, -1.9177e-03,  1.6988e-01,  1.2554e-03, -4.4542e-05,
        -1.2847e-03,  1.5803e-04, -6.6449e-04,  6.1960e-04, -3.0415e-03,
        -7.9999e-04, -7.0726e-04,  1.1183e-04,  9.5268e-04, -1.5727e-04,
        -1.5170e-03,  2.1005e-04,  9.1733e-04,  1.3722e-04,  9.9258e-04,
        -1.9252e-03,  3.2959e-03,  1.2089e-03,  7.9596e-04, -1.6289e-03,
        -1.7811e-03,  6.9588e-04,  2.2423e-03,  1.7595e-04,  1.1940e-03,
         1.3420e-04, -1.3436e-03,  1.2751e-03,  8.2402e-04, -5.7680e-04,
         6.9571e-04, -1.8965e-03, -1.3032e-03, -1.3589e-03, -1.1399e-04,
         2.0459e-03, -1.9906e-03, -1.3504e-03,  3.8462e-04, -6.1318e-04,
        -4.1901e-04, -2.1246e-03, -2.1795e-03, -2.4638e-04,  9.1376e-04,
         2.9327e-03, -1.8244e-03,  1.4118e-03, -3.0149e-04], device='cuda:0')), ('fcs.1.weight', tensor([[ 4.7738e-04, -4.3580e-04, -1.0557e-03,  2.4148e-04, -3.9698e-04,
          1.7223e-03,  1.7398e-04, -3.6663e-04,  2.4678e-04, -3.3639e-04,
         -2.7318e-04, -5.3961e-04,  8.4894e-01,  7.1616e-04,  2.4187e-03,
          8.0058e-05,  5.5535e-04, -2.0870e-04, -3.9727e-06,  8.4212e-04,
         -6.8226e-06,  4.8228e-04, -3.5434e-04, -1.9927e-04,  1.9763e-03,
         -2.2152e-03,  3.2062e-05, -1.2192e-04, -1.0830e-03,  4.8086e-05,
         -6.2800e-04,  2.3680e-04, -1.1056e-03,  5.7878e-04, -6.8580e-04,
          1.9705e-03,  2.6086e-05, -7.3542e-05, -1.1918e-04, -6.8764e-05,
          1.7994e-04, -4.2371e-04,  5.7742e-05, -7.2052e-05,  1.9174e-04,
          1.2377e-03, -4.0203e-06, -8.7398e-05, -3.0281e-05,  1.7097e-03,
         -1.7157e-03, -4.5778e-04, -1.2052e-04, -3.2909e-04, -2.4055e-04,
         -1.0371e-03, -4.1614e-04, -3.7669e-04,  2.7554e-03, -3.3224e-04,
          5.8956e-04,  3.1962e-04, -1.7969e-03, -7.9555e-05]], device='cuda:0'))])
end of epoch 3: val_loss 0.0071567050703418645, val_acc 1.0
trigger times: 1
end of epoch 4: val_loss 0.006186749080523519, val_acc 1.0
trigger times: 2
end of epoch 5: val_loss 0.00565074433492704, val_acc 1.0
trigger times: 3
end of epoch 6: val_loss 0.008080442037095282, val_acc 1.0
trigger times: 4
end of epoch 7: val_loss 0.004720157315282023, val_acc 1.0
trigger times: 0
saving model weights...
Weights: OrderedDict([('fcs.0.weight', tensor([[-1.2916e-03, -2.3064e-03,  9.5095e-04],
        [-6.9250e-04, -1.4043e-04,  1.5012e-04],
        [-7.3446e-05, -6.1799e-04,  1.1131e-03],
        [-1.1251e-03,  5.5961e-04,  3.2579e-04],
        [ 2.7411e-03, -1.0981e-03, -6.5947e-04],
        [ 7.8523e-04,  1.0721e-03, -1.5020e-03],
        [ 2.4405e-03, -3.6601e-04,  1.7916e-03],
        [-8.6373e-04,  1.2913e-03,  9.9488e-04],
        [ 7.9736e-04,  1.0753e-03, -2.0274e-03],
        [ 1.3473e-03,  8.4263e-04,  7.9592e-04],
        [ 8.3376e-05, -3.7347e-04, -1.4428e-03],
        [ 1.2284e-03, -8.7101e-04,  2.5021e-03],
        [-2.5321e-01,  6.8879e-01, -3.3263e-02],
        [-4.8482e-04,  9.0604e-04,  5.9605e-04],
        [-6.5232e-04, -7.4097e-04, -9.0603e-04],
        [ 1.1202e-03,  3.5099e-03,  7.4758e-04],
        [-6.0510e-04, -6.9603e-04, -5.5522e-04],
        [ 1.9180e-03,  1.0891e-03, -7.7091e-04],
        [-1.0056e-03, -1.5693e-03,  1.4700e-03],
        [-6.0331e-04,  3.1241e-04, -1.0745e-03],
        [-6.9092e-04,  1.6358e-04, -1.5012e-03],
        [-4.8543e-04, -2.2911e-03, -4.7369e-04],
        [ 1.0128e-03,  1.2085e-03, -1.0276e-03],
        [ 1.7269e-03,  1.7210e-03,  1.1320e-03],
        [ 8.5641e-04, -1.2669e-04, -5.4506e-04],
        [ 7.8527e-04, -2.0867e-04, -5.5229e-04],
        [-5.7141e-04,  1.8274e-03, -2.1380e-03],
        [ 1.7800e-03, -8.0805e-05, -2.1476e-03],
        [-4.5710e-04, -8.2925e-04,  5.5468e-04],
        [-7.5543e-04, -3.4843e-04, -9.1302e-04],
        [ 2.6725e-03, -1.5436e-03,  1.7199e-03],
        [ 3.9625e-03,  2.9923e-04,  6.0875e-05],
        [ 1.2231e-03, -8.7676e-04,  1.2146e-03],
        [-1.7714e-03, -2.7396e-03, -2.6459e-05],
        [ 2.7967e-04, -1.4381e-03, -1.8262e-03],
        [ 1.2845e-03, -6.4707e-04,  5.6814e-05],
        [-7.3680e-04, -5.7838e-04,  5.3087e-04],
        [-1.6224e-03, -5.2690e-04, -2.0440e-03],
        [-8.7050e-04, -2.5604e-05,  6.3772e-04],
        [-1.2904e-03,  1.2955e-03, -1.6424e-03],
        [-1.9223e-03,  1.7908e-03, -1.8709e-03],
        [ 1.1910e-03, -1.0106e-03,  1.8113e-03],
        [-1.6535e-04,  2.5627e-05, -1.0379e-03],
        [-2.1768e-03,  1.7423e-03,  1.3693e-03],
        [-7.5867e-04, -5.6574e-04, -2.8003e-04],
        [-2.1380e-03,  3.2844e-05, -2.3903e-03],
        [ 7.8883e-04, -1.0684e-03, -1.7273e-03],
        [-7.9523e-04,  1.1925e-04,  1.6186e-04],
        [ 1.2903e-03,  6.2941e-04,  4.8607e-04],
        [-1.5276e-03, -1.4004e-03,  3.1338e-04],
        [-6.9988e-04,  1.2468e-03,  3.1676e-04],
        [-8.7010e-06,  1.1683e-03,  1.3002e-03],
        [ 7.0012e-04, -1.2914e-03, -4.2941e-04],
        [-2.3805e-03, -1.0715e-04, -1.6643e-04],
        [-8.9145e-04, -7.9812e-04,  3.8298e-04],
        [ 5.8652e-04, -7.5575e-04, -1.9499e-03],
        [-2.3461e-03, -6.6426e-04, -5.2642e-04],
        [ 4.0862e-05,  2.1615e-04,  7.8145e-04],
        [ 1.6355e-03,  1.3872e-03, -4.0749e-04],
        [-2.4340e-03,  1.2296e-03, -1.2664e-03],
        [ 8.1833e-04,  4.2094e-03,  7.1489e-04],
        [ 5.6044e-04,  3.6785e-03, -1.8206e-03],
        [-9.1657e-04, -3.4828e-04, -2.7812e-04],
        [-2.0822e-04,  8.9254e-04, -1.7283e-03]], device='cuda:0')), ('fcs.0.bias', tensor([-1.1315e-04, -8.8534e-04, -9.0251e-04, -1.7234e-03,  1.0914e-03,
        -1.6590e-03, -3.9732e-03, -2.3172e-03,  6.6641e-05, -1.0347e-03,
        -1.7375e-04,  1.2295e-03,  1.3958e-01, -1.0844e-04,  9.4164e-04,
         8.5393e-04,  1.9763e-03, -2.8521e-03,  2.2219e-03, -8.9624e-04,
         2.0125e-03,  1.1370e-04, -9.1330e-04,  9.4450e-04, -1.6965e-04,
         2.3585e-03,  9.2634e-04, -6.4692e-04,  1.8590e-04,  6.3869e-05,
         1.1633e-04, -9.4677e-04,  5.9627e-04, -2.5749e-03, -3.6615e-04,
         8.5782e-04,  6.1130e-04, -1.0380e-03,  1.5314e-03,  4.5036e-03,
         1.0736e-04,  7.6462e-04, -1.4725e-03, -3.9726e-04,  7.3408e-05,
        -1.9767e-05,  1.5803e-05,  5.8069e-04, -7.3961e-04,  2.3898e-03,
        -9.6791e-04,  1.0884e-03, -1.9482e-03, -1.4042e-03,  2.6193e-03,
        -5.4806e-04, -5.9995e-04,  1.7313e-03, -3.0407e-04,  6.4556e-04,
        -6.0080e-04,  6.0835e-04, -7.5704e-04, -1.0762e-03], device='cuda:0')), ('fcs.1.weight', tensor([[-6.9844e-04,  7.3140e-04, -4.8879e-05, -1.0856e-03,  5.6177e-04,
         -7.8068e-04, -8.5095e-04,  5.8016e-04, -7.2731e-04,  5.7377e-04,
         -6.6443e-04, -8.4671e-04,  8.0511e-01,  3.8601e-03, -7.8052e-04,
          6.7555e-04,  1.6114e-03, -7.0880e-04, -7.4252e-04,  1.6238e-03,
          3.8581e-04, -8.5926e-04, -1.7369e-03,  4.8120e-04, -1.5401e-04,
          1.2186e-03,  5.4931e-04,  1.7282e-03, -6.3779e-04, -2.2515e-03,
         -1.1061e-04,  1.3326e-03,  7.3854e-04,  2.7138e-03,  4.2588e-04,
         -7.7762e-05, -1.2549e-03, -6.9815e-04, -6.9783e-04,  1.3853e-03,
          2.7717e-03,  4.8682e-04,  4.8915e-04,  9.5696e-06,  5.3511e-04,
         -2.3006e-04,  7.8081e-04, -2.8444e-03,  9.9905e-04, -3.3113e-03,
         -2.2546e-04,  1.1733e-03, -7.9168e-04,  2.3331e-03, -5.0567e-04,
         -1.7620e-03, -1.2598e-03, -6.0894e-04, -3.4697e-03,  1.5272e-03,
         -2.9738e-04, -5.5773e-04,  5.0004e-04,  7.4305e-04]], device='cuda:0'))])
end of epoch 8: val_loss 0.005069507020295418, val_acc 1.0
trigger times: 1
end of epoch 9: val_loss 0.005954141437911211, val_acc 1.0
trigger times: 2
end of epoch 10: val_loss 0.00824475560941142, val_acc 1.0
trigger times: 3
end of epoch 11: val_loss 0.003297896030362324, val_acc 1.0
trigger times: 0
saving model weights...
Weights: OrderedDict([('fcs.0.weight', tensor([[ 7.2738e-04, -5.5806e-05,  1.9836e-03],
        [-1.2477e-03, -7.0129e-06,  5.6915e-04],
        [-1.0436e-03,  1.5789e-03,  5.3518e-04],
        [-1.2068e-03,  9.6716e-06,  3.6442e-05],
        [-1.5824e-03,  6.1965e-04,  1.4906e-03],
        [ 3.1184e-04, -7.2640e-04,  1.7183e-03],
        [-1.5597e-03,  2.4067e-04, -2.7612e-03],
        [ 1.4336e-03, -1.4393e-03, -1.7444e-04],
        [ 2.9228e-04,  4.5668e-04,  5.9520e-04],
        [ 1.7433e-04,  3.6586e-04, -1.6334e-03],
        [-8.7918e-04,  1.5315e-03, -1.7111e-04],
        [-6.0213e-04, -1.6686e-04, -4.9322e-04],
        [-2.1405e-01,  7.0985e-01, -2.4016e-01],
        [ 1.1729e-03, -8.6148e-04, -1.5722e-04],
        [ 6.1985e-04,  1.2262e-05, -4.5888e-04],
        [ 5.8192e-04, -2.8804e-04, -2.9203e-04],
        [ 1.3415e-03, -2.5595e-03, -1.3273e-04],
        [ 1.1011e-03, -9.5470e-04,  1.2588e-03],
        [ 1.0110e-03, -3.9665e-04, -3.9277e-04],
        [ 1.2039e-03,  3.1671e-04,  3.4503e-03],
        [-2.8165e-04,  2.7013e-03, -3.6248e-04],
        [-9.2015e-05, -4.2051e-04,  6.8536e-04],
        [-7.1624e-04,  2.9918e-04, -1.6349e-03],
        [ 2.2359e-05,  1.3647e-03,  1.6663e-04],
        [ 1.2291e-03, -6.6443e-04,  9.7286e-04],
        [ 2.7927e-03, -1.3905e-04,  8.7376e-04],
        [-5.2302e-04, -6.4478e-04,  2.4063e-04],
        [-1.0423e-03, -2.1751e-03, -1.7024e-03],
        [-1.4632e-03,  4.1898e-04, -2.1911e-03],
        [ 2.7568e-04,  4.0389e-04,  2.4635e-04],
        [ 3.5325e-05,  9.4814e-04, -3.6392e-03],
        [-1.5667e-03,  3.1970e-04, -4.3668e-04],
        [-1.6980e-03,  7.6386e-04,  9.8558e-04],
        [ 2.5241e-03, -1.2846e-03, -2.7418e-04],
        [ 3.2119e-03, -2.1004e-03,  4.7551e-05],
        [ 3.3669e-04, -2.0299e-03,  2.3175e-03],
        [-5.8229e-04,  1.2994e-03,  2.8293e-03],
        [-8.5539e-04,  2.8138e-03,  1.2684e-03],
        [ 7.7868e-05, -2.6491e-04,  3.9010e-04],
        [ 1.6513e-03, -3.3461e-04, -1.3872e-03],
        [-5.0110e-04, -1.9085e-03, -1.0009e-03],
        [ 3.2074e-04,  4.3677e-04, -2.5764e-05],
        [ 6.0421e-04,  5.4985e-04, -7.7398e-04],
        [-2.8811e-04, -5.2763e-04, -1.5818e-04],
        [ 2.2256e-03,  1.5999e-03,  1.3639e-03],
        [ 2.8475e-03, -4.4274e-04,  5.7058e-04],
        [ 1.6049e-03, -1.4636e-03, -1.2557e-03],
        [ 1.2284e-03, -6.9182e-04, -2.0374e-03],
        [ 2.2283e-04, -9.8493e-05, -3.0318e-04],
        [ 1.3383e-03,  3.5585e-04,  1.9883e-03],
        [ 2.0725e-04,  1.9047e-03,  6.6416e-04],
        [-1.2367e-03, -6.8010e-04, -7.0132e-04],
        [-8.5831e-04,  2.3633e-03, -9.9030e-04],
        [-1.1148e-04,  6.9493e-04,  9.0561e-04],
        [-3.3863e-04, -2.6577e-03, -1.1161e-03],
        [-9.1066e-04,  1.9151e-03, -2.8197e-03],
        [ 3.1522e-04,  1.7028e-03, -6.9325e-04],
        [ 1.4516e-03,  1.7622e-03, -6.0697e-04],
        [-3.6189e-03, -1.6550e-04, -2.3903e-04],
        [-2.0313e-03,  2.0103e-03,  3.1128e-04],
        [-1.5731e-03,  1.0399e-03,  2.4023e-03],
        [-2.2476e-03, -3.2595e-03, -1.1000e-03],
        [-1.6303e-04, -1.2604e-03, -1.0442e-03],
        [-2.5553e-04, -1.3393e-03,  6.7925e-04]], device='cuda:0')), ('fcs.0.bias', tensor([-5.1120e-04, -1.2617e-03,  3.9767e-04,  4.5753e-04,  1.3344e-03,
         3.6763e-03, -5.6900e-04, -5.7538e-04,  1.4158e-03, -1.1099e-03,
        -1.3387e-03, -9.5257e-04,  1.6164e-01, -1.2095e-03, -8.7760e-05,
         6.9420e-04,  7.4182e-05,  5.9476e-04,  1.5307e-03,  1.8237e-03,
         5.9534e-04, -1.0888e-03,  1.3681e-03, -1.4391e-03, -7.8094e-04,
        -8.9767e-04, -1.5090e-03,  2.8353e-03,  1.9605e-03,  4.0684e-04,
         6.2171e-04, -3.2715e-04,  1.2519e-03, -2.4150e-04, -9.5035e-04,
         5.6748e-04,  4.8833e-04,  6.8022e-04,  2.7097e-03,  9.6320e-04,
         1.7978e-03, -1.5182e-03,  1.0092e-03,  2.5545e-03,  1.8196e-05,
         4.8000e-04, -1.4525e-03,  3.3685e-04,  5.8454e-04,  4.1035e-04,
        -7.5318e-04, -1.6142e-04, -1.4841e-03, -2.5264e-04, -3.4736e-04,
        -1.6742e-03,  1.7614e-03,  5.6434e-04, -1.0699e-03,  1.1758e-03,
        -3.4348e-04, -3.9837e-03, -3.3499e-04,  6.2222e-04], device='cuda:0')), ('fcs.1.weight', tensor([[-1.7249e-04, -1.8429e-03,  4.4705e-04,  1.8489e-03, -1.4313e-04,
         -1.2620e-03,  1.5924e-03, -1.5082e-03,  5.5704e-04, -7.9664e-04,
          1.6268e-03,  1.3611e-03,  8.8277e-01, -1.7485e-04, -1.5624e-03,
         -4.3770e-04,  2.1139e-03,  5.7463e-06,  1.2443e-03, -5.9951e-04,
         -2.1510e-04,  5.8886e-04, -1.2254e-03,  1.0182e-03,  9.0069e-04,
          2.1204e-03, -1.4244e-04, -1.6167e-03,  1.0098e-03, -8.6947e-04,
          6.4422e-04,  1.5009e-03, -2.8830e-05, -1.6169e-03, -6.6981e-04,
         -1.7473e-03,  7.2099e-04, -1.9683e-03,  1.2205e-03, -1.3387e-03,
         -5.8655e-04, -2.1349e-03, -4.3906e-03,  9.0579e-04, -1.3670e-03,
         -9.3493e-04,  3.9600e-04,  2.0218e-03,  1.5877e-03,  1.3465e-03,
         -2.0230e-03,  1.0368e-03,  8.4475e-04,  1.2507e-03, -7.8158e-04,
         -1.2389e-03,  2.7351e-04,  4.2439e-04, -1.4116e-03, -7.2878e-04,
          9.5676e-05, -1.7804e-03, -1.0269e-03,  1.3029e-03]], device='cuda:0'))])
end of epoch 12: val_loss 0.008507392767458733, val_acc 1.0
trigger times: 1
end of epoch 13: val_loss 0.007845302952241617, val_acc 1.0
trigger times: 2
end of epoch 14: val_loss 0.006093356872165536, val_acc 1.0
trigger times: 3
end of epoch 15: val_loss 0.008460520983295474, val_acc 1.0
trigger times: 4
end of epoch 16: val_loss 0.0050109548646466, val_acc 1.0
trigger times: 5
end of epoch 17: val_loss 0.011389627699187095, val_acc 1.0
trigger times: 6
end of epoch 18: val_loss 0.0038300670259585347, val_acc 1.0
trigger times: 7
end of epoch 19: val_loss 0.003718304421206362, val_acc 1.0
trigger times: 8
end of epoch 20: val_loss 0.00743910524100361, val_acc 1.0
trigger times: 9
end of epoch 21: val_loss 0.00625473779444647, val_acc 1.0
trigger times: 10
Early stopping.
0 -0.1328631466749357 -191.10004520678868
1 -0.13041204474575352 -189.05007017278314
2 -0.13925866525096353 -187.50220085194994
3 -0.10539847849213402 -180.24009179391223
4 0.13514571626109273 -171.9613792356186
5 0.6615610416656637 -169.3817016847894
6 -0.07524689193087397 -167.87631268052303
7 -0.12953352794284 -164.27567046290412
8 -0.057830478227515414 -163.76742236654098
9 1.3493542231258289 -156.0786895876365
10 0.05440580311278609 -155.22804551507866
11 -0.06888339111901587 -145.29002069283715
12 -0.07235707522681878 -142.86657280197298
13 0.9378489715070941 -142.75441848091938
14 1.8195611427788663 -136.98962801176134
15 -0.049671440270486755 -132.4813576990395
16 2.500544505961443 -130.98347157271724
17 -0.02505733102088925 -118.2436222554584
18 4.741098222044343 -117.38411415155902
19 0.7685204379545212 -116.97382686219106
20 2.6455966002486946 -115.06704102317899
21 7.200629026749539 -112.47832645551227
22 0.6885860582740406 -103.24187681049156
23 9.381964157721086 -99.7422752992134
24 12.011222882481889 -98.18526661663928
25 9.329999401977261 -88.94674758091466
26 11.479174828255054 -85.88346861832474
27 13.912354288529968 -79.38307722218848
28 12.282154238251678 -79.25112655387144
29 6.891442591598661 -73.50697855948762
30 6.915202949911929 -72.69803191552006
31 12.148272990416444 -71.37326168319514
32 9.296693878342467 -68.27187815304366
33 10.140046930375433 -65.42298162776466
34 11.607058880176169 -65.35816021006309
35 13.078856691981173 -49.3186741604369
36 5.778724812617725 -17.325441617065966
37 13.989924036610503 -4.374511275254108
38 13.461615313895436 -0.4258658969524013
39 10.254272770522562 9.108146753357724
40 11.732462941955419 17.732630180500013
41 17.50880367185073 40.64550156746333
42 16.989010339113065 41.11774838972275
43 12.710645969533857 48.64917674484657
44 15.467848898369994 52.50260039838799
45 15.594536335895839 52.54502852695255
46 16.330968914848427 59.52827491841281
47 16.6767359138953 63.45606316769021
48 17.8553798622587 66.31570758515764
49 11.75771676485715 67.13050507695384
50 19.655920839204555 72.16624272108386
51 11.253958350375342 79.16074531670823
52 13.28863862003459 84.19837606184075
53 12.949519494959986 89.30707154325768
54 13.273991183699763 90.2698850730257
55 14.04466787962133 90.28646231697512
56 17.598701116514803 90.32667007477052
57 19.380408694372818 91.18021498086692
58 18.108291313292284 92.38187517969644
59 13.0279024651918 92.67153902025292
60 13.240019639231718 93.69474938898811
61 18.505398841743954 93.86112859581364
62 13.875081513258237 95.24073532592021
63 13.716362823456166 95.3630101766082
64 14.13130011564499 96.09581961281374
65 15.281851414009907 97.90553231413178
66 14.30273258088664 98.07644230926206
67 14.679501366710156 98.35872828331676
68 14.042598443562838 98.57334710000995
69 14.831302602330624 98.77895390936838
70 14.742149887384585 99.10163703819775
71 14.585156059018118 99.47183807834362
72 14.880039382349878 101.36707045382526
73 14.992457850204119 102.70820969163083
74 14.69095590444158 103.61971441966246
75 15.592557444018894 104.00039883786899
76 15.799893871433255 104.94014608739957
77 14.944845884176175 105.28448326377394
78 16.065381141559925 105.60678192821229
79 17.05826789824073 106.95774051225432
80 16.01945621290065 107.03525723063939
81 16.248104770845202 107.05410485829283
82 17.57075352339791 107.36477417456501
83 17.16461502160928 107.72369032284489
84 15.664626850597415 107.78006757763964
85 16.047672626113126 107.99397435655325
86 16.706397709646808 108.08910889221833
87 16.209419281104147 108.09776529440465
88 17.16863398823807 108.24033506535473
89 17.091177680016244 109.15712102315346
90 16.76744899888058 109.71287331230647
91 16.906321113101058 110.25063890779474
92 17.42366083003526 110.45880856467717
93 17.57600726961664 110.48639228144049
94 17.431046379464533 111.92877271779909
95 17.09136939752466 112.29467419620224
96 17.438956886573806 112.73910566375015
97 17.683412404708633 112.98274531176438
98 17.953184945534304 113.84616479719523
99 19.149096379929688 114.84612239587612
100 17.393987861250935 115.08707834021696
101 19.05946187903828 115.41025719446112
102 18.656410400162713 115.5646624637931
103 18.851955883750634 115.87882502857741
104 18.201268779411294 116.51927592390606
105 17.655662889006635 116.69939038222442
106 18.667850803572037 117.18809854794453
107 18.613328166238716 117.29357601720739
108 19.22136829011106 117.43241923864416
109 18.519319836410432 119.84073495876005
110 19.82705958219009 122.74776106687673
111 19.651430219152644 124.10172315382671
112 20.490553927807014 124.42382576156477
113 19.863305379931262 124.48179570258212
114 19.847724152437195 125.2590893824027
115 20.162762110398944 125.30457667780085
116 20.031391596064395 125.43458549438884
117 21.651192082885245 129.13346806288703
118 21.61620513105845 129.67718524437547
119 22.360424029437127 131.40806576766226
train accuracy: 1.0
validation accuracy: 1.0
