demo lengths 200
demos: (120, 200, 3)
demo_rewards: (120,)
[-191.10004521 -189.05007017 -187.50220085 -180.24009179 -171.96137924
 -169.38170168 -167.87631268 -164.27567046 -163.76742237 -156.07868959
 -155.22804552 -145.29002069 -142.8665728  -142.75441848 -136.98962801
 -132.4813577  -130.98347157 -118.24362226 -117.38411415 -116.97382686
 -115.06704102 -112.47832646 -103.24187681  -99.7422753   -98.18526662
  -88.94674758  -85.88346862  -79.38307722  -79.25112655  -73.50697856
  -72.69803192  -71.37326168  -68.27187815  -65.42298163  -65.35816021
  -49.31867416  -17.32544162   -4.37451128   -0.4258659     9.10814675
   17.73263018   40.64550157   41.11774839   48.64917674   52.5026004
   52.54502853   59.52827492   63.45606317   66.31570759   67.13050508
   72.16624272   79.16074532   84.19837606   89.30707154   90.26988507
   90.28646232   90.32667007   91.18021498   92.38187518   92.67153902
   93.69474939   93.8611286    95.24073533   95.36301018   96.09581961
   97.90553231   98.07644231   98.35872828   98.5733471    98.77895391
   99.10163704   99.47183808  101.36707045  102.70820969  103.61971442
  104.00039884  104.94014609  105.28448326  105.60678193  106.95774051
  107.03525723  107.05410486  107.36477417  107.72369032  107.78006758
  107.99397436  108.08910889  108.09776529  108.24033507  109.15712102
  109.71287331  110.25063891  110.45880856  110.48639228  111.92877272
  112.2946742   112.73910566  112.98274531  113.8461648   114.8461224
  115.08707834  115.41025719  115.56466246  115.87882503  116.51927592
  116.69939038  117.18809855  117.29357602  117.43241924  119.84073496
  122.74776107  124.10172315  124.42382576  124.4817957   125.25908938
  125.30457668  125.43458549  129.13346806  129.67718524  131.40806577]
maximum traj length 200
num training_obs 1800
num training_labels 1800
num val_obs 200
num val_labels 200
cuda:0
end of epoch 0: val_loss 0.004042294879877808, val_acc 1.0
trigger times: 0
saving model weights...
Weights: OrderedDict([('fc1.weight', tensor([[-0.2728,  0.4047, -0.1854]], device='cuda:0'))])
end of epoch 1: val_loss 0.004226623295556422, val_acc 1.0
trigger times: 1
end of epoch 2: val_loss 0.004717968225856631, val_acc 1.0
trigger times: 2
end of epoch 3: val_loss 0.0035105663649518705, val_acc 1.0
trigger times: 0
saving model weights...
Weights: OrderedDict([('fc1.weight', tensor([[-0.2192,  0.4561, -0.2966]], device='cuda:0'))])
end of epoch 4: val_loss 0.003685996703207941, val_acc 1.0
trigger times: 1
end of epoch 5: val_loss 0.004089297983565245, val_acc 1.0
trigger times: 2
end of epoch 6: val_loss 0.006378834958128081, val_acc 0.995
trigger times: 3
end of epoch 7: val_loss 0.0042145904198664045, val_acc 1.0
trigger times: 4
end of epoch 8: val_loss 0.00384897875663377, val_acc 1.0
trigger times: 5
end of epoch 9: val_loss 0.004011809069352878, val_acc 1.0
trigger times: 6
end of epoch 10: val_loss 0.005935316255686409, val_acc 1.0
trigger times: 7
end of epoch 11: val_loss 0.0041582839744041065, val_acc 1.0
trigger times: 8
end of epoch 12: val_loss 0.004465386542996086, val_acc 1.0
trigger times: 9
end of epoch 13: val_loss 0.00425617194105957, val_acc 1.0
trigger times: 10
Early stopping.
0 -44.508433908224106 -191.10004520678868
1 -44.21809360384941 -189.05007017278314
2 -45.13758608698845 -187.50220085194994
3 -41.254109635949135 -180.24009179391223
4 -39.0078843832016 -171.9613792356186
5 -37.76190246641636 -169.3817016847894
6 -37.67754653096199 -167.87631268052303
7 -43.46331965923309 -164.27567046290412
8 -41.94100625813007 -163.76742236654098
9 -33.23749537020922 -156.0786895876365
10 -36.641795322299004 -155.22804551507866
11 -36.40191575884819 -145.29002069283715
12 -36.92851506173611 -142.86657280197298
13 -28.823641948401928 -142.75441848091938
14 -30.16945768892765 -136.98962801176134
15 -35.24018983542919 -132.4813576990395
16 -27.442058451473713 -130.98347157271724
17 -33.54466886818409 -118.2436222554584
18 -23.6257207673043 -117.38411415155902
19 -33.091254144907 -116.97382686219106
20 -25.734322525560856 -115.06704102317899
21 -20.4495018273592 -112.47832645551227
22 -29.225493483245373 -103.24187681049156
23 -19.309530234895647 -99.7422752992134
24 -14.749595765955746 -98.18526661663928
25 -18.565788246691227 -88.94674758091466
26 -14.749819687567651 -85.88346861832474
27 -11.877253611572087 -79.38307722218848
28 -13.57751321233809 -79.25112655387144
29 -21.53045167028904 -73.50697855948762
30 -19.63032832555473 -72.69803191552006
31 -14.64937876071781 -71.37326168319514
32 -17.121290009468794 -68.27187815304366
33 -15.854860166087747 -65.42298162776466
34 -13.980181958526373 -65.35816021006309
35 -12.417460149154067 -49.3186741604369
36 -24.119361562654376 -17.325441617065966
37 -12.418835185468197 -4.374511275254108
38 -13.585505274124444 -0.4258658969524013
39 -17.05448466259986 9.108146753357724
40 -16.229937307536602 17.732630180500013
41 -7.781300270929933 40.64550156746333
42 -8.249044460244477 41.11774838972275
43 -13.34119033580646 48.64917674484657
44 -9.8284906540066 52.50260039838799
45 -9.833565971814096 52.54502852695255
46 -9.161802909336984 59.52827491841281
47 -8.507960849441588 63.45606316769021
48 -7.129042137414217 66.31570758515764
49 -15.250696036033332 67.13050507695384
50 -5.02497492916882 72.16624272108386
51 -16.01701382920146 79.16074531670823
52 -13.35059398971498 84.19837606184075
53 -13.366514835506678 89.30707154325768
54 -13.404689057264477 90.2698850730257
55 -12.509387319907546 90.28646231697512
56 -7.72219308745116 90.32667007477052
57 -5.332449436187744 91.18021498086692
58 -6.768245774321258 92.38187517969644
59 -13.104804440401495 92.67153902025292
60 -12.84886696189642 93.69474938898811
61 -6.626336556859314 93.86112859581364
62 -12.031387601047754 95.24073532592021
63 -12.076850591227412 95.3630101766082
64 -11.62510331068188 96.09581961281374
65 -10.233225903939456 97.90553231413178
66 -11.275861983187497 98.07644230926206
67 -10.84262197650969 98.35872828331676
68 -12.013315069489181 98.57334710000995
69 -11.172655834816396 98.77895390936838
70 -11.529592351987958 99.10163703819775
71 -11.065274016931653 99.47183807834362
72 -10.893421910703182 101.36707045382526
73 -10.446073008701205 102.70820969163083
74 -10.808162683621049 103.61971441966246
75 -9.770149441901594 104.00039883786899
76 -9.721303478814662 104.94014608739957
77 -10.57780644018203 105.28448326377394
78 -9.210080361925066 105.60678192821229
79 -8.155343131162226 106.95774051225432
80 -9.595022907480597 107.03525723063939
81 -8.893716842867434 107.05410485829283
82 -7.6877804948017 107.36477417456501
83 -7.868101940490305 107.72369032284489
84 -9.855724832974374 107.78006757763964
85 -9.435020284727216 107.99397435655325
86 -8.556883776560426 108.08910889221833
87 -9.376599490642548 108.09776529440465
88 -7.9814968216232955 108.24033506535473
89 -8.126250226050615 109.15712102315346
90 -8.51825652178377 109.71287331230647
91 -8.321302987635136 110.25063890779474
92 -8.121163128875196 110.45880856467717
93 -7.384396550245583 110.48639228144049
94 -7.846894600428641 111.92877271779909
95 -7.965291724540293 112.29467419620224
96 -7.651712526101619 112.73910566375015
97 -7.4157637022435665 112.98274531176438
98 -7.145300008356571 113.84616479719523
99 -5.436997811309993 114.84612239587612
100 -7.741693966090679 115.08707834021696
101 -5.709980780258775 115.41025719446112
102 -6.145224719308317 115.5646624637931
103 -5.8546671397052705 115.87882502857741
104 -7.103310897015035 116.51927592390606
105 -7.349175929091871 116.69939038222442
106 -6.072310181800276 117.18809854794453
107 -6.27376676723361 117.29357601720739
108 -5.459632302634418 117.43241923864416
109 -6.332073410972953 119.84073495876005
110 -4.750483530573547 122.74776106687673
111 -4.897760665975511 124.10172315382671
112 -3.937881384976208 124.42382576156477
113 -4.731180381961167 124.48179570258212
114 -4.649085693992674 125.2590893824027
115 -4.474299087189138 125.30457667780085
116 -4.459611441940069 125.43458549438884
117 -2.5253030392341316 129.13346806288703
118 -2.6501894211396575 129.67718524437547
119 -1.7484156945720315 131.40806576766226
train accuracy: 1.0
validation accuracy: 1.0
