demo lengths 200
demos: (120, 200, 3)
demo_rewards: (120,)
[-191.10004521 -189.05007017 -187.50220085 -180.24009179 -171.96137924
 -169.38170168 -167.87631268 -164.27567046 -163.76742237 -156.07868959
 -155.22804552 -145.29002069 -142.8665728  -142.75441848 -136.98962801
 -132.4813577  -130.98347157 -118.24362226 -117.38411415 -116.97382686
 -115.06704102 -112.47832646 -103.24187681  -99.7422753   -98.18526662
  -88.94674758  -85.88346862  -79.38307722  -79.25112655  -73.50697856
  -72.69803192  -71.37326168  -68.27187815  -65.42298163  -65.35816021
  -49.31867416  -17.32544162   -4.37451128   -0.4258659     9.10814675
   17.73263018   40.64550157   41.11774839   48.64917674   52.5026004
   52.54502853   59.52827492   63.45606317   66.31570759   67.13050508
   72.16624272   79.16074532   84.19837606   89.30707154   90.26988507
   90.28646232   90.32667007   91.18021498   92.38187518   92.67153902
   93.69474939   93.8611286    95.24073533   95.36301018   96.09581961
   97.90553231   98.07644231   98.35872828   98.5733471    98.77895391
   99.10163704   99.47183808  101.36707045  102.70820969  103.61971442
  104.00039884  104.94014609  105.28448326  105.60678193  106.95774051
  107.03525723  107.05410486  107.36477417  107.72369032  107.78006758
  107.99397436  108.08910889  108.09776529  108.24033507  109.15712102
  109.71287331  110.25063891  110.45880856  110.48639228  111.92877272
  112.2946742   112.73910566  112.98274531  113.8461648   114.8461224
  115.08707834  115.41025719  115.56466246  115.87882503  116.51927592
  116.69939038  117.18809855  117.29357602  117.43241924  119.84073496
  122.74776107  124.10172315  124.42382576  124.4817957   125.25908938
  125.30457668  125.43458549  129.13346806  129.67718524  131.40806577]
maximum traj length 200
num training_obs 1800
num training_labels 1800
num val_obs 200
num val_labels 200
cuda:0
end of epoch 0: val_loss 0.0092038558753449, val_acc 1.0
trigger times: 0
saving model weights...
Weights: OrderedDict([('fc1.weight', tensor([[-0.1845,  0.3521, -0.2096]], device='cuda:0'))])
end of epoch 1: val_loss 0.00594824285495239, val_acc 1.0
trigger times: 0
saving model weights...
Weights: OrderedDict([('fc1.weight', tensor([[-0.2195,  0.4490, -0.2821]], device='cuda:0'))])
end of epoch 2: val_loss 0.0061678831220572765, val_acc 1.0
trigger times: 1
end of epoch 3: val_loss 0.008900372133802214, val_acc 1.0
trigger times: 2
end of epoch 4: val_loss 0.007664282442780532, val_acc 1.0
trigger times: 3
end of epoch 5: val_loss 0.008034970047430754, val_acc 1.0
trigger times: 4
end of epoch 6: val_loss 0.007973041433521963, val_acc 1.0
trigger times: 5
end of epoch 7: val_loss 0.008965575337001326, val_acc 1.0
trigger times: 6
end of epoch 8: val_loss 0.0060149535117529854, val_acc 1.0
trigger times: 7
end of epoch 9: val_loss 0.00795527162765552, val_acc 1.0
trigger times: 8
end of epoch 10: val_loss 0.007207122932651408, val_acc 1.0
trigger times: 9
end of epoch 11: val_loss 0.006974060208359987, val_acc 1.0
trigger times: 10
Early stopping.
0 -46.85746441781521 -191.10004520678868
1 -46.55456727743149 -189.05007017278314
2 -47.46081277728081 -187.50220085194994
3 -43.462395548820496 -180.24009179391223
4 -41.119024872779846 -171.9613792356186
5 -39.81915631145239 -169.3817016847894
6 -39.731152057647705 -167.87631268052303
7 -45.50208154320717 -164.27567046290412
8 -43.966944471001625 -163.76742236654098
9 -35.099075734615326 -156.0786895876365
10 -38.544578567147255 -155.22804551507866
11 -38.18829672038555 -145.29002069283715
12 -38.68465705215931 -142.86657280197298
13 -30.49432998895645 -142.75441848091938
14 -31.79232231527567 -136.98962801176134
15 -36.87030038237572 -132.4813576990395
16 -28.99998115748167 -130.98347157271724
17 -34.99542339146137 -118.2436222554584
18 -25.01859294436872 -117.38411415155902
19 -34.522399105131626 -116.97382686219106
20 -27.112360805273056 -115.06704102317899
21 -21.758021445944905 -112.47832645551227
22 -30.489450231194496 -103.24187681049156
23 -20.462720096111298 -99.7422752992134
24 -15.811603274196386 -98.18526661663928
25 -19.580784782767296 -88.94674758091466
26 -15.705809163860977 -85.88346861832474
27 -12.655995330773294 -79.38307722218848
28 -14.376774776726961 -79.25112655387144
29 -22.579148022457957 -73.50697855948762
30 -20.479309301823378 -72.69803191552006
31 -15.61253488343209 -71.37326168319514
32 -17.91477280855179 -68.27187815304366
33 -16.593571895733476 -65.42298162776466
34 -14.637816745787859 -65.35816021006309
35 -12.95449585095048 -49.3186741604369
36 -25.049486632458866 -17.325441617065966
37 -13.001972230151296 -4.374511275254108
38 -14.219098987989128 -0.4258658969524013
39 -17.626051139086485 9.108146753357724
40 -16.8303674031049 17.732630180500013
41 -8.069354037754238 40.64550156746333
42 -8.557327524758875 41.11774838972275
43 -13.775183490011841 48.64917674484657
44 -10.046040683984756 52.50260039838799
45 -10.115859895944595 52.54502852695255
46 -9.41504409071058 59.52827491841281
47 -8.732924341224134 63.45606316769021
48 -7.294369704090059 66.31570758515764
49 -15.672755188308656 67.13050507695384
50 -5.099304943345487 72.16624272108386
51 -16.377697862684727 79.16074531670823
52 -13.595959492959082 84.19837606184075
53 -13.612568850629032 89.30707154325768
54 -13.652394049800932 90.2698850730257
55 -12.718371843919158 90.28646231697512
56 -7.818656309507787 90.32667007477052
57 -5.325559872202575 91.18021498086692
58 -6.823452142998576 92.38187517969644
59 -13.339539770968258 92.67153902025292
60 -13.072533404454589 93.69474938898811
61 -6.675405609421432 93.86112859581364
62 -12.21969951596111 95.24073532592021
63 -12.2671286361292 95.3630101766082
64 -11.795844133011997 96.09581961281374
65 -10.343770104460418 97.90553231413178
66 -11.431498557329178 98.07644230926206
67 -10.979521677829325 98.35872828331676
68 -12.200845380313694 98.57334710000995
69 -11.323828763328493 98.77895390936838
70 -11.696202342398465 99.10163703819775
71 -11.211803058162332 99.47183807834362
72 -11.032518615946174 101.36707045382526
73 -10.565822692587972 102.70820969163083
74 -10.943571944721043 103.61971441966246
75 -9.860666178166866 104.00039883786899
76 -9.80970802437514 104.94014608739957
77 -10.703253290615976 105.28448326377394
78 -9.276375162415206 105.60678192821229
79 -8.17602216778323 106.95774051225432
80 -9.677965913899243 107.03525723063939
81 -8.946329340338707 107.05410485829283
82 -7.688238197937608 107.36477417456501
83 -7.876358387991786 107.72369032284489
84 -9.949942706152797 107.78006757763964
85 -9.511043365113437 107.99397435655325
86 -8.594928788021207 108.08910889221833
87 -9.450095914304256 108.09776529440465
88 -7.994657292030752 108.24033506535473
89 -8.145670994184911 109.15712102315346
90 -8.554631046950817 109.71287331230647
91 -8.349159565754235 110.25063890779474
92 -8.140363993123174 110.45880856467717
93 -7.371733370237052 110.48639228144049
94 -7.854233834892511 111.92877271779909
95 -7.9777513686567545 112.29467419620224
96 -7.650610331445932 112.73910566375015
97 -7.404457182623446 112.98274531176438
98 -7.122296178713441 113.84616479719523
99 -5.340112613514066 114.84612239587612
100 -7.7444833596237 115.08707834021696
101 -5.624901651404798 115.41025719446112
102 -6.078969246707857 115.5646624637931
103 -5.775845484342426 115.87882502857741
104 -7.078491176478565 116.51927592390606
105 -7.334989626891911 116.69939038222442
106 -6.002901372965425 117.18809854794453
107 -6.213070536963642 117.29357601720739
108 -5.363726019859314 117.43241923864416
109 -6.273898836225271 119.84073495876005
110 -4.623907702974975 122.74776106687673
111 -4.777554300613701 124.10172315382671
112 -3.7761618914082646 124.42382576156477
113 -4.603769755922258 124.48179570258212
114 -4.51812463067472 125.2590893824027
115 -4.335778815671802 125.30457667780085
116 -4.320455873385072 125.43458549438884
117 -2.3024917310103774 129.13346806288703
118 -2.43277922924608 129.67718524437547
119 -1.4920051861554384 131.40806576766226
train accuracy: 1.0
validation accuracy: 1.0
