demo lengths 200
demos: (120, 200, 32)
demo_rewards: (120,)
[-238.56539389647227, -226.82452825484978, -226.2241731451399, -208.89755486387574, -196.9840755292238, -194.4017457710484, -193.75394353311003, -173.38768743356906, -172.73844575529262, -172.5849598191294, -148.80630048130243, -146.54022994848935, -144.9163601843784, -144.5098799638122, -129.52710350510273, -119.6789138826375, -119.53338183357056, -115.00841352193844, -113.49466461352053, -107.45837168117659, -105.49937100040788, -101.9104943327425, -101.66294130080523, -98.89606860541423, -95.1909937931514, -93.31854913617367, -85.41926577166943, -83.18012153468804, -79.47665068598401, -77.34308621853297, -60.56041622227008, -58.68833689293549, -22.79021187897909, -19.65788926803626, -16.74518768263467, -13.719402302108403, 4.235189873860978, 5.0952806210809465, 10.178796790507759, 13.541055788508864, 14.989710929193077, 21.802029683432238, 31.12027905920427, 40.64550156746333, 40.69898986216935, 50.09032867204584, 57.290535515424786, 60.51441689036072, 62.587858111632386, 63.47489586756552, 65.395531990224, 68.71330703108626, 69.48459209048262, 72.16624272108386, 74.2233202149037, 79.16074531670823, 80.25553156558418, 87.50520028403979, 90.28646231697512, 90.72533900600311, 91.52552635781885, 91.95773979158345, 92.99221310223136, 94.14052712880752, 94.28590507273401, 95.24073532592021, 96.09581961281374, 96.50341248035636, 97.45820290396632, 97.90553231413178, 98.27346635731779, 98.35872828331676, 98.9255090371917, 99.09003071828721, 99.89253842063019, 100.07765055593329, 101.35869827851857, 103.56921378052652, 103.74194540937737, 104.00039883786899, 104.36031383612816, 104.79584301893571, 105.40349710769756, 105.60678192821229, 106.26867976298877, 106.37916921043517, 106.67969423997131, 106.81132709017433, 107.05410485829283, 107.44441498172971, 107.68792314282867, 107.72369032284489, 108.58631070626225, 108.79454915391223, 109.15712102315346, 109.71287331230647, 110.48639228144049, 111.4630258761226, 112.59201367677376, 113.4530990931055, 114.85996346749971, 115.04838323377467, 115.5646624637931, 115.77027450439896, 116.29805012422126, 116.38499266629886, 116.4198907102986, 117.08008835928221, 117.29357601720739, 118.29160885622866, 119.01062500757773, 120.85290512447664, 120.8902150231427, 121.40892075278066, 122.30522808413322, 129.13346806288703, 129.67718524437547, 129.79664443488912, 130.61780866873775, 131.40806576766226]
maximum traj length 200
num training_obs 100
num_labels 100
cuda:0
epoch 0:99 loss 79.26325353259017
check pointing
epoch 1:99 loss 52.35714473979533
check pointing
epoch 2:99 loss 42.08855242031677
check pointing
epoch 3:99 loss 37.583214261656394
check pointing
epoch 4:99 loss 33.654766745037705
check pointing
finished training
0 -4.661329737398773 -238.56539389647227
1 -2.520555010996759 -226.82452825484978
2 -10.572178510483354 -226.2241731451399
3 -2.050662122666836 -208.89755486387574
4 -6.643547793850303 -196.9840755292238
5 -1.5984914973378181 -194.4017457710484
6 -9.66594814741984 -193.75394353311003
7 -2.7649694555439055 -173.38768743356906
8 -6.547308588400483 -172.73844575529262
9 -8.598736057523638 -172.5849598191294
10 0.23087615193799138 -148.80630048130243
11 -3.34903526911512 -146.54022994848935
12 -3.033938874024898 -144.9163601843784
13 -2.732777243014425 -144.5098799638122
14 -6.310363938566297 -129.52710350510273
15 -0.18557701306417584 -119.6789138826375
16 -2.606099379248917 -119.53338183357056
17 -4.77707497170195 -115.00841352193844
18 -4.909884714055806 -113.49466461352053
19 4.559192347805947 -107.45837168117659
20 -0.842729133553803 -105.49937100040788
21 -1.4197392743080854 -101.9104943327425
22 -2.1459799292497337 -101.66294130080523
23 -0.021315937396138906 -98.89606860541423
24 1.2601676769554615 -95.1909937931514
25 -1.469811325892806 -93.31854913617367
26 1.5293129067867994 -85.41926577166943
27 -0.37602473236620426 -83.18012153468804
28 -2.03217938169837 -79.47665068598401
29 -3.797478216700256 -77.34308621853297
30 0.43646262120455503 -60.56041622227008
31 1.1682297443039715 -58.68833689293549
32 0.37668798957020044 -22.79021187897909
33 3.286321470979601 -19.65788926803626
34 1.8564255218952894 -16.74518768263467
35 0.3771670153364539 -13.719402302108403
36 -0.05834907805547118 4.235189873860978
37 -1.6744016082957387 5.0952806210809465
38 0.2120037921704352 10.178796790507759
39 0.34786149114370346 13.541055788508864
40 0.7153983898460865 14.989710929193077
41 1.4569682963192463 21.802029683432238
42 -1.9624163317494094 31.12027905920427
43 1.2841384294442832 40.64550156746333
44 2.7044999012723565 40.69898986216935
45 2.184781864285469 50.09032867204584
46 0.042140099219977856 57.290535515424786
47 1.0670292233116925 60.51441689036072
48 -0.221638061106205 62.587858111632386
49 -0.13865689281374216 63.47489586756552
50 1.998034257441759 65.395531990224
51 1.8242713185027242 68.71330703108626
52 1.7953598774038255 69.48459209048262
53 4.589305572677404 72.16624272108386
54 0.6186076141893864 74.2233202149037
55 0.3336750357411802 79.16074531670823
56 0.6391675285995007 80.25553156558418
57 0.012341754510998726 87.50520028403979
58 1.8321237596683204 90.28646231697512
59 1.5194317186251283 90.72533900600311
60 -0.19863106217235327 91.52552635781885
61 1.3603977784514427 91.95773979158345
62 -0.06934139737859368 92.99221310223136
63 -2.229154516477138 94.14052712880752
64 -0.9242193554528058 94.28590507273401
65 1.4931627572514117 95.24073532592021
66 -0.034038460813462734 96.09581961281374
67 4.213710549753159 96.50341248035636
68 1.4632288715802133 97.45820290396632
69 3.4339696187525988 97.90553231413178
70 -0.5327805732376873 98.27346635731779
71 2.3642733418382704 98.35872828331676
72 1.659568960312754 98.9255090371917
73 0.8186748721636832 99.09003071828721
74 3.0920288376510143 99.89253842063019
75 1.9899132843129337 100.07765055593329
76 4.15574430860579 101.35869827851857
77 -0.4965374697931111 103.56921378052652
78 1.0654961611144245 103.74194540937737
79 2.9109191824682057 104.00039883786899
80 1.0288376873359084 104.36031383612816
81 0.7592152715660632 104.79584301893571
82 0.7943904558196664 105.40349710769756
83 3.2492431574501097 105.60678192821229
84 1.2824475318193436 106.26867976298877
85 0.8023191173560917 106.37916921043517
86 1.0434983582235873 106.67969423997131
87 2.717614651657641 106.81132709017433
88 3.944832677487284 107.05410485829283
89 3.0033545061014593 107.44441498172971
90 2.267688254825771 107.68792314282867
91 3.918296235613525 107.72369032284489
92 0.8112008823081851 108.58631070626225
93 3.1302456380799413 108.79454915391223
94 3.232167578767985 109.15712102315346
95 3.3253183667548 109.71287331230647
96 2.7513919859193265 110.48639228144049
97 2.7050908557139337 111.4630258761226
98 1.5627701058983803 112.59201367677376
99 -0.21186877973377705 113.4530990931055
100 2.562011946924031 114.85996346749971
101 1.5911073251627386 115.04838323377467
102 4.626900029368699 115.5646624637931
103 -0.36842217529192567 115.77027450439896
104 1.6228164355270565 116.29805012422126
105 3.344790826551616 116.38499266629886
106 2.7531679864041507 116.4198907102986
107 2.469149853568524 117.08008835928221
108 2.0750695425085723 117.29357601720739
109 3.279234796296805 118.29160885622866
110 5.696441798936576 119.01062500757773
111 3.102032109629363 120.85290512447664
112 5.037829723209143 120.8902150231427
113 3.082821677904576 121.40892075278066
114 2.4780402053147554 122.30522808413322
115 6.303925145883113 129.13346806288703
116 6.447695177048445 129.67718524437547
117 4.3857812019996345 129.79664443488912
118 3.491640016902238 130.61780866873775
119 7.978882211260498 131.40806576766226
accuracy 0.85
