demo lengths 200
demos: (120, 200, 25)
demo_rewards: (120,)
[-238.5653939  -226.82452825 -226.22417315 -208.89755486 -196.98407553
 -194.40174577 -193.75394353 -173.38768743 -172.73844576 -172.58495982
 -148.80630048 -146.54022995 -144.91636018 -144.50987996 -129.52710351
 -119.67891388 -119.53338183 -115.00841352 -113.49466461 -107.45837168
 -105.499371   -101.91049433 -101.6629413   -98.89606861  -95.19099379
  -93.31854914  -85.41926577  -83.18012153  -79.47665069  -77.34308622
  -60.56041622  -58.68833689  -22.79021188  -19.65788927  -16.74518768
  -13.7194023     4.23518987    5.09528062   10.17879679   13.54105579
   14.98971093   21.80202968   31.12027906   40.64550157   40.69898986
   50.09032867   57.29053552   60.51441689   62.58785811   63.47489587
   65.39553199   68.71330703   69.48459209   72.16624272   74.22332021
   79.16074532   80.25553157   87.50520028   90.28646232   90.72533901
   91.52552636   91.95773979   92.9922131    94.14052713   94.28590507
   95.24073533   96.09581961   96.50341248   97.4582029    97.90553231
   98.27346636   98.35872828   98.92550904   99.09003072   99.89253842
  100.07765056  101.35869828  103.56921378  103.74194541  104.00039884
  104.36031384  104.79584302  105.40349711  105.60678193  106.26867976
  106.37916921  106.67969424  106.81132709  107.05410486  107.44441498
  107.68792314  107.72369032  108.58631071  108.79454915  109.15712102
  109.71287331  110.48639228  111.46302588  112.59201368  113.45309909
  114.85996347  115.04838323  115.56466246  115.7702745   116.29805012
  116.38499267  116.41989071  117.08008836  117.29357602  118.29160886
  119.01062501  120.85290512  120.89021502  121.40892075  122.30522808
  129.13346806  129.67718524  129.79664443  130.61780867  131.40806577]
maximum traj length 200
maximum traj length 200
num training_obs 900
num training_labels 900
num val_obs 100
num val_labels 100
num test_obs 7140
num test_labels 7140
ModuleList(
  (0): Linear(in_features=25, out_features=128, bias=True)
  (1): Linear(in_features=128, out_features=64, bias=True)
  (2): Linear(in_features=64, out_features=1, bias=False)
)
Total number of parameters: 11648
Number of trainable paramters: 11648
device: cuda:0
end of epoch 0: val_loss 0.34908185961364, val_acc 0.84
trigger times: 0
saving model weights...
Weights: OrderedDict([('fcs.0.weight', tensor([[ 0.0027, -0.0290,  0.0007,  ...,  0.0054,  0.0284, -0.0113],
        [-0.0867, -0.0095, -0.1571,  ...,  0.0203, -0.1312, -0.1226],
        [ 0.0321, -0.0058,  0.0175,  ..., -0.0030,  0.0022, -0.0024],
        ...,
        [-0.0315,  0.0754, -0.0344,  ...,  0.0924,  0.0917, -0.0040],
        [-0.0066,  0.0377,  0.0087,  ..., -0.1296, -0.0765, -0.0183],
        [-0.0060, -0.0712,  0.0771,  ...,  0.0370,  0.0279, -0.0178]],
       device='cuda:0')), ('fcs.0.bias', tensor([ 1.7539e-02, -1.5144e-01, -2.4929e-02,  1.4517e-01, -1.2192e-02,
        -1.9038e-02, -3.8178e-03, -5.1911e-02,  4.0115e-02,  3.8053e-02,
         2.2540e-02, -1.4615e-01, -6.0670e-02,  1.2349e-01, -1.6425e-01,
        -2.7477e-02,  4.4781e-02, -1.2246e-01, -4.1142e-02,  2.9813e-02,
        -1.5603e-02, -2.7138e-02,  3.2711e-02, -3.1362e-03,  5.7757e-02,
        -1.8507e-01,  3.7362e-02, -6.0571e-03, -7.2680e-02, -2.6721e-02,
        -1.0306e-02, -5.0747e-02, -1.5692e-03, -9.3262e-02,  1.9497e-02,
        -1.6468e-01, -2.7577e-03,  2.4085e-03,  6.6958e-03, -2.0410e-01,
         4.6861e-02, -3.1450e-02,  6.8968e-03, -1.2867e-01,  4.7099e-02,
         1.7083e-01, -7.2624e-02, -9.0654e-04,  1.7649e-01,  8.4934e-02,
        -1.6179e-02, -6.8337e-02, -9.0883e-02, -2.9281e-02, -3.8850e-03,
        -1.0497e-04,  1.1836e-01,  1.9389e-02,  1.5348e-01,  7.0791e-02,
        -5.2259e-02,  1.4465e-01,  1.2653e-01, -5.6372e-02,  3.9269e-03,
        -4.7881e-02, -1.0287e-03,  7.8080e-02, -9.6869e-02,  2.4484e-02,
        -4.0136e-02,  7.5309e-02, -4.1239e-02, -8.2027e-02, -1.9586e-02,
        -1.8239e-03, -6.1850e-03, -9.0079e-02, -8.8823e-02,  8.6743e-02,
        -1.2950e-01, -3.0158e-02,  1.8635e-03, -3.5085e-02, -1.0858e-01,
         6.6914e-02, -1.4191e-05, -1.0812e-01, -6.6549e-02, -2.5529e-02,
        -2.1823e-02,  6.1985e-03, -1.0689e-01, -7.8924e-05, -8.7990e-03,
        -3.7096e-02,  1.2335e-02, -1.1429e-01, -1.6321e-01, -3.0750e-04,
         4.7552e-02,  1.3417e-01,  5.5421e-02,  8.9309e-02,  7.0938e-03,
        -4.6502e-02, -4.4932e-06, -1.0563e-01,  1.1998e-02, -1.0095e-01,
        -1.9423e-05,  9.9969e-03, -5.5487e-03, -3.0074e-02,  7.4630e-02,
        -1.2914e-01,  3.2817e-02, -4.4798e-02, -1.4191e-02, -4.0304e-03,
        -1.7971e-02,  1.8375e-02,  7.8970e-02, -7.9605e-02, -5.5817e-05,
        -4.2994e-02, -6.8985e-02, -6.6862e-03], device='cuda:0')), ('fcs.1.weight', tensor([[ 1.0446e-02, -4.6231e-02, -2.9230e-03,  ..., -7.3329e-02,
          3.2502e-02, -4.9533e-02],
        [ 2.9453e-03, -1.1162e-03,  2.3971e-02,  ...,  4.3746e-04,
         -6.4972e-03, -4.7153e-02],
        [ 2.1817e-04,  3.2852e-04, -5.3922e-05,  ...,  1.6066e-04,
         -4.2986e-04, -1.6912e-03],
        ...,
        [ 8.0861e-03, -4.0744e-02, -2.3199e-04,  ...,  2.8724e-03,
          2.4818e-02, -5.8936e-02],
        [-3.7881e-04, -1.8726e-03, -1.1320e-03,  ..., -1.8675e-04,
         -5.2383e-04, -1.1039e-01],
        [ 6.8986e-04,  7.5806e-03, -2.8383e-05,  ..., -5.4726e-03,
          1.2490e-02, -2.2435e-02]], device='cuda:0')), ('fcs.1.bias', tensor([-9.9218e-02,  4.5401e-02, -1.2970e-02, -4.2222e-02,  1.5707e-02,
         4.0264e-02, -3.0668e-02, -3.7911e-02, -1.1473e-01, -5.2577e-04,
        -5.5387e-03, -6.1602e-03, -2.0690e-02, -2.5734e-09, -8.2830e-03,
        -1.0485e-01, -7.5424e-03, -3.1526e-02, -6.5030e-06, -2.7320e-03,
        -3.7648e-02, -8.6173e-03,  3.3162e-09, -1.4879e-02, -1.7735e-02,
        -4.8649e-02,  2.4491e-02, -1.1519e-03, -1.6481e-02, -1.0936e-01,
        -7.9593e-02, -6.3915e-03, -1.6168e-02, -5.3750e-02, -1.3177e-01,
        -1.9585e-01, -6.2755e-02, -4.2444e-02, -1.0439e-01, -3.4245e-02,
        -5.0208e-02, -2.0950e-02,  3.8651e-03,  8.6237e-02,  1.0594e-03,
        -7.2209e-02,  5.2965e-03, -3.9008e-03, -1.2948e-02, -7.2413e-02,
        -6.9115e-02, -1.3845e-02, -5.7736e-02, -3.5607e-02, -3.1926e-02,
         6.4321e-02, -2.0363e-02, -1.5275e-03, -1.1136e-01,  2.2044e-03,
        -1.1896e-02, -6.3705e-02,  7.0470e-02, -4.9152e-02], device='cuda:0')), ('fcs.2.weight', tensor([[ 4.9516e-02, -9.6756e-03, -7.8039e-02,  1.2261e-02, -9.9920e-03,
         -1.7270e-02, -1.0143e-02, -7.2778e-03,  6.4985e-03, -1.7804e-03,
         -4.3941e-03, -4.3934e-03,  1.5413e-02, -4.3206e-03, -1.8728e-02,
          2.2761e-02, -6.1122e-03, -1.5885e-02, -1.2882e-02, -5.8318e-04,
         -4.9618e-02, -1.4162e-01, -2.6184e-02,  8.4588e-03, -4.9638e-02,
          1.2527e-03,  7.6082e-03, -1.0422e-01, -8.7984e-03, -3.4864e-02,
         -4.1883e-03, -2.4930e-02, -1.9054e-01,  8.9870e-03, -2.2297e-02,
         -8.2206e-02,  1.6315e-02, -3.6278e-02,  5.6315e-02, -3.8406e-02,
         -1.7645e-02,  8.6203e-03, -6.1294e-03,  7.2432e-02, -3.7180e-02,
         -8.1501e-03, -3.7164e-03, -1.8449e-02,  3.0477e-02,  2.3082e-03,
         -5.9360e-02, -1.1545e-02, -6.1960e-02, -1.5714e-01, -4.9779e-02,
          7.5087e-05, -3.1568e-02, -2.0362e-02, -2.9044e-02,  2.7372e-02,
         -2.1330e-02,  2.1188e-02, -1.1454e-01,  1.1434e-02]], device='cuda:0'))])
end of epoch 1: val_loss 0.5973030649051417, val_acc 0.76
trigger times: 1
end of epoch 2: val_loss 0.22291031979025938, val_acc 0.9
trigger times: 0
saving model weights...
Weights: OrderedDict([('fcs.0.weight', tensor([[-2.5743e-01,  8.0120e-02,  1.2120e-01,  ...,  4.2888e-01,
         -4.5239e-01, -2.7934e-01],
        [-9.4479e-03, -4.7129e-03, -8.4048e-03,  ...,  8.5700e-03,
         -6.6598e-03, -4.4199e-03],
        [-4.9820e-03,  3.7103e-04, -2.1852e-05,  ...,  2.2948e-04,
         -5.0401e-03, -2.6098e-03],
        ...,
        [-8.3918e-04,  2.0904e-02, -1.2289e-04,  ...,  1.0664e-02,
          1.4426e-03, -4.1893e-03],
        [-3.1788e-04, -3.3107e-04,  3.6703e-06,  ..., -3.6791e-03,
         -3.3421e-04, -1.0547e-03],
        [-9.3808e-03, -3.2322e-02, -1.1921e-03,  ...,  7.4451e-03,
         -1.0917e-02, -1.3090e-02]], device='cuda:0')), ('fcs.0.bias', tensor([-1.8859e-01, -4.7866e-03, -8.8640e-03, -8.6826e-02,  3.0297e-01,
        -7.8736e-04,  3.4780e-01, -4.5989e-03,  1.6622e-01, -8.7765e-03,
        -2.9545e-03, -9.5179e-02, -2.5372e-04,  3.7761e-01, -9.4216e-05,
        -2.4087e-01, -2.0583e-02,  3.4204e-01, -1.5942e-01, -4.3805e-02,
         7.9681e-07,  3.1825e-04, -5.3784e-03, -5.5321e-02,  5.2160e-01,
        -1.1277e-02, -5.0169e-03, -2.3789e-02, -2.4486e-01, -2.3834e-04,
        -2.3005e-03, -2.0758e-01, -9.8617e-05, -2.4279e-01, -9.3194e-03,
        -1.9492e-02, -2.7876e-01, -1.1134e-03, -8.6472e-04, -1.0804e-04,
         4.7089e-03, -3.0828e-03,  2.4672e-01, -8.2664e-02, -4.2590e-02,
        -2.3695e-01, -1.6273e-02, -1.9967e-01, -1.4753e-01,  6.9592e-03,
        -1.8268e-01, -2.6785e-04, -1.5267e-03, -3.5263e-03, -1.4804e-01,
        -8.6803e-02, -4.9408e-04,  1.9347e-04, -1.2619e-02, -1.3778e-02,
        -1.6144e-01,  3.8510e-01, -8.1935e-02, -7.0605e-05, -6.2999e-04,
         3.5194e-02, -2.4845e-02, -1.3395e-02, -4.1548e-03, -2.0466e-01,
        -1.1525e-01, -1.3630e-03, -2.1497e-01, -5.6280e-03, -1.8864e-01,
         3.5754e-01, -3.0474e-02, -2.0563e-01, -6.1204e-02, -1.1950e-01,
        -9.9210e-03, -8.7992e-02, -6.5401e-02, -9.4151e-02, -1.1525e-03,
        -6.7018e-02, -1.2722e-01, -2.7071e-02, -1.8275e-01, -5.0968e-02,
        -3.7970e-02,  4.9591e-01, -1.2526e-01, -5.7927e-05, -9.7564e-05,
        -6.2039e-03,  2.6884e-03, -1.0726e-01, -3.5723e-01, -1.1317e-03,
         1.6685e-01, -1.1265e-01, -5.1586e-02, -4.1850e-02, -1.9096e-01,
         2.4627e-01, -2.7633e-01, -5.6367e-04, -1.2505e-02, -1.7997e-02,
        -6.1316e-02, -4.9310e-04, -1.9236e-01, -8.9929e-04, -1.7403e-01,
        -6.5940e-02,  2.2162e-04, -7.9338e-02, -8.7615e-02, -6.8865e-02,
         3.6602e-01,  4.2322e-04, -8.6481e-02, -2.4988e-02,  4.2782e-01,
        -1.5114e-03, -5.6026e-04, -1.1583e-02], device='cuda:0')), ('fcs.1.weight', tensor([[-2.6282e-04,  5.6951e-05,  2.1613e-05,  ..., -2.0840e-03,
          6.1699e-03, -2.3706e-03],
        [ 2.4002e-03, -2.2999e-04, -1.7033e-04,  ...,  6.6208e-05,
         -3.7413e-05,  1.5501e-04],
        [-3.6897e-02,  9.0172e-04,  3.9124e-04,  ...,  2.5110e-04,
          3.6610e-04, -9.0610e-04],
        ...,
        [ 4.0869e-02,  3.0423e-04,  8.4840e-06,  ...,  1.0236e-04,
          1.2942e-03, -4.3782e-03],
        [-3.5988e-04, -5.8320e-05, -3.6871e-05,  ..., -5.4061e-05,
         -2.1760e-05, -1.0766e-04],
        [ 2.3602e-01, -9.9099e-05, -2.5951e-05,  ...,  4.3750e-04,
         -4.3396e-05,  6.2701e-05]], device='cuda:0')), ('fcs.1.bias', tensor([-1.8879e-01, -4.7199e-03, -3.6391e-01, -4.7263e-04,  3.4846e-01,
         2.0654e-02, -1.1013e-06, -3.8938e-03, -2.7233e-02, -9.2536e-02,
        -1.8481e-01, -1.3335e-01, -6.3979e-06, -3.8522e-02,  7.6363e-04,
        -1.9861e-01, -4.7068e-02, -1.2080e-01,  3.3138e-03, -1.6138e-01,
         1.7892e-01, -8.9126e-08, -4.2641e-02, -1.2745e-02,  2.9433e-02,
        -8.9109e-03,  1.0310e-03,  4.3764e-01,  1.2835e-01,  1.4413e-03,
         2.5742e-01, -6.4116e-02, -9.3537e-02,  8.6228e-02, -1.8970e-03,
         2.0375e-01, -5.8291e-02,  3.7754e-01, -1.2611e-01, -2.9573e-02,
        -4.2229e-02, -4.3145e-02, -1.3356e-01, -1.2753e-02, -1.8040e-02,
        -2.3087e-02, -1.0330e-01, -1.8915e-03, -3.0130e-02,  5.2081e-02,
        -9.4760e-02,  3.8539e-01,  4.6126e-04,  1.3061e-01,  4.2505e-03,
        -3.2492e-02, -7.7230e-04,  1.7102e-01, -4.5924e-02, -2.2881e-02,
        -2.6970e-02,  7.0586e-02,  1.3564e-01, -8.8938e-02], device='cuda:0')), ('fcs.2.weight', tensor([[-1.3226e-01,  1.3857e-01, -4.1511e-01,  2.2628e-03,  1.9664e-02,
         -6.0734e-03,  9.9744e-05, -9.7756e-02,  1.0776e-05,  6.2046e-02,
         -1.6399e-01, -3.2886e-03,  6.8534e-04, -1.3488e-02, -5.6591e-02,
         -6.6092e-03, -8.8759e-02, -7.8231e-02, -3.9775e-03, -1.5619e-01,
          7.9130e-03, -6.3238e-04, -4.2217e-02, -5.9288e-03,  5.6618e-03,
          7.9035e-04,  7.8352e-05,  1.3700e-02,  2.7153e-02,  6.6337e-03,
         -3.4652e-02, -1.1843e-02, -1.3915e-01, -3.3021e-02,  6.7803e-02,
         -1.4371e-01,  5.8322e-02,  5.3856e-03, -8.3328e-02,  5.5047e-04,
         -1.1803e-02, -7.4485e-02, -3.9243e-02,  1.0529e-02,  3.9105e-03,
          3.6907e-04, -1.7129e-03,  3.2202e-02,  2.1570e-01,  1.7867e-02,
         -4.1237e-02, -7.8568e-02, -4.2633e-03,  1.5737e-02, -3.8423e-02,
         -5.1862e-03, -1.1590e-01,  3.8839e-02, -3.5429e-03, -1.7849e-03,
          3.9242e-02, -6.6374e-02,  2.9954e-02,  2.2446e-01]], device='cuda:0'))])
end of epoch 3: val_loss 0.6688183228312892, val_acc 0.76
trigger times: 1
end of epoch 4: val_loss 0.25580931368484916, val_acc 0.88
trigger times: 2
end of epoch 5: val_loss 0.5279285150766373, val_acc 0.79
trigger times: 3
end of epoch 6: val_loss 0.9084348013064698, val_acc 0.63
trigger times: 4
end of epoch 7: val_loss 0.3065142965847554, val_acc 0.86
trigger times: 5
end of epoch 8: val_loss 0.24922096714519285, val_acc 0.9
trigger times: 6
end of epoch 9: val_loss 0.21528332438447584, val_acc 0.92
trigger times: 0
saving model weights...
Weights: OrderedDict([('fcs.0.weight', tensor([[-9.2738e-05,  6.4943e-03,  1.7116e-05,  ...,  3.8359e-03,
         -4.3189e-04, -4.5896e-03],
        [ 5.0842e-01, -9.0117e-02,  6.1898e-02,  ...,  1.0664e-01,
          3.8610e-01,  3.1867e-01],
        [-2.0130e-01,  8.7301e-02,  4.7828e-02,  ..., -2.5176e-01,
         -3.6567e-01,  1.4358e-01],
        ...,
        [-2.3639e-01, -2.8169e-02, -2.0941e-02,  ..., -1.5282e-02,
         -2.2064e-01, -1.7962e-01],
        [-3.5628e-01,  5.4766e-04, -8.4393e-02,  ..., -1.7044e-01,
         -3.7055e-01, -7.3351e-02],
        [-2.2938e-01,  1.7162e-01, -6.9599e-02,  ...,  1.7366e-01,
         -2.1717e-01, -4.7590e-04]], device='cuda:0')), ('fcs.0.bias', tensor([-5.6065e-04,  3.9014e-01, -3.3424e-01, -2.6734e-15,  5.6434e-04,
         4.6883e-04, -2.2067e-01,  1.5342e-01, -5.0295e-02, -1.0446e-01,
         4.5505e-01, -1.5430e-02, -2.6593e-01,  3.8055e-04, -7.0769e-03,
        -9.4732e-02,  1.3733e-01,  3.5241e-01, -4.6317e-01, -1.5675e-02,
         6.5932e-01, -2.0807e-01, -2.8346e-02, -3.4804e-01,  7.3413e-01,
        -1.7466e-01, -2.0329e-01,  8.4834e-02, -3.3456e-02, -3.4813e-03,
        -2.0058e-01, -2.4736e-01, -4.6000e-02, -1.0543e-05, -1.4581e-02,
        -3.1303e-03, -7.8525e-03, -2.3202e-01, -9.9661e-05,  2.7557e-02,
        -1.9126e-01,  2.0606e-01, -2.0853e-02, -1.1973e-01, -7.1132e-02,
        -3.5674e-03, -1.0835e-02,  4.2274e-01, -3.8940e-02, -2.6750e-01,
        -3.6394e-01, -7.9203e-12, -5.9624e-03, -8.6468e-03,  6.0341e-01,
        -1.8931e-01,  5.2082e-01, -4.3339e-01, -3.0704e-01, -6.5460e-11,
        -2.7688e-01,  4.3078e-01, -1.7072e-01, -9.1417e-03, -1.0591e-01,
        -1.4189e-02, -3.1726e-02, -2.6288e-04, -4.0353e-02, -2.2346e-02,
        -1.5481e-01, -2.1603e-01, -1.5145e-03, -2.2973e-01, -9.6059e-02,
        -2.3169e-01,  6.8836e-01,  2.4441e-01,  4.8025e-01, -1.3570e-08,
         2.4357e-01, -6.7252e-05, -2.7360e-10, -1.8911e-04, -7.6760e-02,
        -2.7299e-01, -2.5630e-01, -4.6320e-02, -7.2258e-04, -2.0050e-01,
        -8.0141e-02, -2.9108e-02, -2.2473e-05, -4.8235e-02, -3.2305e-03,
        -2.2417e-01, -2.4100e-03, -1.7092e-01, -8.5743e-04, -9.5720e-05,
         4.1954e-01, -2.4326e-09, -5.3987e-02, -2.8991e-01,  5.7928e-01,
        -1.3039e-05,  1.0980e-01,  7.1068e-02, -1.6425e-03, -1.3013e-02,
        -4.5019e-02,  3.7245e-01, -2.2840e-01, -2.9057e-02, -1.3617e-05,
        -6.7560e-03, -4.4913e-03, -3.6998e-02, -1.8401e-04, -1.9300e-03,
        -1.9212e-01,  4.0087e-01,  7.7672e-02, -9.7902e-02,  5.7223e-01,
        -2.2486e-01, -2.7852e-01, -2.5676e-01], device='cuda:0')), ('fcs.1.weight', tensor([[-3.5603e-06,  4.7438e-03,  9.7421e-04,  ...,  2.7990e-04,
          1.1293e-01,  3.5720e-05],
        [-3.1771e-06,  8.4565e-04,  6.3278e-04,  ..., -8.1913e-05,
          3.2226e-04, -5.8741e-05],
        [ 1.3566e-03, -4.3359e-02,  6.0938e-02,  ...,  3.1464e-02,
          6.8578e-02, -2.2032e-03],
        ...,
        [ 2.7057e-03,  5.4983e-03, -1.7570e-01,  ...,  2.1325e-04,
         -3.5461e-02,  1.7180e-05],
        [-1.8735e-07, -1.7417e-01, -4.3496e-01,  ...,  4.2931e-03,
          8.1872e-04,  4.0509e-05],
        [ 1.3332e-04, -2.8370e-01,  1.0996e-01,  ...,  1.3933e-04,
         -1.3230e-03,  1.6011e-04]], device='cuda:0')), ('fcs.1.bias', tensor([ 4.1944e-05,  4.3212e-04, -5.2650e-01, -5.7004e-02, -5.0323e-02,
         1.8244e-01, -7.6849e-03, -2.7938e-01, -1.5126e-01, -2.0337e-01,
         4.7702e-02, -2.1059e-02, -8.3082e-02, -5.5610e-07,  5.0933e-01,
        -6.4007e-03, -1.0835e-01, -9.7826e-02,  3.9974e-01, -2.6285e-01,
        -1.7389e-02, -1.2315e-04, -2.4159e-01, -1.2939e-01, -1.4763e-01,
         2.4543e-01, -9.2212e-03,  4.9222e-02, -7.8068e-06, -2.6092e-01,
        -2.7525e-01, -1.0737e-01, -3.8356e-01, -1.2863e-02, -2.5893e-01,
        -2.0530e-01, -1.0456e-02, -1.9227e-01, -1.4673e-01, -2.0031e-01,
        -1.7244e-01, -1.5611e-02, -9.1272e-02,  1.1851e-01, -2.9742e-01,
        -7.3557e-03, -5.1417e-02, -1.9089e-01, -8.0618e-02,  2.1018e-01,
        -1.3705e-01, -2.7170e-01, -3.3301e-01, -4.2299e-01,  1.6299e-01,
        -9.2028e-03, -2.3027e-01, -1.6808e-01, -1.8824e-01, -2.7107e-01,
        -1.5906e-02, -2.0795e-03,  2.4864e-01, -1.1479e-01], device='cuda:0')), ('fcs.2.weight', tensor([[-1.0114e-02, -5.4268e-03, -1.1642e-01,  8.4870e-02,  4.3991e-02,
          2.3400e-01,  6.8137e-02,  1.6598e-01,  4.9675e-02,  1.1603e-03,
          2.4134e-02,  9.6834e-02,  3.6781e-01, -1.7100e-01,  3.7997e-02,
          1.9188e-01, -2.0478e-02, -7.3791e-02, -2.4887e-02, -6.5567e-02,
          5.0929e-02, -1.1494e-01, -4.0368e-02, -8.3057e-02, -6.3391e-03,
         -2.4313e-02,  3.8864e-02,  8.0533e-02,  9.0510e-02, -1.2410e-01,
         -2.6227e-01,  2.2649e-04, -7.5469e-03, -3.5128e-02,  7.2644e-02,
         -2.1275e-01,  3.9078e-01, -2.7894e-01,  7.3138e-03, -3.9005e-01,
         -5.0087e-02, -7.1968e-03, -2.4953e-02, -1.9350e-01,  1.2740e-02,
         -5.2318e-02, -1.9116e-01, -7.1732e-02, -3.5273e-03,  1.0479e-01,
         -1.4450e-01, -1.8352e-02,  9.1061e-03,  3.7504e-02, -1.2976e-02,
          4.4365e-03, -1.1543e-01,  2.1083e-01, -1.0141e-01,  2.5617e-01,
         -3.0561e-01, -8.1862e-03, -8.0781e-02,  1.1786e-01]], device='cuda:0'))])
end of epoch 10: val_loss 0.2435744331231308, val_acc 0.88
trigger times: 1
end of epoch 11: val_loss 0.5992756670434808, val_acc 0.87
trigger times: 2
end of epoch 12: val_loss 0.33723306882701876, val_acc 0.84
trigger times: 3
end of epoch 13: val_loss 0.2517592254703777, val_acc 0.91
trigger times: 4
end of epoch 14: val_loss 2.2472396519745117, val_acc 0.82
trigger times: 5
end of epoch 15: val_loss 0.3130224956728763, val_acc 0.91
trigger times: 6
end of epoch 16: val_loss 0.2162543215400774, val_acc 0.91
trigger times: 7
end of epoch 17: val_loss 0.4128875182054284, val_acc 0.87
trigger times: 8
end of epoch 18: val_loss 1.2254105864824132, val_acc 0.86
trigger times: 9
end of epoch 19: val_loss 0.25364532922460936, val_acc 0.85
trigger times: 10
Early stopping.
0 -24.0016857534647 -238.56539389647227
1 -18.625877663493156 -226.82452825484978
2 -16.8398407548666 -226.2241731451399
3 -13.822505969554186 -208.89755486387574
4 -13.503134321421385 -196.9840755292238
5 -13.420627068728209 -194.4017457710484
6 -14.026294454932213 -193.75394353311003
7 -9.716532604768872 -173.38768743356906
8 -11.335439018905163 -172.73844575529262
9 -9.343955885618925 -172.5849598191294
10 -9.255460096523166 -148.80630048130243
11 -9.870002295821905 -146.54022994848935
12 -9.779845682904124 -144.9163601843784
13 -10.335133295506239 -144.5098799638122
14 -6.619056273251772 -129.52710350510273
15 -6.167996333912015 -119.6789138826375
16 -8.84790270589292 -119.53338183357056
17 -10.930191971361637 -115.00841352193844
18 -4.539393087849021 -113.49466461352053
19 -1.0463708112947643 -107.45837168117659
20 -5.295683693140745 -105.49937100040788
21 -6.187775013037026 -101.9104943327425
22 -3.451717964373529 -101.66294130080523
23 -4.805635501164943 -98.89606860541423
24 -5.845538538880646 -95.1909937931514
25 -7.3004600228741765 -93.31854913617367
26 -2.4057320600841194 -85.41926577166943
27 -3.753381926100701 -83.18012153468804
28 -3.4363119727931917 -79.47665068598401
29 -4.638818792998791 -77.34308621853297
30 -2.2152914754115045 -60.56041622227008
31 -0.6174856668803841 -58.68833689293549
32 -3.5521243647672236 -22.79021187897909
33 -1.4278499542269856 -19.65788926803626
34 -0.5105008031241596 -16.74518768263467
35 -1.7171938573010266 -13.719402302108403
36 -1.5584217419382185 4.235189873860978
37 -3.0121774678118527 5.0952806210809465
38 -0.027423982974141836 10.178796790507759
39 -4.044403002364561 13.541055788508864
40 -4.022356010042131 14.989710929193077
41 -0.0886521297506988 21.802029683432238
42 -2.0731532047502697 31.12027905920427
43 0.17482353188097477 40.64550156746333
44 -0.2863221731968224 40.69898986216935
45 -0.6492883088067174 50.09032867204584
46 -0.5780270113609731 57.290535515424786
47 -2.7154804007150233 60.51441689036072
48 -1.5565087664872408 62.587858111632386
49 -3.311263285111636 63.47489586756552
50 -1.7782128578983247 65.395531990224
51 -0.6883638196159154 68.71330703108626
52 -0.8966660180594772 69.48459209048262
53 0.7360514998435974 72.16624272108386
54 -3.304465488065034 74.2233202149037
55 -3.916020033415407 79.16074531670823
56 -1.8153126169927418 80.25553156558418
57 -3.286222716793418 87.50520028403979
58 -1.957992181647569 90.28646231697512
59 -1.955757346469909 90.72533900600311
60 -1.1974538415670395 91.52552635781885
61 -2.70035827672109 91.95773979158345
62 -3.4505641013383865 92.99221310223136
63 -2.2074101481121033 94.14052712880752
64 -1.5010537658818066 94.28590507273401
65 -3.2459289599210024 95.24073532592021
66 -1.6753383385948837 96.09581961281374
67 -0.8048373530618846 96.50341248035636
68 -2.5974515499547124 97.45820290396632
69 -2.1039970801211894 97.90553231413178
70 -2.163467017468065 98.27346635731779
71 -2.202595430891961 98.35872828331676
72 -2.084004586795345 98.9255090371917
73 -1.3957449137233198 99.09003071828721
74 -1.0325915776193142 99.89253842063019
75 -0.8148297178559005 100.07765055593329
76 -0.2683222792111337 101.35869827851857
77 -1.8834615049418062 103.56921378052652
78 -0.7237281054258347 103.74194540937737
79 -0.6830463644582778 104.00039883786899
80 -1.5864339526742697 104.36031383612816
81 -1.7967218607664108 104.79584301893571
82 -1.2020570868626237 105.40349710769756
83 -0.10870537394657731 105.60678192821229
84 -2.005397312808782 106.26867976298877
85 -0.9565573325380683 106.37916921043517
86 0.3858396355062723 106.67969423997131
87 -1.1475818795152009 106.81132709017433
88 -0.9480059402994812 107.05410485829283
89 -1.1029951996169984 107.44441498172971
90 -1.0342374476604164 107.68792314282867
91 -1.4917288310825825 107.72369032284489
92 -0.5215443791821599 108.58631070626225
93 -1.8107420816086233 108.79454915391223
94 -0.0682761122006923 109.15712102315346
95 0.20592553541064262 109.71287331230647
96 -0.4575117458589375 110.48639228144049
97 -0.4978195009753108 111.4630258761226
98 0.3001958748791367 112.59201367677376
99 -0.7075767419300973 113.4530990931055
100 0.8504605276975781 114.85996346749971
101 -0.13935851771384478 115.04838323377467
102 1.5937987340148538 115.5646624637931
103 -0.5770052333828062 115.77027450439896
104 -0.5519279376603663 116.29805012422126
105 0.09963786834850907 116.38499266629886
106 0.12963340897113085 116.4198907102986
107 -0.24098331341519952 117.08008835928221
108 1.027590540703386 117.29357601720739
109 0.49031797982752323 118.29160885622866
110 1.386908552609384 119.01062500757773
111 -0.2422927157022059 120.85290512447664
112 2.2486570689361542 120.8902150231427
113 1.4272677502594888 121.40892075278066
114 1.5172002541366965 122.30522808413322
115 3.0915606105700135 129.13346806288703
116 2.7599843076895922 129.67718524437547
117 1.8218921716324985 129.79664443488912
118 1.1175227074418217 130.61780866873775
119 4.756603304529563 131.40806576766226
train accuracy: 0.8311111111111111
validation accuracy: 0.85
test accuracy: 0.7869747899159664
