demo lengths 200
demos: (120, 200, 25)
demo_rewards: (120,)
[-238.5653939  -226.82452825 -226.22417315 -208.89755486 -196.98407553
 -194.40174577 -193.75394353 -173.38768743 -172.73844576 -172.58495982
 -148.80630048 -146.54022995 -144.91636018 -144.50987996 -129.52710351
 -119.67891388 -119.53338183 -115.00841352 -113.49466461 -107.45837168
 -105.499371   -101.91049433 -101.6629413   -98.89606861  -95.19099379
  -93.31854914  -85.41926577  -83.18012153  -79.47665069  -77.34308622
  -60.56041622  -58.68833689  -22.79021188  -19.65788927  -16.74518768
  -13.7194023     4.23518987    5.09528062   10.17879679   13.54105579
   14.98971093   21.80202968   31.12027906   40.64550157   40.69898986
   50.09032867   57.29053552   60.51441689   62.58785811   63.47489587
   65.39553199   68.71330703   69.48459209   72.16624272   74.22332021
   79.16074532   80.25553157   87.50520028   90.28646232   90.72533901
   91.52552636   91.95773979   92.9922131    94.14052713   94.28590507
   95.24073533   96.09581961   96.50341248   97.4582029    97.90553231
   98.27346636   98.35872828   98.92550904   99.09003072   99.89253842
  100.07765056  101.35869828  103.56921378  103.74194541  104.00039884
  104.36031384  104.79584302  105.40349711  105.60678193  106.26867976
  106.37916921  106.67969424  106.81132709  107.05410486  107.44441498
  107.68792314  107.72369032  108.58631071  108.79454915  109.15712102
  109.71287331  110.48639228  111.46302588  112.59201368  113.45309909
  114.85996347  115.04838323  115.56466246  115.7702745   116.29805012
  116.38499267  116.41989071  117.08008836  117.29357602  118.29160886
  119.01062501  120.85290512  120.89021502  121.40892075  122.30522808
  129.13346806  129.67718524  129.79664443  130.61780867  131.40806577]
maximum traj length 200
maximum traj length 200
num training_obs 900
num training_labels 900
num val_obs 100
num val_labels 100
num test_obs 7140
num test_labels 7140
ModuleList(
  (0): Linear(in_features=25, out_features=128, bias=True)
  (1): Linear(in_features=128, out_features=64, bias=True)
  (2): Linear(in_features=64, out_features=1, bias=False)
)
Total number of parameters: 11648
Number of trainable paramters: 11648
device: cuda:0
end of epoch 0: val_loss 0.3537010558625693, val_acc 0.87
trigger times: 0
saving model weights...
Weights: OrderedDict([('fcs.0.weight', tensor([[-0.0195,  0.1131, -0.0463,  ..., -0.0135,  0.0498, -0.0111],
        [-0.0012,  0.1073, -0.0841,  ...,  0.1480, -0.1081, -0.0496],
        [ 0.0652,  0.0732,  0.0086,  ...,  0.0443,  0.0063,  0.0031],
        ...,
        [-0.0576,  0.0068,  0.0030,  ..., -0.0507, -0.0371, -0.0270],
        [-0.0860, -0.0386, -0.0395,  ..., -0.0094, -0.1603,  0.0274],
        [-0.3911, -0.1050, -0.3521,  ...,  0.0537, -0.2138, -0.2891]],
       device='cuda:0')), ('fcs.0.bias', tensor([-0.0476, -0.1041, -0.0360, -0.1674,  0.1846, -0.1230, -0.0945, -0.1274,
        -0.0726,  0.0319,  0.0023,  0.2603, -0.1271, -0.0617, -0.1987, -0.1645,
         0.2665,  0.4315, -0.1553,  0.0083, -0.0033, -0.0810,  0.0176,  0.0141,
        -0.0014, -0.0368, -0.0350, -0.0521,  0.0357,  0.0014, -0.0984, -0.0465,
         0.0517, -0.2983,  0.0038, -0.0340, -0.1516,  0.0128, -0.0127, -0.0434,
        -0.0406,  0.2872,  0.0112,  0.0294,  0.0733, -0.0014, -0.1760,  0.2569,
        -0.0054, -0.1953,  0.1546, -0.0029, -0.0453, -0.1739, -0.1543, -0.1882,
        -0.1849, -0.1583, -0.1637, -0.0374,  0.0050, -0.1757, -0.3511, -0.1015,
         0.0803, -0.0297, -0.2287, -0.0703, -0.0961, -0.0494,  0.2371, -0.0846,
        -0.0008, -0.0874, -0.2419, -0.1092, -0.0193, -0.0089, -0.1334, -0.0840,
        -0.0922,  0.0823, -0.1045, -0.1022, -0.1178, -0.0895, -0.0749,  0.0826,
         0.5291, -0.1258,  0.0533,  0.0232,  0.1075,  0.2610,  0.1198,  0.0343,
        -0.2075, -0.0340, -0.0032,  0.1603, -0.0663, -0.1495, -0.0679,  0.0557,
        -0.0674,  0.0154, -0.0984, -0.0340, -0.0008, -0.0514, -0.2165,  0.0007,
         0.2754,  0.0943, -0.1420, -0.1165, -0.1244,  0.0117, -0.0350, -0.2126,
         0.0891, -0.2920,  0.0449, -0.0140, -0.0051, -0.0397, -0.0452, -0.1623],
       device='cuda:0')), ('fcs.1.weight', tensor([[-3.9164e-02, -1.0800e-02,  2.5004e-02,  ...,  5.9999e-06,
         -8.5304e-04,  1.8586e-02],
        [-2.2399e-04,  1.3771e-04, -8.9459e-05,  ..., -8.4223e-05,
          2.0244e-04, -1.6749e-01],
        [ 2.4843e-02,  3.5065e-02,  2.1941e-02,  ...,  8.8396e-03,
          8.2993e-03,  6.1488e-02],
        ...,
        [ 4.5883e-06, -1.3627e-04,  1.5857e-03,  ..., -9.9696e-05,
          2.6865e-04, -1.6693e-01],
        [-1.9799e-03,  6.9309e-02, -6.3571e-02,  ...,  1.1373e-03,
          2.3051e-02,  1.3861e-02],
        [ 2.9809e-05,  2.8300e-03,  8.9158e-04,  ...,  5.2650e-05,
         -1.0759e-04, -1.9885e-01]], device='cuda:0')), ('fcs.1.bias', tensor([-1.6704e-02, -2.0000e-01,  1.5070e-01,  8.7411e-03, -1.3847e-01,
        -2.5820e-01, -9.1141e-02, -8.6193e-02, -9.3839e-02, -1.4387e-01,
         3.6027e-02,  1.2909e-02, -7.6101e-02, -1.7593e-01, -2.7503e-02,
        -7.0096e-02, -1.5901e-02, -1.2553e-01,  2.5316e-01, -2.7964e-02,
        -2.2501e-02, -1.3508e-01,  1.2461e-04, -2.0775e-01, -5.5326e-02,
        -4.4297e-02, -9.3270e-02, -3.9778e-02,  2.2265e-02, -2.9705e-02,
         2.0328e-02,  2.6539e-02, -2.6140e-02, -1.3721e-01,  1.4513e-01,
         1.9085e-01, -6.0707e-02, -2.9278e-01, -3.0398e-02,  5.7866e-02,
        -2.6612e-02, -5.5258e-03, -9.8710e-02, -5.2714e-02, -1.6769e-01,
        -7.8921e-02, -4.0814e-02, -1.7088e-01,  4.2348e-01, -7.0647e-02,
        -1.6867e-01, -5.5039e-02, -1.1139e-01, -1.2581e-02, -5.4179e-02,
        -2.2298e-02,  8.2660e-03, -1.2772e-02, -8.1115e-03, -1.8959e-02,
        -6.5066e-02, -2.0922e-01,  3.0616e-02, -2.2900e-01], device='cuda:0')), ('fcs.2.weight', tensor([[-0.0016,  0.0155,  0.0249,  0.0550,  0.0046, -0.0356,  0.0730, -0.1239,
          0.0109,  0.0663,  0.0077, -0.0079, -0.1227, -0.0043,  0.0646, -0.0346,
          0.0963, -0.1518, -0.0141, -0.0006,  0.0057, -0.0445, -0.0332,  0.0263,
         -0.0130, -0.0039,  0.0212,  0.0081, -0.0188,  0.0120,  0.1082,  0.0079,
         -0.0036,  0.0452,  0.0126, -0.0040,  0.0315,  0.0011, -0.0072, -0.0014,
         -0.0426,  0.0029, -0.0822, -0.0140,  0.0329,  0.0407, -0.0241,  0.1213,
         -0.0316,  0.0202, -0.0779, -0.0025, -0.0323,  0.0151, -0.0253, -0.0394,
          0.0239,  0.0006, -0.0048,  0.0397,  0.1390,  0.0014,  0.0262,  0.0932]],
       device='cuda:0'))])
end of epoch 1: val_loss 0.6548989094980061, val_acc 0.61
trigger times: 1
end of epoch 2: val_loss 0.37353075615645137, val_acc 0.82
trigger times: 2
end of epoch 3: val_loss 0.27448785038876167, val_acc 0.89
trigger times: 0
saving model weights...
Weights: OrderedDict([('fcs.0.weight', tensor([[-2.2780e-04,  5.8600e-03,  1.1096e-06,  ...,  1.2805e-04,
          1.7114e-04, -7.2238e-04],
        [-2.8608e-03,  3.5278e-02,  9.2133e-05,  ...,  9.8119e-03,
         -1.2792e-02, -5.2888e-03],
        [-5.4085e-05,  6.4238e-04, -6.7606e-06,  ...,  1.3077e-04,
          8.0668e-06, -4.0844e-04],
        ...,
        [-1.0201e-02,  6.7900e-02, -1.3511e-01,  ...,  1.4996e-02,
         -5.8089e-01, -4.6908e-01],
        [-1.0687e-04,  1.7529e-05, -3.5735e-06,  ...,  1.8681e-05,
         -9.9392e-05, -6.2885e-04],
        [-1.0268e-01, -5.3419e-02, -1.0938e-02,  ...,  1.9040e-02,
         -6.0517e-02, -1.1471e-02]], device='cuda:0')), ('fcs.0.bias', tensor([-1.0555e-03, -1.3270e-02, -4.5661e-06, -1.5892e-02, -1.2006e-01,
        -1.2330e-02, -1.7909e-03, -6.2487e-04, -2.5742e-03, -4.8454e-02,
         5.1272e-01, -1.0804e-02, -1.6189e-05, -5.7425e-03, -7.8679e-03,
        -2.9099e-02, -1.3162e-01,  5.5679e-01, -3.0571e-02, -3.2108e-03,
        -2.7004e-01, -4.1108e-03, -1.3572e-01, -1.2723e-01, -1.2705e-01,
        -5.7099e-03, -6.0741e-02, -1.2114e-03,  5.0780e-04, -2.0158e-04,
        -1.1985e-03, -2.1968e-03,  4.0939e-04, -2.9143e-02, -9.5550e-04,
        -4.7479e-03, -1.9354e-03, -8.6797e-04,  3.2767e-07,  1.0996e-04,
        -5.2852e-02, -2.2831e-01, -2.1586e-03, -2.1386e-01, -5.0922e-03,
        -3.4329e-01, -4.4348e-03, -8.1355e-03, -2.9839e-01, -4.3515e-02,
        -3.5835e-03, -1.8237e-01, -2.9337e-01, -1.7134e-03, -9.0367e-03,
        -9.6739e-03, -4.2167e-03, -1.2789e-01, -8.6833e-03, -9.8702e-04,
         3.3396e-05, -4.3374e-02, -3.5596e-04, -6.6294e-02,  4.8197e-04,
        -2.8024e-03, -3.4842e-02,  5.1476e-01, -2.2441e-02,  3.5545e-01,
        -2.6906e-01, -1.4896e-03, -6.6073e-02, -2.2075e-03, -1.2306e-01,
        -2.1702e-03, -6.2781e-02, -2.1156e-05, -1.5619e-03, -3.7847e-04,
        -4.3050e-04,  6.3639e-03, -5.0028e-03, -1.9677e-01, -1.1273e-01,
        -9.0679e-04, -4.6389e-03, -1.9296e-01, -1.0822e-01, -3.0131e-01,
         1.7644e-04, -2.0918e-04, -8.5492e-02,  1.1502e-01, -2.0077e-01,
         3.9885e-01, -2.4872e-03, -4.8237e-02, -4.2785e-01, -3.0025e-02,
        -8.0852e-03, -3.5748e-02, -3.3854e-02, -1.3048e-03, -6.6822e-04,
        -3.4424e-05, -2.4288e-04, -2.2377e-03, -8.0178e-06, -1.5425e-03,
        -2.8129e-01,  2.7007e-03, -1.2407e-01, -1.0894e-01, -1.6434e-01,
         1.7304e-01, -5.0635e-02, -3.2137e-01, -7.0584e-03, -1.6096e-04,
        -8.1646e-02, -1.4686e-03, -9.1321e-02, -1.9107e-02, -5.4740e-05,
        -4.3623e-01, -6.0554e-05, -4.5060e-02], device='cuda:0')), ('fcs.1.weight', tensor([[-2.1555e-06,  6.4829e-04,  4.0505e-04,  ...,  4.1287e-02,
          1.9539e-06, -4.5445e-03],
        [-3.2153e-05, -2.0724e-04, -3.2248e-05,  ..., -1.4633e-02,
          5.3411e-07,  3.3665e-03],
        [-2.3506e-06, -7.5540e-06, -2.2096e-06,  ..., -4.9991e-04,
         -3.4799e-07,  1.9608e-02],
        ...,
        [-2.8848e-05, -1.5699e-04, -1.8952e-05,  ..., -3.8527e-03,
         -2.3975e-06, -1.2136e-02],
        [ 4.6486e-05,  3.8915e-03, -4.3335e-03,  ..., -3.3427e-02,
          1.2810e-06,  1.9317e-03],
        [-3.8474e-07, -3.4051e-06, -3.8921e-07,  ..., -3.9377e-05,
         -7.0415e-08, -2.6542e-02]], device='cuda:0')), ('fcs.1.bias', tensor([ 5.1620e-01, -3.4653e-01, -5.0324e-02, -2.5127e-02,  5.3185e-02,
        -2.7100e-02, -5.6212e-04, -2.2077e-02, -7.0381e-02, -1.1794e-01,
         2.0652e-01, -1.0097e-01,  5.9444e-02,  3.7708e-01, -9.3873e-02,
        -6.0141e-03, -3.9515e-02, -9.5203e-02, -3.8327e-01, -1.0272e-01,
         1.1652e-01,  2.4933e-01, -1.1600e-01, -1.4903e-01, -1.8535e-01,
        -3.2713e-02,  8.0064e-03, -3.8635e-03, -2.3987e-02, -8.6898e-02,
         2.5663e-01,  4.6368e-02, -1.0569e-01, -2.2049e-02,  7.4605e-02,
        -1.2903e-01, -1.2232e-02, -1.1027e-01, -2.9629e-01, -2.1435e-01,
         8.5680e-02,  2.1016e-01, -1.1153e-01, -1.2219e-02, -1.8166e-01,
         9.7722e-04, -3.0715e-01,  6.1052e-04,  5.6767e-01,  2.3171e-01,
        -8.6857e-03, -6.0927e-03, -2.4525e-01, -2.5224e-01, -2.3403e-01,
        -5.1089e-03, -5.1218e-02, -2.4420e-01, -3.0014e-03, -1.0156e-01,
        -3.5473e-01, -2.8261e-01,  2.3175e-03, -4.5775e-02], device='cuda:0')), ('fcs.2.weight', tensor([[ 0.0202, -0.1215, -0.0086,  0.0230,  0.1016, -0.0043, -0.0181, -0.1024,
         -0.1367,  0.0426, -0.0932, -0.0014, -0.0752,  0.0125,  0.0387, -0.0029,
          0.0844, -0.0129, -0.0085,  0.0129, -0.0952,  0.0134,  0.0105, -0.1003,
          0.0875, -0.0770, -0.3097, -0.1202,  0.0007, -0.0146,  0.0076, -0.0443,
         -0.1353, -0.0032, -0.0041, -0.0622, -0.0920,  0.0070, -0.1498,  0.0339,
         -0.0019, -0.0268, -0.3682, -0.0004,  0.0014, -0.1573,  0.0823, -0.1656,
         -0.0547,  0.0097, -0.0037, -0.0536,  0.1148,  0.0698, -0.0441,  0.0217,
         -0.1213, -0.0236, -0.0027, -0.0595,  0.0378, -0.0930, -0.0086, -0.0014]],
       device='cuda:0'))])
end of epoch 4: val_loss 0.3385849848497161, val_acc 0.89
trigger times: 1
end of epoch 5: val_loss 0.2963355755825728, val_acc 0.84
trigger times: 2
end of epoch 6: val_loss 0.2325645547125145, val_acc 0.9
trigger times: 0
saving model weights...
Weights: OrderedDict([('fcs.0.weight', tensor([[-5.5424e-07,  2.4813e-06,  1.9467e-08,  ..., -3.9632e-07,
         -8.3314e-07, -3.6507e-06],
        [-6.8747e-07,  1.4136e-04,  6.7157e-08,  ...,  1.4192e-05,
         -6.9662e-06, -1.4830e-05],
        [-9.9167e-09, -2.6367e-08,  1.3676e-08,  ..., -8.6358e-08,
          4.0104e-08, -4.5897e-08],
        ...,
        [-3.5512e-03,  4.3774e-02, -6.6858e-03,  ...,  5.3983e-03,
         -1.1002e-01, -1.4451e-01],
        [-5.0043e-01,  3.3380e-01, -3.6142e-01,  ...,  9.8185e-02,
         -4.6722e-01,  4.8522e-02],
        [-6.4954e-04, -3.3828e-03, -4.8808e-05,  ...,  3.0997e-04,
         -5.0480e-04, -1.6790e-04]], device='cuda:0')), ('fcs.0.bias', tensor([-1.2774e-06, -8.2385e-06,  1.0512e-09, -8.1424e-04, -1.0552e-01,
         7.9777e-06, -1.7653e-08, -1.2259e-01, -3.0355e-02, -9.9018e-04,
         5.7469e-01, -1.0058e-03, -1.8940e-02,  1.5643e-10, -1.6164e-05,
        -2.2219e-01, -3.1902e-02,  8.2681e-01, -2.8052e-05, -7.6350e-07,
        -5.8261e-02, -3.1859e-06, -7.9895e-06, -1.5005e-03, -2.6783e-01,
        -3.2457e-04, -1.3106e-03, -4.7837e-02, -8.2065e-08, -3.9467e-06,
        -9.9974e-03, -5.9795e-02, -1.3205e-03, -1.0163e-02, -2.9075e-01,
        -2.3719e-03, -1.0397e-05, -2.3560e-06, -1.0763e-01, -2.3301e-04,
        -5.7888e-03, -4.7734e-03, -5.5116e-06, -2.3021e-02, -1.1440e-01,
        -5.4293e-02,  3.3604e-08, -7.8158e-04, -8.5183e-02, -8.6667e-05,
        -2.9514e-05, -8.3965e-03, -2.1872e-03, -2.5859e-01, -1.9687e-05,
        -2.4437e-03, -5.7202e-02, -3.4955e-03, -5.0677e-06, -5.5420e-05,
        -3.2458e-06, -2.5778e-02, -9.8089e-02,  1.6752e-01,  2.7939e-02,
        -1.8240e-03, -6.7391e-05,  4.7200e-01, -3.1319e-04,  6.2178e-01,
        -1.3598e-01, -2.2620e-07, -9.2738e-04,  1.6682e-02,  2.0397e-06,
        -2.4285e-02, -4.3571e-05, -9.9785e-07, -1.7086e-08, -2.0645e-09,
        -4.4188e-08,  1.3325e-06, -1.5341e-05, -2.7331e-02, -1.0547e-03,
        -7.2417e-02, -2.1454e-07, -4.1403e-02, -5.6202e-03, -5.9152e-02,
        -3.3752e-02, -6.0443e-05, -4.1449e-03,  5.0262e-01, -4.8664e-02,
         5.8295e-01, -1.2109e-01,  4.6633e-01, -1.0565e-01, -1.4372e-03,
        -3.9269e-01,  5.5457e-08, -3.8537e-01, -1.8828e-03, -2.9105e-08,
        -3.1911e-03, -1.6155e-01, -3.1986e-03, -4.4917e-04,  2.9057e-07,
        -6.7412e-03, -3.4824e-07, -2.0532e-03, -5.0307e-03,  3.1125e-01,
        -1.7438e-01, -3.2628e-04, -4.4799e-02, -1.8795e-02, -1.3308e-02,
        -8.3646e-05,  1.1690e-01, -2.2790e-06, -1.3318e-03, -6.2378e-04,
        -7.7018e-02, -3.1110e-01, -8.4175e-05], device='cuda:0')), ('fcs.1.weight', tensor([[-1.3106e-06,  2.2211e-06,  8.2156e-08,  ...,  2.6333e-02,
         -1.1229e-01, -7.7813e-05],
        [-3.8608e-07,  2.1933e-06,  6.6800e-09,  ..., -7.0327e-03,
         -5.0019e-03, -1.3321e-05],
        [-1.2604e-08,  3.4824e-08,  1.4053e-10,  ..., -1.3961e-05,
         -1.0037e-03,  1.7679e-04],
        ...,
        [ 2.1883e-08, -8.1955e-07, -1.2445e-09,  ..., -3.4733e-03,
          2.5604e-03,  1.0323e-04],
        [ 2.3763e-08,  1.3232e-07, -5.2311e-08,  ..., -1.7639e-03,
         -2.0689e-03,  8.9791e-06],
        [-3.7652e-07,  3.3160e-07,  1.5664e-09,  ..., -3.4293e-04,
         -3.9312e-03,  1.4756e-04]], device='cuda:0')), ('fcs.1.bias', tensor([ 1.2104e-01, -8.2889e-02, -3.8133e-02, -1.2500e-01,  8.5419e-03,
        -2.7780e-01, -5.6073e-03, -1.3296e-03, -1.2177e-01, -2.3661e-01,
        -2.3788e-01,  8.0201e-05, -2.6509e-01,  5.5392e-02, -3.1717e-03,
        -1.4876e-02, -1.9997e-01, -1.5813e-01, -1.3411e-02, -1.2883e-02,
         1.1615e-01,  4.1084e-03, -2.4031e-05, -2.4172e-01, -1.4892e-03,
        -7.3886e-02, -2.9539e-01,  3.8468e-04,  3.2478e-02, -5.6906e-02,
        -3.6700e-03, -4.6880e-02,  4.2350e-01, -2.3496e-01, -2.7626e-05,
        -1.3521e-01,  8.7758e-03, -4.0294e-02, -2.9588e-01, -1.8671e-02,
        -4.8354e-02, -4.0216e-02, -5.4392e-02, -1.9425e-02, -1.4658e-03,
        -2.1820e-01, -5.5698e-02, -2.6016e-01,  6.0533e-01,  6.3705e-02,
        -2.1547e-01, -2.0451e-03, -8.0301e-03, -2.8752e-03, -3.7085e-03,
        -2.2615e-01, -1.2102e-01, -5.0074e-03, -2.3249e-01,  1.2318e-01,
        -5.5115e-03, -1.8741e-01, -4.1338e-04, -3.3050e-01], device='cuda:0')), ('fcs.2.weight', tensor([[-0.0086, -0.1077, -0.0029, -0.0018,  0.0462, -0.0460,  0.0369, -0.0728,
         -0.1124, -0.0908, -0.0350, -0.0177,  0.1028,  0.0497,  0.0072, -0.0023,
         -0.0174,  0.2242, -0.0007, -0.1575, -0.0979, -0.0371, -0.0003, -0.0406,
          0.0156, -0.0599, -0.2354, -0.1087,  0.1762, -0.2235, -0.0076,  0.0127,
         -0.0197,  0.0910, -0.0825, -0.0440, -0.0421, -0.0110, -0.0883,  0.0213,
          0.0771, -0.0026,  0.0032,  0.1276, -0.0061,  0.0761,  0.0228,  0.0166,
         -0.0497, -0.0008, -0.0690,  0.0008, -0.0313, -0.0030, -0.0151,  0.0069,
         -0.0705, -0.0089, -0.0306, -0.0367, -0.0008,  0.0494, -0.0457, -0.0265]],
       device='cuda:0'))])
end of epoch 7: val_loss 0.28766486895551735, val_acc 0.84
trigger times: 1
end of epoch 8: val_loss 1.8328044658103368, val_acc 0.73
trigger times: 2
end of epoch 9: val_loss 0.32842512937636165, val_acc 0.82
trigger times: 3
end of epoch 10: val_loss 0.28204005622762224, val_acc 0.86
trigger times: 4
end of epoch 11: val_loss 4.683060340693979, val_acc 0.76
trigger times: 5
end of epoch 12: val_loss 0.28718050657760386, val_acc 0.86
trigger times: 6
end of epoch 13: val_loss 0.3265740669420393, val_acc 0.9
trigger times: 7
end of epoch 14: val_loss 2.320462664703937, val_acc 0.87
trigger times: 8
end of epoch 15: val_loss 0.2877488897568815, val_acc 0.88
trigger times: 9
end of epoch 16: val_loss 0.2710526701061314, val_acc 0.87
trigger times: 10
Early stopping.
0 31.15457210689783 -238.56539389647227
1 29.890155792236328 -226.82452825484978
2 22.03490673401393 -226.2241731451399
3 35.09529326856136 -208.89755486387574
4 29.396960139274597 -196.9840755292238
5 35.27276986092329 -194.4017457710484
6 28.696616722038016 -193.75394353311003
7 37.36995443701744 -173.38768743356906
8 30.096311263740063 -172.73844575529262
9 37.757249519228935 -172.5849598191294
10 44.24476471543312 -148.80630048130243
11 41.09342524409294 -146.54022994848935
12 40.511291563510895 -144.9163601843784
13 37.77193458378315 -144.5098799638122
14 45.46185790002346 -129.52710350510273
15 43.708519265055656 -119.6789138826375
16 44.65615902841091 -119.53338183357056
17 37.144478157162666 -115.00841352193844
18 44.14305564761162 -113.49466461352053
19 49.27281464636326 -107.45837168117659
20 44.39305916428566 -105.49937100040788
21 45.57182587683201 -101.9104943327425
22 48.26003377139568 -101.66294130080523
23 47.75093825161457 -98.89606860541423
24 47.18920597434044 -95.1909937931514
25 46.049934417009354 -93.31854913617367
26 50.322986871004105 -85.41926577166943
27 47.87377415597439 -83.18012153468804
28 48.84973785281181 -79.47665068598401
29 44.53179895877838 -77.34308621853297
30 49.99491876363754 -60.56041622227008
31 49.42352995276451 -58.68833689293549
32 49.863569647073746 -22.79021187897909
33 48.98835229873657 -19.65788926803626
34 49.73456805944443 -16.74518768263467
35 49.16768038272858 -13.719402302108403
36 50.71817424893379 4.235189873860978
37 49.234109967947006 5.0952806210809465
38 51.69365233182907 10.178796790507759
39 47.651125743985176 13.541055788508864
40 47.523383781313896 14.989710929193077
41 49.05320920050144 21.802029683432238
42 50.71288886666298 31.12027905920427
43 52.075481712818146 40.64550156746333
44 50.89441995322704 40.69898986216935
45 52.99875237047672 50.09032867204584
46 52.10470147430897 57.290535515424786
47 51.97070550918579 60.51441689036072
48 52.62819407880306 62.587858111632386
49 48.74450308084488 63.47489586756552
50 52.45149637758732 65.395531990224
51 53.02495160698891 68.71330703108626
52 51.12717051804066 69.48459209048262
53 55.416808888316154 72.16624272108386
54 49.98022249341011 74.2233202149037
55 48.30610869824886 79.16074531670823
56 50.77511075139046 80.25553156558418
57 48.84004770219326 87.50520028403979
58 50.2064079195261 90.28646231697512
59 51.380927100777626 90.72533900600311
60 50.88023130595684 91.52552635781885
61 51.0191949903965 91.95773979158345
62 47.830177649855614 92.99221310223136
63 49.36830295622349 94.14052712880752
64 50.829674899578094 94.28590507273401
65 49.310529947280884 95.24073532592021
66 51.83403554558754 96.09581961281374
67 52.63180762529373 96.50341248035636
68 49.10203966498375 97.45820290396632
69 51.07303799688816 97.90553231413178
70 50.49425582587719 98.27346635731779
71 49.99210777878761 98.35872828331676
72 50.70920832455158 98.9255090371917
73 51.06371842324734 99.09003071828721
74 53.41500988602638 99.89253842063019
75 51.98353299498558 100.07765055593329
76 51.25010624527931 101.35869827851857
77 50.67239670455456 103.56921378052652
78 50.86053177714348 103.74194540937737
79 52.40139117836952 104.00039883786899
80 50.3049735724926 104.36031383612816
81 50.040742963552475 104.79584301893571
82 53.08333779871464 105.40349710769756
83 53.39033129811287 105.60678192821229
84 48.840864941477776 106.26867976298877
85 51.55444926023483 106.37916921043517
86 49.255156606435776 106.67969423997131
87 50.72020325064659 106.81132709017433
88 52.10568308830261 107.05410485829283
89 52.49146907031536 107.44441498172971
90 53.22029595077038 107.68792314282867
91 50.33321963250637 107.72369032284489
92 52.373196840286255 108.58631070626225
93 50.81899610161781 108.79454915391223
94 51.52054372429848 109.15712102315346
95 53.1985088288784 109.71287331230647
96 50.47501105070114 110.48639228144049
97 51.864989057183266 111.4630258761226
98 53.08132991194725 112.59201367677376
99 52.89490745961666 113.4530990931055
100 54.744807586073875 114.85996346749971
101 52.58599251508713 115.04838323377467
102 56.57741332054138 115.5646624637931
103 51.92465798556805 115.77027450439896
104 53.03892557322979 116.29805012422126
105 51.16504403948784 116.38499266629886
106 53.9686723202467 116.4198907102986
107 53.670940682291985 117.08008835928221
108 54.912443056702614 117.29357601720739
109 55.30682231485844 118.29160885622866
110 54.83168289065361 119.01062500757773
111 51.32778246700764 120.85290512447664
112 54.209179416298866 120.8902150231427
113 54.2385543435812 121.40892075278066
114 54.83001588284969 122.30522808413322
115 55.343102380633354 129.13346806288703
116 55.29960858821869 129.67718524437547
117 56.619632959365845 129.79664443488912
118 54.157026797533035 130.61780866873775
119 58.35571368038654 131.40806576766226
train accuracy: 0.8344444444444444
validation accuracy: 0.87
test accuracy: 0.8120448179271709
