demo lengths 200
demos: (120, 200, 25)
demo_rewards: (120,)
[-238.5653939  -226.82452825 -226.22417315 -208.89755486 -196.98407553
 -194.40174577 -193.75394353 -173.38768743 -172.73844576 -172.58495982
 -148.80630048 -146.54022995 -144.91636018 -144.50987996 -129.52710351
 -119.67891388 -119.53338183 -115.00841352 -113.49466461 -107.45837168
 -105.499371   -101.91049433 -101.6629413   -98.89606861  -95.19099379
  -93.31854914  -85.41926577  -83.18012153  -79.47665069  -77.34308622
  -60.56041622  -58.68833689  -22.79021188  -19.65788927  -16.74518768
  -13.7194023     4.23518987    5.09528062   10.17879679   13.54105579
   14.98971093   21.80202968   31.12027906   40.64550157   40.69898986
   50.09032867   57.29053552   60.51441689   62.58785811   63.47489587
   65.39553199   68.71330703   69.48459209   72.16624272   74.22332021
   79.16074532   80.25553157   87.50520028   90.28646232   90.72533901
   91.52552636   91.95773979   92.9922131    94.14052713   94.28590507
   95.24073533   96.09581961   96.50341248   97.4582029    97.90553231
   98.27346636   98.35872828   98.92550904   99.09003072   99.89253842
  100.07765056  101.35869828  103.56921378  103.74194541  104.00039884
  104.36031384  104.79584302  105.40349711  105.60678193  106.26867976
  106.37916921  106.67969424  106.81132709  107.05410486  107.44441498
  107.68792314  107.72369032  108.58631071  108.79454915  109.15712102
  109.71287331  110.48639228  111.46302588  112.59201368  113.45309909
  114.85996347  115.04838323  115.56466246  115.7702745   116.29805012
  116.38499267  116.41989071  117.08008836  117.29357602  118.29160886
  119.01062501  120.85290512  120.89021502  121.40892075  122.30522808
  129.13346806  129.67718524  129.79664443  130.61780867  131.40806577]
maximum traj length 200
maximum traj length 200
num training_obs 900
num training_labels 900
num val_obs 100
num val_labels 100
num test_obs 7140
num test_labels 7140
device: cpu
end of epoch 0: val_loss 0.3984261106566828, val_acc 0.8
trigger times: 0
saving model weights...
Weights: OrderedDict([('fc1.weight', tensor([[ 9.0637e-04,  2.0464e-06, -8.2984e-07,  ..., -8.4181e-07,
         -4.4942e-03,  2.7748e-08],
        [ 1.4010e-03,  2.5688e-02,  1.7764e-04,  ...,  6.7500e-03,
         -1.5553e-03, -4.2786e-03],
        [ 1.9066e-10, -5.7806e-10, -2.4426e-10,  ..., -8.7412e-10,
          4.3158e-10, -8.3295e-11],
        ...,
        [-9.0697e-04, -6.2956e-03, -4.3628e-06,  ..., -8.7561e-03,
         -1.6440e-04,  5.0176e-05],
        [ 4.1120e-02,  8.7964e-02, -3.9864e-02,  ...,  4.0130e-02,
         -1.3449e-01,  1.2167e-01],
        [ 5.5347e-04, -1.9406e-03, -4.8513e-06,  ..., -5.9321e-06,
          1.6701e-04,  4.0606e-04]])), ('fc1.bias', tensor([-4.9849e-03, -9.6655e-04,  3.5010e-11, -3.1884e-05, -3.2311e-09,
        -5.8249e-04,  1.7752e-02,  6.3933e-06, -2.1501e-05, -6.0656e-04,
        -7.5042e-03,  1.0968e-01, -3.4906e-03, -2.1185e-03, -1.1079e-01,
        -9.4343e-03, -1.8643e-06, -1.1442e-03,  6.2678e-02, -1.8073e-02,
         7.4043e-02, -5.0149e-03, -1.9659e-06, -2.0002e-03, -1.4897e-03,
         6.3212e-07,  2.7338e-09, -1.5337e-03, -1.6066e-03, -1.4757e-04,
        -3.0177e-03, -1.3852e-03, -9.6601e-06, -1.1507e-05, -2.0030e-04,
        -4.2348e-05, -1.0748e-04, -2.1480e-13, -1.6312e-04, -1.7836e-05,
        -8.5395e-06, -7.9623e-04, -9.3542e-05,  1.2179e-02, -4.8722e-04,
        -7.5685e-02, -3.8524e-11,  3.4829e-03, -5.3852e-08, -2.9115e-08,
         8.4553e-10, -3.5529e-08,  1.2668e-08,  6.5994e-06, -2.3062e-02,
        -1.1422e-01, -3.1916e-04,  6.1592e-07,  1.8723e-06,  1.7567e-09,
         4.8385e-02, -4.2615e-05, -2.6461e-04,  2.7462e-06, -2.4137e-07,
        -8.7471e-02,  3.5570e-02, -2.9891e-04, -2.3316e-08, -3.9347e-04,
         1.2383e-01, -3.8203e-02,  1.4541e-02, -2.3901e-02, -2.6862e-07,
        -2.0840e-04, -1.9901e-02,  1.2336e-03, -2.3510e-05,  1.0961e-07,
        -8.7361e-02, -5.2566e-02, -8.1857e-05, -7.3644e-05,  1.1342e-04,
         2.9698e-02, -4.9889e-10, -2.0212e-04, -3.8527e-02,  5.6291e-02,
         3.3570e-04,  3.2467e-09, -2.2934e-06,  1.1919e-05, -2.8346e-02,
        -1.0542e-01, -3.6672e-06, -5.2152e-02, -6.6026e-04, -2.3066e-08,
        -1.0418e-01, -2.4054e-03, -4.3319e-02,  2.1865e-02, -2.0559e-02,
        -1.8907e-02, -3.1516e-06, -5.9454e-03, -4.8155e-06,  1.1335e-03,
        -1.0219e-03, -6.2738e-03, -6.4373e-04,  7.7637e-06, -1.0605e-05,
        -1.3032e-02, -1.8425e-04, -2.8546e-02, -3.6548e-03, -5.1749e-02,
        -8.3787e-03, -1.5743e-06, -9.3121e-03, -6.8317e-03, -4.2643e-03,
        -8.9654e-05, -2.0190e-01, -2.5478e-05])), ('fc2.weight', tensor([[-7.0603e-07,  1.0477e-04, -3.4079e-10,  ...,  8.5388e-06,
         -8.7876e-05, -1.7099e-06],
        [ 2.4134e-06,  1.7710e-03,  1.5594e-09,  ...,  2.8026e-04,
          9.1767e-03,  6.1725e-06],
        [-1.9654e-06,  8.1605e-05, -4.8697e-10,  ..., -7.6912e-07,
         -1.4890e-03, -1.1874e-05],
        ...,
        [ 1.1451e-04, -1.4318e-05,  4.5121e-08,  ...,  2.4663e-05,
          6.0310e-02,  1.8364e-04],
        [ 4.4863e-06,  3.5598e-03,  1.6648e-09,  ..., -3.3875e-04,
         -2.5088e-02,  1.2587e-04],
        [-1.3413e-07,  4.5478e-08, -3.7865e-11,  ..., -2.6880e-08,
         -1.8053e-06, -3.1401e-07]])), ('fc2.bias', tensor([-4.2074e-05, -9.2731e-03, -3.9576e-03, -2.7221e-02, -2.4778e-02,
        -6.7523e-06, -3.0431e-02, -8.6767e-03,  6.6373e-02,  4.4053e-03,
        -9.8642e-03, -6.1258e-03, -2.7175e-02,  3.1760e-03, -3.1794e-05,
        -4.7183e-03,  4.1881e-03, -4.0312e-02,  5.2590e-05, -3.8602e-03,
         2.0353e-03, -1.5630e-02,  1.4219e-02, -4.4273e-03, -3.1053e-02,
        -2.0134e-03, -8.7598e-04, -1.4879e-03, -1.2553e-01,  7.3249e-02,
        -4.1119e-05, -4.4555e-03, -3.0585e-02,  2.0540e-06, -4.5446e-03,
        -1.6240e-02, -6.2224e-02,  2.9173e-05, -4.3765e-03, -6.9209e-03,
        -5.9958e-02,  5.3023e-02,  1.5551e-03, -3.2301e-03, -3.0999e-03,
         2.5231e-02, -5.7419e-03, -9.0332e-04, -6.9770e-03, -1.2838e-02,
         4.0981e-08, -3.5846e-03,  2.5066e-05,  1.8706e-01,  1.1309e-02,
         6.3269e-02, -6.2148e-03, -3.0959e-03,  1.4946e-07,  5.5448e-03,
         5.6161e-07, -5.9235e-02, -5.6496e-02, -1.0952e-01])), ('fc3.weight', tensor([[-1.8037e-02, -5.5444e-02, -5.0495e-02, -2.2383e-02, -3.4875e-02,
         -7.8280e-02, -1.0471e-02, -2.5584e-03,  1.8686e-02, -3.7355e-03,
         -1.1730e-03,  1.2803e-03,  1.3775e-02,  2.4852e-02,  4.7761e-03,
         -1.4428e-02, -1.1802e-02,  6.7419e-02, -2.2434e-02,  5.2511e-03,
          1.9910e-02,  1.4962e-02,  1.1497e-02, -7.4548e-02, -7.9313e-02,
         -2.8457e-02, -1.1151e-02,  4.8738e-03, -6.4158e-03, -9.2811e-03,
         -4.8782e-02,  9.4198e-02, -1.1226e-02, -2.3096e-04, -6.0928e-02,
          6.3359e-02,  6.9327e-02, -1.1854e-03,  6.5660e-02,  2.5029e-02,
          1.5867e-02, -1.1298e-02, -2.8925e-02,  6.2248e-02,  9.4118e-05,
          4.4884e-03, -3.8711e-03,  3.4820e-03,  1.2710e-01,  8.6644e-03,
         -3.0226e-03,  3.6150e-03, -1.3187e-02, -7.2642e-02, -6.3663e-02,
          5.2936e-02, -3.6399e-03,  3.5497e-02, -2.4391e-02,  1.0243e-02,
         -2.2567e-03,  8.7309e-03,  2.8573e-02, -8.2817e-04]]))])
end of epoch 1: val_loss 0.38735005236187137, val_acc 0.75
trigger times: 0
saving model weights...
Weights: OrderedDict([('fc1.weight', tensor([[ 1.6635e-07, -1.9199e-07, -3.3055e-08,  ..., -4.5107e-07,
         -2.3744e-06, -4.9182e-07],
        [-1.4719e-05,  2.0106e-04, -5.0370e-06,  ...,  6.0585e-06,
         -1.5957e-05, -1.4694e-05],
        [-5.5660e-19,  2.2073e-19,  1.7091e-19,  ...,  2.2183e-19,
         -1.9210e-19,  3.5144e-19],
        ...,
        [-4.8547e-08, -1.1498e-05,  1.4117e-09,  ..., -1.8306e-06,
         -2.8144e-08,  2.5769e-08],
        [ 4.8341e-03,  1.8985e-02, -2.6989e-05,  ...,  4.6860e-03,
         -1.5246e-02,  1.5543e-02],
        [ 2.0356e-07, -3.2717e-08, -7.4105e-09,  ..., -3.1975e-08,
          1.7680e-09,  5.4353e-07]])), ('fc1.bias', tensor([-2.7673e-06, -1.9587e-05, -6.0599e-19, -3.3948e-07,  4.1798e-19,
        -6.0102e-09, -1.0310e-07, -4.6905e-05, -1.8174e-11, -4.0077e-09,
        -3.2584e-07, -1.5079e-02, -7.8221e-06, -2.5924e-06, -3.0875e-03,
        -8.3502e-07, -1.8987e-07, -1.6027e-11,  2.7760e-03, -2.3274e-04,
        -1.4568e-03, -3.3501e-05, -3.4873e-09, -1.8036e-08,  7.3902e-11,
         7.3853e-13,  1.0582e-05, -3.0120e-10, -9.9039e-08, -1.6106e-04,
        -2.0744e-08, -8.7657e-03,  3.6610e-10, -1.7430e-05,  1.9567e-11,
        -1.4076e-11, -4.5104e-02, -4.4089e-02, -7.8368e-10, -8.4970e-09,
        -2.4600e-03, -3.2153e-05, -6.6052e-08, -2.9910e-05, -3.1382e-10,
        -3.5421e-04,  3.9171e-05, -1.2201e-04,  2.9449e-17, -6.0040e-14,
         4.3117e-02, -8.3036e-03,  3.4339e-16, -3.3015e-03, -1.6263e-04,
        -5.1101e-03, -1.2430e-07, -1.3904e-10, -5.7301e-04,  4.6822e-10,
        -2.1953e-02,  3.3524e-15, -2.3253e-09,  3.5898e-10, -1.2007e-02,
        -6.1351e-03, -2.6728e-02, -4.1584e-11,  6.0632e-20, -1.6292e-07,
         1.8288e-01, -2.7484e-02, -4.1901e-02, -3.9684e-03,  1.5077e-02,
        -1.3793e-03,  2.5050e-07,  4.7200e-10, -4.6982e-02,  8.4675e-16,
        -1.1229e-03,  2.7918e-03, -4.4867e-05, -1.9287e-03,  4.3153e-12,
         1.2912e-07, -6.8011e-07,  1.1060e-11, -3.8665e-04, -6.0446e-02,
        -1.2216e-03, -2.2221e-02, -6.6329e-07,  1.8174e-07, -7.6228e-05,
        -8.4551e-03, -5.9010e-05, -8.3414e-04, -2.8908e-09,  1.3481e-11,
        -1.1111e-02, -1.5571e-07,  1.1868e-02, -2.1377e-03, -7.6041e-04,
        -1.3899e-04,  1.5203e-13, -1.9344e-06,  3.0708e-02,  1.2412e-06,
        -3.0733e-11,  7.2795e-09, -9.4211e-09,  8.1676e-05, -4.7078e-03,
        -1.9724e-04,  2.1724e-12,  1.0452e-04, -1.0083e-06, -5.1199e-04,
        -2.3752e-07, -3.1609e-14, -3.3876e-02, -1.0951e-12, -9.2314e-06,
        -1.5717e-08, -2.5413e-02, -1.5644e-08])), ('fc2.weight', tensor([[-4.1385e-10,  1.2110e-09, -1.7925e-23,  ..., -8.7554e-12,
          4.1308e-07, -1.6376e-10],
        [-3.3582e-07, -3.6986e-07, -2.0963e-19,  ..., -1.9900e-09,
         -2.4027e-04, -9.6011e-08],
        [ 5.6345e-07,  1.3869e-06, -1.7145e-20,  ...,  2.0965e-09,
         -1.8944e-04, -8.3939e-07],
        ...,
        [ 6.7020e-07,  1.9835e-06,  2.4336e-19,  ...,  8.7694e-09,
          9.2189e-03,  7.0025e-08],
        [-1.9109e-08,  1.4187e-06,  2.2951e-21,  ..., -5.1033e-10,
         -1.2740e-05, -7.2349e-09],
        [-9.2873e-10,  1.6098e-08, -3.1733e-22,  ...,  1.5569e-10,
         -1.7639e-06, -3.2207e-09]])), ('fc2.bias', tensor([ 7.2848e-08,  1.9012e-02, -6.8452e-02, -3.7332e-03,  2.7702e-02,
        -2.7440e-02,  1.2866e-03, -7.1557e-03, -2.6198e-02, -1.7353e-03,
        -2.6056e-04, -2.1066e-03, -6.2683e-02, -1.0912e-01,  3.7512e-02,
        -4.8122e-03, -2.0378e-03, -2.8395e-03, -8.2240e-05,  4.0370e-02,
         2.2516e-02,  1.2026e-02, -2.0403e-03, -1.4254e-02, -3.8068e-02,
        -3.1064e-03, -3.1849e-03,  2.5638e-03, -2.0900e-04, -1.8396e-03,
        -2.0437e-06, -4.6325e-03, -8.2204e-03, -7.0076e-03, -4.7878e-03,
        -4.5543e-03, -1.3189e-01, -5.8750e-03, -4.4578e-02, -1.3954e-02,
         1.4599e-02, -8.2836e-03,  3.1183e-03, -1.3086e-02, -4.1806e-03,
        -5.4527e-03, -8.9317e-04, -7.3001e-03, -5.9637e-03,  1.2234e-01,
        -3.5073e-02,  6.7244e-02, -2.3456e-03,  1.3911e-01,  3.6771e-02,
        -6.9132e-03, -9.5862e-03, -3.6818e-02, -1.4781e-02, -2.8920e-03,
        -7.3941e-03, -4.3568e-02, -1.6708e-02, -1.5851e-02])), ('fc3.weight', tensor([[ 2.5048e-04, -4.3798e-02,  6.4876e-03, -1.6149e-02,  8.1305e-04,
          3.4081e-03,  8.9896e-02, -1.1051e-02,  2.7386e-02, -9.5957e-04,
          9.2897e-06,  7.1029e-03, -2.4473e-02, -3.7919e-02,  1.6542e-02,
          2.6670e-03, -1.9957e-02, -2.3969e-03, -7.4080e-04, -3.3665e-02,
         -2.4325e-03,  5.8713e-03, -5.0587e-04,  7.3129e-03,  4.8790e-02,
         -1.7892e-02,  2.0046e-03,  1.2072e-03, -1.5986e-04,  3.4047e-04,
         -2.0609e-03,  2.2712e-02,  8.7588e-03,  7.7862e-03, -3.3047e-02,
          5.6629e-03, -6.6376e-02, -8.1976e-03,  5.2824e-02, -9.0212e-03,
         -8.1155e-04,  1.9894e-03, -1.0131e-04, -3.5628e-02,  2.3788e-03,
         -7.0767e-03,  4.1074e-03,  8.9912e-03, -1.4544e-03,  1.1285e-02,
         -3.4271e-02, -2.1424e-03, -3.4263e-02, -1.0070e-01, -9.5837e-03,
          2.0135e-02, -1.3617e-01, -1.8050e-02, -3.6742e-03, -1.4900e-02,
          6.9821e-03,  8.0411e-03,  1.6429e-02,  1.8912e-03]]))])
end of epoch 2: val_loss 0.4095307978166238, val_acc 0.76
trigger times: 1
end of epoch 3: val_loss 0.7793657949023036, val_acc 0.79
trigger times: 2
end of epoch 4: val_loss 0.3238621535186734, val_acc 0.83
trigger times: 0
saving model weights...
Weights: OrderedDict([('fc1.weight', tensor([[-2.4234e-03,  9.3208e-04,  5.0180e-07,  ..., -6.2272e-05,
         -5.3991e-03,  9.5057e-05],
        [ 1.7510e-04,  6.7294e-05,  3.2112e-05,  ...,  7.4324e-04,
         -7.7244e-06,  6.7849e-04],
        [-8.6044e-02,  1.9042e-02, -2.4558e-02,  ...,  1.2510e-01,
         -9.9524e-02, -6.5274e-02],
        ...,
        [-2.7904e-01, -9.8008e-03, -2.7053e-01,  ..., -1.3843e-01,
         -4.7864e-02, -1.1760e-01],
        [-6.6336e-10,  1.5070e-08,  8.1475e-11,  ..., -4.2814e-10,
         -6.0126e-10,  1.8207e-10],
        [-1.7143e-25,  1.6680e-25,  4.0612e-27,  ...,  1.9471e-25,
         -2.0861e-25, -1.1228e-24]])), ('fc1.bias', tensor([-6.2749e-03, -9.6592e-06, -2.3796e-02,  3.3954e-02, -2.5054e-03,
        -9.3197e-03, -1.3075e-17,  1.5734e-01, -6.4086e-05,  2.6693e-01,
        -6.3133e-07, -1.4425e-08, -6.8450e-04, -4.1654e-05, -7.3263e-13,
        -2.7129e-31, -3.1863e-03, -1.6146e-02, -6.7416e-03, -1.5891e-02,
        -4.7310e-10,  3.8179e-03, -2.3320e-05, -8.4205e-04,  6.1045e-12,
        -8.3386e-03, -5.8390e-06,  3.9507e-06, -1.3266e-03, -1.5673e-03,
        -7.6392e-02,  9.2115e-09, -3.7235e-06, -3.0400e-03, -9.3840e-02,
        -8.1388e-03, -8.7703e-15, -9.1395e-03,  1.4398e-09,  1.4562e-13,
         5.0370e-23, -2.4445e-03, -1.1252e-03, -2.5791e-09, -5.7446e-03,
        -5.7928e-11, -1.9577e-02, -4.0287e-03,  1.5450e-01, -1.7727e-04,
        -2.4075e-06, -6.1022e-10, -1.4314e-02, -2.5644e-10,  4.0736e-17,
        -1.2443e-11,  7.4782e-05, -9.6414e-03, -3.0006e-02,  4.3387e-01,
        -1.5753e-02, -2.5971e-15,  7.0254e-08, -3.8572e-05,  7.0286e-11,
         1.3647e-12,  6.6959e-08, -3.9271e-03, -7.5668e-02, -1.6711e-01,
        -6.7002e-04, -2.3309e-06, -9.7902e-07, -2.8803e-15, -6.6875e-05,
        -1.3264e-04, -1.4019e-08, -4.0759e-05,  2.3439e-06, -7.6915e-02,
         6.6964e-11,  4.6452e-10, -3.7119e-03, -4.1504e-09, -1.3509e-02,
         6.1345e-19, -4.7294e-05, -4.2093e-05, -8.6873e-13, -2.7043e-05,
        -1.2388e-07, -1.3623e-03, -2.3356e-06, -1.3009e-07, -8.6083e-21,
         1.9932e-10, -6.7570e-09, -4.2754e-03, -2.5469e-05, -8.7862e-07,
         2.4327e-10, -1.6267e-28, -3.8811e-10, -2.6158e-14, -8.3840e-11,
        -3.2056e-10, -4.3904e-04, -2.3477e-21, -7.9195e-05, -3.6185e-16,
         1.3239e-01,  1.0560e-14,  4.2873e-02, -6.0288e-04, -4.5633e-07,
         1.1029e-09, -6.8737e-03, -2.2081e-09, -2.9474e-05,  2.5223e-15,
        -2.1594e-08,  2.7059e-03, -5.2334e-09, -1.7740e-05, -1.8196e-19,
         1.2819e-01, -3.0743e-10, -1.8681e-25])), ('fc2.weight', tensor([[ 7.9801e-06, -1.1465e-06,  1.3957e-04,  ...,  1.5172e-03,
          1.6608e-10, -2.7777e-28],
        [ 3.0259e-06,  1.1844e-07, -2.5574e-02,  ...,  2.8543e-04,
          4.7125e-11,  2.1052e-30],
        [-1.4799e-05, -1.0119e-04, -1.2953e-04,  ...,  3.7615e-02,
         -1.8118e-09, -2.3534e-27],
        ...,
        [-2.6127e-05,  3.7668e-03,  2.7910e-02,  ...,  4.2080e-03,
          6.5750e-09, -3.4882e-28],
        [ 2.2012e-06, -9.9391e-05, -1.8747e-01,  ...,  4.9279e-03,
          6.0678e-11, -3.8669e-28],
        [-1.1201e-05, -1.6647e-05, -7.9553e-02,  ..., -6.4026e-04,
          7.1484e-10, -1.1812e-27]])), ('fc2.bias', tensor([-1.1721e-02, -3.9036e-03,  3.9439e-03,  1.4459e-01, -2.0747e-02,
        -2.2129e-03, -1.1985e-02, -1.0626e-02, -7.1564e-02, -2.7867e-02,
        -8.8573e-03, -2.1501e-02, -1.0650e-01,  1.9949e-03, -1.0602e-01,
         9.2558e-03, -1.2340e-02, -5.7972e-02, -1.4192e-03, -1.8046e-01,
         8.4889e-02, -4.2450e-03, -6.4457e-02, -9.6193e-02, -3.2127e-02,
        -8.8977e-02, -4.4925e-02, -5.5499e-02, -1.2839e-02, -3.5069e-02,
        -3.1895e-03, -2.5546e-02, -5.9203e-03, -2.0952e-02, -9.9324e-04,
        -1.1485e-01, -1.4318e-02, -4.4465e-03,  7.3948e-04, -6.1659e-03,
        -6.2816e-02,  1.1800e-01,  6.3593e-03, -3.0303e-02, -4.9119e-02,
        -1.4118e-02, -3.8200e-02, -7.2931e-02,  7.3530e-02, -3.8407e-02,
        -8.8719e-03,  1.2373e-01, -2.1795e-02, -3.6380e-03,  2.8785e-01,
        -1.9912e-02,  8.6342e-02, -6.7047e-05,  1.2369e-02, -1.0281e-02,
        -6.5363e-03, -1.4285e-01, -9.0446e-02,  7.4462e-02])), ('fc3.weight', tensor([[-2.8939e-02, -1.7058e-03, -1.5011e-02,  6.5792e-02,  9.1616e-02,
          6.9112e-03,  3.3103e-02,  1.8139e-02, -2.5274e-02,  4.4235e-02,
          8.2957e-02, -6.3303e-03,  6.3877e-02, -1.5150e-02, -2.1133e-02,
          2.3261e-02, -8.9007e-03,  3.1153e-02, -3.0296e-02, -1.4629e-02,
         -4.5998e-02,  2.6123e-03,  3.6336e-02,  3.5964e-02,  1.0105e-01,
          1.2830e-02,  7.0356e-02, -5.1560e-02, -8.3144e-02, -2.4247e-02,
         -3.9148e-02,  9.5213e-04, -7.9173e-03,  1.9978e-01, -2.5257e-02,
         -2.1836e-02, -1.0177e-01,  4.1643e-03, -5.2080e-03,  9.3261e-03,
          7.1198e-02,  5.3726e-02,  6.0504e-02,  1.6354e-01,  4.5971e-02,
         -3.0959e-02, -3.0732e-02, -6.3641e-02,  4.6281e-03,  1.0007e-02,
          1.9840e-03, -8.4653e-06,  7.7954e-02, -8.3501e-03, -9.3772e-02,
         -1.4275e-02,  6.8227e-03, -1.6443e-02, -1.3374e-02, -1.2055e-02,
          2.1864e-02, -2.9852e-02,  4.6947e-02,  1.8165e-03]]))])
end of epoch 5: val_loss 0.4163484152202727, val_acc 0.76
trigger times: 1
end of epoch 6: val_loss 0.5121914184499913, val_acc 0.8
trigger times: 2
end of epoch 7: val_loss 0.43368278528350296, val_acc 0.78
trigger times: 3
end of epoch 8: val_loss 0.828556067756354, val_acc 0.73
trigger times: 4
end of epoch 9: val_loss 0.3345859047910744, val_acc 0.85
trigger times: 5
end of epoch 10: val_loss 0.37813747716136276, val_acc 0.82
trigger times: 6
end of epoch 11: val_loss 0.3633939386668499, val_acc 0.85
trigger times: 7
end of epoch 12: val_loss 2.961087954048612, val_acc 0.76
trigger times: 8
end of epoch 13: val_loss 1.131246954211353, val_acc 0.77
trigger times: 9
end of epoch 14: val_loss 0.36587992048699675, val_acc 0.84
trigger times: 10
Early stopping.
0 -31.93341637402773 -238.56539389647227
1 -31.722556054592133 -226.82452825484978
2 -31.082573294639587 -226.2241731451399
3 -28.626605086028576 -208.89755486387574
4 -27.9527827501297 -196.9840755292238
5 -29.50295603275299 -194.4017457710484
6 -29.875864803791046 -193.75394353311003
7 -27.688140645623207 -173.38768743356906
8 -27.35263691842556 -172.73844575529262
9 -27.60244992375374 -172.5849598191294
10 -25.70458697527647 -148.80630048130243
11 -25.66050386428833 -146.54022994848935
12 -27.461505085229874 -144.9163601843784
13 -25.735966369509697 -144.5098799638122
14 -24.25322788953781 -129.52710350510273
15 -22.376523107290268 -119.6789138826375
16 -25.840540371835232 -119.53338183357056
17 -26.10368786007166 -115.00841352193844
18 -24.56320694088936 -113.49466461352053
19 -19.36899786349386 -107.45837168117659
20 -22.176429007202387 -105.49937100040788
21 -21.65083829127252 -101.9104943327425
22 -21.110294131562114 -101.66294130080523
23 -23.590690766461194 -98.89606860541423
24 -23.1990410014987 -95.1909937931514
25 -23.377381652593613 -93.31854913617367
26 -20.110186411067843 -85.41926577166943
27 -22.092444881796837 -83.18012153468804
28 -21.22667713277042 -79.47665068598401
29 -23.315029494464397 -77.34308621853297
30 -19.008921639062464 -60.56041622227008
31 -19.7542009903118 -58.68833689293549
32 -20.77081281039864 -22.79021187897909
33 -17.984533392824233 -19.65788926803626
34 -17.454588216729462 -16.74518768263467
35 -20.605342260561883 -13.719402302108403
36 -20.37316090427339 4.235189873860978
37 -20.901448482647538 5.0952806210809465
38 -20.80742727033794 10.178796790507759
39 -22.21246717032045 13.541055788508864
40 -20.36038965638727 14.989710929193077
41 -19.710316288284957 21.802029683432238
42 -21.547465512529016 31.12027905920427
43 -18.309353685937822 40.64550156746333
44 -17.895182599313557 40.69898986216935
45 -19.728343633934855 50.09032867204584
46 -20.922474295832217 57.290535515424786
47 -19.44234951492399 60.51441689036072
48 -19.55404254887253 62.587858111632386
49 -21.874412128701806 63.47489586756552
50 -17.6124629676342 65.395531990224
51 -17.372861739248037 68.71330703108626
52 -19.16224481072277 69.48459209048262
53 -17.188576479442418 72.16624272108386
54 -20.844799660146236 74.2233202149037
55 -23.034030731767416 79.16074531670823
56 -19.671320591121912 80.25553156558418
57 -22.49108964484185 87.50520028403979
58 -20.667982653714716 90.28646231697512
59 -20.914721495471895 90.72533900600311
60 -21.315945816226304 91.52552635781885
61 -19.70047521777451 91.95773979158345
62 -21.749887890182436 92.99221310223136
63 -21.743567663244903 94.14052712880752
64 -21.890306193381548 94.28590507273401
65 -20.779084119945765 95.24073532592021
66 -21.038207520730793 96.09581961281374
67 -20.31456022011116 96.50341248035636
68 -21.882125138305128 97.45820290396632
69 -19.796955020166934 97.90553231413178
70 -21.527237196452916 98.27346635731779
71 -20.34800151316449 98.35872828331676
72 -19.83448596764356 98.9255090371917
73 -21.25558093190193 99.09003071828721
74 -19.714898073114455 99.89253842063019
75 -20.1486748829484 100.07765055593329
76 -19.895732685923576 101.35869827851857
77 -20.68897912185639 103.56921378052652
78 -20.61977659817785 103.74194540937737
79 -19.37183462176472 104.00039883786899
80 -20.71282168570906 104.36031383612816
81 -20.904836219735444 104.79584301893571
82 -19.979296937584877 105.40349710769756
83 -18.87670615222305 105.60678192821229
84 -20.175323370844126 106.26867976298877
85 -19.931685429997742 106.37916921043517
86 -18.030177919194102 106.67969423997131
87 -19.804088154807687 106.81132709017433
88 -18.701153500005603 107.05410485829283
89 -19.434346764348447 107.44441498172971
90 -19.805629758164287 107.68792314282867
91 -18.278314283117652 107.72369032284489
92 -20.279038598760962 108.58631070626225
93 -18.69288538210094 108.79454915391223
94 -18.89801384601742 109.15712102315346
95 -17.980614769272506 109.71287331230647
96 -18.396212534978986 110.48639228144049
97 -19.102468870114535 111.4630258761226
98 -19.002987140789628 112.59201367677376
99 -18.868729795329273 113.4530990931055
100 -18.550093959085643 114.85996346749971
101 -19.080223890021443 115.04838323377467
102 -17.692785662133247 115.5646624637931
103 -19.638556687161326 115.77027450439896
104 -19.163224197924137 116.29805012422126
105 -17.73697868362069 116.38499266629886
106 -18.970881652086973 116.4198907102986
107 -19.192327972501516 117.08008835928221
108 -17.982537422329187 117.29357601720739
109 -18.414130564779043 118.29160885622866
110 -16.84884544927627 119.01062500757773
111 -16.980028862133622 120.85290512447664
112 -17.269171873107553 120.8902150231427
113 -17.984790443442762 121.40892075278066
114 -17.615664473734796 122.30522808413322
115 -16.095979816745967 129.13346806288703
116 -14.99681821744889 129.67718524437547
117 -15.542148808017373 129.79664443488912
118 -16.444764995016158 130.61780866873775
119 -13.552546332590282 131.40806576766226
train accuracy: 0.8133333333333334
validation accuracy: 0.84
test accuracy: 0.7680672268907563
