demo lengths 200
demos: (120, 200, 25)
demo_rewards: (120,)
[-238.5653939  -226.82452825 -226.22417315 -208.89755486 -196.98407553
 -194.40174577 -193.75394353 -173.38768743 -172.73844576 -172.58495982
 -148.80630048 -146.54022995 -144.91636018 -144.50987996 -129.52710351
 -119.67891388 -119.53338183 -115.00841352 -113.49466461 -107.45837168
 -105.499371   -101.91049433 -101.6629413   -98.89606861  -95.19099379
  -93.31854914  -85.41926577  -83.18012153  -79.47665069  -77.34308622
  -60.56041622  -58.68833689  -22.79021188  -19.65788927  -16.74518768
  -13.7194023     4.23518987    5.09528062   10.17879679   13.54105579
   14.98971093   21.80202968   31.12027906   40.64550157   40.69898986
   50.09032867   57.29053552   60.51441689   62.58785811   63.47489587
   65.39553199   68.71330703   69.48459209   72.16624272   74.22332021
   79.16074532   80.25553157   87.50520028   90.28646232   90.72533901
   91.52552636   91.95773979   92.9922131    94.14052713   94.28590507
   95.24073533   96.09581961   96.50341248   97.4582029    97.90553231
   98.27346636   98.35872828   98.92550904   99.09003072   99.89253842
  100.07765056  101.35869828  103.56921378  103.74194541  104.00039884
  104.36031384  104.79584302  105.40349711  105.60678193  106.26867976
  106.37916921  106.67969424  106.81132709  107.05410486  107.44441498
  107.68792314  107.72369032  108.58631071  108.79454915  109.15712102
  109.71287331  110.48639228  111.46302588  112.59201368  113.45309909
  114.85996347  115.04838323  115.56466246  115.7702745   116.29805012
  116.38499267  116.41989071  117.08008836  117.29357602  118.29160886
  119.01062501  120.85290512  120.89021502  121.40892075  122.30522808
  129.13346806  129.67718524  129.79664443  130.61780867  131.40806577]
maximum traj length 200
maximum traj length 200
num training_obs 900
num training_labels 900
num val_obs 100
num val_labels 100
num test_obs 7140
num test_labels 7140
device: cpu
end of epoch 0: val_loss 0.904397924270547, val_acc 0.73
trigger times: 0
saving model weights...
Weights: OrderedDict([('fc1.weight', tensor([[-2.5950e-02, -5.8318e-02, -4.1542e-04,  ..., -4.7449e-03,
         -5.3516e-02, -1.7828e-02],
        [-6.8236e-03,  3.4525e-02, -2.2371e-03,  ...,  1.3421e-02,
         -1.2965e-02,  2.7312e-05],
        [-4.4659e-02, -1.4957e-02, -1.2956e-03,  ..., -1.5168e-03,
         -1.2042e-02, -2.3825e-02],
        ...,
        [-2.7786e-03,  2.6786e-03, -5.0900e-07,  ...,  5.6960e-04,
         -9.2549e-04, -4.4029e-04],
        [-4.0237e-02,  2.7237e-02, -1.5914e-02,  ..., -1.8134e-02,
         -3.8388e-02, -6.5430e-03],
        [-1.4961e-01,  2.5288e-02, -9.6996e-02,  ...,  5.0191e-03,
         -1.7301e-01, -2.6408e-02]])), ('fc1.bias', tensor([-5.2502e-02, -1.1979e-02, -1.4647e-02, -1.8395e-02, -1.8743e-02,
         1.2728e-05, -1.1594e-03, -2.2813e-06, -1.4715e-01,  1.9402e-03,
        -1.8116e-02, -1.4656e-01, -7.2512e-04, -1.5688e-02, -2.5587e-03,
        -3.5802e-02,  2.1682e-02, -5.4974e-02,  3.0547e-03, -1.7017e-02,
        -1.3290e-02,  6.4921e-02, -1.1410e-01, -8.4238e-04,  2.4867e-04,
        -1.1836e-11,  7.3092e-04, -8.7571e-03, -1.9333e-12, -5.7906e-04,
        -1.2076e-02, -5.8351e-03, -7.0561e-04, -3.2895e-02, -1.7554e-02,
         2.5335e-02,  4.3101e-02, -1.4262e-03, -1.4839e-02, -1.1546e-05,
        -6.0967e-04,  1.6289e-01, -2.5808e-02, -2.4992e-03, -2.4051e-03,
        -5.3504e-02, -2.5638e-03, -9.8695e-03, -2.0984e-02, -5.8135e-04,
        -2.1361e-02, -5.0157e-02, -7.6654e-03, -4.0570e-06, -1.4474e-04,
         2.5085e-02, -4.4398e-02, -4.3284e-09, -1.8132e-04, -8.6316e-08,
        -3.4917e-04, -1.1278e-03,  7.2375e-06, -1.6540e-05, -8.6938e-04,
        -5.8875e-04, -5.7459e-02, -6.2336e-03,  5.3997e-02, -1.9304e-06,
        -1.8917e-03, -6.9043e-04, -1.0448e-02, -3.5984e-06, -3.8453e-02,
        -3.8847e-05, -2.4042e-03, -3.2968e-03, -3.9915e-02, -4.3210e-03,
        -6.1806e-04,  1.0689e-02, -5.1174e-02, -5.3598e-02, -9.7734e-05,
        -7.4396e-03, -3.3155e-04, -4.4872e-03, -6.3703e-07, -7.4325e-03,
        -8.8729e-07, -4.1022e-04, -7.1634e-02, -5.2135e-03, -3.2109e-03,
        -3.8524e-02, -1.3665e-02,  1.5534e-06, -3.8765e-02, -3.9220e-04,
         1.8184e-10, -8.1126e-07, -2.2204e-02, -5.8758e-04, -7.0989e-02,
         1.5841e-04,  4.7564e-05, -7.2259e-05, -1.0221e-03, -1.8714e-02,
        -6.1926e-04, -1.2322e-04, -4.3475e-02,  5.9587e-02,  1.1723e-02,
        -7.6242e-05,  9.2134e-02, -1.3624e-02, -4.7233e-04,  5.4534e-09,
         5.0644e-11, -2.1076e-03, -5.5423e-04, -6.5536e-07, -1.2809e-02,
        -9.3717e-04, -3.6401e-02, -1.8098e-01])), ('fc2.weight', tensor([[ 1.3902e-06, -5.8312e-06, -4.6313e-05,  ..., -4.5975e-07,
         -1.2681e-05, -1.8971e-04],
        [ 6.1708e-04,  6.4097e-04, -2.1119e-04,  ..., -4.8546e-05,
         -1.0777e-02, -1.5350e-04],
        [ 9.7262e-05, -8.8041e-05, -1.5565e-02,  ..., -2.6226e-06,
         -2.2877e-03,  6.3461e-05],
        ...,
        [ 5.0283e-03,  5.9040e-06, -1.5031e-03,  ...,  9.7842e-06,
         -7.3962e-03, -1.2494e-03],
        [ 1.0557e-07,  6.9265e-04, -3.0956e-03,  ...,  8.2712e-05,
          1.0005e-04,  3.0938e-03],
        [ 1.6823e-04,  2.0028e-04,  9.2749e-05,  ...,  1.7048e-06,
         -1.2345e-02,  8.4076e-05]])), ('fc2.bias', tensor([-1.3086e-05,  6.5946e-02, -2.3047e-02,  3.6565e-02, -5.2902e-02,
        -4.1962e-03, -1.7676e-03,  7.6122e-05, -2.3542e-02, -1.2089e-04,
        -1.0402e-03, -2.0367e-02, -3.9836e-02, -7.8558e-02,  2.2152e-02,
         1.3385e-03, -9.9304e-02, -1.7926e-02,  6.9089e-03, -2.1141e-03,
        -1.5984e-02, -1.9660e-04, -3.9306e-03,  3.4456e-11,  7.2037e-03,
         1.9532e-02, -2.9583e-02, -3.5714e-03, -4.0249e-02,  2.0498e-02,
         1.8162e-03, -3.3009e-03, -1.0806e-04,  7.8504e-02,  3.0806e-02,
         1.8466e-01,  5.5749e-02, -1.1732e-02, -9.0464e-03, -5.8083e-03,
        -1.2082e-01, -7.6731e-03, -6.0352e-04, -5.7571e-02, -2.3027e-02,
        -8.9040e-02, -3.2729e-04,  4.5526e-02,  4.3581e-02,  5.0636e-02,
        -1.0102e-02, -3.3059e-03, -1.5164e-02,  3.1299e-02, -9.4528e-03,
        -7.7717e-04, -9.0333e-03, -6.8340e-03, -3.9103e-07, -1.1856e-02,
        -4.3314e-03, -1.4378e-02, -1.0969e-02, -4.1097e-02])), ('fc3.weight', tensor([[ 1.5862e-03,  5.6800e-03,  6.0359e-02,  2.1806e-02,  1.3531e-02,
          3.6748e-03, -9.9328e-03, -1.8989e-02,  9.1549e-02,  2.3998e-06,
         -9.9745e-03, -2.7741e-02, -6.6199e-04,  9.6551e-02,  5.1312e-02,
          1.1852e-02,  4.0095e-02, -2.3854e-02,  3.0382e-02, -7.5249e-03,
         -9.2939e-03, -7.6103e-03,  4.6110e-02, -5.5340e-04, -2.8341e-03,
          8.5273e-02, -7.5329e-02,  5.8959e-03,  8.7609e-03,  8.6285e-02,
         -3.4890e-03, -3.8420e-03,  1.0385e-02, -1.9580e-02,  1.3016e-02,
          7.3574e-02,  4.6480e-04, -3.0167e-03,  3.7381e-03,  2.2801e-02,
          2.7443e-02,  3.4654e-02, -2.8053e-03, -2.8768e-02, -6.4154e-02,
          1.3308e-02, -1.3567e-02,  1.1174e-02,  5.4157e-02,  2.5766e-03,
          6.2993e-03,  4.1092e-03,  1.4260e-02,  1.2930e-01,  2.2273e-02,
          2.3489e-02,  1.9768e-01,  3.7003e-05, -3.6034e-04, -1.6173e-04,
          1.9179e-02,  1.0425e-02, -1.6777e-02,  9.3227e-02]]))])
end of epoch 1: val_loss 0.528608599862722, val_acc 0.85
trigger times: 0
saving model weights...
Weights: OrderedDict([('fc1.weight', tensor([[-3.2197e-04,  2.5890e-05, -2.0451e-05,  ...,  5.0583e-05,
         -4.7121e-04, -2.3958e-05],
        [-1.4286e-05,  7.2837e-04, -2.1920e-06,  ..., -3.5155e-05,
         -1.6531e-05, -5.4337e-06],
        [ 3.4022e-02,  4.1084e-02,  4.9736e-02,  ...,  8.9487e-03,
          4.1642e-02,  3.1878e-02],
        ...,
        [ 3.4523e-07,  3.7209e-07,  1.7856e-08,  ..., -7.4145e-08,
          1.3901e-07,  8.5470e-08],
        [-6.2999e-02, -6.3888e-03, -9.9556e-05,  ..., -1.9848e-02,
         -2.4629e-02, -3.1788e-02],
        [-1.5634e-03,  3.2833e-03,  8.1577e-06,  ...,  1.7999e-04,
         -1.8573e-03, -3.9133e-05]])), ('fc1.bias', tensor([-4.9979e-04, -1.3334e-05,  3.6119e-02, -7.9770e-06, -1.9823e-09,
        -1.3568e-02, -5.0541e-02, -8.8976e-16, -9.1855e-04, -2.6118e-04,
        -6.9388e-05, -1.2906e-04,  5.9115e-06, -3.5956e-06, -2.2701e-04,
        -4.6100e-05, -6.7007e-04, -6.0086e-04,  1.4554e-06, -2.0121e-05,
         1.5084e-05, -2.8435e-04, -3.3956e-04, -1.4511e-02, -4.5758e-02,
         3.4480e-01,  1.7119e-06, -3.9680e-08, -6.1671e-05,  8.1784e-06,
         1.0301e-05, -1.8098e-06, -9.9294e-06, -2.2258e-05, -6.3211e-05,
        -8.5948e-02,  6.4474e-05, -1.3169e-06, -1.3386e-07, -8.4425e-09,
        -6.5815e-09,  2.0532e-01,  1.8054e-07, -1.1114e-01, -2.8609e-05,
        -1.5970e-03, -1.1088e-01, -1.1606e-03, -4.8833e-06, -6.2948e-06,
         7.7730e-06, -5.2312e-05, -1.4817e-02, -2.5040e-02, -3.5956e-06,
        -1.0799e-03, -3.4645e-05, -5.8967e-05,  1.7681e-06, -3.9854e-13,
         1.1751e-06, -1.6857e-01, -1.5748e-06, -1.7721e-07,  2.7643e-10,
        -1.7247e-07, -1.2152e-04,  1.0214e-09, -7.8469e-07, -5.9607e-02,
        -8.8945e-08, -2.4863e-06, -1.9648e-05, -1.5454e-05, -2.5023e-04,
        -7.0399e-12, -8.7544e-06, -1.3793e-07, -1.7207e-02, -1.4343e-06,
        -4.5270e-09,  4.9875e-05, -9.1749e-05, -4.3678e-04, -4.7231e-11,
        -1.8419e-02,  2.0110e-07,  8.3991e-03, -2.1230e-11, -9.2554e-06,
         1.9225e-05, -6.6987e-03, -1.9222e-03, -1.7425e-04,  2.3776e-08,
         7.9844e-06, -6.5498e-06,  1.1325e-10, -1.0178e-04,  1.7008e-06,
        -5.3340e-02, -3.4442e-13,  4.1972e-06, -4.8865e-05, -1.1763e-03,
        -1.5034e-10,  2.0007e-07, -2.8169e-09, -1.9849e-06, -6.2964e-07,
        -7.1607e-04, -1.7901e-01, -2.0488e-05, -1.6295e-02, -3.9091e-05,
        -3.0080e-01, -1.9782e-01, -8.7178e-04,  1.5005e-06, -6.0448e-03,
        -1.1706e-02,  1.1996e-08, -7.3537e-06,  5.3405e-10,  5.5496e-08,
         1.1833e-07, -4.8075e-02, -1.5418e-03])), ('fc2.weight', tensor([[ 4.8351e-08,  1.1660e-07, -8.3296e-05,  ..., -1.8269e-08,
          7.2956e-05, -1.2170e-05],
        [-1.0123e-06, -3.1780e-07, -2.1674e-04,  ...,  8.8003e-10,
         -4.1423e-05, -2.4130e-06],
        [ 1.4298e-07,  1.7031e-08, -1.4975e-04,  ..., -7.2232e-09,
         -1.0475e-04, -2.9460e-08],
        ...,
        [ 9.1638e-05,  1.0747e-06, -6.0695e-04,  ...,  5.9271e-08,
         -1.2889e-04,  7.0437e-05],
        [ 4.9634e-08,  7.9756e-07, -9.5166e-05,  ...,  9.9846e-09,
         -1.6599e-05,  4.5492e-05],
        [-1.7200e-07,  3.5770e-07, -1.5087e-03,  ..., -2.3207e-10,
          1.3313e-02, -8.9103e-07]])), ('fc2.bias', tensor([ 1.3990e-03, -4.9319e-03, -1.3741e-04, -2.4027e-02, -5.9605e-03,
        -7.9432e-03, -1.7995e-02, -1.8689e-01, -3.2334e-02, -1.4489e-01,
         2.4557e-01, -1.8615e-03, -3.8026e-03, -2.4188e-01,  2.2303e-01,
         3.3767e-02, -1.1078e-01, -4.3534e-03, -1.0863e-01,  2.1491e-02,
        -1.3770e-01, -2.5805e-03, -1.2270e-01,  1.3509e-04, -1.8273e-01,
        -1.3051e-01, -1.2424e-01, -2.2280e-02,  4.1073e-03,  5.1601e-02,
        -5.2886e-02, -1.0071e-01, -1.7228e-02, -3.8451e-02, -4.5155e-02,
        -2.0221e-01,  1.1374e-02, -9.2091e-04,  9.6852e-02, -1.1425e-01,
         7.3806e-03, -1.1757e-02, -9.3756e-03, -2.0778e-02,  7.2527e-02,
        -1.2503e-01,  1.1393e-02, -2.6588e-02,  7.6743e-03, -9.9139e-03,
        -2.2272e-02, -2.0131e-01,  1.2600e-02, -1.4856e-01,  1.4456e-05,
        -2.9165e-02, -3.1148e-01, -6.8368e-06,  1.5126e-03, -1.1689e-01,
        -4.5238e-04, -1.6045e-01, -3.9896e-02, -7.1468e-02])), ('fc3.weight', tensor([[-6.7634e-03, -6.0770e-03, -1.3731e-02,  5.5693e-02, -8.9159e-02,
         -1.6985e-03, -1.5554e-02,  2.1362e-01,  5.1919e-02, -1.0652e-01,
          5.4318e-02, -6.2661e-02, -5.4328e-06, -1.4210e-01,  5.4897e-02,
          3.6955e-02,  3.3350e-02, -6.3647e-03,  3.6484e-03,  6.2515e-02,
         -2.7791e-02, -1.9009e-02, -1.0275e-01,  9.8449e-03,  3.6262e-02,
          6.4558e-02, -5.1299e-03,  3.0553e-02,  8.1403e-03, -9.7205e-02,
          2.6284e-03,  6.4761e-02,  5.5868e-03, -1.2312e-02, -1.3666e-02,
         -7.9819e-02,  1.6182e-02, -5.2792e-06,  4.4422e-02,  9.8860e-03,
         -6.4618e-02,  7.4353e-03, -7.9892e-03,  7.1584e-04,  6.7351e-02,
          8.0627e-02,  2.7962e-02,  8.3243e-03, -7.4615e-02,  8.6517e-02,
         -1.9263e-02,  1.0417e-01,  4.5657e-02, -2.1562e-02, -6.9679e-03,
         -4.1269e-02, -6.7792e-02,  2.4850e-09,  6.8187e-02, -4.1180e-02,
         -2.5455e-03, -6.7372e-03, -1.0145e-02, -3.9399e-02]]))])
end of epoch 2: val_loss 0.43906148198497247, val_acc 0.8
trigger times: 0
saving model weights...
Weights: OrderedDict([('fc1.weight', tensor([[-2.3198e-10, -2.6206e-09,  1.5693e-10,  ..., -9.0253e-10,
         -9.0664e-11, -1.5599e-09],
        [-2.2591e-07,  7.1264e-07, -2.3965e-08,  ...,  2.6103e-08,
         -2.5921e-07,  6.7356e-09],
        [-3.5858e-02, -8.7991e-02, -1.7280e-01,  ...,  1.0438e-01,
         -5.5156e-02, -1.7933e-01],
        ...,
        [ 4.3005e-11,  1.7025e-11, -1.5929e-12,  ...,  7.1475e-11,
         -3.0536e-12, -1.9023e-10],
        [-1.9392e-08,  1.1837e-08,  1.0066e-08,  ..., -2.5520e-09,
         -9.1562e-09, -4.3787e-09],
        [-5.8764e-07,  9.0618e-05, -7.9527e-09,  ...,  1.3127e-07,
         -5.1165e-07, -2.2905e-07]])), ('fc1.bias', tensor([-2.5284e-11, -2.6135e-07,  5.2212e-02,  2.8191e-09, -5.7268e-18,
        -3.2976e-06,  1.9513e-07, -8.4386e-20, -1.0927e-07, -1.0285e-07,
        -1.7492e-04,  1.2932e-10,  3.8456e-08,  2.1343e-11, -6.6304e-08,
        -5.2527e-10, -3.6885e-08,  9.8506e-08, -9.5490e-11,  3.5169e-11,
         1.7835e-10,  1.1504e-06, -2.7432e-09, -2.6729e-06, -2.9968e-05,
        -2.0139e-02,  1.5968e-10, -6.6090e-07,  2.8432e-02,  5.4908e-08,
         3.0965e-08,  1.9814e-10, -3.8610e-10,  4.5852e-09, -1.4185e-01,
        -1.7245e-03,  5.3237e-02, -1.1202e-08,  1.9043e-16, -4.5810e-13,
         4.8951e-15,  3.8405e-02,  2.9109e-09, -6.8411e-03,  2.2637e-10,
        -3.1838e-06, -2.3063e-06, -4.4334e-07, -4.8774e-13,  5.9546e-08,
         1.0466e-07, -1.8417e-05, -1.7819e-05, -8.4863e-14, -2.2158e-11,
        -1.0375e-03,  1.2693e-09, -5.0281e-04, -4.3521e-08, -3.6422e-09,
         1.5874e-08,  2.5240e-02, -2.5940e-11, -3.9641e-04,  2.1931e-21,
         2.6973e-16, -2.5129e-04, -1.0861e-16, -8.7416e-10, -3.6044e-03,
        -1.8911e-12, -2.4345e-08, -6.0459e-10, -7.2758e-04, -2.8951e-08,
        -3.9988e-25, -2.3974e-15,  1.2707e-12, -1.9297e-08,  4.1063e-13,
         1.0052e-16,  2.0576e-09, -8.5723e-10, -6.7753e-08, -6.3780e-21,
        -1.2420e-05,  7.9958e-13, -2.1749e-06,  8.0463e-22, -6.8725e-12,
         8.2315e-06, -9.9406e-06, -3.4350e-07, -2.4023e-09,  1.9294e-16,
        -1.6593e-07,  1.2110e-07,  7.2525e-15, -7.9553e-10, -3.2559e-07,
         4.6992e-03, -8.6097e-21,  5.0418e-08,  1.8149e-12, -1.6708e-05,
        -1.1296e-15,  1.3812e-12,  6.2381e-16,  7.2242e-11,  5.1670e-11,
        -2.4947e-02, -4.5564e-03, -6.9738e-07,  1.2913e-01,  1.4507e-02,
         5.2674e-08, -4.9751e-03,  2.9278e-09, -2.4203e-03,  1.5214e-08,
        -9.8095e-06, -2.2212e-10, -2.7696e-07, -2.2741e-10, -1.1807e-13,
        -4.8616e-12, -8.3876e-11, -2.9864e-07])), ('fc2.weight', tensor([[-3.0176e-12, -2.5751e-11, -5.6269e-03,  ...,  2.4072e-12,
         -1.2115e-11,  4.3753e-08],
        [ 2.5677e-11,  8.7986e-10, -3.3001e-04,  ...,  8.2014e-14,
         -3.1482e-11, -1.0312e-08],
        [-2.8505e-11, -2.2374e-10, -5.8667e-04,  ..., -2.8249e-13,
         -9.6033e-11, -2.1913e-08],
        ...,
        [-1.3658e-10, -7.4504e-11, -1.3733e-02,  ..., -5.5716e-13,
          1.6628e-10,  7.6998e-08],
        [ 6.2698e-11, -4.3296e-10, -1.8762e-03,  ..., -2.7023e-13,
          9.0658e-11,  2.9065e-08],
        [ 1.2420e-11, -8.6397e-09,  3.2562e-03,  ...,  1.9398e-11,
         -1.4326e-10,  1.1541e-06]])), ('fc2.bias', tensor([-4.1720e-03, -1.9933e-02,  1.0941e-06, -3.1030e-05,  2.8678e-05,
         3.4981e-03,  2.0400e-02, -8.7789e-03, -3.4785e-02, -5.2345e-03,
        -5.5652e-03, -5.6130e-03, -4.6322e-03, -1.4428e-02, -8.9203e-04,
         3.3082e-03, -1.8487e-03, -3.2356e-02, -7.0759e-05,  8.4255e-02,
        -1.0401e-02, -1.0130e-03,  1.8509e-01, -1.7407e-09, -1.5725e-03,
        -4.8458e-02, -3.3319e-03, -1.4986e-02, -5.4492e-03, -8.5360e-03,
        -9.8065e-04,  5.0117e-03, -1.0279e-02,  2.4343e-03, -1.2337e-03,
        -1.3702e-05, -6.7995e-04, -1.0379e-05,  4.0806e-02,  6.1442e-03,
        -3.0557e-03, -1.0283e-03, -9.8866e-04,  1.9119e-07, -7.6900e-05,
        -5.2041e-02,  2.9408e-08, -3.3647e-02,  8.5527e-02, -4.9673e-03,
        -7.1438e-05, -2.1690e-03, -1.1808e-02, -2.0665e-03, -1.2932e-01,
        -7.0381e-02, -1.0817e-02,  3.4564e-03, -3.1354e-04, -1.4712e-03,
         1.4268e-01,  2.8336e-09, -1.1818e-04, -5.9390e-03])), ('fc3.weight', tensor([[ 3.2272e-03,  1.3651e-02,  3.0687e-02,  2.5679e-02, -4.6348e-02,
         -9.3345e-02,  5.8772e-02,  8.2005e-02, -1.0974e-01, -1.7651e-02,
          1.1693e-03,  8.9853e-03, -2.6869e-02, -2.2669e-03, -1.3864e-03,
          2.2865e-02,  1.1703e-02,  9.7582e-02, -1.6109e-03,  9.0123e-02,
         -1.4499e-03,  2.2567e-02, -1.4045e-02, -3.0036e-02,  2.0211e-02,
         -5.2912e-02, -1.2277e-02, -1.5494e-01,  1.0008e-02, -4.0167e-02,
          5.7570e-03,  7.1655e-02, -3.3359e-03,  1.9420e-02, -2.1656e-03,
          7.7042e-02,  3.4463e-02, -2.9231e-10, -1.9090e-02,  4.6868e-04,
         -4.5471e-02, -5.7334e-02,  2.4184e-02,  6.0835e-02,  3.7477e-02,
          9.7147e-03, -1.1271e-01,  1.6461e-01, -2.5080e-02,  5.0976e-02,
         -2.7547e-04,  5.9693e-02,  3.6753e-02,  3.2423e-02,  4.8897e-02,
          1.1478e-02, -4.9631e-02,  4.6703e-02,  5.0374e-02,  2.8010e-03,
          4.6955e-02, -7.1692e-02, -3.9577e-02, -4.1887e-03]]))])
end of epoch 3: val_loss 4.980285502890822, val_acc 0.57
trigger times: 1
end of epoch 4: val_loss 0.45428581160980686, val_acc 0.81
trigger times: 2
end of epoch 5: val_loss 7.19508527521675, val_acc 0.75
trigger times: 3
end of epoch 6: val_loss 0.5410926022941226, val_acc 0.81
trigger times: 4
end of epoch 7: val_loss 1.6236109464637452, val_acc 0.67
trigger times: 5
end of epoch 8: val_loss 0.40715711170691066, val_acc 0.83
trigger times: 0
saving model weights...
Weights: OrderedDict([('fc1.weight', tensor([[-5.8425e-03, -1.9697e-02,  2.8246e-04,  ..., -3.2782e-03,
         -7.7890e-03, -6.2606e-03],
        [-4.9822e-08,  9.8466e-08, -7.8992e-09,  ...,  6.0067e-08,
          9.6365e-10, -5.1848e-08],
        [ 4.2277e-06, -5.4934e-06,  3.6140e-06,  ..., -1.6670e-06,
         -2.5673e-07,  6.1643e-06],
        ...,
        [-4.7449e-28,  3.4932e-27,  1.0577e-27,  ..., -9.8074e-28,
          3.4834e-28, -1.1120e-26],
        [-3.6729e-04,  3.9613e-02,  1.2788e-04,  ..., -2.5781e-02,
         -8.3107e-03, -5.2321e-02],
        [ 1.4956e-02, -2.7841e-02, -3.5375e-03,  ...,  8.4268e-03,
         -2.4607e-02, -6.5806e-02]])), ('fc1.bias', tensor([-7.1803e-03,  3.5291e-09,  6.1622e-07, -1.4905e-08,  1.0081e-07,
        -5.3465e-09, -2.0628e-06, -3.5448e-02, -1.8414e-02,  2.7363e-06,
         7.0712e-13, -3.3451e-03, -7.5742e-06, -1.5053e-08, -2.3315e-02,
        -1.6596e-05, -2.1301e-03, -1.1093e-09, -2.1084e-21, -1.3883e-08,
         4.8690e-02, -8.1590e-07, -1.4145e-03,  5.9223e-08, -3.0526e-04,
         1.6951e-09, -3.7064e-03, -4.8191e-02, -9.1552e-06, -1.3906e-02,
        -1.4777e-11,  6.0802e-07, -1.6984e-07,  6.3430e-05,  1.1057e-15,
        -1.2935e-23,  7.2183e-12, -9.3331e-03, -4.4241e-10,  2.0286e-09,
        -3.1575e-03, -1.1535e-07, -3.9745e-03, -1.1669e-21, -1.7636e-03,
        -3.4837e-09, -4.6432e-09, -9.0249e-02, -8.7717e-26, -4.0618e-11,
         8.0809e-15, -2.7573e-03, -1.3241e-08, -1.5036e-05,  2.4295e-02,
         2.9201e-05,  1.9317e-14,  6.7549e-11,  5.6939e-16,  3.1024e-09,
        -4.8515e-09,  1.1532e-21, -3.1173e-03, -7.0341e-08, -7.6887e-08,
        -1.0587e-03, -1.2678e-10, -6.6901e-06,  2.2362e-13,  4.5914e-21,
        -6.5062e-03, -1.2186e-07, -6.3284e-09, -9.4220e-02, -2.5741e-03,
         7.1834e-10,  7.6657e-04, -1.4753e-08, -5.1231e-02,  1.4523e-12,
         1.8522e-06, -2.0892e-02,  1.7049e-13,  3.1067e-05,  2.9920e-16,
        -5.5471e-03,  5.0514e-16,  1.0123e-11, -6.0825e-03, -3.9897e-02,
         2.6736e-07, -1.0447e-02, -5.1289e-08, -5.2845e-03, -2.6215e-14,
         3.7965e-02,  3.4283e-21, -2.5613e-05, -1.5446e-05, -9.5827e-02,
        -1.2451e-03, -1.6396e-11,  1.6390e-03, -2.7212e-04, -8.4507e-08,
        -1.3499e-15, -2.9888e-10,  3.0655e-06, -6.2565e-12,  1.2459e-01,
         5.1951e-02,  1.8146e-14,  1.8400e-06, -2.3016e-13,  9.6695e-02,
        -5.9047e-02,  2.1618e-28, -6.0988e-04, -6.0183e-12,  6.6167e-30,
         6.9208e-02, -1.5438e-17, -3.3566e-02,  2.5106e-12, -1.4773e-12,
         2.0476e-27, -1.0922e-03, -6.1366e-03])), ('fc2.weight', tensor([[-4.4615e-02, -2.9308e-11, -1.8235e-08,  ...,  1.1075e-28,
          1.9638e-07, -7.9841e-06],
        [ 2.3283e-05,  2.0762e-09,  1.8217e-06,  ..., -1.5722e-26,
         -8.0710e-05,  1.6299e-03],
        [ 5.7042e-08,  1.3078e-11,  5.4090e-09,  ..., -6.2533e-29,
          1.1579e-07,  7.2459e-05],
        ...,
        [-2.3580e-02,  1.6192e-10,  8.5583e-08,  ..., -8.3687e-28,
          6.8080e-06, -1.3996e-02],
        [-3.0483e-06,  4.4219e-11,  4.6408e-08,  ...,  4.7096e-28,
         -1.9886e-01, -3.4166e-02],
        [ 9.8210e-04,  8.1949e-10,  5.1800e-08,  ..., -4.3147e-26,
          3.2189e-02, -8.0452e-03]])), ('fc2.bias', tensor([-1.6007e-03, -1.0221e-02, -1.6197e-05, -5.7384e-03,  7.3789e-04,
         7.9085e-03,  1.5218e-04,  7.1028e-05,  1.5905e-04,  4.9473e-04,
        -4.8058e-04, -1.4052e-01, -6.5508e-02, -5.6608e-04, -6.9663e-03,
        -4.6175e-02, -1.7337e-01, -5.8944e-02, -2.9177e-02, -3.4143e-03,
        -1.8506e-02, -1.2897e-03, -2.1261e-03,  7.9896e-02, -2.0235e-03,
        -6.3531e-05, -3.0541e-03, -1.8863e-02,  2.8637e-03, -6.0672e-02,
        -1.9101e-03, -7.8784e-03, -4.1761e-03, -2.9942e-03, -2.9949e-02,
        -4.1424e-03, -4.5705e-02,  9.5191e-03,  1.1933e-01,  6.3244e-03,
        -3.0464e-02, -3.0597e-02, -3.7017e-02, -1.3776e-05,  1.2031e-01,
        -2.2891e-02, -4.3641e-08, -2.6609e-02, -4.3226e-03,  1.4358e-01,
        -2.9399e-02, -3.0510e-02, -2.7161e-03, -4.5961e-03, -1.8494e-01,
        -4.8758e-03, -1.6869e-04,  3.4911e-02,  3.6078e-02, -1.1887e-02,
        -5.5627e-02, -1.9651e-02, -1.1491e-01,  1.6481e-02])), ('fc3.weight', tensor([[ 3.1155e-03, -1.8396e-01, -1.4524e-03, -4.5545e-03,  2.2483e-03,
          2.7463e-02,  7.5748e-02,  1.0399e-03,  2.0624e-02,  5.7317e-03,
          2.1409e-03, -4.8649e-02, -4.2467e-02,  2.1925e-03,  4.7288e-03,
          2.8764e-02,  3.8940e-02, -5.4518e-02, -3.5032e-02,  1.3991e-03,
         -1.3305e-01, -8.2683e-03,  5.4380e-02, -4.1708e-02,  1.1173e-02,
          1.5903e-02, -1.0387e-02, -1.5726e-02,  2.9801e-02, -4.0770e-02,
         -2.3067e-03, -2.6236e-02, -1.5704e-01,  2.1838e-03, -4.8635e-02,
         -1.0953e-04,  3.0292e-02,  7.7505e-04, -4.2094e-02,  8.6217e-03,
         -9.3402e-02,  5.0695e-03, -2.1750e-02,  1.1490e-02,  6.1692e-02,
          6.3638e-02, -5.4878e-04, -9.3113e-03,  3.5021e-03, -2.6869e-02,
          3.8082e-02, -1.6578e-02,  8.7303e-04, -5.1731e-03, -1.1704e-01,
         -1.0806e-02,  1.3246e-02,  7.4509e-03,  1.2228e-02, -7.3561e-02,
         -1.3291e-01, -2.7652e-02, -1.6829e-02, -3.5594e-02]]))])
end of epoch 9: val_loss 0.58536176838159, val_acc 0.73
trigger times: 1
end of epoch 10: val_loss 0.47146376516786404, val_acc 0.79
trigger times: 2
end of epoch 11: val_loss 7.128019140154837, val_acc 0.79
trigger times: 3
end of epoch 12: val_loss 1.0258520671965405, val_acc 0.78
trigger times: 4
end of epoch 13: val_loss 0.47033903310152936, val_acc 0.8
trigger times: 5
end of epoch 14: val_loss 2.222088400792268, val_acc 0.67
trigger times: 6
end of epoch 15: val_loss 0.5722172437277732, val_acc 0.75
trigger times: 7
end of epoch 16: val_loss 0.7414771844632924, val_acc 0.53
trigger times: 8
end of epoch 17: val_loss 14.949836449515843, val_acc 0.67
trigger times: 9
end of epoch 18: val_loss 0.43115752509302724, val_acc 0.8
trigger times: 10
Early stopping.
0 -25.664486534893513 -238.56539389647227
1 -21.95681293308735 -226.82452825484978
2 -26.713871344923973 -226.2241731451399
3 -20.66896963119507 -208.89755486387574
4 -22.861775867640972 -196.9840755292238
5 -16.03937166556716 -194.4017457710484
6 -24.609144009649754 -193.75394353311003
7 -19.474563293159008 -173.38768743356906
8 -20.092323295772076 -172.73844575529262
9 -18.99553721398115 -172.5849598191294
10 -16.16681571677327 -148.80630048130243
11 -18.84484665095806 -146.54022994848935
12 -16.98101631179452 -144.9163601843784
13 -15.719530332833529 -144.5098799638122
14 -16.992698147892952 -129.52710350510273
15 -13.454571653157473 -119.6789138826375
16 -14.614378850907087 -119.53338183357056
17 -15.736426658928394 -115.00841352193844
18 -12.629182994365692 -113.49466461352053
19 -8.160363551229239 -107.45837168117659
20 -12.716930485796183 -105.49937100040788
21 -12.186449869768694 -101.9104943327425
22 -12.225528023438528 -101.66294130080523
23 -10.965836646035314 -98.89606860541423
24 -10.103799253702164 -95.1909937931514
25 -13.335484977811575 -93.31854913617367
26 -9.588605926488526 -85.41926577166943
27 -9.786657836288214 -83.18012153468804
28 -11.579561593942344 -79.47665068598401
29 -12.497043613344431 -77.34308621853297
30 -8.95387002802454 -60.56041622227008
31 -7.786365134175867 -58.68833689293549
32 -11.384181934176013 -22.79021187897909
33 -6.862097288714722 -19.65788926803626
34 -8.118333879392594 -16.74518768263467
35 -9.242826200090349 -13.719402302108403
36 -8.968620068393648 4.235189873860978
37 -11.053583446890116 5.0952806210809465
38 -7.841662939637899 10.178796790507759
39 -11.37747943541035 13.541055788508864
40 -10.879025866859592 14.989710929193077
41 -9.494499500840902 21.802029683432238
42 -10.622645813971758 31.12027905920427
43 -8.744518272811547 40.64550156746333
44 -7.191552466247231 40.69898986216935
45 -7.990285212406889 50.09032867204584
46 -8.496270665898919 57.290535515424786
47 -10.307106150314212 60.51441689036072
48 -9.272855634335428 62.587858111632386
49 -10.145746275549755 63.47489586756552
50 -9.591036289231852 65.395531990224
51 -8.418438730295748 68.71330703108626
52 -9.58054087322671 69.48459209048262
53 -7.93216136097908 72.16624272108386
54 -10.017715886933729 74.2233202149037
55 -11.53690712666139 79.16074531670823
56 -9.973094383254647 80.25553156558418
57 -11.17565813427791 87.50520028403979
58 -10.053063149098307 90.28646231697512
59 -10.045548347523436 90.72533900600311
60 -9.73533309798222 91.52552635781885
61 -9.178316614590585 91.95773979158345
62 -10.694123514927924 92.99221310223136
63 -10.703011935576797 94.14052712880752
64 -9.230621811700985 94.28590507273401
65 -10.738148775184527 95.24073532592021
66 -8.747385264374316 96.09581961281374
67 -8.683560037985444 96.50341248035636
68 -9.450487403431907 97.45820290396632
69 -9.426953480113298 97.90553231413178
70 -10.145272036548704 98.27346635731779
71 -10.260933613171801 98.35872828331676
72 -10.23242376674898 98.9255090371917
73 -9.886856238474138 99.09003071828721
74 -8.301700913347304 99.89253842063019
75 -9.160521074431017 100.07765055593329
76 -7.8778866697102785 101.35869827851857
77 -9.545259971171618 103.56921378052652
78 -8.787740778760053 103.74194540937737
79 -9.240232292795554 104.00039883786899
80 -9.342788490233943 104.36031383612816
81 -9.686271987855434 104.79584301893571
82 -9.017092928523198 105.40349710769756
83 -7.5143779321806505 105.60678192821229
84 -9.521654680138454 106.26867976298877
85 -9.45247016986832 106.37916921043517
86 -7.383415648015216 106.67969423997131
87 -8.067411131691188 106.81132709017433
88 -7.358999271644279 107.05410485829283
89 -7.8942113858647645 107.44441498172971
90 -9.08564792771358 107.68792314282867
91 -8.471543208928779 107.72369032284489
92 -8.616050302516669 108.58631070626225
93 -8.206240164930932 108.79454915391223
94 -8.245938497362658 109.15712102315346
95 -6.863594941562042 109.71287331230647
96 -8.282516977516934 110.48639228144049
97 -8.100178685504943 111.4630258761226
98 -8.423734836978838 112.59201367677376
99 -9.400668147252873 113.4530990931055
100 -6.8734263244550675 114.85996346749971
101 -8.519430229673162 115.04838323377467
102 -7.491038782754913 115.5646624637931
103 -9.079578613396734 115.77027450439896
104 -8.23501194617711 116.29805012422126
105 -6.100846926332451 116.38499266629886
106 -8.606140391668305 116.4198907102986
107 -7.639017741661519 117.08008835928221
108 -7.038500697351992 117.29357601720739
109 -8.400356362108141 118.29160885622866
110 -6.551713150460273 119.01062500757773
111 -6.995788967004046 120.85290512447664
112 -6.3874318699818105 120.8902150231427
113 -6.226299861096777 121.40892075278066
114 -7.798332126112655 122.30522808413322
115 -5.690773584181443 129.13346806288703
116 -5.040901871398091 129.67718524437547
117 -5.737019591033459 129.79664443488912
118 -6.476688933325931 130.61780866873775
119 -3.700009420979768 131.40806576766226
train accuracy: 0.8311111111111111
validation accuracy: 0.8
test accuracy: 0.7478991596638656
