demo lengths 200
demos: (120, 200, 25)
demo_rewards: (120,)
[-238.5653939  -226.82452825 -226.22417315 -208.89755486 -196.98407553
 -194.40174577 -193.75394353 -173.38768743 -172.73844576 -172.58495982
 -148.80630048 -146.54022995 -144.91636018 -144.50987996 -129.52710351
 -119.67891388 -119.53338183 -115.00841352 -113.49466461 -107.45837168
 -105.499371   -101.91049433 -101.6629413   -98.89606861  -95.19099379
  -93.31854914  -85.41926577  -83.18012153  -79.47665069  -77.34308622
  -60.56041622  -58.68833689  -22.79021188  -19.65788927  -16.74518768
  -13.7194023     4.23518987    5.09528062   10.17879679   13.54105579
   14.98971093   21.80202968   31.12027906   40.64550157   40.69898986
   50.09032867   57.29053552   60.51441689   62.58785811   63.47489587
   65.39553199   68.71330703   69.48459209   72.16624272   74.22332021
   79.16074532   80.25553157   87.50520028   90.28646232   90.72533901
   91.52552636   91.95773979   92.9922131    94.14052713   94.28590507
   95.24073533   96.09581961   96.50341248   97.4582029    97.90553231
   98.27346636   98.35872828   98.92550904   99.09003072   99.89253842
  100.07765056  101.35869828  103.56921378  103.74194541  104.00039884
  104.36031384  104.79584302  105.40349711  105.60678193  106.26867976
  106.37916921  106.67969424  106.81132709  107.05410486  107.44441498
  107.68792314  107.72369032  108.58631071  108.79454915  109.15712102
  109.71287331  110.48639228  111.46302588  112.59201368  113.45309909
  114.85996347  115.04838323  115.56466246  115.7702745   116.29805012
  116.38499267  116.41989071  117.08008836  117.29357602  118.29160886
  119.01062501  120.85290512  120.89021502  121.40892075  122.30522808
  129.13346806  129.67718524  129.79664443  130.61780867  131.40806577]
maximum traj length 200
maximum traj length 200
num training_obs 900
num training_labels 900
num val_obs 100
num val_labels 100
num test_obs 7140
num test_labels 7140
device: cpu
end of epoch 0: val_loss 1.6696883218497292, val_acc 0.61
trigger times: 0
saving model weights...
Weights: OrderedDict([('fc1.weight', tensor([[-9.8698e-03,  5.3830e-04, -1.0793e-04,  ...,  9.5676e-03,
         -6.0663e-03,  1.7051e-03],
        [-2.5045e-02,  2.4225e-03, -2.3713e-05,  ..., -4.5582e-03,
         -2.6233e-02, -6.3836e-03],
        [ 1.6744e-05, -5.8927e-06,  7.7530e-06,  ...,  1.8744e-05,
         -5.5200e-06,  6.6876e-05],
        ...,
        [-2.2888e-03,  1.0714e-02,  1.2845e-04,  ...,  6.0805e-03,
         -2.2968e-03,  2.0982e-04],
        [ 8.9124e-04,  9.0009e-03,  1.7486e-05,  ..., -3.2913e-02,
         -2.9551e-03, -8.4304e-05],
        [-6.4533e-04, -1.2912e-02,  8.8563e-05,  ..., -5.7861e-03,
         -1.3694e-04, -6.8180e-04]])), ('fc1.bias', tensor([-4.2592e-03, -2.6346e-02, -4.7105e-05, -8.8726e-04,  2.5099e-06,
        -9.5567e-02, -5.4875e-05, -3.3265e-02,  9.7353e-02, -1.3312e-03,
         4.3283e-05, -5.0241e-05, -1.7927e-03, -1.6970e-03,  7.3180e-06,
        -1.2259e-04,  6.0652e-04, -7.5111e-02,  1.4425e-02,  3.9865e-06,
        -4.1794e-02,  5.0916e-06, -2.2697e-04, -1.4163e-02,  2.4860e-01,
        -9.8735e-04, -2.5661e-02, -3.5084e-02, -6.3293e-04, -1.5412e-01,
         1.8172e-06, -1.2657e-01, -6.8940e-03, -5.3368e-04,  2.0014e-03,
        -1.2497e-02,  7.9007e-07, -4.1046e-03,  6.3024e-02, -1.7045e-02,
        -4.8946e-03, -1.0613e-02,  3.3084e-04, -7.4957e-04, -5.4875e-05,
        -9.0240e-04,  1.7720e-01, -3.2866e-03, -2.3940e-03, -1.4078e-02,
        -3.7300e-02, -1.1403e-04, -1.0945e-03, -1.0312e-06, -6.3600e-02,
         2.4451e-05, -2.3479e-03, -8.0981e-04,  1.3465e-02, -2.7642e-03,
        -1.9142e-02, -6.8847e-05,  4.2856e-05, -8.1061e-02,  7.2786e-05,
        -8.7919e-02, -1.6805e-04, -8.6276e-03, -2.7836e-02, -2.2379e-05,
        -5.3096e-03,  1.5695e-03, -1.4884e-03, -1.9229e-03, -6.3547e-03,
         2.2640e-01, -3.0056e-04, -7.5830e-03, -2.2993e-02, -3.1498e-03,
        -1.3314e-01, -2.6001e-02, -7.0030e-03, -3.1166e-03, -1.3104e-03,
        -2.5437e-04, -6.4137e-03, -1.9027e-03, -6.0036e-09, -1.1662e-04,
        -1.8821e-02, -6.2938e-02, -1.9958e-02, -1.7319e-02, -3.2254e-04,
        -3.0789e-02, -2.9133e-04, -6.0582e-06, -5.2017e-02, -1.8310e-01,
        -1.8917e-03, -2.8706e-02,  6.8910e-04, -4.2486e-03,  9.9917e-08,
        -3.5428e-06, -6.1196e-07, -6.3823e-05,  2.9817e-01, -6.6055e-03,
         3.6936e-01, -2.1393e-02, -5.7290e-03, -5.6386e-03, -1.1605e-01,
        -1.7919e-01,  5.8409e-04, -5.8868e-05, -1.1296e-04, -9.3583e-03,
        -1.4839e-01, -1.5743e-05, -4.6505e-03, -3.1743e-02,  7.2002e-06,
        -2.5032e-03, -1.5787e-03, -1.6681e-04])), ('fc2.weight', tensor([[-3.7925e-03, -1.7419e-03,  1.1021e-06,  ..., -1.7711e-02,
          5.7614e-03, -5.8604e-03],
        [ 3.8449e-06,  1.2905e-05, -1.5649e-06,  ..., -7.2032e-06,
         -2.1004e-05, -8.8243e-06],
        [ 1.5423e-04, -2.9897e-05, -3.9717e-06,  ...,  2.5495e-04,
          2.2861e-04, -2.6757e-05],
        ...,
        [-3.5883e-03,  1.0686e-03, -1.3897e-05,  ..., -2.3645e-03,
          2.9254e-03, -8.0748e-03],
        [-7.0606e-03,  1.0158e-04, -8.3280e-06,  ..., -4.0590e-07,
         -1.4323e-05,  4.6536e-08],
        [ 9.6146e-03,  3.4502e-04, -1.0241e-06,  ...,  1.8126e-03,
          5.4483e-05,  4.9911e-04]])), ('fc2.bias', tensor([-2.5489e-02,  6.5917e-03, -1.3475e-01, -1.8623e-02, -2.7053e-03,
        -8.4910e-03,  2.2756e-02,  2.7605e-03, -4.3637e-02, -1.2388e-04,
        -8.3428e-06, -1.4645e-02, -2.5682e-03, -1.7497e-02,  9.0983e-02,
        -1.0363e-01, -7.6530e-03, -1.1850e-03, -1.4136e-02,  8.3593e-02,
         9.7786e-03, -8.7394e-02, -4.3553e-03, -7.1400e-02, -3.3227e-02,
         1.2576e-01, -1.6561e-01, -5.4412e-03, -1.3934e-02,  1.6691e-01,
         1.0478e-01, -7.0129e-02, -4.1298e-02, -3.2994e-03, -3.4821e-02,
         1.0539e-02, -4.6979e-03, -1.0100e-02, -7.2608e-03, -6.0522e-02,
        -1.1835e-01, -7.1944e-02,  4.3559e-03, -3.5819e-02, -2.6066e-02,
         1.4989e-01,  1.5757e-01, -1.5064e-02, -5.4788e-02,  1.5129e-03,
        -6.0901e-02,  4.7999e-04, -1.4995e-01, -3.9795e-02, -4.5017e-02,
        -8.6172e-02, -3.3192e-02, -1.5067e-01, -5.5492e-04, -2.4310e-02,
        -1.2173e-01, -9.7484e-02, -4.4890e-02, -4.2379e-02])), ('fc3.weight', tensor([[-0.0916,  0.0491, -0.0570, -0.0348, -0.0073,  0.0607,  0.1669, -0.0461,
         -0.1519,  0.0314, -0.0284,  0.0193, -0.0445,  0.0166, -0.0187, -0.1486,
         -0.0370, -0.0071,  0.0730,  0.0149,  0.0790, -0.1702,  0.1734, -0.0257,
          0.0290, -0.0291, -0.0571,  0.0224,  0.0209, -0.0351,  0.0167,  0.0237,
         -0.0654, -0.0029, -0.0123, -0.0511,  0.0109,  0.0005, -0.0074,  0.0052,
         -0.0819,  0.0777,  0.0289,  0.0242, -0.1745, -0.0530,  0.0021,  0.0428,
          0.0412,  0.0167, -0.1110,  0.0023,  0.0279, -0.0513, -0.0119, -0.0406,
          0.0281, -0.0531,  0.0036,  0.0299, -0.0794, -0.0571,  0.0046, -0.0083]]))])
end of epoch 1: val_loss 0.46238025324273624, val_acc 0.77
trigger times: 0
saving model weights...
Weights: OrderedDict([('fc1.weight', tensor([[-9.9805e-06, -1.4261e-06, -1.6968e-06,  ...,  1.3696e-05,
         -1.1320e-05, -5.0895e-05],
        [ 4.0980e-07, -1.6250e-06,  3.7257e-07,  ..., -2.8733e-06,
          1.3347e-06, -6.2150e-08],
        [-7.0873e-09, -2.6060e-08,  4.5574e-09,  ..., -5.4962e-08,
          2.2439e-10,  5.5138e-09],
        ...,
        [-4.3040e-02,  2.4149e-02, -6.3863e-05,  ...,  2.5434e-02,
         -1.0178e-01, -3.8653e-02],
        [-1.0791e-05,  8.4945e-05, -3.4666e-07,  ..., -2.1215e-04,
         -1.1404e-05, -1.1251e-07],
        [ 3.0885e-06, -2.8290e-05,  7.0415e-07,  ..., -6.4572e-06,
          4.6867e-06,  5.8739e-07]])), ('fc1.bias', tensor([-1.1575e-05,  1.6334e-06, -1.2698e-09,  5.7681e-07, -2.6769e-04,
         5.2270e-02,  8.2879e-09,  6.5377e-05, -2.3902e-03, -1.6631e-07,
        -7.2301e-09,  2.9461e-11,  5.3178e-09,  7.2218e-02,  5.0944e-09,
        -2.6514e-07, -1.7951e-06, -2.2108e-04,  1.4233e-03,  2.5903e-01,
         2.8024e-03, -4.3991e-07, -5.6630e-06, -1.0670e-06, -1.0800e-01,
        -4.7100e-09,  1.4459e-05, -8.7351e-05, -4.9872e-08, -9.5647e-03,
        -1.5242e-12, -1.2961e-03, -1.1206e-04, -4.6357e-02,  4.5415e-06,
        -2.4913e-02,  7.8317e-19,  9.7878e-09, -1.9280e-02,  5.2889e-07,
         4.0431e-02, -5.0072e-07,  4.7877e-09, -3.7891e-14, -1.0396e-03,
        -2.8154e-04, -1.0477e-02, -3.7519e-10, -1.0460e-05, -1.3730e-06,
        -1.1401e-04,  1.1465e-09, -1.2430e-05, -3.5575e-11,  1.2871e-10,
         5.2750e-09, -6.2707e-06,  1.0776e-08, -2.8854e-04, -2.2846e-02,
        -2.0785e-04, -1.0634e-06,  9.4988e-08, -2.7780e-03,  1.0056e-09,
         1.5354e-04,  7.6711e-09, -5.5409e-02, -3.2150e-04,  2.0397e-10,
        -2.1891e-04,  9.5833e-08,  4.7236e-05,  1.1225e-05, -2.2307e-06,
        -1.0300e-04,  5.5166e-09, -4.5971e-03, -9.0590e-06,  2.4828e-06,
        -1.5332e-03, -2.9955e-07, -4.4907e-04, -1.5384e-07, -8.9530e-07,
        -5.3148e-08, -2.4278e-06, -2.3716e-02,  5.0546e-20,  2.6224e-07,
        -2.4730e-04, -3.7496e-04, -1.0600e-04, -5.2697e-05,  2.1780e-08,
        -4.6339e-04,  3.2016e-06, -2.4823e-06, -3.4746e-05, -7.3376e-05,
         2.3105e-06, -3.6298e-08,  3.1054e-08, -2.2099e-05, -4.4933e-15,
         1.3010e-15, -1.4636e-03, -4.6816e-08, -5.2240e-02, -8.6690e-06,
         1.0016e-01, -5.2168e-03, -6.7529e-06, -3.5130e-02, -5.9046e-03,
        -1.9204e-02, -2.9151e-06, -2.9294e-11,  5.9715e-08,  2.1165e-06,
        -1.3288e-03, -2.7044e-08,  3.8071e-09, -2.6477e-04,  3.0323e-08,
        -5.0183e-02, -1.2160e-05,  5.0513e-06])), ('fc2.weight', tensor([[-5.5468e-06, -1.1975e-06,  4.9735e-09,  ...,  2.7275e-04,
          3.6483e-05, -1.2394e-05],
        [ 7.2838e-06, -3.9044e-06, -8.3664e-08,  ...,  5.2777e-04,
          6.8571e-05, -2.0674e-06],
        [ 4.1560e-06,  2.4377e-07, -3.3274e-08,  ...,  2.2779e-03,
          1.2740e-05,  1.9760e-07],
        ...,
        [-1.7840e-05, -2.7082e-06,  3.2366e-08,  ...,  1.4671e-04,
          4.1794e-06, -1.5413e-05],
        [ 1.4113e-07,  1.1308e-06, -2.1797e-08,  ...,  5.3028e-04,
         -3.7310e-06,  3.1227e-08],
        [ 1.6081e-05,  3.1263e-06,  1.8651e-09,  ...,  1.0184e-03,
         -4.5561e-06,  1.6764e-06]])), ('fc2.bias', tensor([-1.0914e-02, -2.7271e-02, -1.8645e-01,  1.0671e-02, -5.2861e-02,
        -6.1335e-02, -5.4216e-02,  4.0181e-02,  1.1192e-02, -1.6839e-03,
        -2.6791e-02, -1.7429e-03,  4.7252e-02,  4.2816e-02, -6.8588e-02,
        -7.4405e-03, -1.0940e-02, -9.8654e-04,  6.1152e-04,  7.8850e-04,
         5.5313e-02,  1.0805e-01, -2.5476e-03,  1.2570e-04, -2.7421e-03,
        -4.3096e-02,  6.1209e-02, -6.3064e-03, -1.4423e-01,  2.9272e-03,
         3.3978e-03, -6.8340e-02, -1.2438e-02,  1.1789e-02, -1.5764e-03,
        -3.3877e-02, -1.7959e-02, -1.7044e-02, -3.7757e-04, -2.0172e-03,
         3.7961e-04, -3.8385e-02, -1.7285e-02, -1.6272e-01, -4.0477e-02,
         8.3958e-03, -3.2473e-02, -7.7084e-02, -2.4859e-01,  9.1161e-02,
        -1.0199e-01,  4.0160e-03, -1.7435e-02, -2.0580e-02, -1.6404e-03,
        -2.1304e-02, -3.6786e-04,  1.6117e-02, -6.0386e-03, -1.5481e-03,
         3.1274e-02, -5.3925e-03, -4.9403e-02, -2.5034e-02])), ('fc3.weight', tensor([[-0.0502,  0.0301, -0.0308,  0.0284,  0.0026, -0.0738, -0.0155, -0.0230,
          0.0760,  0.0012,  0.0616,  0.0094, -0.0185, -0.0089, -0.0131, -0.0119,
         -0.0296, -0.0088,  0.0061, -0.0057,  0.0257, -0.0372,  0.1090,  0.0399,
          0.0555, -0.0177, -0.0157,  0.0158, -0.0002,  0.0037,  0.0572,  0.0673,
         -0.0359,  0.0171, -0.0054, -0.0397,  0.0397, -0.0208, -0.0020, -0.0014,
          0.0065,  0.0023, -0.0266, -0.0795, -0.1041,  0.0049, -0.0554, -0.0177,
         -0.0991, -0.0596, -0.0319,  0.0025, -0.0067,  0.0340, -0.0031,  0.0097,
          0.0009, -0.0519,  0.0118,  0.0244, -0.0507, -0.0241, -0.0052,  0.0188]]))])
end of epoch 2: val_loss 2.600079895120158, val_acc 0.71
trigger times: 1
end of epoch 3: val_loss 0.5179758342185996, val_acc 0.8
trigger times: 2
end of epoch 4: val_loss 0.8332251267857181, val_acc 0.83
trigger times: 3
end of epoch 5: val_loss 0.33027902006412174, val_acc 0.85
trigger times: 0
saving model weights...
Weights: OrderedDict([('fc1.weight', tensor([[ 3.8893e-06,  1.6668e-04,  5.4498e-06,  ...,  8.5360e-07,
          1.9553e-06, -1.6226e-04],
        [-2.5087e-04,  1.7461e-02,  1.1635e-04,  ...,  4.0918e-03,
         -4.3879e-05, -8.7350e-03],
        [ 4.1945e-03,  6.2211e-03,  2.4494e-03,  ...,  5.0636e-03,
          3.0056e-03,  5.0818e-02],
        ...,
        [-1.0028e-14, -4.5100e-14,  1.4455e-14,  ..., -4.2208e-14,
         -2.8751e-15, -3.5096e-15],
        [-3.8001e-05, -3.6728e-05,  7.4753e-06,  ..., -2.6354e-06,
         -4.3810e-05, -4.7935e-05],
        [-1.0654e-04,  2.7022e-05, -5.1409e-05,  ...,  2.6940e-05,
         -1.5536e-04, -1.5931e-05]])), ('fc1.bias', tensor([-3.9223e-07, -6.4328e-04,  3.1570e-03,  3.2225e-12, -3.1710e-12,
         6.7681e-03, -2.0844e-03, -1.8379e-13, -6.3354e-08,  4.4675e-02,
        -1.8666e-02, -1.4842e-07, -5.2207e-25, -1.3569e-03, -9.7932e-08,
         2.4762e-02, -1.2630e-04,  3.9400e-03, -2.5675e-11, -2.0506e-08,
         1.8490e-11,  3.4775e-06, -3.9090e-11, -3.0542e-15, -3.2202e-10,
        -1.6583e-03, -2.4660e-23, -2.4100e-13, -5.8923e-20, -3.8662e-10,
        -1.0156e-03, -2.7493e-03, -1.9095e-04, -2.3278e-10,  6.6688e-15,
         1.7829e-13, -3.2396e-04,  6.5850e-12,  3.3314e-09, -2.3488e-05,
        -2.7694e-05, -8.8585e-04, -3.0207e-02,  3.5537e-10, -1.0407e-03,
        -1.1669e-02, -8.2572e-03,  1.2090e-06, -6.4180e-06,  6.2991e-33,
         1.7014e-21, -8.8284e-14,  2.9368e-02,  1.4049e-02, -5.9821e-07,
         2.6336e-03, -4.6768e-30,  3.6380e-02, -2.4680e-18, -2.1171e-13,
         8.4305e-12,  2.9331e-02, -3.6531e-06,  3.1520e-17,  1.8506e-02,
        -8.5298e-10, -2.0666e-03, -2.6695e-17, -6.0893e-13, -1.0204e-05,
         1.2746e-06,  2.3975e-19,  3.1397e-04, -3.5968e-02, -1.8709e-19,
        -1.0337e-10, -2.7466e-02, -2.8307e-18, -4.1037e-14, -1.1235e-16,
        -7.0416e-15, -5.2928e-05, -3.0133e-21,  2.8517e-03, -1.7958e-08,
        -1.0583e-01, -3.0505e-05, -2.9677e-06, -8.6778e-22,  1.5791e-07,
        -6.1768e-19, -1.3287e-19, -1.4628e-05, -2.8295e-11, -2.0187e-15,
        -2.1629e-17,  1.3125e-04, -8.6868e-03, -1.6363e-16,  7.9135e-14,
         6.1510e-23, -2.7974e-06, -4.1494e-06,  6.2257e-29, -9.8389e-16,
         2.2609e-07, -1.5172e-02, -4.3334e-04,  4.4160e-07,  2.2964e-15,
         8.7724e-04, -1.8382e-24, -4.5155e-22,  1.8887e-01, -2.5438e-10,
         1.1330e-16, -7.4663e-03, -5.7709e-18, -2.8313e-02, -2.0043e-25,
        -1.1389e-13,  1.3637e-07,  4.0911e-17,  1.2654e-23, -8.7171e-16,
        -2.6347e-15, -5.1406e-05, -1.5530e-04])), ('fc2.weight', tensor([[-3.8052e-11, -7.6199e-09, -3.8625e-04,  ...,  6.3487e-19,
          2.6424e-10,  1.7838e-10],
        [ 1.1090e-06,  1.3392e-04, -4.6059e-02,  ..., -1.1143e-13,
         -9.7070e-05, -8.5897e-06],
        [-5.9448e-08, -6.6799e-03,  1.8408e-04,  ..., -4.6715e-16,
          9.1011e-07,  1.3312e-06],
        ...,
        [-1.3687e-08, -1.9666e-06,  1.0444e-04,  ...,  2.1036e-16,
          1.8667e-07,  9.8935e-08],
        [ 2.8128e-06,  7.5171e-04, -2.0224e-02,  ..., -4.6857e-14,
         -1.8346e-04, -2.2755e-05],
        [ 8.6097e-08,  1.7659e-05, -4.9341e-04,  ..., -6.9689e-15,
         -2.0434e-06, -7.3421e-07]])), ('fc2.bias', tensor([-3.1105e-05, -8.6118e-03, -1.1279e-02, -9.7986e-03,  3.7939e-02,
        -1.3398e-03, -6.8249e-03,  3.6133e-02, -2.7087e-02, -4.8918e-03,
        -1.5098e-02, -1.8121e-03, -1.5451e-02, -4.9616e-04,  4.5906e-02,
         8.5873e-04, -3.3716e-02, -3.9472e-02, -6.5156e-03, -1.7455e-03,
         2.6168e-02, -1.3997e-02, -3.5003e-04, -1.0568e-02, -8.5372e-03,
        -3.3878e-03, -2.3120e-03,  6.2708e-10, -3.6875e-02, -5.7506e-03,
         4.5643e-03,  7.2806e-03, -3.4257e-03, -1.4187e-04, -1.7358e-03,
        -1.1147e-01, -9.7958e-04,  3.6442e-03,  7.6033e-03,  7.0677e-02,
        -4.0743e-02, -4.2782e-03, -2.8910e-05,  1.3639e-04, -9.4790e-03,
        -2.9363e-03, -2.7464e-03, -7.6644e-04, -7.6265e-03, -2.3551e-03,
        -1.4417e-02,  1.5784e-05, -3.8142e-03,  7.0376e-02, -1.1067e-04,
        -1.0970e-02, -1.3150e-02, -5.5899e-02, -2.5712e-02, -1.1205e-03,
        -1.3351e-02, -3.3793e-03, -6.4466e-02,  1.6462e-04])), ('fc3.weight', tensor([[ 1.3613e-05, -5.5260e-02,  1.2444e-02, -6.5218e-03,  1.7781e-02,
          7.1711e-04,  1.1575e-01,  3.3727e-02,  5.6205e-02, -2.8962e-02,
          2.3895e-02,  1.7924e-01,  2.9798e-02, -1.4431e-03, -3.7491e-02,
         -1.8418e-02, -7.6239e-02,  1.1195e-01,  2.5720e-02,  9.6070e-04,
          1.4234e-02,  1.1416e-02,  1.7646e-04, -6.7260e-02, -5.7725e-02,
          1.8323e-02,  2.3048e-02,  6.0716e-03,  2.5819e-03, -4.2983e-02,
         -6.1089e-04,  2.6527e-02, -1.9987e-02, -1.1205e-03,  6.6320e-03,
          1.3530e-01, -6.5442e-03, -1.7737e-02, -1.0100e-01, -7.1264e-02,
          2.0186e-02,  1.2788e-02, -1.5234e-02, -3.8508e-02, -2.2379e-03,
          1.7351e-03, -4.5996e-03,  7.6849e-03, -4.3289e-02,  1.3814e-02,
         -5.6670e-02, -1.2615e-04, -2.2494e-02,  2.0374e-02,  3.8198e-03,
         -7.3303e-02, -1.5017e-02, -6.1784e-02, -1.0204e-01, -3.9888e-03,
         -7.3100e-02,  7.4442e-03, -9.8107e-02, -3.4077e-02]]))])
end of epoch 6: val_loss 1.5430391050258343, val_acc 0.78
trigger times: 1
end of epoch 7: val_loss 0.4324354800033325, val_acc 0.78
trigger times: 2
end of epoch 8: val_loss 0.45090667395323825, val_acc 0.82
trigger times: 3
end of epoch 9: val_loss 0.930474758813012, val_acc 0.81
trigger times: 4
end of epoch 10: val_loss 0.38357505898329236, val_acc 0.84
trigger times: 5
end of epoch 11: val_loss 1.019937361765089, val_acc 0.76
trigger times: 6
end of epoch 12: val_loss 0.4191270904766861, val_acc 0.77
trigger times: 7
end of epoch 13: val_loss 0.6435509690653999, val_acc 0.73
trigger times: 8
end of epoch 14: val_loss 0.41491250181491973, val_acc 0.84
trigger times: 9
end of epoch 15: val_loss 0.4012501155620703, val_acc 0.84
trigger times: 10
Early stopping.
0 -19.74752862006426 -238.56539389647227
1 -19.70684514194727 -226.82452825484978
2 -20.266029708087444 -226.2241731451399
3 -17.32877267897129 -208.89755486387574
4 -18.650088995695114 -196.9840755292238
5 -19.102290265262127 -194.4017457710484
6 -19.417001754045486 -193.75394353311003
7 -18.20064201951027 -173.38768743356906
8 -18.65603120625019 -172.73844575529262
9 -17.404702693223953 -172.5849598191294
10 -17.08825597167015 -148.80630048130243
11 -18.57804975658655 -146.54022994848935
12 -18.563474498689175 -144.9163601843784
13 -18.29845930635929 -144.5098799638122
14 -18.311821833252907 -129.52710350510273
15 -15.925151839852333 -119.6789138826375
16 -17.128621377050877 -119.53338183357056
17 -18.60437599569559 -115.00841352193844
18 -16.83903357386589 -113.49466461352053
19 -14.079477393999696 -107.45837168117659
20 -17.03752992162481 -105.49937100040788
21 -16.028726312331855 -101.9104943327425
22 -14.914759955368936 -101.66294130080523
23 -15.486918162554502 -98.89606860541423
24 -16.431095652282238 -95.1909937931514
25 -16.7676460146904 -93.31854913617367
26 -14.882983611896634 -85.41926577166943
27 -15.373770847916603 -83.18012153468804
28 -14.906253775581717 -79.47665068598401
29 -16.332672238349915 -77.34308621853297
30 -13.914368693251163 -60.56041622227008
31 -13.983376479707658 -58.68833689293549
32 -15.312132141552866 -22.79021187897909
33 -13.385090680792928 -19.65788926803626
34 -12.553822360467166 -16.74518768263467
35 -15.185298947617412 -13.719402302108403
36 -13.909703481476754 4.235189873860978
37 -15.045251943171024 5.0952806210809465
38 -14.754547293297946 10.178796790507759
39 -15.564330805558711 13.541055788508864
40 -14.634855111595243 14.989710929193077
41 -12.146292313933372 21.802029683432238
42 -14.90339257568121 31.12027905920427
43 -11.848820405080914 40.64550156746333
44 -12.918706551194191 40.69898986216935
45 -13.64960529608652 50.09032867204584
46 -14.529649768024683 57.290535515424786
47 -14.385032654739916 60.51441689036072
48 -13.591979341581464 62.587858111632386
49 -15.609215800184757 63.47489586756552
50 -13.195468894205987 65.395531990224
51 -12.882167988456786 68.71330703108626
52 -14.556962599977851 69.48459209048262
53 -11.758712445851415 72.16624272108386
54 -15.310821235645562 74.2233202149037
55 -15.498226895928383 79.16074531670823
56 -13.47777081746608 80.25553156558418
57 -15.702515691518784 87.50520028403979
58 -14.66861791908741 90.28646231697512
59 -14.019456978421658 90.72533900600311
60 -13.882327801547945 91.52552635781885
61 -15.037178121972829 91.95773979158345
62 -14.48220344260335 92.99221310223136
63 -14.373335907701403 94.14052712880752
64 -14.490925438236445 94.28590507273401
65 -14.989435877185315 95.24073532592021
66 -13.789200851228088 96.09581961281374
67 -13.419035414233804 96.50341248035636
68 -15.635698658414185 97.45820290396632
69 -13.453186995349824 97.90553231413178
70 -15.28630575351417 98.27346635731779
71 -14.400781993754208 98.35872828331676
72 -14.128172368742526 98.9255090371917
73 -14.874503700062633 99.09003071828721
74 -13.74280745536089 99.89253842063019
75 -14.001886662561446 100.07765055593329
76 -13.824136881157756 101.35869827851857
77 -14.800906531512737 103.56921378052652
78 -14.202782788779587 103.74194540937737
79 -13.635540070477873 104.00039883786899
80 -14.636225597932935 104.36031383612816
81 -14.747872282750905 104.79584301893571
82 -14.06531872972846 105.40349710769756
83 -12.739140369463712 105.60678192821229
84 -14.54819133784622 106.26867976298877
85 -13.422825775109231 106.37916921043517
86 -11.991524891927838 106.67969423997131
87 -14.282707514241338 106.81132709017433
88 -13.318264514673501 107.05410485829283
89 -13.884823765605688 107.44441498172971
90 -14.128133936785161 107.68792314282867
91 -13.091504817828536 107.72369032284489
92 -13.566742666997015 108.58631070626225
93 -13.55751389823854 108.79454915391223
94 -13.429977333173156 109.15712102315346
95 -12.2713134419173 109.71287331230647
96 -13.084044501185417 110.48639228144049
97 -13.537420218810439 111.4630258761226
98 -13.160387408453971 112.59201367677376
99 -12.718837364576757 113.4530990931055
100 -12.490652444772422 114.85996346749971
101 -13.235690677538514 115.04838323377467
102 -11.564782020635903 115.5646624637931
103 -13.290412407368422 115.77027450439896
104 -13.65604471648112 116.29805012422126
105 -12.39434497244656 116.38499266629886
106 -13.490394983906299 116.4198907102986
107 -14.08003018470481 117.08008835928221
108 -12.214804137125611 117.29357601720739
109 -12.981172726023942 118.29160885622866
110 -11.678580637089908 119.01062500757773
111 -12.252164300531149 120.85290512447664
112 -11.738541664090008 120.8902150231427
113 -12.637475304305553 121.40892075278066
114 -11.584626187570393 122.30522808413322
115 -11.136179042514414 129.13346806288703
116 -10.203447486273944 129.67718524437547
117 -11.235161130316556 129.79664443488912
118 -12.459250749088824 130.61780866873775
119 -8.182341920211911 131.40806576766226
train accuracy: 0.8155555555555556
validation accuracy: 0.84
test accuracy: 0.7736694677871149
