demo lengths 200
demos: (120, 200, 25)
demo_rewards: (120,)
[-238.5653939  -226.82452825 -226.22417315 -208.89755486 -196.98407553
 -194.40174577 -193.75394353 -173.38768743 -172.73844576 -172.58495982
 -148.80630048 -146.54022995 -144.91636018 -144.50987996 -129.52710351
 -119.67891388 -119.53338183 -115.00841352 -113.49466461 -107.45837168
 -105.499371   -101.91049433 -101.6629413   -98.89606861  -95.19099379
  -93.31854914  -85.41926577  -83.18012153  -79.47665069  -77.34308622
  -60.56041622  -58.68833689  -22.79021188  -19.65788927  -16.74518768
  -13.7194023     4.23518987    5.09528062   10.17879679   13.54105579
   14.98971093   21.80202968   31.12027906   40.64550157   40.69898986
   50.09032867   57.29053552   60.51441689   62.58785811   63.47489587
   65.39553199   68.71330703   69.48459209   72.16624272   74.22332021
   79.16074532   80.25553157   87.50520028   90.28646232   90.72533901
   91.52552636   91.95773979   92.9922131    94.14052713   94.28590507
   95.24073533   96.09581961   96.50341248   97.4582029    97.90553231
   98.27346636   98.35872828   98.92550904   99.09003072   99.89253842
  100.07765056  101.35869828  103.56921378  103.74194541  104.00039884
  104.36031384  104.79584302  105.40349711  105.60678193  106.26867976
  106.37916921  106.67969424  106.81132709  107.05410486  107.44441498
  107.68792314  107.72369032  108.58631071  108.79454915  109.15712102
  109.71287331  110.48639228  111.46302588  112.59201368  113.45309909
  114.85996347  115.04838323  115.56466246  115.7702745   116.29805012
  116.38499267  116.41989071  117.08008836  117.29357602  118.29160886
  119.01062501  120.85290512  120.89021502  121.40892075  122.30522808
  129.13346806  129.67718524  129.79664443  130.61780867  131.40806577]
maximum traj length 200
maximum traj length 200
num training_obs 900
num training_labels 900
num val_obs 100
num val_labels 100
num test_obs 7140
num test_labels 7140
ModuleList(
  (0): Linear(in_features=25, out_features=128, bias=True)
  (1): Linear(in_features=128, out_features=64, bias=True)
  (2): Linear(in_features=64, out_features=1, bias=False)
)
Total number of parameters: 11648
Number of trainable paramters: 11648
device: cuda:0
end of epoch 0: val_loss 0.731523897609361, val_acc 0.71
trigger times: 0
saving model weights...
Weights: OrderedDict([('fcs.0.weight', tensor([[-0.0222, -0.0227, -0.2177,  ...,  0.0272, -0.1424, -0.0064],
        [-0.1255, -0.0218,  0.1645,  ...,  0.2751,  0.0669, -0.1483],
        [-0.1846, -0.0314,  0.1639,  ...,  0.2583, -0.2073, -0.0937],
        ...,
        [-0.1116, -0.0633, -0.0078,  ..., -0.0209, -0.0320, -0.0156],
        [ 0.1324,  0.1827, -0.1290,  ...,  0.1079,  0.0149,  0.3548],
        [ 0.0277, -0.0333,  0.1998,  ...,  0.1027, -0.1015,  0.1207]],
       device='cuda:0')), ('fcs.0.bias', tensor([-1.5004e-01,  4.1889e-01, -7.5498e-02, -9.3502e-02, -9.8671e-03,
         2.4952e-01,  4.6508e-02,  5.2947e-02, -8.9180e-03,  7.3733e-02,
        -7.9355e-02, -2.5867e-02, -1.2784e-01, -9.7939e-02, -1.6230e-01,
        -3.6066e-02, -1.1857e-01,  2.0485e-01,  3.2703e-02, -1.7382e-01,
        -1.2954e-01,  1.1305e-01, -3.4285e-02, -5.7122e-02,  1.3961e-05,
        -1.8051e-01, -3.1994e-06,  6.0393e-02, -4.3775e-02,  9.9732e-02,
        -8.1812e-02,  5.8194e-03,  3.2349e-01, -1.6805e-02, -8.4494e-02,
        -1.1709e-01, -9.5684e-03,  7.8210e-02,  2.3700e-01, -1.1309e-02,
        -2.2551e-03,  4.3011e-02,  4.9083e-01, -1.3073e-01, -1.8541e-01,
         8.4405e-02, -3.9444e-04,  3.3967e-03, -1.4643e-01, -1.4562e-01,
        -8.1547e-03, -5.2480e-02, -6.2808e-02,  3.0382e-05, -1.4353e-01,
        -6.5126e-02,  2.6225e-01, -7.6328e-03, -5.9365e-02, -8.3906e-02,
        -1.9190e-02, -4.6379e-02, -1.5444e-02, -4.3666e-02,  9.0234e-03,
        -1.4816e-01, -1.5577e-01, -3.9177e-02,  3.3449e-03, -2.2513e-01,
        -1.2238e-01, -1.0197e-01, -1.7492e-01, -1.7832e-01, -2.4622e-02,
         3.2729e-02, -2.8073e-03, -2.3718e-02, -4.5218e-02,  4.6216e-02,
        -1.0358e-02, -1.2922e-02,  3.6154e-01, -6.7422e-02,  5.2855e-02,
         4.3427e-02, -3.7833e-02, -1.5526e-03,  1.8269e-02, -2.2300e-04,
        -1.6781e-01, -8.1284e-03,  1.3593e-01, -1.6588e-02, -3.4285e-02,
        -4.6612e-02, -3.7859e-02, -9.0433e-02, -2.2202e-01, -2.7260e-01,
         2.4478e-01, -5.4946e-02, -1.0833e-01, -9.3939e-02, -9.2644e-02,
        -7.1889e-02, -2.8870e-02, -8.8161e-02, -8.9429e-03,  1.0934e-03,
        -1.1719e-01,  1.2735e-01, -8.1627e-02, -1.7839e-02,  2.4374e-01,
        -6.1877e-02, -1.4165e-01,  2.2083e-02, -1.7461e-01,  1.4336e-01,
         2.3630e-01,  1.1445e-01, -1.0764e-02,  1.8627e-01, -6.6952e-02,
        -6.5637e-02,  2.9477e-04, -1.6489e-01], device='cuda:0')), ('fcs.1.weight', tensor([[-7.0853e-06, -2.5018e-02, -4.2186e-02,  ..., -4.4488e-06,
         -1.6802e-03, -2.8358e-02],
        [-3.2538e-02, -2.1293e-01, -1.0075e-01,  ...,  3.3828e-02,
          1.7939e-01, -7.1783e-03],
        [-9.7930e-02, -5.7910e-02, -6.0532e-02,  ...,  9.3651e-04,
         -6.9672e-03,  2.2448e-02],
        ...,
        [-1.0397e-01, -1.2878e-01, -1.3312e-02,  ...,  2.2600e-05,
         -9.0868e-02, -9.4681e-02],
        [-1.5619e-04, -2.1179e-02, -8.4911e-04,  ..., -3.6528e-04,
         -4.2628e-02, -9.0850e-03],
        [ 1.3879e-04, -1.9126e-01,  3.6980e-03,  ..., -2.2989e-03,
         -3.5851e-01, -1.6697e-01]], device='cuda:0')), ('fcs.1.bias', tensor([-0.1089, -0.0216, -0.0229, -0.0449,  0.0272, -0.0639, -0.0259, -0.0622,
        -0.0423, -0.0526,  0.2443, -0.0139, -0.0065,  0.0035, -0.0279, -0.1231,
        -0.0724, -0.0008, -0.0253, -0.0531, -0.0231,  0.4873, -0.0573, -0.0319,
        -0.0258, -0.0783, -0.0341, -0.0553,  0.1980, -0.1260, -0.0236, -0.2078,
        -0.0289, -0.0132, -0.1395, -0.1214, -0.0168,  0.0334, -0.0226, -0.0554,
        -0.0119, -0.0050, -0.0413, -0.0143, -0.0435,  0.0664, -0.0946,  0.1541,
        -0.0744, -0.0239,  0.0014, -0.0335, -0.0557, -0.2377, -0.0560,  0.1693,
        -0.0176, -0.0488, -0.0171,  0.0217, -0.0824, -0.1458, -0.0319, -0.1939],
       device='cuda:0')), ('fcs.2.weight', tensor([[ 0.0035, -0.0836,  0.0077,  0.0478, -0.1800,  0.1039, -0.0421, -0.0010,
          0.0267, -0.0118, -0.0230,  0.0010,  0.0210, -0.0316,  0.0096,  0.0880,
         -0.0151, -0.0609,  0.0883,  0.0061,  0.0159, -0.0389, -0.0279,  0.0566,
          0.0333, -0.0076,  0.0118, -0.0755, -0.0568, -0.0156,  0.0107,  0.0827,
          0.0037,  0.0019, -0.0744, -0.0848,  0.0051, -0.0028,  0.0636,  0.0503,
         -0.0112,  0.0073,  0.0150,  0.0170,  0.1265, -0.0020,  0.0318,  0.0249,
          0.0303,  0.0760,  0.0045,  0.0448,  0.0389,  0.1520,  0.1443,  0.0701,
          0.0006,  0.0195,  0.0185, -0.0549,  0.1401,  0.0784,  0.0927,  0.1211]],
       device='cuda:0'))])
end of epoch 1: val_loss 0.37459283514953035, val_acc 0.82
trigger times: 0
saving model weights...
Weights: OrderedDict([('fcs.0.weight', tensor([[-0.0116, -0.0202, -0.1037,  ...,  0.0175, -0.0462, -0.0041],
        [-0.4324,  0.0293, -0.1100,  ...,  0.5529, -0.0820, -0.1825],
        [-0.0681, -0.0244,  0.0759,  ...,  0.1639, -0.0575, -0.0439],
        ...,
        [-0.0310, -0.0086, -0.0023,  ..., -0.0022, -0.0181, -0.0591],
        [ 0.0039,  0.1388, -0.0906,  ...,  0.0708, -0.0779, -0.0070],
        [ 0.0066, -0.0276,  0.0441,  ...,  0.0682, -0.0406,  0.0100]],
       device='cuda:0')), ('fcs.0.bias', tensor([-4.1499e-02,  4.3817e-01, -1.8312e-02, -4.5431e-02, -1.2761e-01,
         2.7779e-02,  2.3278e-02,  1.7153e-02, -2.0700e-01,  4.6634e-02,
        -7.9554e-03,  4.6548e-01, -8.3877e-02, -2.5901e-02, -1.1120e-01,
        -9.3663e-03, -1.7441e-02,  6.7126e-01,  1.5055e-02, -6.0887e-02,
        -4.5840e-02,  8.4681e-02, -1.7006e-01, -4.1068e-03, -1.1896e-03,
        -5.6880e-02,  2.8764e-01, -1.8578e-01, -1.6374e-03, -7.2028e-02,
        -3.3629e-02, -3.1922e-03,  3.7985e-02, -6.2774e-03, -7.7318e-02,
        -3.7022e-02, -1.4460e-02,  2.6121e-02, -5.3001e-03, -3.1480e-02,
        -1.8669e-01, -3.1046e-02,  6.3981e-01, -3.8282e-02, -8.8546e-02,
         5.7865e-02, -2.0671e-01, -2.7362e-01, -7.5684e-02, -8.7967e-02,
        -1.9950e-01, -3.1051e-02, -1.3183e-02, -5.1426e-01, -8.8982e-02,
        -3.3444e-02,  6.4298e-01, -1.3206e-01, -1.1443e-02, -2.9044e-03,
        -9.6477e-05, -5.0298e-03, -4.5013e-02, -1.1618e-02, -9.4406e-04,
        -1.0932e-02, -1.2544e-03, -1.2471e-03, -4.9639e-02,  1.4194e-02,
        -3.2886e-02, -6.3475e-02, -1.5038e-01, -6.3690e-02, -1.0214e-02,
         1.2449e-02, -3.6668e-03,  4.5239e-01, -7.2519e-03, -2.9266e-01,
        -2.3758e-03, -1.0087e-02,  2.0948e-01, -2.1132e-02,  2.3607e-02,
         1.5992e-02, -3.0226e-02, -5.2294e-02,  5.9321e-03, -4.4751e-01,
        -9.7676e-02, -1.1931e-03,  3.6464e-01, -2.5829e-01, -1.1660e-03,
         9.7059e-05, -2.7827e-02, -5.2873e-02, -1.3119e-01, -3.0483e-02,
         5.7835e-01, -2.9757e-02, -2.6465e-02,  2.2247e-01, -2.0593e-01,
         9.6714e-02, -2.2898e-03, -7.2559e-02, -3.7891e-02, -3.5888e-02,
        -1.2814e-01,  4.9712e-01, -7.3418e-02, -2.3788e-01,  3.8790e-01,
        -9.1632e-03, -3.7557e-02,  4.0776e-03, -9.2501e-02,  2.4760e-01,
         3.0295e-01,  3.1752e-01, -2.7567e-01,  4.4900e-01, -2.2295e-02,
        -2.9315e-02, -9.3453e-02, -4.9262e-02], device='cuda:0')), ('fcs.1.weight', tensor([[-2.3759e-04, -2.0288e-01, -1.4482e-02,  ...,  1.2671e-04,
         -2.3764e-03, -1.1474e-02],
        [-1.0869e-02, -5.5829e-03, -3.9368e-02,  ...,  4.0394e-05,
          1.1637e-02, -6.2422e-03],
        [-3.3009e-02, -9.2038e-03, -7.8576e-03,  ...,  4.5251e-06,
         -2.2311e-03,  8.6561e-03],
        ...,
        [-4.7251e-03, -8.4426e-02,  7.8380e-05,  ...,  4.5835e-04,
          3.4515e-04, -5.4840e-03],
        [-1.9881e-06,  1.0098e-01,  6.0937e-05,  ..., -2.5842e-05,
          8.4341e-05,  5.5092e-04],
        [ 1.5634e-04,  8.2032e-02,  6.0194e-04,  ..., -5.0775e-04,
         -1.1036e-02, -2.4754e-02]], device='cuda:0')), ('fcs.1.bias', tensor([-4.1797e-02, -3.4312e-02, -8.3731e-03, -2.1536e-01,  1.4428e-02,
        -6.9393e-02, -5.2232e-02, -3.0825e-02, -8.4492e-02, -6.0245e-03,
         2.0332e-01, -2.2005e-01, -8.2191e-03, -1.5102e-02, -2.5289e-01,
        -2.5089e-01, -1.3056e-01, -1.4539e-03, -5.5498e-02, -9.1959e-02,
        -6.0240e-03,  1.2876e-01, -2.1231e-01, -2.9229e-01,  2.7454e-01,
        -2.0331e-01, -1.9268e-02, -2.2520e-01,  4.7003e-02, -2.2433e-02,
        -8.6555e-02, -1.7114e-01, -3.8361e-02, -2.1536e-01, -4.8786e-02,
        -5.0531e-02, -1.2926e-01,  1.3531e-02, -3.2070e-02, -1.2749e-01,
        -1.0721e-02, -6.7430e-03, -2.5629e-01, -5.4078e-03, -2.1789e-01,
         1.7690e-02, -9.7407e-02, -5.2699e-02, -4.4315e-02,  2.0225e-01,
        -5.7280e-05, -6.7935e-03, -5.4249e-02, -1.6091e-01, -1.4317e-01,
         7.5927e-02, -5.3809e-02,  1.6102e-01,  3.3056e-01,  1.0733e-02,
         1.4603e-01, -5.4492e-02, -3.4156e-02, -1.0774e-01], device='cuda:0')), ('fcs.2.weight', tensor([[ 0.0345, -0.0427, -0.0047,  0.1171, -0.1608,  0.0585,  0.0721,  0.0644,
         -0.0025, -0.0080, -0.0893,  0.0234, -0.0312, -0.0321, -0.1407, -0.0205,
          0.0679, -0.0457, -0.0409, -0.0299,  0.0145, -0.0073,  0.1737,  0.1091,
         -0.1827,  0.0580,  0.0135,  0.0057, -0.0197,  0.0003, -0.1403,  0.1323,
         -0.0675,  0.1705, -0.0626, -0.0702,  0.0606, -0.0010,  0.0217, -0.1322,
         -0.0107, -0.0010, -0.0659, -0.0107,  0.0343,  0.0022, -0.1394,  0.0591,
         -0.0094, -0.0081, -0.0015, -0.1276, -0.0343,  0.1875,  0.1706,  0.0706,
          0.0439, -0.2264, -0.0798, -0.0169, -0.1290,  0.0442, -0.0031, -0.1074]],
       device='cuda:0'))])
end of epoch 2: val_loss 0.35070305525664935, val_acc 0.83
trigger times: 0
saving model weights...
Weights: OrderedDict([('fcs.0.weight', tensor([[-3.0675e-03, -1.2569e-02, -2.8716e-02,  ...,  9.7799e-03,
         -5.8149e-03, -1.8640e-03],
        [-2.8064e-01, -3.5546e-02, -1.5662e-02,  ...,  3.9266e-01,
         -8.3952e-02, -1.3940e-01],
        [-1.2353e-02, -1.4714e-02,  1.9483e-02,  ...,  7.6344e-02,
         -6.0493e-03, -1.4079e-02],
        ...,
        [-3.0846e-03, -3.0226e-04,  2.6973e-05,  ..., -5.6709e-05,
         -2.5749e-03, -6.2327e-04],
        [ 1.4185e-03,  9.6815e-02, -3.9518e-02,  ...,  4.3609e-02,
         -1.8532e-02, -4.9109e-03],
        [ 1.4280e-03, -1.5905e-02,  3.1380e-03,  ...,  3.5758e-02,
         -6.2883e-03,  9.3383e-03]], device='cuda:0')), ('fcs.0.bias', tensor([-4.1601e-03,  3.5970e-01, -1.3841e-03, -2.6941e-02, -9.5978e-02,
         1.8019e-02,  6.9230e-03,  2.8963e-03, -1.4291e-01,  2.1582e-02,
        -7.3633e-05,  1.8735e-01, -4.0244e-02, -2.6279e-03, -5.6870e-02,
        -9.1049e-04, -1.9044e-03,  4.7090e-01,  4.3013e-03, -9.7129e-03,
        -6.8273e-03,  5.0848e-02, -1.5140e-02, -3.1751e-05, -1.0459e-04,
        -7.2587e-03,  1.5075e-01, -1.2339e-01, -2.5443e-06, -7.3817e-02,
        -6.6693e-03, -5.6808e-04,  1.9382e-02, -3.0721e-05, -3.9783e-02,
        -1.4519e-02,  3.3729e-05,  4.0990e-03, -2.5111e-03,  8.5320e-06,
        -2.6426e-02, -2.0689e-03,  4.0686e-01, -2.6533e-04, -1.9860e-02,
         2.9086e-02, -3.0301e-02, -2.1774e-01, -2.3184e-02, -3.1408e-02,
        -1.5313e-02, -7.4811e-03, -7.1814e-04, -3.0383e-01, -3.7004e-02,
        -1.0217e-02,  4.5306e-01, -4.4403e-02, -1.1392e-03, -3.9297e-05,
        -4.0142e-03, -4.7538e-05, -6.1732e-04, -1.1564e-03,  4.8861e-07,
        -7.6099e-05, -2.9607e-04, -1.0312e-05, -6.9157e-05,  5.0811e-02,
        -6.2220e-03, -2.6999e-02, -3.6722e-02, -9.0628e-03, -1.4516e-05,
         3.0759e-03,  3.4424e-07,  1.8554e-01, -8.7832e-05, -7.3889e-02,
        -8.4706e-05, -5.7464e-03,  1.1006e-01, -1.6456e-02,  5.8201e-03,
         3.2846e-03, -7.3305e-03, -2.9497e-02,  1.4914e-03, -3.6486e-01,
        -3.9096e-02, -1.0228e-05,  9.2564e-02, -1.5891e-01,  3.3366e-06,
        -1.0400e-01, -6.0783e-03, -2.1897e-02, -5.2684e-02, -2.4347e-03,
         3.9723e-01, -1.5830e-03, -4.6255e-03,  1.9903e-01, -5.4943e-02,
         6.2752e-02,  6.6740e-06, -1.3153e-02, -2.3755e-04, -1.2787e-03,
        -1.2342e-02,  3.5936e-01, -2.3645e-02, -1.7136e-01,  3.8421e-01,
        -4.1081e-04, -3.7268e-03,  5.5313e-04, -3.0142e-02,  1.5125e-01,
         1.3774e-01,  2.0658e-01, -1.8964e-01,  1.6522e-01, -3.4910e-03,
        -4.2663e-03, -2.0071e-02, -4.7663e-03], device='cuda:0')), ('fcs.1.weight', tensor([[ 2.4881e-05, -9.4838e-02, -1.0924e-04,  ...,  9.8361e-06,
          1.5141e-04, -4.6416e-04],
        [-1.7003e-03,  5.7145e-03, -7.8826e-03,  ...,  4.4217e-06,
          3.2451e-03, -2.7312e-03],
        [-4.9778e-03,  3.4237e-04, -2.2027e-04,  ...,  3.3378e-07,
         -4.5397e-04,  1.6413e-03],
        ...,
        [ 1.2917e-05, -4.0754e-03,  3.5265e-05,  ...,  1.6616e-06,
          1.7036e-04,  4.6845e-05],
        [ 2.0110e-05,  4.6105e-02, -5.8883e-06,  ...,  1.4559e-06,
         -3.3934e-05, -3.1499e-05],
        [ 2.7468e-04,  1.2640e-02, -4.3782e-05,  ..., -1.6372e-05,
         -2.6775e-04, -1.1595e-03]], device='cuda:0')), ('fcs.1.bias', tensor([-1.5430e-02, -4.4099e-03, -8.0617e-04, -6.6046e-02,  8.7910e-03,
        -4.2533e-02, -4.4043e-02, -4.2272e-03, -3.7856e-02, -1.3042e-06,
         5.7221e-02, -4.5579e-03, -6.0964e-03, -8.7252e-03, -2.1449e-01,
        -1.0167e-01, -1.5381e-02, -9.5514e-05, -8.4542e-04, -4.3243e-03,
        -3.3871e-04,  2.4511e-02, -7.1841e-02, -2.4361e-01,  2.2803e-01,
        -4.0546e-02, -7.1786e-03, -1.1609e-01,  1.7600e-02, -1.0159e-03,
        -4.8669e-03, -1.1927e-01, -4.8314e-03, -1.9880e-02, -4.3511e-03,
        -1.1028e-02, -5.9706e-02,  2.6696e-03, -1.3799e-06, -1.0564e-02,
        -1.5199e-04, -1.8368e-03, -2.0546e-01, -6.8459e-05, -1.3470e-01,
         1.9404e-03, -1.9043e-02, -2.8193e-02, -1.6261e-02,  1.2991e-01,
        -2.3937e-01, -2.2374e-03,  2.2021e-02, -1.1041e-01, -9.7449e-03,
         3.1579e-02, -1.2880e-03,  7.8311e-02,  3.8970e-01,  3.1530e-03,
         1.8357e-02, -2.3780e-04, -1.8498e-03, -2.9125e-03], device='cuda:0')), ('fcs.2.weight', tensor([[ 0.0342, -0.0404, -0.0033,  0.0806, -0.1553,  0.0022,  0.0628,  0.0431,
         -0.0071, -0.0073, -0.0916,  0.0214, -0.0203, -0.0327, -0.1454, -0.0218,
          0.0541, -0.0407, -0.0291, -0.0244,  0.0131, -0.0018,  0.1410,  0.0940,
         -0.1839,  0.0486,  0.0052, -0.0200, -0.0176, -0.0005, -0.0704,  0.1015,
         -0.0597,  0.0302, -0.0492, -0.0686,  0.0523, -0.0014,  0.0106, -0.0820,
         -0.0091, -0.0030, -0.0687, -0.0071,  0.0138,  0.0004, -0.1307,  0.0613,
          0.0081, -0.0077, -0.1809, -0.1194,  0.2176,  0.0991,  0.0488,  0.0668,
          0.0383, -0.2244, -0.0314, -0.0167, -0.1276,  0.0098, -0.0060, -0.0746]],
       device='cuda:0'))])
end of epoch 3: val_loss 2.330706201967818, val_acc 0.65
trigger times: 1
end of epoch 4: val_loss 0.46351696863486724, val_acc 0.75
trigger times: 2
end of epoch 5: val_loss 3.2857329386068126, val_acc 0.8
trigger times: 3
end of epoch 6: val_loss 0.339047137116938, val_acc 0.88
trigger times: 0
saving model weights...
Weights: OrderedDict([('fcs.0.weight', tensor([[-5.4396e-02, -1.0223e-01, -1.9205e-03,  ...,  4.7267e-03,
         -5.1790e-02,  3.4912e-02],
        [-3.6273e-01, -2.0111e-02, -1.8628e-02,  ...,  2.2846e-01,
         -2.3575e-03, -7.2520e-01],
        [-7.3187e-02, -7.6586e-02, -1.2116e-01,  ...,  6.9951e-01,
          8.2551e-02, -6.8669e-01],
        ...,
        [ 1.1184e-01,  2.5338e-02,  3.0511e-02,  ..., -2.5524e-01,
         -3.7577e-01, -7.6142e-01],
        [-3.0907e-06,  6.2409e-04, -2.1235e-06,  ...,  1.1363e-04,
          1.5298e-08, -1.8352e-05],
        [-5.4498e-07, -7.9909e-06,  1.8806e-09,  ...,  1.4826e-06,
         -6.3248e-07, -7.5201e-07]], device='cuda:0')), ('fcs.0.bias', tensor([-6.8639e-02,  9.1778e-01, -4.4841e-02, -1.0169e-01, -8.6859e-02,
        -5.7907e-04, -3.1919e-03, -1.0744e-05, -3.2639e-04,  3.3914e-07,
        -3.0152e-03,  2.9698e-01, -8.6312e-03, -1.7849e-02, -7.4493e-04,
        -6.2941e-02, -8.4005e-07,  9.7036e-03, -1.5983e-01, -1.5870e-09,
        -8.5325e-03, -1.4735e-04, -5.0593e-06, -2.8927e-01, -7.9424e-03,
         8.2130e-03, -1.5987e-01, -3.6002e-02, -2.5957e-07, -9.6231e-03,
        -2.0800e-07, -1.7654e-02, -2.4147e-06, -1.3216e-04,  3.6153e-01,
        -1.0096e-02, -1.2402e-02, -1.6996e-01, -4.1091e-04, -1.9924e-01,
         4.2042e-01, -1.4329e-01, -4.4440e-02,  4.1484e-01, -1.2211e-02,
         2.9676e-01,  4.1365e-01, -7.8491e-03, -3.7208e-02, -4.8143e-06,
        -5.9712e-07, -4.7969e-03,  2.2425e-01, -5.9814e-05,  2.1217e-01,
         1.2850e-08,  2.6408e-01, -1.5598e-01,  1.4263e-01, -1.3772e-01,
         3.4677e-01,  1.5983e-01, -7.9562e-02, -1.8116e-01, -1.3176e-01,
        -1.3739e-06, -2.1392e-01, -5.4984e-02, -2.5232e-01, -3.6322e-02,
        -3.1318e-06, -1.7823e-01, -9.8369e-06, -2.1672e-01, -1.5133e-02,
         2.8447e-03,  4.1550e-01,  7.0121e-02, -2.4496e-05,  2.5828e-01,
        -5.3874e-03, -2.8493e-04, -3.8400e-01, -6.9247e-02, -1.8630e-01,
        -3.4400e-09, -7.4327e-03, -2.0498e-01,  4.7831e-01, -1.7041e-02,
        -1.7820e-06, -3.8118e-06,  1.5894e-01, -1.0551e-03, -3.2153e-01,
        -4.9700e-02, -8.4437e-02,  2.2853e-01, -8.7649e-06, -2.5248e-01,
        -7.1314e-02, -1.3055e-02, -3.1852e-07,  2.3539e-05, -6.4819e-06,
        -2.5460e-03,  5.4426e-01, -7.8683e-07, -1.1458e-02, -1.6447e-02,
        -1.3679e-02,  1.8557e-01, -2.4917e-07, -1.1573e-03, -1.3680e-01,
         1.5325e-10, -6.2829e-02, -2.0890e-09, -1.1918e-01, -4.0217e-03,
        -1.7666e-02, -1.2411e-02, -2.6265e-03, -1.3853e-01,  1.5540e-01,
         2.1510e-01, -9.8288e-08, -6.4724e-07], device='cuda:0')), ('fcs.1.weight', tensor([[ 7.4987e-04,  2.8018e-02, -3.4111e-05,  ..., -1.3276e-01,
          1.4503e-08,  1.3320e-08],
        [-3.0972e-03,  1.9762e-01,  2.7696e-01,  ..., -7.6056e-02,
          1.1493e-06,  1.5305e-07],
        [ 9.0357e-06, -5.3292e-02, -3.1421e-05,  ...,  1.9855e-01,
         -2.9616e-08,  8.9646e-09],
        ...,
        [-4.5146e-06, -5.3745e-04, -7.2079e-06,  ..., -7.5846e-04,
         -2.7755e-09,  1.7732e-10],
        [-1.2350e-04, -2.4664e-01,  1.4251e-03,  ..., -2.2455e-01,
         -1.1678e-07,  2.0186e-07],
        [ 1.0942e-05,  2.0675e-03,  4.6756e-05,  ...,  3.4083e-03,
          3.7138e-09,  1.0981e-09]], device='cuda:0')), ('fcs.1.bias', tensor([ 2.3224e-03,  6.8992e-02,  2.0204e-02, -4.7058e-06, -1.2973e-01,
        -2.0645e-01, -8.9810e-02, -5.2680e-02, -1.5962e-01,  2.3982e-01,
        -2.7564e-01,  1.1690e-01, -9.0144e-03, -4.0675e-02,  2.3874e-02,
        -2.0833e-02, -1.0245e-02, -1.3587e-02, -1.2439e-01, -3.5768e-02,
        -6.6540e-06, -4.2694e-04, -5.0225e-02, -2.3519e-02, -3.8475e-02,
        -3.1660e-07, -1.4019e-02, -1.4969e-01, -2.6110e-02,  1.4759e-01,
        -1.3413e-07, -1.5114e-01,  1.7700e-01,  5.3552e-09, -5.8129e-04,
        -2.1514e-03, -1.2197e-02,  1.0014e-01, -1.3413e-04, -2.8913e-02,
         8.6321e-03, -3.3287e-02, -5.7918e-02, -4.0132e-02, -4.2640e-03,
        -2.6819e-01, -4.3559e-04, -3.2048e-01,  1.9575e-01,  6.8445e-02,
        -2.0623e-01, -3.3379e-02, -1.2264e-05, -5.9254e-02, -2.9179e-01,
        -8.7495e-02, -1.4655e-03, -6.8554e-02,  4.0442e-01, -1.0429e-04,
         1.2132e-01, -1.3358e-05, -3.5719e-02, -3.4014e-03], device='cuda:0')), ('fcs.2.weight', tensor([[ 6.1323e-02, -3.9510e-02,  5.3994e-02,  2.3015e-04, -3.2259e-04,
          3.5240e-02, -2.9207e-02,  3.4588e-03,  1.6755e-02, -6.8931e-02,
         -5.0158e-02,  8.1307e-04, -2.0375e-01, -1.1638e-03, -8.6832e-02,
          1.5029e-02, -4.4246e-02,  1.2254e-01, -5.8383e-03,  2.4670e-02,
          5.2090e-04, -3.0387e-03,  1.4795e-02,  7.7007e-03, -1.0271e-01,
          7.5379e-04,  6.6361e-02,  2.4249e-02, -9.5456e-02, -1.9670e-02,
         -4.1839e-04, -5.6744e-02, -2.4662e-03,  1.3252e-04,  1.5195e-03,
         -4.5007e-02,  8.6978e-02,  3.1572e-02,  3.5335e-04,  3.3071e-03,
          6.3577e-02,  4.4148e-02,  1.9998e-02, -1.0862e-01, -6.6995e-03,
         -7.3385e-03,  3.5356e-03, -1.1524e-01,  6.3002e-02,  1.7945e-01,
          3.6913e-03, -2.4125e-02, -4.8280e-03, -3.2786e-02, -1.6639e-01,
         -1.0960e-01,  5.7491e-04, -8.4606e-02, -9.0499e-04,  3.4653e-03,
         -8.4293e-02,  3.1857e-04, -1.0397e-01, -2.0746e-03]], device='cuda:0'))])
end of epoch 7: val_loss 6.596824558348435, val_acc 0.8
trigger times: 1
end of epoch 8: val_loss 0.4603828813876183, val_acc 0.86
trigger times: 2
end of epoch 9: val_loss 0.3968707559393016, val_acc 0.85
trigger times: 3
end of epoch 10: val_loss 0.34340427387969064, val_acc 0.89
trigger times: 4
end of epoch 11: val_loss 1.4547006738095565, val_acc 0.57
trigger times: 5
end of epoch 12: val_loss 0.4721423450201019, val_acc 0.77
trigger times: 6
end of epoch 13: val_loss 0.4841201547341437, val_acc 0.85
trigger times: 7
end of epoch 14: val_loss 0.3801437006202834, val_acc 0.84
trigger times: 8
end of epoch 15: val_loss 2.1392558729177686, val_acc 0.74
trigger times: 9
end of epoch 16: val_loss 1.305257806065308, val_acc 0.8
trigger times: 10
Early stopping.
0 110.75728338956833 -238.56539389647227
1 118.58112740516663 -226.82452825484978
2 93.00986003875732 -226.2241731451399
3 130.50111943483353 -208.89755486387574
4 123.81980773806572 -196.9840755292238
5 125.21876180171967 -194.4017457710484
6 115.94190949201584 -193.75394353311003
7 144.05972921848297 -173.38768743356906
8 135.58751606941223 -172.73844575529262
9 126.99407774209976 -172.5849598191294
10 156.06807893514633 -148.80630048130243
11 153.55515837669373 -146.54022994848935
12 152.29068052768707 -144.9163601843784
13 143.0727681517601 -144.5098799638122
14 158.39874750375748 -129.52710350510273
15 156.5874815583229 -119.6789138826375
16 152.4268149137497 -119.53338183357056
17 138.7708631157875 -115.00841352193844
18 162.102168738842 -113.49466461352053
19 176.5489838719368 -107.45837168117659
20 153.83236676454544 -105.49937100040788
21 148.48759734630585 -101.9104943327425
22 164.32950115203857 -101.66294130080523
23 160.33865237236023 -98.89606860541423
24 159.31130743026733 -95.1909937931514
25 154.87243741750717 -93.31854913617367
26 164.9331470131874 -85.41926577166943
27 161.65859746932983 -83.18012153468804
28 166.13000810146332 -79.47665068598401
29 162.50385731458664 -77.34308621853297
30 165.18684440851212 -60.56041622227008
31 166.25701171159744 -58.68833689293549
32 161.37729293107986 -22.79021187897909
33 160.33462911844254 -19.65788926803626
34 164.90631383657455 -16.74518768263467
35 167.38642466068268 -13.719402302108403
36 171.02176654338837 4.235189873860978
37 164.54468500614166 5.0952806210809465
38 180.42371743917465 10.178796790507759
39 168.14865970611572 13.541055788508864
40 155.63130444288254 14.989710929193077
41 173.75983846187592 21.802029683432238
42 161.8826563358307 31.12027905920427
43 169.14082956314087 40.64550156746333
44 160.65101379156113 40.69898986216935
45 174.41953641176224 50.09032867204584
46 175.05589801073074 57.290535515424786
47 174.45582896471024 60.51441689036072
48 172.56593996286392 62.587858111632386
49 161.50897789001465 63.47489586756552
50 166.39765685796738 65.395531990224
51 171.05717611312866 68.71330703108626
52 176.3215410709381 69.48459209048262
53 180.1360142827034 72.16624272108386
54 163.76046895980835 74.2233202149037
55 161.77691131830215 79.16074531670823
56 169.61311596632004 80.25553156558418
57 166.41643381118774 87.50520028403979
58 171.29315197467804 90.28646231697512
59 171.22552853822708 90.72533900600311
60 171.34200567007065 91.52552635781885
61 166.9148388504982 91.95773979158345
62 160.639908015728 92.99221310223136
63 167.0475150346756 94.14052712880752
64 168.3415001630783 94.28590507273401
65 167.21104830503464 95.24073532592021
66 168.32574766874313 96.09581961281374
67 179.46152329444885 96.50341248035636
68 166.32936203479767 97.45820290396632
69 169.98471415042877 97.90553231413178
70 168.91379588842392 98.27346635731779
71 169.1842520236969 98.35872828331676
72 166.56415367126465 98.9255090371917
73 176.37348800897598 99.09003071828721
74 175.72880917787552 99.89253842063019
75 173.32806235551834 100.07765055593329
76 180.3054394721985 101.35869827851857
77 165.83967089653015 103.56921378052652
78 176.59457117319107 103.74194540937737
79 180.28901320695877 104.00039883786899
80 169.20152753591537 104.36031383612816
81 175.6338129043579 104.79584301893571
82 173.04078322649002 105.40349710769756
83 172.58663552999496 105.60678192821229
84 167.11870849132538 106.26867976298877
85 177.99923384189606 106.37916921043517
86 166.46267139911652 106.67969423997131
87 171.37682765722275 106.81132709017433
88 170.89970082044601 107.05410485829283
89 172.83982545137405 107.44441498172971
90 179.47978526353836 107.68792314282867
91 166.61103004217148 107.72369032284489
92 176.82230585813522 108.58631070626225
93 167.39671915769577 108.79454915391223
94 174.0687940120697 109.15712102315346
95 170.10232561826706 109.71287331230647
96 170.64694780111313 110.48639228144049
97 171.77622431516647 111.4630258761226
98 180.54089081287384 112.59201367677376
99 169.55110657215118 113.4530990931055
100 182.37841910123825 114.85996346749971
101 175.61606472730637 115.04838323377467
102 185.3895062804222 115.5646624637931
103 171.16274166107178 115.77027450439896
104 175.24881529808044 116.29805012422126
105 167.6489433646202 116.38499266629886
106 178.48935306072235 116.4198907102986
107 180.5853021144867 117.08008835928221
108 177.90554815530777 117.29357601720739
109 182.67363286018372 118.29160885622866
110 185.4003551006317 119.01062500757773
111 161.92387580871582 120.85290512447664
112 180.619249522686 120.8902150231427
113 178.21566063165665 121.40892075278066
114 184.14379918575287 122.30522808413322
115 185.16915315389633 129.13346806288703
116 177.18842232227325 129.67718524437547
117 176.74498677253723 129.79664443488912
118 174.76581746339798 130.61780866873775
119 182.64570820331573 131.40806576766226
train accuracy: 0.81
validation accuracy: 0.8
test accuracy: 0.7791316526610644
