demo lengths 200
demos: (120, 200, 25)
demo_rewards: (120,)
[-238.5653939  -226.82452825 -226.22417315 -208.89755486 -196.98407553
 -194.40174577 -193.75394353 -173.38768743 -172.73844576 -172.58495982
 -148.80630048 -146.54022995 -144.91636018 -144.50987996 -129.52710351
 -119.67891388 -119.53338183 -115.00841352 -113.49466461 -107.45837168
 -105.499371   -101.91049433 -101.6629413   -98.89606861  -95.19099379
  -93.31854914  -85.41926577  -83.18012153  -79.47665069  -77.34308622
  -60.56041622  -58.68833689  -22.79021188  -19.65788927  -16.74518768
  -13.7194023     4.23518987    5.09528062   10.17879679   13.54105579
   14.98971093   21.80202968   31.12027906   40.64550157   40.69898986
   50.09032867   57.29053552   60.51441689   62.58785811   63.47489587
   65.39553199   68.71330703   69.48459209   72.16624272   74.22332021
   79.16074532   80.25553157   87.50520028   90.28646232   90.72533901
   91.52552636   91.95773979   92.9922131    94.14052713   94.28590507
   95.24073533   96.09581961   96.50341248   97.4582029    97.90553231
   98.27346636   98.35872828   98.92550904   99.09003072   99.89253842
  100.07765056  101.35869828  103.56921378  103.74194541  104.00039884
  104.36031384  104.79584302  105.40349711  105.60678193  106.26867976
  106.37916921  106.67969424  106.81132709  107.05410486  107.44441498
  107.68792314  107.72369032  108.58631071  108.79454915  109.15712102
  109.71287331  110.48639228  111.46302588  112.59201368  113.45309909
  114.85996347  115.04838323  115.56466246  115.7702745   116.29805012
  116.38499267  116.41989071  117.08008836  117.29357602  118.29160886
  119.01062501  120.85290512  120.89021502  121.40892075  122.30522808
  129.13346806  129.67718524  129.79664443  130.61780867  131.40806577]
maximum traj length 200
maximum traj length 200
num training_obs 90
num training_labels 90
num val_obs 10
num val_labels 10
num test_obs 7140
num test_labels 7140
device: cpu
end of epoch 0: val_loss 0.06969941653660498, val_acc 1.0
trigger times: 0
saving model weights...
Weights: OrderedDict([('fc1.weight', tensor([[-0.0406, -0.0235, -0.0827,  ..., -0.0316, -0.0557, -0.0917],
        [ 0.0963, -0.0411, -0.0750,  ...,  0.0854, -0.0232, -0.0777],
        [ 0.0195,  0.0010,  0.0114,  ...,  0.0035, -0.0102, -0.0335],
        ...,
        [-0.0827,  0.1139, -0.0786,  ...,  0.0755,  0.1070, -0.0660],
        [ 0.0054,  0.0422,  0.0142,  ..., -0.1441, -0.1629,  0.1118],
        [-0.0450, -0.0955,  0.0946,  ...,  0.0750,  0.0027,  0.0087]])), ('fc1.bias', tensor([-2.0663e-02, -1.0763e-01, -3.6422e-02,  2.1327e-02, -2.9699e-02,
        -5.2094e-02, -1.8141e-02,  2.2046e-02, -4.0474e-02,  4.1697e-02,
        -5.0943e-02, -5.0822e-02, -3.6445e-02,  1.4268e-01, -5.1058e-03,
        -3.4676e-02,  3.4675e-02, -3.9238e-02, -1.1145e-01, -2.9698e-02,
         1.0369e-01, -2.5457e-02, -6.9810e-02,  8.3732e-03,  1.0881e-01,
        -1.1850e-01,  6.3911e-02,  3.9177e-02, -1.0984e-01,  2.6828e-02,
         9.0630e-02,  4.5131e-02, -3.0076e-02,  1.2381e-01, -1.9722e-02,
        -4.8654e-03,  7.4609e-02, -2.5170e-02,  2.0023e-03,  3.6184e-03,
         8.8151e-02,  4.2019e-02,  1.6418e-01, -1.3879e-01, -6.2228e-03,
         1.5055e-01, -1.8831e-01,  3.6593e-02,  1.5122e-01,  1.4402e-02,
        -1.2647e-01, -7.7096e-02, -8.2742e-02,  2.9445e-02, -1.6717e-02,
        -2.0766e-02,  1.4602e-01,  1.8262e-01,  2.4037e-02,  9.2392e-02,
        -8.4401e-02,  1.6601e-01,  5.4242e-02, -6.8195e-02,  1.5136e-01,
         1.4968e-02,  1.9177e-02, -5.2721e-02, -1.8282e-01,  2.2374e-02,
        -1.8224e-01,  1.3933e-03,  5.5189e-03, -3.7400e-03,  9.3815e-02,
        -1.2522e-02,  1.0347e-01, -2.6956e-02, -7.4278e-03,  1.6462e-02,
        -4.9203e-02, -1.3423e-01,  6.6259e-02, -4.6492e-02, -2.1862e-01,
         1.0193e-01, -1.3475e-01, -1.4297e-01,  2.6153e-02, -9.8020e-02,
        -1.1309e-01, -2.3032e-02, -6.8341e-02, -7.5949e-02, -4.1685e-02,
        -2.6099e-02, -2.2384e-02,  3.0490e-02, -1.2770e-01,  6.4618e-02,
        -1.1111e-04,  1.8197e-01,  2.9093e-02,  3.7345e-02,  1.1054e-01,
        -2.6241e-02,  1.2136e-01, -1.8224e-01,  1.0552e-01,  3.2094e-02,
         2.6588e-03,  1.5285e-01, -3.4771e-02, -7.5220e-02,  3.9564e-02,
        -4.0704e-02,  6.1421e-02, -2.0280e-01, -2.3814e-02, -6.4025e-03,
         2.2625e-02,  1.2917e-01,  1.9502e-02, -4.9710e-02,  1.1706e-01,
        -4.0587e-02, -1.2884e-01,  3.7164e-02])), ('fc2.weight', tensor([[ 0.0006, -0.0617,  0.0006,  ..., -0.0865, -0.0015, -0.0600],
        [ 0.0039,  0.0987, -0.0019,  ..., -0.0052,  0.0205,  0.0053],
        [ 0.0047, -0.0146, -0.0008,  ..., -0.0043,  0.0160,  0.0271],
        ...,
        [-0.0012, -0.0891, -0.0010,  ..., -0.0232,  0.0536, -0.1073],
        [-0.0029, -0.0257, -0.0024,  ..., -0.0577, -0.0250, -0.0433],
        [-0.0011, -0.0249, -0.0003,  ..., -0.0199,  0.0136, -0.0350]])), ('fc2.bias', tensor([-0.0592,  0.1287,  0.0220, -0.0810,  0.0399, -0.0052,  0.0763,  0.0888,
        -0.0355, -0.0282,  0.0322, -0.0026, -0.0568,  0.0342, -0.0761, -0.0188,
         0.0749, -0.0011, -0.0705, -0.0716,  0.0237, -0.0420, -0.0560, -0.0835,
        -0.0305, -0.0449,  0.0358, -0.0115,  0.0712,  0.0295, -0.0779, -0.0338,
        -0.0750, -0.0498,  0.0904, -0.0735,  0.0260, -0.0182, -0.0301, -0.0050,
         0.0502, -0.0549, -0.0873, -0.0008, -0.0018,  0.0391, -0.1094,  0.0242,
        -0.0116, -0.1076, -0.0457, -0.0515, -0.0746,  0.0241, -0.0108, -0.0325,
         0.0307,  0.0741,  0.0655, -0.0113, -0.0757, -0.0707, -0.0516, -0.0515])), ('fc3.weight', tensor([[ 0.0335,  0.0268,  0.0167,  0.0059,  0.0237, -0.0411,  0.0060, -0.0009,
         -0.0314, -0.0409,  0.0772,  0.0117,  0.0154, -0.0229,  0.0229,  0.0018,
         -0.0304,  0.0313,  0.0155,  0.0351, -0.0010,  0.0175, -0.0205,  0.0329,
         -0.0055,  0.0279,  0.0033, -0.0566, -0.0148, -0.0109, -0.0248,  0.0412,
         -0.0302, -0.0005, -0.0299, -0.0755, -0.0147,  0.0276,  0.0884, -0.0115,
         -0.0089,  0.0541, -0.0142,  0.0089,  0.0009, -0.0047, -0.0653,  0.0595,
         -0.0538,  0.0867,  0.0021,  0.0160,  0.0055, -0.0508,  0.0057, -0.0022,
          0.0106, -0.0220, -0.0050, -0.0197,  0.0142,  0.0233,  0.0149, -0.0021]]))])
end of epoch 1: val_loss 0.10796653001010555, val_acc 0.9
trigger times: 1
end of epoch 2: val_loss 0.00241957198845526, val_acc 1.0
trigger times: 0
saving model weights...
Weights: OrderedDict([('fc1.weight', tensor([[-3.1585e-02, -7.5624e-03, -1.3832e-02,  ..., -7.3646e-03,
         -4.2885e-02, -2.8879e-02],
        [ 1.0521e-01, -2.2561e-02,  4.0245e-02,  ...,  8.4911e-02,
          3.4025e-02, -1.4558e-02],
        [ 3.0975e-03, -7.5233e-04, -1.1377e-04,  ...,  5.1262e-04,
         -1.9100e-03, -1.0376e-02],
        ...,
        [-4.1755e-02,  4.1147e-02, -1.2832e-02,  ...,  1.7473e-02,
          3.6308e-02, -6.6141e-03],
        [ 3.8830e-03,  5.5475e-03,  4.1104e-03,  ..., -3.9510e-02,
         -1.1557e-01,  2.3704e-03],
        [-2.8363e-02, -5.3274e-02,  5.4101e-02,  ...,  1.3139e-01,
          3.2737e-02, -4.0356e-02]])), ('fc1.bias', tensor([-1.9286e-02,  2.4409e-02, -6.8969e-03, -8.8307e-03, -1.2421e-02,
        -2.5653e-02, -8.9821e-05,  8.3793e-03, -1.3453e-02,  2.4557e-02,
         5.2747e-05, -3.5548e-02, -5.7561e-02,  6.6977e-02, -5.4865e-02,
        -3.5471e-02, -1.2311e-02, -2.1943e-04, -6.6538e-02, -5.9415e-03,
         6.4781e-02, -1.5404e-02, -1.7941e-02, -1.3777e-02,  2.1859e-02,
        -7.8284e-03, -3.0835e-03,  3.7039e-02, -4.4043e-02, -3.0066e-02,
         1.4962e-01, -4.9852e-02, -2.7472e-02, -1.0570e-01,  5.9808e-02,
         3.6142e-02,  1.0580e-03, -5.2396e-03,  1.3854e-04, -3.6925e-02,
         9.9030e-02,  5.9231e-02,  1.1267e-01, -7.5710e-02, -2.9488e-02,
        -6.8439e-05, -1.3768e-01, -8.4169e-02,  4.4930e-02,  1.5640e-01,
        -1.3222e-01, -3.1191e-02, -1.1384e-03,  1.2257e-01, -1.6045e-03,
         1.4124e-01,  1.5046e-01, -1.9713e-04,  5.0630e-03, -3.7404e-02,
        -1.2078e-01,  6.0537e-02,  3.6316e-02,  2.1125e-05,  1.3237e-01,
         5.1106e-02, -1.1125e-02, -3.4959e-02, -8.3429e-02,  3.5514e-03,
        -6.1770e-02,  5.9074e-04, -1.0573e-01,  4.8200e-02, -1.1936e-01,
        -2.4571e-04, -6.3006e-02, -8.9707e-02,  6.1689e-02,  3.4556e-02,
        -2.8971e-03, -9.1507e-02,  4.3069e-02, -3.3949e-02, -9.8721e-02,
         3.5774e-02, -5.9437e-02, -9.7859e-02,  3.1061e-02, -4.9032e-02,
        -2.4892e-02, -1.1982e-02,  2.2218e-02, -1.6648e-03, -2.0815e-02,
        -2.3061e-02, -2.8662e-03, -6.9914e-02, -7.8370e-02,  1.3606e-01,
        -6.2743e-02, -6.5342e-02,  2.1296e-02,  1.1757e-02, -1.1402e-02,
        -1.1486e-01, -1.0971e-01, -1.1733e-01,  2.8530e-02,  8.2205e-03,
        -3.3509e-02,  5.6952e-02,  1.4837e-01, -3.1090e-02,  4.4056e-02,
        -6.5960e-03,  2.9445e-02, -9.9244e-02, -3.2303e-03, -1.9077e-02,
         3.5165e-02,  5.8597e-02, -3.3110e-02,  1.5774e-01, -9.2818e-03,
        -2.1650e-02, -9.2958e-02, -3.1952e-03])), ('fc2.weight', tensor([[-5.7902e-06, -6.2155e-03, -2.1055e-06,  ..., -4.1124e-03,
         -1.2055e-06, -4.9798e-03],
        [-1.9893e-05, -1.4905e-02,  7.2256e-04,  ..., -1.9803e-03,
          5.3891e-05, -2.9826e-02],
        [ 1.5035e-04, -3.8248e-02, -7.8371e-05,  ..., -1.9330e-03,
          5.3978e-05, -3.0150e-02],
        ...,
        [ 6.1348e-05, -5.0569e-02, -6.8959e-07,  ..., -5.7509e-03,
          1.7080e-02, -3.2999e-02],
        [ 8.4200e-05, -1.2494e-02, -1.7660e-06,  ..., -8.5508e-04,
         -1.0099e-02, -1.9137e-02],
        [-1.2612e-07, -7.4216e-04,  1.5081e-07,  ...,  1.8763e-07,
          4.5661e-06,  1.2669e-05]])), ('fc2.bias', tensor([-2.1012e-02, -3.9015e-02, -9.0096e-02, -6.1877e-02, -2.2923e-02,
        -9.4370e-05,  5.3444e-02,  4.3343e-02, -2.4642e-02, -4.2206e-03,
        -8.1943e-02,  8.8235e-02, -4.3771e-02, -4.4981e-02, -2.8063e-02,
        -1.5743e-03, -3.9446e-03,  6.5670e-02, -1.9712e-02, -3.8406e-02,
        -4.0723e-02,  2.6008e-02, -1.5651e-02, -4.8659e-02, -1.7810e-02,
        -3.7400e-02,  2.2616e-02, -4.1189e-02, -2.3178e-02, -1.2994e-02,
        -4.8506e-02, -8.2873e-02, -5.2459e-02, -4.7372e-03,  1.2274e-02,
         2.0560e-01,  1.3556e-04, -1.0486e-01, -1.7950e-02, -3.0528e-03,
        -2.3721e-03, -9.2162e-03, -8.4154e-02, -1.1176e-01,  1.3765e-01,
         7.0045e-03, -9.3853e-02, -2.9050e-03, -1.3664e-01, -8.7601e-02,
        -2.3020e-02, -7.2214e-02, -9.5143e-03,  7.8226e-02,  1.1376e-01,
        -6.0179e-03, -2.4709e-02,  2.5322e-02,  1.8037e-02, -3.2626e-02,
        -2.8028e-02, -4.5578e-02, -2.1384e-02, -5.4710e-03])), ('fc3.weight', tensor([[-0.0012, -0.0318, -0.0308,  0.0072, -0.0159, -0.0070,  0.0353, -0.0464,
         -0.0285, -0.0107,  0.0697,  0.0125,  0.0127, -0.0308,  0.0198, -0.0002,
         -0.0037,  0.0307,  0.0126,  0.0305, -0.0488, -0.0455, -0.0190,  0.0266,
         -0.0048,  0.0222, -0.0180, -0.0483, -0.0252, -0.0402, -0.0153,  0.0356,
         -0.0276, -0.0030, -0.0548,  0.0603, -0.0023,  0.0228,  0.0776, -0.0101,
          0.0007, -0.0344, -0.0256, -0.0079,  0.0376, -0.0102, -0.0625,  0.0517,
         -0.0471,  0.0087,  0.0040, -0.0932,  0.0038, -0.0771, -0.0736, -0.0024,
          0.0719,  0.0421, -0.0140,  0.0297,  0.0108,  0.0205,  0.0146,  0.0005]]))])
end of epoch 3: val_loss 0.3057796112727374, val_acc 0.8
trigger times: 1
end of epoch 4: val_loss 0.03583881886152085, val_acc 1.0
trigger times: 2
end of epoch 5: val_loss 0.11970410047797486, val_acc 1.0
trigger times: 3
end of epoch 6: val_loss 0.11066781403496861, val_acc 1.0
trigger times: 4
end of epoch 7: val_loss 0.1602440281829331, val_acc 1.0
trigger times: 5
end of epoch 8: val_loss 0.013784898749293006, val_acc 1.0
trigger times: 6
end of epoch 9: val_loss 9.906004242310474e-06, val_acc 1.0
trigger times: 0
saving model weights...
Weights: OrderedDict([('fc1.weight', tensor([[-1.1807e-03,  1.4259e-03, -2.8235e-04,  ...,  7.4101e-04,
         -2.3128e-03, -1.2196e-03],
        [-6.9910e-04, -5.4508e-03,  1.0987e-04,  ..., -6.0593e-04,
         -1.3836e-03, -2.3880e-04],
        [ 3.0409e-06,  4.3423e-07,  5.9221e-07,  ...,  2.3176e-06,
          1.0523e-06,  1.3028e-06],
        ...,
        [-4.3513e-05, -8.0299e-06, -1.5030e-05,  ..., -2.2703e-05,
          1.0053e-04, -1.8624e-06],
        [ 3.3796e-04, -1.6934e-04,  4.4550e-05,  ..., -3.6090e-04,
         -9.6576e-03, -1.9947e-04],
        [-6.9136e-05, -3.9489e-03, -1.5256e-05,  ...,  1.6921e-03,
          2.0661e-05, -5.9347e-04]])), ('fc1.bias', tensor([-1.1034e-03, -1.1879e-03,  1.4002e-06,  7.9989e-05, -7.0967e-04,
        -2.9142e-04, -6.5278e-02,  8.7227e-05, -7.5100e-05, -5.6608e-03,
        -4.3753e-04, -1.0561e-02, -8.7761e-04, -2.1385e-03, -1.4329e-01,
        -2.7804e-01,  5.6474e-07, -4.4257e-04, -1.5608e-03, -1.9466e-01,
        -5.7245e-02,  1.2126e-06,  1.2532e-06, -3.5487e-06, -2.0574e-04,
        -8.4353e-05, -7.7127e-03, -1.6780e-01, -1.8166e-02, -4.0094e-02,
        -7.2700e-04,  7.1179e-05, -1.1963e-04,  2.0929e-04, -4.3165e-02,
        -1.8275e-01, -1.3131e-02,  4.4886e-01,  2.8828e-08, -4.5595e-06,
        -3.8169e-02, -2.0506e-04, -4.3912e-03, -1.7035e-04, -1.5994e-07,
        -2.2812e-02, -3.3058e-01, -2.2917e-05, -3.2315e-01, -2.1744e-01,
        -3.6683e-03, -2.4630e-05,  4.9707e-02,  3.0346e-04, -1.5971e-01,
        -8.1483e-04, -3.2370e-03, -9.1775e-02, -1.9357e-04,  2.5077e-01,
        -2.8543e-05, -3.4113e-02,  2.3420e-03,  1.2534e-03, -2.1611e-03,
        -1.0369e-03,  2.7689e-06, -1.8685e-03, -8.7279e-04,  1.1768e-06,
        -1.6852e-02, -6.7990e-02, -1.1780e-02, -8.3602e-05, -2.7756e-04,
        -6.7297e-03,  4.7082e-05, -1.1821e-03, -6.7287e-04, -4.5751e-02,
        -1.8333e-04, -5.6942e-03, -7.3305e-04, -9.8865e-03, -2.5857e-04,
        -2.0793e-02, -1.3628e-05, -6.2627e-03, -4.9152e-04, -7.7215e-04,
        -2.7762e-03, -7.4465e-02, -9.8809e-04, -1.4916e-06,  1.3925e-05,
        -4.1863e-03, -4.6580e-07, -8.5965e-06, -4.9217e-03, -2.4486e-04,
        -8.0836e-05, -1.7831e-03,  9.9968e-04, -7.0741e-04, -5.5350e-03,
        -3.5519e-05,  2.8485e-04, -4.3400e-03, -1.7162e-02, -1.2376e-03,
        -8.2135e-02,  3.7765e-01, -1.1989e-02, -8.9467e-04,  1.9384e-01,
         1.4355e-01,  1.3691e-04, -4.8460e-04, -4.4467e-03, -1.2541e-01,
        -2.5662e-01,  1.6125e-04, -5.6103e-03, -1.6755e-02,  5.7026e-04,
         5.4970e-05, -8.8333e-03,  5.7073e-06])), ('fc2.weight', tensor([[-1.0892e-03, -6.9192e-04,  1.3737e-05,  ..., -6.2296e-06,
          1.4531e-04,  3.5963e-04],
        [ 2.9007e-09, -4.4698e-04, -1.3513e-10,  ..., -1.3813e-06,
          5.6020e-09, -1.2789e-07],
        [ 1.8143e-06, -4.4762e-04, -2.1516e-08,  ..., -2.0952e-05,
         -2.6463e-06, -8.7117e-05],
        ...,
        [ 8.7080e-04, -8.9199e-04, -1.4208e-06,  ..., -1.8554e-05,
          3.7698e-05, -1.4819e-06],
        [-8.6013e-05, -4.9312e-05,  5.2043e-08,  ..., -7.4733e-07,
          2.5977e-05, -1.4455e-05],
        [ 1.4711e-04,  5.7007e-05,  2.3216e-07,  ..., -2.3178e-07,
         -6.7678e-06, -1.1009e-05]])), ('fc2.bias', tensor([-0.2809, -0.0235, -0.0337, -0.2246, -0.1710,  0.3348,  0.1693, -0.1391,
        -0.0647,  0.2639,  0.1283, -0.1877,  0.1365, -0.0472, -0.0428, -0.1353,
        -0.0294,  0.0107, -0.0850,  0.1377, -0.1472, -0.0246,  0.0152, -0.0572,
         0.0750, -0.0008, -0.0110, -0.0839, -0.0617, -0.1286, -0.0738, -0.0536,
         0.3141, -0.0162, -0.0086,  0.0266,  0.0099, -0.0512, -0.1936, -0.0891,
         0.0003, -0.0124, -0.1470, -0.0355,  0.0976, -0.0916, -0.0381, -0.0605,
        -0.0308, -0.3124, -0.0449, -0.0673,  0.0588,  0.2034, -0.1932,  0.0462,
        -0.0356,  0.0283, -0.1146,  0.0048, -0.0588, -0.0396, -0.1158, -0.1336])), ('fc3.weight', tensor([[ 1.4519e-01, -7.3868e-05,  1.5666e-02, -1.8346e-01, -2.2427e-03,
         -1.8152e-02, -8.4210e-02,  7.6584e-02, -8.8611e-03,  1.5308e-01,
         -3.4449e-02,  6.4768e-02, -6.4932e-02,  6.5461e-03,  1.8569e-02,
         -3.8667e-02, -1.4744e-02, -1.6912e-02, -3.2503e-02, -4.6977e-02,
         -5.1096e-02,  1.8963e-01, -6.7077e-02,  3.0483e-02, -7.5477e-02,
         -3.0049e-02,  4.9203e-03,  3.9894e-02, -9.1531e-02, -5.0702e-02,
         -6.0417e-02, -8.6394e-02, -2.4454e-02, -4.2775e-02,  1.0261e-03,
         -5.5127e-02, -6.5603e-02,  2.1897e-02,  1.4379e-01,  7.6583e-03,
          1.5080e-02, -3.8824e-02,  1.2802e-01,  1.6347e-01,  1.9933e-02,
         -7.4693e-02, -2.9170e-02, -7.4437e-02, -5.3430e-02,  7.0875e-02,
          1.2240e-02, -1.8987e-02, -1.0508e-02, -7.4150e-02,  6.4722e-03,
          2.1639e-01,  2.3268e-02, -3.2599e-02,  2.7983e-02,  3.7449e-02,
          6.4149e-03, -1.4152e-01,  1.6176e-02,  4.5178e-02]]))])
end of epoch 10: val_loss 0.07834316838998348, val_acc 1.0
trigger times: 1
end of epoch 11: val_loss 0.006325340512353251, val_acc 1.0
trigger times: 2
end of epoch 12: val_loss 0.16947385016828775, val_acc 1.0
trigger times: 3
end of epoch 13: val_loss 0.05206428474630229, val_acc 1.0
trigger times: 4
end of epoch 14: val_loss 0.06745262178592384, val_acc 1.0
trigger times: 5
end of epoch 15: val_loss 6.6040242657550156e-06, val_acc 1.0
trigger times: 0
saving model weights...
Weights: OrderedDict([('fc1.weight', tensor([[-9.8284e-06, -1.0221e-05, -8.6187e-06,  ...,  4.7020e-06,
         -3.3053e-05,  3.9917e-06],
        [-5.5498e-05, -2.1453e-04, -5.0723e-06,  ...,  3.2794e-05,
         -1.6834e-05, -5.8129e-05],
        [-1.3614e-10, -3.1593e-09, -3.3249e-10,  ..., -1.9996e-09,
         -1.2368e-10, -7.1423e-10],
        ...,
        [-1.8413e-07,  1.4888e-07, -1.2087e-08,  ...,  1.9066e-07,
         -1.8963e-07,  1.6590e-08],
        [-3.5089e-03,  1.3358e-04, -4.0576e-05,  ...,  6.4124e-05,
         -4.0779e-03, -1.4923e-04],
        [-1.4988e-06, -5.8079e-05,  4.0893e-07,  ...,  3.8473e-06,
         -3.4763e-06, -2.1863e-06]])), ('fc1.bias', tensor([-1.7038e-05, -9.3303e-07, -9.0441e-11, -4.1493e-07, -1.8154e-04,
        -1.1017e-05, -5.0058e-02, -3.5239e-05, -2.2294e-05, -3.0695e-05,
         3.9982e-01, -6.4871e-05, -1.1941e-05, -5.9272e-05, -2.5501e-02,
        -9.7926e-03, -1.9443e-10,  5.4209e-07, -5.1156e-02, -4.6945e-04,
        -7.7377e-04, -9.7439e-09, -3.6677e-12, -4.3691e-08, -1.1016e-05,
        -4.3831e-13, -4.5544e-05, -1.5275e-02, -5.4299e-06, -2.4409e-05,
        -5.9102e-06, -3.0714e-06, -8.6107e-08, -2.1830e-06, -9.0444e-04,
        -3.3512e-03, -1.4776e-02,  1.3038e-01, -1.4334e-15, -5.1626e-08,
        -5.7657e-04, -4.3718e-06, -5.5739e-05, -4.6908e-06,  2.7030e-10,
        -2.2315e-05, -3.1030e-02, -2.2070e-07, -3.0254e-02, -1.3182e-02,
        -4.9051e-07,  5.4237e-08, -7.6005e-02, -1.1295e-05, -1.6186e-03,
        -1.0521e-03, -3.3542e-04, -1.6745e-04, -3.1149e-05,  9.3438e-02,
        -3.0643e-06,  2.4363e-02,  4.6267e-05, -7.0184e-05, -1.4391e-03,
         1.7650e-05, -6.2141e-10, -7.8651e-06, -1.3145e-06, -1.8691e-10,
        -2.5481e-03, -2.0937e-05,  3.4591e-07,  1.0503e-05, -5.5667e-09,
         3.3799e-08, -1.8904e-08,  3.9639e-05, -2.8372e-04, -4.8638e-03,
        -2.1588e-07, -9.2215e-05, -6.0401e-06,  2.9446e-05,  6.2071e-07,
        -2.8420e-04, -1.3618e-09, -1.0639e-04, -6.7316e-07, -1.4741e-04,
         1.4791e-01, -1.9348e-03, -3.1978e-05, -1.6527e-06,  5.7590e-08,
        -3.1715e-04, -2.3381e-04, -4.9193e-08, -2.0641e-07, -9.4529e-06,
         6.9667e-07, -5.9619e-04,  5.5859e-06, -1.5282e-06, -1.9651e-05,
        -1.1493e-07, -4.4816e-07, -2.9861e-05, -6.7782e-04, -1.0890e-05,
        -2.4099e-04,  1.4387e-01, -4.8050e-05, -1.1871e-07,  1.1394e-01,
         5.4684e-02,  4.3007e-07, -1.2274e-07, -1.4130e-07, -3.2063e-02,
        -1.0073e-01, -2.8060e-05, -6.6155e-05, -1.9859e-04, -1.9129e-06,
        -2.2077e-07, -4.9129e-03, -3.4953e-06])), ('fc2.weight', tensor([[ 6.5608e-08, -3.7574e-07,  1.4086e-10,  ...,  1.1780e-09,
          9.2269e-06,  9.7710e-08],
        [-3.0984e-10, -1.7831e-08, -8.5091e-14,  ..., -1.4807e-11,
         -6.7033e-09, -4.2564e-11],
        [ 8.6911e-06,  5.4711e-06,  2.1362e-10,  ..., -2.3878e-08,
          6.3903e-05, -3.2442e-09],
        ...,
        [-1.2134e-04, -5.1009e-05,  6.7515e-10,  ..., -5.5218e-08,
         -4.7782e-04, -3.8468e-06],
        [-4.0954e-05, -1.1372e-05, -4.8499e-11,  ...,  2.8789e-08,
         -6.0655e-05,  5.1651e-07],
        [-2.9170e-04,  9.7390e-05,  1.0759e-09,  ...,  3.3906e-07,
          1.0934e-03, -1.3123e-05]])), ('fc2.bias', tensor([-8.2119e-02, -1.1593e-03, -1.9743e-03, -4.5774e-02, -1.3823e-02,
         4.4907e-02,  1.2713e-02,  3.3972e-02, -6.8608e-02,  3.6562e-02,
        -1.2860e-02, -1.3704e-02, -1.7251e-01,  3.2850e-04, -4.9413e-03,
        -1.0729e-02,  6.9854e-03,  1.3235e-04, -8.7664e-03,  5.7539e-02,
         6.7629e-03,  1.2399e-02,  4.7739e-03, -1.2222e-01, -1.1784e-01,
        -2.8388e-03,  1.7346e-02, -3.7617e-02,  1.0442e-01, -2.5447e-01,
        -3.8961e-02,  1.3689e-01,  5.7792e-02, -5.7588e-02, -1.1272e-05,
        -2.3485e-02, -1.1207e-04,  1.2441e-01,  2.2012e-01, -9.1908e-03,
        -7.7900e-05,  7.1169e-03, -4.4056e-03, -8.0201e-02,  3.1292e-02,
        -4.7297e-03, -1.4056e-02, -1.7939e-02,  9.4395e-02, -1.2802e-01,
         6.3179e-04,  7.9512e-02, -4.3822e-03, -1.8873e-01, -2.6723e-02,
         2.5098e-02, -2.7619e-03, -3.5008e-04, -4.6500e-04,  8.1954e-03,
        -4.4061e-03,  2.5188e-01, -9.9937e-03,  3.5636e-02])), ('fc3.weight', tensor([[ 8.5511e-02, -5.7210e-05,  7.6001e-03, -1.6249e-01, -3.3777e-04,
         -2.5916e-02, -9.4363e-03,  8.7037e-03, -7.0600e-03,  9.7899e-02,
         -6.8980e-03,  3.6235e-02, -5.3043e-02,  1.0983e-03, -5.4848e-02,
         -3.5937e-02,  1.6006e-02, -2.8951e-03, -2.2491e-02, -1.7000e-02,
         -1.2131e-02,  1.6180e-01,  1.1787e-02, -2.4738e-03, -4.8077e-02,
         -1.7542e-02, -6.4517e-02,  2.6673e-03, -3.6604e-02,  1.1213e-01,
         -2.0986e-02, -1.1136e-03, -1.1394e-01, -1.4755e-02,  5.8316e-05,
          3.0903e-03, -3.6781e-03,  2.1350e-02,  8.8105e-02,  2.7283e-03,
         -8.9605e-05,  6.9435e-03, -2.5442e-03,  1.2953e-01, -3.5843e-03,
          3.2561e-03,  2.1487e-02, -6.0576e-02,  8.5978e-02,  6.3311e-02,
         -4.6477e-02, -7.7388e-02,  6.9936e-03, -4.7263e-02,  5.8315e-03,
          1.3369e-01,  1.0304e-02, -1.5951e-03,  9.4119e-03, -1.6344e-02,
         -9.3895e-02, -4.2568e-02, -1.0698e-01, -1.2239e-01]]))])
end of epoch 16: val_loss 0.030411879857125967, val_acc 1.0
trigger times: 1
end of epoch 17: val_loss 0.09046434806659817, val_acc 1.0
trigger times: 2
end of epoch 18: val_loss 0.08316001864150166, val_acc 1.0
trigger times: 3
end of epoch 19: val_loss 0.05305421269004, val_acc 1.0
trigger times: 4
end of epoch 20: val_loss 0.17776334024965762, val_acc 1.0
trigger times: 5
end of epoch 21: val_loss 0.0729266558191739, val_acc 1.0
trigger times: 6
end of epoch 22: val_loss 0.058370427729096265, val_acc 1.0
trigger times: 7
end of epoch 23: val_loss 0.12071510925889015, val_acc 1.0
trigger times: 8
end of epoch 24: val_loss 0.056183845776831734, val_acc 1.0
trigger times: 9
end of epoch 25: val_loss 3.855228018434397, val_acc 0.4
trigger times: 10
Early stopping.
0 42.190940737724304 -238.56539389647227
1 46.59706276655197 -226.82452825484978
2 46.254896849393845 -226.2241731451399
3 37.179711282253265 -208.89755486387574
4 46.472211346030235 -196.9840755292238
5 53.401066571474075 -194.4017457710484
6 35.93076169490814 -193.75394353311003
7 40.76639828085899 -173.38768743356906
8 45.1433265209198 -172.73844575529262
9 31.053408823907375 -172.5849598191294
10 45.58593213558197 -148.80630048130243
11 58.22942440211773 -146.54022994848935
12 50.77834129333496 -144.9163601843784
13 70.12858808040619 -144.5098799638122
14 47.08910097181797 -129.52710350510273
15 51.56968665122986 -119.6789138826375
16 52.04229348897934 -119.53338183357056
17 68.04801315069199 -115.00841352193844
18 51.99831472337246 -113.49466461352053
19 63.6770623922348 -107.45837168117659
20 65.70522421598434 -105.49937100040788
21 63.17558795213699 -101.9104943327425
22 32.175610437989235 -101.66294130080523
23 49.53668724000454 -98.89606860541423
24 64.79645413160324 -95.1909937931514
25 53.54294411838055 -93.31854913617367
26 54.43110755085945 -85.41926577166943
27 61.050810009241104 -83.18012153468804
28 36.32870069146156 -79.47665068598401
29 44.46393857896328 -77.34308621853297
30 64.4535311460495 -60.56041622227008
31 65.72062893211842 -58.68833689293549
32 52.94620402157307 -22.79021187897909
33 75.64001765847206 -19.65788926803626
34 64.42254567146301 -16.74518768263467
35 66.80817911028862 -13.719402302108403
36 54.05940121412277 4.235189873860978
37 45.42948046326637 5.0952806210809465
38 65.38282930850983 10.178796790507759
39 66.77203348279 13.541055788508864
40 64.32548841834068 14.989710929193077
41 46.48681427538395 21.802029683432238
42 37.71874971687794 31.12027905920427
43 39.61459572613239 40.64550156746333
44 68.66507890820503 40.69898986216935
45 48.30136029422283 50.09032867204584
46 55.298790231347084 57.290535515424786
47 48.60173813998699 60.51441689036072
48 39.00434373319149 62.587858111632386
49 56.026808589696884 63.47489586756552
50 46.971520245075226 65.395531990224
51 51.83372972905636 68.71330703108626
52 56.94780620932579 69.48459209048262
53 47.95241044461727 72.16624272108386
54 58.290758579969406 74.2233202149037
55 51.611073419451714 79.16074531670823
56 47.40210682153702 80.25553156558418
57 56.397840186953545 87.50520028403979
58 58.52862520515919 90.28646231697512
59 53.05217142403126 90.72533900600311
60 46.68738976120949 91.52552635781885
61 61.10193827748299 91.95773979158345
62 38.50662583112717 92.99221310223136
63 37.84140582382679 94.14052712880752
64 47.4370037317276 94.28590507273401
65 60.72893625497818 95.24073532592021
66 47.9433134496212 96.09581961281374
67 58.11198090016842 96.50341248035636
68 69.42618265748024 97.45820290396632
69 64.99990737438202 97.90553231413178
70 49.939769342541695 98.27346635731779
71 53.12428541481495 98.35872828331676
72 52.50723451375961 98.9255090371917
73 55.74513378739357 99.09003071828721
74 48.31526194512844 99.89253842063019
75 54.41103295981884 100.07765055593329
76 63.63883909583092 101.35869827851857
77 43.19909569621086 103.56921378052652
78 61.96343906223774 103.74194540937737
79 53.92811842262745 104.00039883786899
80 57.81300204992294 104.36031383612816
81 58.114551454782486 104.79584301893571
82 50.98924042284489 105.40349710769756
83 54.11582784354687 105.60678192821229
84 68.57455292344093 106.26867976298877
85 41.68371897935867 106.37916921043517
86 62.47545197606087 106.67969423997131
87 65.71812310814857 106.81132709017433
88 62.92697489261627 107.05410485829283
89 62.680651158094406 107.44441498172971
90 53.23530489206314 107.68792314282867
91 66.80214783549309 107.72369032284489
92 42.5310373455286 108.58631070626225
93 69.11855959892273 108.79454915391223
94 61.16077345609665 109.15712102315346
95 62.50343377888203 109.71287331230647
96 67.11000180244446 110.48639228144049
97 67.39328593015671 111.4630258761226
98 48.2102457433939 112.59201367677376
99 38.21820326894522 113.4530990931055
100 47.96836629509926 114.85996346749971
101 49.96263363957405 115.04838323377467
102 44.25013490021229 115.5646624637931
103 36.25388003885746 115.77027450439896
104 47.34830439090729 116.29805012422126
105 75.87679299712181 116.38499266629886
106 51.49964074790478 116.4198907102986
107 57.26750038564205 117.08008835928221
108 41.907600939273834 117.29357601720739
109 48.14290940761566 118.29160885622866
110 58.9776973426342 119.01062500757773
111 66.32454124093056 120.85290512447664
112 58.23991243541241 120.8902150231427
113 62.841352954506874 121.40892075278066
114 43.763530641794205 122.30522808413322
115 61.32878461480141 129.13346806288703
116 65.58292189240456 129.67718524437547
117 54.494250759482384 129.79664443488912
118 58.16515335440636 130.61780866873775
119 62.34690774977207 131.40806576766226
train accuracy: 0.5777777777777777
validation accuracy: 0.4
test accuracy: 0.4504201680672269
