demo lengths 200
demos: (120, 200, 25)
demo_rewards: (120,)
[-238.5653939  -226.82452825 -226.22417315 -208.89755486 -196.98407553
 -194.40174577 -193.75394353 -173.38768743 -172.73844576 -172.58495982
 -148.80630048 -146.54022995 -144.91636018 -144.50987996 -129.52710351
 -119.67891388 -119.53338183 -115.00841352 -113.49466461 -107.45837168
 -105.499371   -101.91049433 -101.6629413   -98.89606861  -95.19099379
  -93.31854914  -85.41926577  -83.18012153  -79.47665069  -77.34308622
  -60.56041622  -58.68833689  -22.79021188  -19.65788927  -16.74518768
  -13.7194023     4.23518987    5.09528062   10.17879679   13.54105579
   14.98971093   21.80202968   31.12027906   40.64550157   40.69898986
   50.09032867   57.29053552   60.51441689   62.58785811   63.47489587
   65.39553199   68.71330703   69.48459209   72.16624272   74.22332021
   79.16074532   80.25553157   87.50520028   90.28646232   90.72533901
   91.52552636   91.95773979   92.9922131    94.14052713   94.28590507
   95.24073533   96.09581961   96.50341248   97.4582029    97.90553231
   98.27346636   98.35872828   98.92550904   99.09003072   99.89253842
  100.07765056  101.35869828  103.56921378  103.74194541  104.00039884
  104.36031384  104.79584302  105.40349711  105.60678193  106.26867976
  106.37916921  106.67969424  106.81132709  107.05410486  107.44441498
  107.68792314  107.72369032  108.58631071  108.79454915  109.15712102
  109.71287331  110.48639228  111.46302588  112.59201368  113.45309909
  114.85996347  115.04838323  115.56466246  115.7702745   116.29805012
  116.38499267  116.41989071  117.08008836  117.29357602  118.29160886
  119.01062501  120.85290512  120.89021502  121.40892075  122.30522808
  129.13346806  129.67718524  129.79664443  130.61780867  131.40806577]
maximum traj length 200
maximum traj length 200
num training_obs 90
num training_labels 90
num val_obs 10
num val_labels 10
num test_obs 7140
num test_labels 7140
device: cpu
end of epoch 0: val_loss 2.5333081151358785, val_acc 0.3
trigger times: 0
saving model weights...
Weights: OrderedDict([('fc1.weight', tensor([[ 0.0007, -0.0398, -0.0596,  ...,  0.0264,  0.1054,  0.0466],
        [-0.0250,  0.0663,  0.0749,  ..., -0.0063, -0.0609, -0.0269],
        [-0.0879, -0.1173,  0.0901,  ...,  0.0486,  0.0334,  0.0778],
        ...,
        [-0.0033,  0.0033, -0.0009,  ...,  0.0017, -0.0063,  0.0007],
        [ 0.1467,  0.0980, -0.0395,  ..., -0.0139,  0.0819, -0.0758],
        [ 0.0936, -0.1163,  0.0385,  ...,  0.0144,  0.1194,  0.0167]])), ('fc1.bias', tensor([ 0.0643,  0.1404,  0.0849, -0.0370, -0.0301, -0.0597,  0.2203,  0.0634,
         0.0144,  0.2026, -0.0954, -0.0282, -0.0131, -0.0128,  0.0507, -0.0420,
        -0.1500,  0.0552,  0.1472, -0.0809, -0.0892,  0.2009, -0.0005, -0.0797,
         0.1362, -0.0685,  0.0143, -0.1827, -0.0965, -0.0627,  0.0527,  0.0332,
         0.0117, -0.0197,  0.1951,  0.0466, -0.0078,  0.2192, -0.0086, -0.0573,
        -0.0484, -0.0078, -0.0922,  0.0721, -0.0012,  0.0984,  0.1481, -0.0412,
        -0.0240, -0.0309, -0.0265, -0.0375,  0.0687, -0.0536, -0.0186,  0.1277,
        -0.0536, -0.0150, -0.1154, -0.0007, -0.0153, -0.0902, -0.0315, -0.0463,
         0.1681, -0.0255, -0.0791, -0.0642,  0.0115, -0.2312, -0.1457, -0.0493,
        -0.0742, -0.1153,  0.0661,  0.1213,  0.1128, -0.0459,  0.0570,  0.0242,
        -0.0199,  0.1309, -0.0508, -0.0153,  0.0369,  0.1042, -0.0041, -0.0478,
         0.0239,  0.1196, -0.1365,  0.0320, -0.1480, -0.0067, -0.2170, -0.0697,
        -0.0588, -0.0101, -0.0840, -0.0253, -0.0878,  0.1452, -0.0278,  0.0935,
        -0.0166,  0.0318, -0.0148,  0.0575, -0.0089, -0.0172, -0.0649,  0.0825,
         0.1529, -0.0175, -0.0626,  0.2316, -0.0380,  0.0650, -0.1359, -0.0588,
         0.0123, -0.0956, -0.0213, -0.1999,  0.0380, -0.0069, -0.0216,  0.1347])), ('fc2.weight', tensor([[ 0.0011, -0.0011, -0.0148,  ...,  0.0006,  0.0047, -0.0114],
        [ 0.0138,  0.0031, -0.0025,  ..., -0.0004, -0.0093, -0.0003],
        [ 0.0633,  0.0400, -0.0352,  ..., -0.0011,  0.0049,  0.1121],
        ...,
        [ 0.0079,  0.0723, -0.1106,  ..., -0.0008, -0.0368,  0.0264],
        [ 0.0195,  0.0229,  0.0222,  ..., -0.0007,  0.0422, -0.0172],
        [-0.0032, -0.0150, -0.0064,  ...,  0.0006, -0.0014, -0.0171]])), ('fc2.bias', tensor([-5.3129e-02, -8.6406e-04,  5.6421e-02, -1.5842e-03,  4.2345e-02,
         3.5988e-02, -2.4271e-02, -3.2088e-02, -4.7687e-03,  9.5545e-03,
         1.1595e-04,  8.2818e-05,  7.7453e-03, -3.8619e-02, -1.0208e-01,
        -5.9558e-02, -6.6247e-02,  7.6344e-02,  5.6487e-03,  7.2444e-02,
        -3.2753e-02,  1.1697e-01, -3.8784e-02, -2.3622e-02,  6.7422e-02,
        -5.1470e-02,  6.7453e-02,  6.4072e-02, -1.0217e-01,  3.8611e-03,
        -7.1480e-02, -1.5550e-02,  8.7703e-03, -3.5473e-02,  4.4348e-02,
         1.5647e-04,  1.5859e-02, -4.2881e-02, -1.2544e-02,  5.7591e-02,
         4.5377e-02, -2.5278e-03, -3.1466e-02,  2.2323e-02,  5.3805e-02,
        -3.8672e-02,  5.4868e-06,  1.4853e-02, -1.5108e-02, -1.1959e-01,
         2.3324e-02,  5.9362e-04,  5.5170e-03, -2.6272e-02,  3.7881e-02,
         2.6315e-02, -1.4521e-02, -1.5770e-04,  6.1969e-02, -2.7699e-02,
        -1.0481e-02,  5.0870e-02,  3.6990e-02, -7.1213e-02])), ('fc3.weight', tensor([[ 4.6949e-03, -1.7140e-02, -1.9522e-02, -4.4700e-02, -6.1945e-02,
         -3.6931e-02, -2.4078e-02, -3.5497e-02, -8.2158e-03,  3.1811e-02,
         -5.7731e-02, -1.0219e-02,  1.2635e-03, -7.0288e-02,  4.8543e-02,
          1.0729e-03, -5.7545e-02, -5.0839e-02, -2.7573e-02, -3.7985e-02,
          9.6860e-03, -1.9077e-02, -4.8886e-02, -1.6817e-02, -3.5937e-02,
          2.7990e-03, -2.8469e-02, -1.7678e-02,  5.4681e-03,  5.8932e-04,
         -3.4952e-02,  2.8146e-03,  1.1765e-03,  1.8407e-02, -1.5912e-02,
          5.9505e-02, -6.5294e-03,  2.8938e-02, -3.8693e-02, -2.5623e-02,
         -4.6950e-02, -3.1783e-02, -1.5161e-03, -1.4548e-02, -1.6710e-02,
         -7.3280e-02, -1.9506e-02, -2.2875e-02, -2.6945e-02,  5.8816e-02,
          1.1719e-02,  1.5646e-02, -3.9932e-02, -6.6622e-02, -3.0948e-02,
         -2.2846e-02, -2.4544e-05, -1.6711e-02,  7.6793e-02, -5.6785e-03,
          1.0242e-02, -5.6102e-02, -9.6035e-03, -2.4139e-02]]))])
end of epoch 1: val_loss 0.8160734390839934, val_acc 0.5
trigger times: 0
saving model weights...
Weights: OrderedDict([('fc1.weight', tensor([[ 0.0893, -0.0394, -0.0268,  ...,  0.0194,  0.1007,  0.0588],
        [-0.1446,  0.0227,  0.0206,  ..., -0.0470, -0.1629, -0.0671],
        [-0.0288, -0.0599,  0.0749,  ...,  0.0682,  0.0969,  0.0636],
        ...,
        [-0.0004,  0.0010,  0.0004,  ...,  0.0005, -0.0005,  0.0139],
        [ 0.1240,  0.1559, -0.0321,  ...,  0.0308,  0.0866, -0.0578],
        [-0.0500, -0.0993, -0.0419,  ..., -0.0248, -0.0543, -0.0692]])), ('fc1.bias', tensor([ 1.1234e-01, -3.1195e-02,  1.6898e-01, -8.9457e-03, -3.8326e-04,
        -4.2671e-02,  1.2598e-01,  4.2599e-02, -8.2386e-02,  6.5378e-02,
        -6.5460e-02, -7.3170e-03, -3.0197e-03,  6.1305e-03,  3.1863e-02,
        -1.4242e-02, -1.0440e-01, -7.2410e-02,  1.1480e-01, -7.0081e-02,
        -1.8455e-02,  1.7252e-01, -3.4600e-04, -2.9921e-02,  1.6109e-02,
        -5.9148e-02, -1.5877e-01, -1.5889e-01, -6.4510e-02, -1.0337e-01,
        -2.7327e-02, -1.6872e-02,  6.2614e-03, -3.0354e-03,  1.6465e-01,
        -1.2535e-01,  5.4778e-05,  9.1706e-02, -4.8818e-03, -3.2739e-02,
        -2.7968e-02, -2.6284e-03, -8.3039e-02,  5.7000e-02, -1.9236e-05,
         1.1112e-01,  1.3064e-01, -7.4601e-03, -3.5026e-07, -3.9393e-04,
        -1.3605e-03, -3.4166e-02,  8.2657e-02, -3.3707e-02, -3.5892e-02,
         5.7214e-02, -2.9075e-02, -1.0134e-02, -7.0529e-02,  9.9951e-05,
         1.4138e-04, -5.8121e-02, -7.0968e-03, -4.0649e-02,  6.6845e-02,
        -1.9727e-03, -1.9448e-02, -8.1686e-03,  1.2528e-01, -1.5656e-01,
        -6.5567e-02,  1.9684e-02, -5.8928e-02, -9.2025e-02, -3.0847e-02,
         2.0520e-02,  2.9109e-04,  1.4729e-02, -9.5585e-02,  1.6350e-03,
        -1.0168e-02,  1.0921e-01, -3.6470e-02, -3.6189e-02,  1.0125e-02,
         4.4999e-02, -2.4056e-03, -2.3841e-02,  2.0405e-02,  1.3095e-01,
        -5.2094e-02,  5.5197e-02, -7.9101e-02,  9.0874e-04, -1.9201e-01,
        -4.2621e-02, -4.3883e-02, -9.0197e-02, -1.7080e-02,  1.7349e-04,
        -4.4161e-02,  1.6026e-01, -4.9544e-02,  1.2562e-01, -1.3773e-02,
         1.0616e-01,  1.1951e-01, -9.5808e-03, -8.2512e-03, -7.0339e-03,
        -3.5059e-02,  9.0254e-02,  1.1844e-01, -3.2583e-04, -5.4752e-02,
         1.0266e-01,  4.2008e-03,  3.8873e-02, -7.7953e-02,  1.7856e-02,
         8.2371e-03, -5.0497e-02,  2.0066e-04, -1.6124e-01,  5.9042e-02,
        -4.2363e-04,  8.8818e-03, -4.3838e-02])), ('fc2.weight', tensor([[-1.5501e-03, -4.6868e-05, -1.8560e-04,  ..., -3.2028e-05,
          6.4344e-04,  1.3048e-04],
        [-1.9196e-01, -4.0552e-02, -1.4855e-01,  ..., -2.1514e-04,
         -1.5850e-01, -5.7502e-02],
        [ 4.9163e-02,  1.9949e-02,  3.2566e-02,  ..., -1.7077e-03,
          4.9180e-02,  6.7440e-02],
        ...,
        [-1.8893e-03,  9.7182e-02, -3.6446e-02,  ..., -2.9959e-04,
          1.3932e-02,  6.1820e-02],
        [ 9.4627e-03,  1.0981e-02,  6.6831e-03,  ..., -1.9614e-05,
          2.7488e-02, -2.9935e-03],
        [-3.8814e-04,  3.8012e-04, -9.7496e-04,  ...,  3.2602e-05,
          2.9370e-03, -3.6828e-03]])), ('fc2.bias', tensor([-6.1490e-03, -1.0646e-01,  3.7066e-02,  1.6262e-05,  4.0016e-02,
         4.2540e-02, -1.2528e-02,  4.4433e-04,  2.5267e-02,  1.0912e-03,
        -2.7756e-06, -1.3430e-02,  9.7785e-04, -3.6267e-02, -9.9096e-03,
        -4.9510e-02, -5.5016e-02,  7.5948e-02, -5.5797e-02,  2.3311e-02,
        -5.4910e-02,  7.8142e-02, -4.1241e-05, -4.6833e-02,  1.6113e-02,
        -3.4285e-02,  3.2982e-02,  4.6280e-02, -8.1724e-02, -1.9431e-03,
        -2.6923e-02, -1.1918e-02, -2.4026e-02,  2.5192e-02,  3.7560e-02,
         4.7954e-02,  4.5560e-03, -3.3986e-02, -8.5876e-03,  2.5794e-02,
         3.8809e-02, -1.2104e-02, -2.5708e-02, -4.1850e-02,  4.3707e-02,
        -3.4469e-02,  5.4918e-06,  1.0035e-02, -2.3018e-02, -1.1147e-01,
         1.8135e-02, -1.1676e-01, -1.0833e-01, -2.5672e-02,  3.5012e-02,
         3.4583e-02, -1.2418e-02, -1.6587e-08, -4.0465e-02, -4.5568e-03,
        -1.3326e-01,  2.7893e-02,  7.2182e-03, -3.2924e-02])), ('fc3.weight', tensor([[-0.0022, -0.0128, -0.0020, -0.0409, -0.0475, -0.0125, -0.0054, -0.0295,
          0.0072,  0.0249, -0.0527,  0.0016, -0.0015, -0.0689,  0.0503, -0.0041,
         -0.0517,  0.0105, -0.0193,  0.0059, -0.0035,  0.0013, -0.0661, -0.0112,
         -0.0026, -0.0005, -0.0277, -0.0179,  0.0062, -0.0062, -0.0175, -0.0002,
          0.0205,  0.0189,  0.0041,  0.0076, -0.0105,  0.0231, -0.0380,  0.0040,
         -0.0443, -0.0153, -0.0021, -0.0042,  0.0019, -0.0728,  0.0037, -0.0238,
          0.0047,  0.0530,  0.0102,  0.0333, -0.0070, -0.0575,  0.0212,  0.0046,
         -0.0025,  0.0109, -0.0084,  0.0012, -0.1349,  0.0031, -0.0111, -0.0077]]))])
end of epoch 2: val_loss 1.6117038541482542, val_acc 0.7
trigger times: 1
end of epoch 3: val_loss 0.8299300623039017, val_acc 0.5
trigger times: 2
end of epoch 4: val_loss 1.5858984677062835, val_acc 0.5
trigger times: 3
end of epoch 5: val_loss 0.9323300702846609, val_acc 0.6
trigger times: 4
end of epoch 6: val_loss 6.224195946400869, val_acc 0.5
trigger times: 5
end of epoch 7: val_loss 2.598295174908344, val_acc 0.6
trigger times: 6
end of epoch 8: val_loss 2.4590387335032573, val_acc 0.6
trigger times: 7
end of epoch 9: val_loss 1.5177421355620027, val_acc 0.6
trigger times: 8
end of epoch 10: val_loss 1.1398978035834262, val_acc 0.5
trigger times: 9
end of epoch 11: val_loss 1.072675299056027, val_acc 0.5
trigger times: 10
Early stopping.
0 -18.193132109940052 -238.56539389647227
1 -17.992067962884903 -226.82452825484978
2 -21.655298672616482 -226.2241731451399
3 -16.369271390140057 -208.89755486387574
4 -19.995511151850224 -196.9840755292238
5 -17.05547883361578 -194.4017457710484
6 -19.81697917729616 -193.75394353311003
7 -17.112872377038002 -173.38768743356906
8 -18.82411104440689 -172.73844575529262
9 -17.702852614223957 -172.5849598191294
10 -14.291454017162323 -148.80630048130243
11 -16.033064998686314 -146.54022994848935
12 -16.233426973223686 -144.9163601843784
13 -13.963992044329643 -144.5098799638122
14 -17.087911523878574 -129.52710350510273
15 -14.2506687566638 -119.6789138826375
16 -14.669873900711536 -119.53338183357056
17 -15.962475515902042 -115.00841352193844
18 -15.437631957232952 -113.49466461352053
19 -10.37526190909557 -107.45837168117659
20 -12.917369290953502 -105.49937100040788
21 -13.321900793816894 -101.9104943327425
22 -14.250741597265005 -101.66294130080523
23 -12.959281815215945 -98.89606860541423
24 -11.97292759642005 -95.1909937931514
25 -14.478125981986523 -93.31854913617367
26 -11.783427929040045 -85.41926577166943
27 -13.484235033392906 -83.18012153468804
28 -14.089719520881772 -79.47665068598401
29 -14.836238447576761 -77.34308621853297
30 -12.219951000064611 -60.56041622227008
31 -12.466946413740516 -58.68833689293549
32 -12.58885317039676 -22.79021187897909
33 -9.909568409668282 -19.65788926803626
34 -8.8025250188075 -16.74518768263467
35 -12.139497397700325 -13.719402302108403
36 -12.610029865987599 4.235189873860978
37 -13.93338535213843 5.0952806210809465
38 -11.392385615501553 10.178796790507759
39 -11.923643823480234 13.541055788508864
40 -11.31007146090269 14.989710929193077
41 -12.405624280450866 21.802029683432238
42 -13.920339731266722 31.12027905920427
43 -12.519639967009425 40.64550156746333
44 -8.76191995991394 40.69898986216935
45 -11.84287306922488 50.09032867204584
46 -11.49599990947172 57.290535515424786
47 -12.828433122020215 60.51441689036072
48 -12.560434673912823 62.587858111632386
49 -11.746510843513533 63.47489586756552
50 -11.028834760887548 65.395531990224
51 -11.26219798414968 68.71330703108626
52 -11.135239650728181 69.48459209048262
53 -11.201583397341892 72.16624272108386
54 -12.773463618010283 74.2233202149037
55 -14.505361326504499 79.16074531670823
56 -13.064223201479763 80.25553156558418
57 -13.282450489932671 87.50520028403979
58 -11.036057660356164 90.28646231697512
59 -12.695881520863622 90.72533900600311
60 -12.09055039123632 91.52552635781885
61 -12.239068870199844 91.95773979158345
62 -14.288684689439833 92.99221310223136
63 -12.992773269070312 94.14052712880752
64 -12.453653906239197 94.28590507273401
65 -12.807652832241729 95.24073532592021
66 -12.902907874900848 96.09581961281374
67 -11.49494099826552 96.50341248035636
68 -11.536857514409348 97.45820290396632
69 -11.369784845039248 97.90553231413178
70 -12.936536730267107 98.27346635731779
71 -12.898094178875908 98.35872828331676
72 -12.15287205344066 98.9255090371917
73 -11.479680661810562 99.09003071828721
74 -11.295337249524891 99.89253842063019
75 -11.233530895086005 100.07765055593329
76 -10.336004897253588 101.35869827851857
77 -13.57775402115658 103.56921378052652
78 -12.109962092945352 103.74194540937737
79 -10.833924702834338 104.00039883786899
80 -13.033733719028533 104.36031383612816
81 -12.522346451412886 104.79584301893571
82 -12.102033175062388 105.40349710769756
83 -11.53460302297026 105.60678192821229
84 -11.099230591440573 106.26867976298877
85 -12.296398821752518 106.37916921043517
86 -11.984635446686298 106.67969423997131
87 -11.56629934697412 106.81132709017433
88 -10.716661445563659 107.05410485829283
89 -11.3542103797663 107.44441498172971
90 -11.441651217872277 107.68792314282867
91 -10.867359674768522 107.72369032284489
92 -12.0648203054443 108.58631070626225
93 -10.678429051768035 108.79454915391223
94 -10.185563707025722 109.15712102315346
95 -9.458622811362147 109.71287331230647
96 -11.359459932660684 110.48639228144049
97 -10.863697382155806 111.4630258761226
98 -10.701709135668352 112.59201367677376
99 -12.318524384871125 113.4530990931055
100 -10.978104775538668 114.85996346749971
101 -12.289436546619982 115.04838323377467
102 -9.606303525157273 115.5646624637931
103 -12.948711522389203 115.77027450439896
104 -12.341700548771769 116.29805012422126
105 -8.222001982154325 116.38499266629886
106 -10.89565104059875 116.4198907102986
107 -10.71929637202993 117.08008835928221
108 -11.532540527405217 117.29357601720739
109 -10.909588812850416 118.29160885622866
110 -9.45461090374738 119.01062500757773
111 -9.003749024588615 120.85290512447664
112 -9.064999882131815 120.8902150231427
113 -9.874346038792282 121.40892075278066
114 -11.145869438769296 122.30522808413322
115 -8.943934013368562 129.13346806288703
116 -7.205645443871617 129.67718524437547
117 -9.082916331244633 129.79664443488912
118 -9.019790150923654 130.61780866873775
119 -6.310105922399089 131.40806576766226
train accuracy: 0.7888888888888889
validation accuracy: 0.5
test accuracy: 0.6862745098039216
