demo lengths 200
demos: (120, 200, 25)
demo_rewards: (120,)
[-238.5653939  -226.82452825 -226.22417315 -208.89755486 -196.98407553
 -194.40174577 -193.75394353 -173.38768743 -172.73844576 -172.58495982
 -148.80630048 -146.54022995 -144.91636018 -144.50987996 -129.52710351
 -119.67891388 -119.53338183 -115.00841352 -113.49466461 -107.45837168
 -105.499371   -101.91049433 -101.6629413   -98.89606861  -95.19099379
  -93.31854914  -85.41926577  -83.18012153  -79.47665069  -77.34308622
  -60.56041622  -58.68833689  -22.79021188  -19.65788927  -16.74518768
  -13.7194023     4.23518987    5.09528062   10.17879679   13.54105579
   14.98971093   21.80202968   31.12027906   40.64550157   40.69898986
   50.09032867   57.29053552   60.51441689   62.58785811   63.47489587
   65.39553199   68.71330703   69.48459209   72.16624272   74.22332021
   79.16074532   80.25553157   87.50520028   90.28646232   90.72533901
   91.52552636   91.95773979   92.9922131    94.14052713   94.28590507
   95.24073533   96.09581961   96.50341248   97.4582029    97.90553231
   98.27346636   98.35872828   98.92550904   99.09003072   99.89253842
  100.07765056  101.35869828  103.56921378  103.74194541  104.00039884
  104.36031384  104.79584302  105.40349711  105.60678193  106.26867976
  106.37916921  106.67969424  106.81132709  107.05410486  107.44441498
  107.68792314  107.72369032  108.58631071  108.79454915  109.15712102
  109.71287331  110.48639228  111.46302588  112.59201368  113.45309909
  114.85996347  115.04838323  115.56466246  115.7702745   116.29805012
  116.38499267  116.41989071  117.08008836  117.29357602  118.29160886
  119.01062501  120.85290512  120.89021502  121.40892075  122.30522808
  129.13346806  129.67718524  129.79664443  130.61780867  131.40806577]
maximum traj length 200
maximum traj length 200
num training_obs 90
num training_labels 90
num val_obs 10
num val_labels 10
num test_obs 7140
num test_labels 7140
ModuleList(
  (0): Linear(in_features=25, out_features=128, bias=True)
  (1): Linear(in_features=128, out_features=64, bias=True)
  (2): Linear(in_features=64, out_features=1, bias=False)
)
Total number of parameters: 11648
Number of trainable paramters: 11648
device: cuda:0
end of epoch 0: val_loss 2.1367150424586727, val_acc 0.7
trigger times: 0
saving model weights...
Weights: OrderedDict([('fcs.0.weight', tensor([[ 0.0460, -0.0310, -0.1029,  ..., -0.0518, -0.1496, -0.0464],
        [-0.0652,  0.0923,  0.1505,  ..., -0.0022, -0.0124, -0.1742],
        [-0.2711, -0.0097,  0.0934,  ...,  0.1568, -0.0996, -0.0424],
        ...,
        [-0.1426, -0.1408,  0.0778,  ..., -0.1748,  0.0144, -0.1857],
        [ 0.2213,  0.0931,  0.0521,  ..., -0.0022,  0.0962, -0.1549],
        [ 0.0531, -0.0804,  0.2138,  ...,  0.1567,  0.1088,  0.2133]],
       device='cuda:0')), ('fcs.0.bias', tensor([-0.1574,  0.1796,  0.0396, -0.1712, -0.1859,  0.0442,  0.0754,  0.0446,
        -0.2425,  0.2151, -0.2050, -0.0535, -0.1804, -0.1771, -0.1102,  0.0365,
        -0.1833, -0.0886,  0.1488, -0.0659, -0.0121,  0.2481, -0.2161, -0.0980,
         0.0646, -0.0320, -0.1057, -0.2114, -0.1144, -0.0675, -0.0896,  0.3401,
         0.0482,  0.0247,  0.1346, -0.3040,  0.0140,  0.1014,  0.0052, -0.2190,
         0.0087,  0.0145, -0.0818,  0.1767, -0.2046,  0.0804, -0.1671,  0.0162,
        -0.1829, -0.1279, -0.0582, -0.1104, -0.1093, -0.2026, -0.0188, -0.0083,
         0.0808,  0.0595,  0.0269,  0.0018, -0.0202,  0.0437, -0.0124, -0.0645,
         0.2231, -0.2358, -0.0889, -0.1340,  0.1637, -0.1107, -0.0881,  0.1388,
        -0.1116, -0.2463, -0.0437,  0.0643,  0.1949, -0.2159, -0.1695,  0.2129,
         0.0110,  0.1492,  0.1635, -0.1020,  0.1857,  0.2323,  0.0742, -0.0750,
        -0.0064,  0.1378, -0.2108,  0.1914, -0.0421,  0.0214, -0.1760, -0.0970,
        -0.0766, -0.1458, -0.1168,  0.0947, -0.2084,  0.1597, -0.2352,  0.1691,
         0.0638, -0.2207, -0.0076,  0.0107, -0.0249,  0.0264, -0.2602,  0.0887,
         0.1718, -0.1232, -0.0461, -0.0302, -0.1847,  0.1779, -0.2109, -0.1901,
        -0.0178, -0.1186, -0.1164, -0.0886, -0.0072, -0.0129,  0.0104,  0.1518],
       device='cuda:0')), ('fcs.1.weight', tensor([[ 0.0236, -0.0521, -0.1351,  ..., -0.0387, -0.0492, -0.0606],
        [-0.0554, -0.0112,  0.0210,  ..., -0.0486, -0.0991, -0.0587],
        [-0.0589, -0.1131,  0.0678,  ..., -0.0678,  0.1602,  0.0127],
        ...,
        [-0.0743,  0.0831, -0.0467,  ...,  0.1198, -0.0913, -0.0358],
        [ 0.0115,  0.1205,  0.0920,  ...,  0.1337, -0.0037,  0.0028],
        [-0.0057,  0.0570,  0.1013,  ..., -0.0760,  0.0869,  0.0862]],
       device='cuda:0')), ('fcs.1.bias', tensor([-0.1404, -0.0248,  0.0297,  0.0939,  0.1175, -0.0850, -0.0047, -0.0537,
        -0.1122, -0.1873,  0.0957, -0.0738, -0.0985, -0.0880, -0.0411, -0.0511,
        -0.0720,  0.0869, -0.0410, -0.1297,  0.0147,  0.0405,  0.1110, -0.0197,
        -0.0928, -0.0050,  0.0851,  0.0166, -0.0710, -0.1183, -0.0653,  0.1203,
        -0.1084,  0.0934, -0.0788, -0.0006, -0.0005,  0.0956, -0.0654, -0.0502,
         0.0102, -0.0434, -0.1044, -0.0586, -0.0480, -0.1141, -0.0555,  0.0051,
        -0.0912,  0.1309, -0.0869, -0.0382, -0.0436, -0.1461, -0.0477, -0.1058,
        -0.1089,  0.0532,  0.0786, -0.0463, -0.0276,  0.1147,  0.0630,  0.0828],
       device='cuda:0')), ('fcs.2.weight', tensor([[ 0.0181, -0.0276, -0.0469,  0.0221, -0.0525,  0.0886,  0.0387, -0.0668,
          0.0165,  0.0104, -0.0530,  0.0448, -0.0118, -0.0388, -0.0437, -0.0129,
          0.0338,  0.0584,  0.0490,  0.0660, -0.0498,  0.0471,  0.0816,  0.1184,
         -0.0416, -0.0409,  0.0492, -0.0055,  0.0579, -0.0031, -0.0657,  0.0487,
         -0.0008,  0.0068, -0.0156, -0.0332,  0.0135,  0.0704, -0.0156, -0.0239,
          0.0412, -0.0458, -0.0292,  0.0174, -0.0615,  0.0516, -0.0018,  0.0341,
         -0.0072,  0.0448,  0.0296,  0.0020, -0.0395, -0.0506, -0.0120, -0.0807,
         -0.0100,  0.0215,  0.0139, -0.0006, -0.0223, -0.0192, -0.1080, -0.0513]],
       device='cuda:0'))])
end of epoch 1: val_loss 0.35219557796317247, val_acc 0.7
trigger times: 0
saving model weights...
Weights: OrderedDict([('fcs.0.weight', tensor([[ 0.0447, -0.0330, -0.1030,  ..., -0.0490, -0.1491, -0.0345],
        [-0.1246,  0.0807,  0.1446,  ..., -0.0420, -0.0528, -0.2084],
        [-0.2729, -0.0070,  0.0902,  ...,  0.1558, -0.1077, -0.0438],
        ...,
        [ 0.0085, -0.1450,  0.0912,  ..., -0.1642,  0.0377, -0.1947],
        [ 0.2087,  0.1095, -0.0310,  ..., -0.0199,  0.0894, -0.1891],
        [ 0.0194, -0.0797,  0.2035,  ...,  0.1344,  0.1312,  0.1859]],
       device='cuda:0')), ('fcs.0.bias', tensor([-1.5692e-01,  1.6022e-01,  3.0129e-02, -1.4812e-01, -1.8330e-01,
        -3.3012e-02,  3.5672e-02,  4.4592e-02, -2.2444e-01,  2.2184e-01,
        -2.0442e-01, -5.3457e-02, -1.9352e-01, -1.7394e-01, -1.1219e-01,
        -6.8874e-02, -1.8289e-01, -8.8282e-02,  1.6887e-01, -6.6331e-02,
        -1.9697e-02,  2.3559e-01, -1.6678e-01, -1.0921e-01,  5.5364e-02,
        -8.8637e-02, -8.6350e-02, -2.1140e-01, -1.1178e-01, -8.1059e-02,
        -1.1982e-01,  3.4750e-01,  4.8722e-02,  3.3309e-02, -2.6186e-02,
        -2.6344e-01,  1.3463e-02,  9.9598e-02,  4.8278e-03, -1.8756e-01,
         1.0060e-02,  2.7012e-02, -7.5359e-02,  5.5519e-02, -2.3226e-01,
         7.7208e-02, -1.6652e-01,  1.3589e-02, -1.8608e-01, -1.2749e-01,
        -5.8314e-02, -1.0842e-01, -1.0889e-01, -1.5967e-01, -1.4527e-02,
        -1.1001e-02,  1.3338e-01,  2.5360e-02,  1.6828e-03, -2.0114e-04,
        -2.0898e-02,  3.9574e-02, -1.2776e-02, -6.4728e-02,  2.7707e-01,
        -2.0365e-01, -6.1004e-02, -1.3167e-01,  1.9244e-01, -7.4937e-02,
        -9.6944e-02,  1.4467e-01, -1.1199e-01, -2.4764e-01, -4.4771e-02,
         5.6419e-02,  1.9765e-01, -2.1568e-01, -1.4276e-01,  2.1194e-01,
         1.0278e-02,  2.1073e-01,  1.4946e-01, -1.1254e-01,  1.8181e-01,
         1.6358e-01,  4.3092e-02, -7.6183e-02, -6.5247e-03,  1.3619e-01,
        -2.1214e-01,  1.7019e-01, -4.5892e-02, -6.0416e-02, -1.2522e-01,
        -9.7635e-02, -7.5483e-02, -1.0621e-01, -2.0884e-01,  1.6986e-02,
        -2.1712e-01,  1.4590e-01, -2.3882e-01,  1.7181e-01,  1.2527e-01,
        -2.2041e-01, -5.8730e-02, -2.5325e-02, -2.6121e-02,  2.4090e-02,
        -2.5998e-01,  8.2554e-02,  2.0463e-01, -1.4965e-01, -4.4249e-02,
        -3.8979e-02, -1.8439e-01,  1.9539e-01, -2.1090e-01, -1.9482e-01,
        -1.7820e-02, -1.1823e-01, -1.0722e-01, -8.5061e-02,  1.7932e-02,
         2.9713e-02, -9.4157e-03,  1.6761e-01], device='cuda:0')), ('fcs.1.weight', tensor([[ 0.0046, -0.0529, -0.1329,  ...,  0.0589, -0.0450, -0.0602],
        [-0.0535, -0.0079,  0.0041,  ..., -0.0591, -0.1059, -0.0586],
        [-0.0559, -0.1097,  0.0658,  ..., -0.0694,  0.1576,  0.0131],
        ...,
        [-0.0845,  0.1359, -0.0423,  ...,  0.0589, -0.1199, -0.0784],
        [ 0.0101,  0.1923,  0.0173,  ...,  0.0290, -0.0953,  0.0286],
        [-0.0061,  0.0898,  0.0653,  ..., -0.1225,  0.0361,  0.0942]],
       device='cuda:0')), ('fcs.1.bias', tensor([-0.1401, -0.0253,  0.0296,  0.0700,  0.1147, -0.0842, -0.0048, -0.1647,
        -0.1119, -0.1854,  0.1108, -0.0710, -0.0681, -0.0879, -0.0411, -0.0518,
        -0.0718, -0.0170, -0.0406, -0.1277,  0.1310,  0.0401,  0.1123, -0.0357,
        -0.0924,  0.0509,  0.0330,  0.0165, -0.0710, -0.1464, -0.0630,  0.0814,
        -0.1083,  0.0804, -0.0895,  0.1090, -0.0056,  0.0641, -0.0648, -0.0501,
         0.0078, -0.1175, -0.2047, -0.0601, -0.0480, -0.1136, -0.0555,  0.0049,
        -0.0915,  0.1380, -0.0869, -0.0387, -0.0435, -0.1459, -0.0491, -0.2030,
        -0.0122,  0.0524, -0.0270, -0.1114, -0.0309,  0.1355,  0.0711,  0.1257],
       device='cuda:0')), ('fcs.2.weight', tensor([[ 0.0194, -0.0187, -0.0463, -0.0226, -0.0036,  0.0910,  0.0392, -0.0755,
          0.0249,  0.0093, -0.0312, -0.0129, -0.0045, -0.0173, -0.0264,  0.0467,
          0.0339,  0.0078,  0.0504,  0.0671,  0.0614,  0.0467, -0.0037,  0.0797,
         -0.0102, -0.0093, -0.0103,  0.0012,  0.0585,  0.0018, -0.0117, -0.0374,
          0.0253,  0.0116, -0.0055, -0.0466, -0.0098, -0.0042, -0.0102, -0.0142,
         -0.0113,  0.0810, -0.0608,  0.0006, -0.0366,  0.0518, -0.0014,  0.0333,
          0.0045, -0.0090,  0.0306, -0.0028,  0.0105, -0.0371, -0.0025,  0.0888,
          0.0025,  0.0269, -0.0204, -0.0724, -0.0209, -0.0274, -0.0951, -0.0442]],
       device='cuda:0'))])
end of epoch 2: val_loss 0.8791253418195986, val_acc 0.6
trigger times: 1
end of epoch 3: val_loss 0.7650125250009296, val_acc 0.5
trigger times: 2
end of epoch 4: val_loss 0.6516438915394239, val_acc 0.8
trigger times: 3
end of epoch 5: val_loss 0.9648601561435498, val_acc 0.5
trigger times: 4
end of epoch 6: val_loss 0.5800062659661649, val_acc 0.6
trigger times: 5
end of epoch 7: val_loss 1.223866275922046, val_acc 0.5
trigger times: 6
end of epoch 8: val_loss 0.931287488599628, val_acc 0.7
trigger times: 7
end of epoch 9: val_loss 0.6312769632262644, val_acc 0.7
trigger times: 8
end of epoch 10: val_loss 0.5998005587604439, val_acc 0.7
trigger times: 9
end of epoch 11: val_loss 0.586962752783893, val_acc 0.6
trigger times: 10
Early stopping.
0 -12.769674062728882 -238.56539389647227
1 -10.64551955461502 -226.82452825484978
2 -11.299858771264553 -226.2241731451399
3 -9.03376480564475 -208.89755486387574
4 -8.70598093047738 -196.9840755292238
5 -11.496769085526466 -194.4017457710484
6 -7.737877003848553 -193.75394353311003
7 -4.820645719766617 -173.38768743356906
8 -6.01488084346056 -172.73844575529262
9 -7.327446710318327 -172.5849598191294
10 -5.215251252055168 -148.80630048130243
11 -4.536385007202625 -146.54022994848935
12 -6.200145103037357 -144.9163601843784
13 -5.926601588726044 -144.5098799638122
14 -5.992665231227875 -129.52710350510273
15 -4.003811694681644 -119.6789138826375
16 -5.534659720957279 -119.53338183357056
17 -9.273262687027454 -115.00841352193844
18 -2.6673148907721043 -113.49466461352053
19 -1.578280296176672 -107.45837168117659
20 -5.723618369549513 -105.49937100040788
21 -6.866189267486334 -101.9104943327425
22 -2.7473281174898148 -101.66294130080523
23 -3.7113572284579277 -98.89606860541423
24 -4.993646793067455 -95.1909937931514
25 -6.376928936690092 -93.31854913617367
26 -4.473418306559324 -85.41926577166943
27 -3.5463823676109314 -83.18012153468804
28 -2.8455820865929127 -79.47665068598401
29 -3.7798340246081352 -77.34308621853297
30 -3.7512687295675278 -60.56041622227008
31 -3.506086438894272 -58.68833689293549
32 -4.513581182807684 -22.79021187897909
33 -4.101203136146069 -19.65788926803626
34 -1.7153354603797197 -16.74518768263467
35 -3.4598813876509666 -13.719402302108403
36 -2.2419736944139004 4.235189873860978
37 -3.4826666973531246 5.0952806210809465
38 -1.4781776405870914 10.178796790507759
39 -2.1854684837162495 13.541055788508864
40 -3.7359209172427654 14.989710929193077
41 0.25318900123238564 21.802029683432238
42 -4.455192729830742 31.12027905920427
43 -2.859465777873993 40.64550156746333
44 -3.5756870061159134 40.69898986216935
45 -3.0172071754932404 50.09032867204584
46 -1.1216297782957554 57.290535515424786
47 -3.132480390369892 60.51441689036072
48 -2.055998481810093 62.587858111632386
49 -5.010094612836838 63.47489586756552
50 -4.802518162876368 65.395531990224
51 -4.429301869124174 68.71330703108626
52 -2.3193006590008736 69.48459209048262
53 -2.5114742293953896 72.16624272108386
54 -4.0266942866146564 74.2233202149037
55 -3.6528886258602142 79.16074531670823
56 -2.3293713442981243 80.25553156558418
57 -2.7068315595388412 87.50520028403979
58 -1.2183717153966427 90.28646231697512
59 -2.339101877063513 90.72533900600311
60 -1.1599080860614777 91.52552635781885
61 -4.315984956920147 91.95773979158345
62 -4.640927579253912 92.99221310223136
63 -1.35814643278718 94.14052712880752
64 -1.5077320151031017 94.28590507273401
65 -3.0899725295603275 95.24073532592021
66 -2.590803310275078 96.09581961281374
67 -1.0933873690664768 96.50341248035636
68 -1.9819560833275318 97.45820290396632
69 -2.5222076922655106 97.90553231413178
70 -3.7813734970986843 98.27346635731779
71 -4.04181943833828 98.35872828331676
72 -2.8515029959380627 98.9255090371917
73 -0.6426509991288185 99.09003071828721
74 -1.8449167981743813 99.89253842063019
75 -1.265519741922617 100.07765055593329
76 -1.3772960267961025 101.35869827851857
77 -4.359035506844521 103.56921378052652
78 -2.2372156158089638 103.74194540937737
79 -0.3507961072027683 104.00039883786899
80 -3.7558367922902107 104.36031383612816
81 -2.821160674095154 104.79584301893571
82 -2.188947092741728 105.40349710769756
83 -3.400950603187084 105.60678192821229
84 -3.346107631921768 106.26867976298877
85 -0.358743280172348 106.37916921043517
86 -2.7673029080033302 106.67969423997131
87 -3.662383511662483 106.81132709017433
88 -3.86400855705142 107.05410485829283
89 -2.401368595659733 107.44441498172971
90 -1.2887883745133877 107.68792314282867
91 -3.774703599512577 107.72369032284489
92 -1.9361229091882706 108.58631070626225
93 -2.739848490804434 108.79454915391223
94 -2.074550624936819 109.15712102315346
95 -1.847864717245102 109.71287331230647
96 -2.9029103219509125 110.48639228144049
97 -1.837703701108694 111.4630258761226
98 -1.5257309041917324 112.59201367677376
99 -1.8913958221673965 113.4530990931055
100 -1.8335755206644535 114.85996346749971
101 -2.70583339035511 115.04838323377467
102 0.004826575517654419 115.5646624637931
103 -1.2253577634692192 115.77027450439896
104 -3.283282347023487 116.29805012422126
105 -1.238195989280939 116.38499266629886
106 -0.939224898815155 116.4198907102986
107 -1.2031454518437386 117.08008835928221
108 -2.304791532456875 117.29357601720739
109 -0.8431503102183342 118.29160885622866
110 -0.0673099085688591 119.01062500757773
111 -2.669128440320492 120.85290512447664
112 -1.0048714205622673 120.8902150231427
113 -1.9531777538359165 121.40892075278066
114 0.06264018267393112 122.30522808413322
115 -0.32782160118222237 129.13346806288703
116 0.2420290745794773 129.67718524437547
117 -2.5299625024199486 129.79664443488912
118 -2.822938285768032 130.61780866873775
119 -0.05165084823966026 131.40806576766226
train accuracy: 0.8888888888888888
validation accuracy: 0.6
test accuracy: 0.7180672268907563
