demo lengths 200
demos: (120, 200, 25)
demo_rewards: (120,)
[-238.5653939  -226.82452825 -226.22417315 -208.89755486 -196.98407553
 -194.40174577 -193.75394353 -173.38768743 -172.73844576 -172.58495982
 -148.80630048 -146.54022995 -144.91636018 -144.50987996 -129.52710351
 -119.67891388 -119.53338183 -115.00841352 -113.49466461 -107.45837168
 -105.499371   -101.91049433 -101.6629413   -98.89606861  -95.19099379
  -93.31854914  -85.41926577  -83.18012153  -79.47665069  -77.34308622
  -60.56041622  -58.68833689  -22.79021188  -19.65788927  -16.74518768
  -13.7194023     4.23518987    5.09528062   10.17879679   13.54105579
   14.98971093   21.80202968   31.12027906   40.64550157   40.69898986
   50.09032867   57.29053552   60.51441689   62.58785811   63.47489587
   65.39553199   68.71330703   69.48459209   72.16624272   74.22332021
   79.16074532   80.25553157   87.50520028   90.28646232   90.72533901
   91.52552636   91.95773979   92.9922131    94.14052713   94.28590507
   95.24073533   96.09581961   96.50341248   97.4582029    97.90553231
   98.27346636   98.35872828   98.92550904   99.09003072   99.89253842
  100.07765056  101.35869828  103.56921378  103.74194541  104.00039884
  104.36031384  104.79584302  105.40349711  105.60678193  106.26867976
  106.37916921  106.67969424  106.81132709  107.05410486  107.44441498
  107.68792314  107.72369032  108.58631071  108.79454915  109.15712102
  109.71287331  110.48639228  111.46302588  112.59201368  113.45309909
  114.85996347  115.04838323  115.56466246  115.7702745   116.29805012
  116.38499267  116.41989071  117.08008836  117.29357602  118.29160886
  119.01062501  120.85290512  120.89021502  121.40892075  122.30522808
  129.13346806  129.67718524  129.79664443  130.61780867  131.40806577]
maximum traj length 200
maximum traj length 200
num training_obs 90
num training_labels 90
num val_obs 10
num val_labels 10
num test_obs 7140
num test_labels 7140
ModuleList(
  (0): Linear(in_features=25, out_features=128, bias=True)
  (1): Linear(in_features=128, out_features=64, bias=True)
  (2): Linear(in_features=64, out_features=1, bias=False)
)
Total number of parameters: 11648
Number of trainable paramters: 11648
device: cuda:0
end of epoch 0: val_loss 1.1917877651282764, val_acc 0.9
trigger times: 0
saving model weights...
Weights: OrderedDict([('fcs.0.weight', tensor([[-0.0439,  0.0564, -0.1334,  ..., -0.0745,  0.0990,  0.0167],
        [-0.0410,  0.2331, -0.1027,  ...,  0.1615, -0.1480, -0.0306],
        [ 0.2685,  0.1509,  0.1985,  ...,  0.1508,  0.2910,  0.1933],
        ...,
        [-0.0805,  0.0019, -0.0122,  ...,  0.0176, -0.0476, -0.0152],
        [ 0.1022,  0.0391, -0.0794,  ...,  0.1087,  0.0367,  0.1661],
        [-0.1113,  0.0375, -0.0297,  ..., -0.0072,  0.0738, -0.1868]],
       device='cuda:0')), ('fcs.0.bias', tensor([-0.1089, -0.1301,  0.0434, -0.1575, -0.2311, -0.0210, -0.1177, -0.0893,
        -0.0186,  0.0674,  0.1415,  0.1221, -0.0565,  0.0205, -0.0682,  0.0367,
        -0.1421,  0.0395,  0.2827,  0.0835,  0.0331,  0.1890,  0.0809, -0.0542,
         0.0116, -0.0561, -0.0505,  0.0352,  0.1219,  0.1018,  0.0175, -0.0741,
         0.3343,  0.0227,  0.0568, -0.1343,  0.0900,  0.1332,  0.0287, -0.0021,
        -0.0059, -0.1170,  0.1551,  0.1675,  0.0941, -0.2416, -0.1147,  0.0947,
         0.0844, -0.0302,  0.2230, -0.0571, -0.1387, -0.1429,  0.1482,  0.0528,
        -0.0164, -0.2144, -0.2002, -0.0851,  0.1432, -0.0910, -0.0007, -0.0118,
         0.1562, -0.0494, -0.1832,  0.2144, -0.1414, -0.0209, -0.1361,  0.0568,
        -0.0272, -0.0223, -0.2032, -0.1542, -0.0778, -0.0452, -0.0096,  0.1836,
        -0.0373,  0.2187, -0.1688,  0.1954, -0.0888, -0.0753,  0.2855, -0.0080,
        -0.0602, -0.1554,  0.0575,  0.1025, -0.0785, -0.0334,  0.2829,  0.0288,
        -0.2561, -0.0235,  0.0044,  0.1404, -0.1067, -0.0143, -0.1892, -0.0793,
        -0.0902,  0.0847,  0.0441, -0.0471,  0.1778,  0.0891, -0.0706,  0.2449,
         0.1341,  0.1196,  0.0063, -0.2237, -0.0232, -0.0041,  0.0277, -0.0211,
         0.0987, -0.2398,  0.0565,  0.1434,  0.1303, -0.0031,  0.1980, -0.0230],
       device='cuda:0')), ('fcs.1.weight', tensor([[-0.0150, -0.0025, -0.0408,  ...,  0.0006, -0.0461, -0.0395],
        [ 0.0194,  0.0361, -0.1256,  ...,  0.0440, -0.0595, -0.0873],
        [ 0.0062, -0.0130, -0.0345,  ..., -0.0016, -0.0404,  0.0209],
        ...,
        [-0.0474,  0.0149,  0.0994,  ..., -0.0082, -0.1029,  0.1724],
        [-0.0109,  0.0842, -0.1695,  ...,  0.0594, -0.0321, -0.0237],
        [-0.0139, -0.0006, -0.0585,  ...,  0.0012, -0.0557, -0.0059]],
       device='cuda:0')), ('fcs.1.bias', tensor([-4.4839e-02, -7.6095e-02, -2.8749e-02, -8.1840e-02, -4.7706e-02,
        -1.1301e-01,  1.0225e-01,  1.3412e-01, -2.9214e-02, -2.4401e-02,
         5.8454e-04, -1.8702e-02,  4.6842e-04,  9.9899e-02,  1.2719e-01,
         7.3269e-02,  1.3164e-01,  1.5853e-01, -3.5323e-02, -1.4914e-02,
         1.8339e-02,  1.6502e-02, -3.8804e-02,  5.3988e-03,  8.2103e-02,
         4.0507e-02, -5.5539e-02,  7.6735e-04, -6.0995e-02,  3.7697e-04,
         2.0130e-02, -1.1532e-02,  1.1640e-02, -2.9397e-02, -5.4462e-02,
        -5.2965e-02,  1.6027e-02,  5.9939e-05, -8.1359e-03, -1.1777e-02,
         1.0824e-02, -8.2214e-02, -6.5909e-02, -3.1487e-04,  7.3630e-05,
         8.0840e-02, -4.9262e-02, -2.9412e-04,  6.3433e-02,  1.3181e-02,
         7.3664e-03,  1.3265e-03, -2.8877e-02, -6.4358e-02,  1.0697e-03,
        -1.2748e-02,  1.0582e-01, -6.2674e-02,  6.7439e-02,  6.7750e-02,
         2.7992e-02,  5.5361e-02, -8.6548e-03, -2.1316e-02], device='cuda:0')), ('fcs.2.weight', tensor([[ 0.0216, -0.0619,  0.0237,  0.0164,  0.0403,  0.0016, -0.0653, -0.0617,
          0.1620, -0.0311, -0.0093, -0.0071, -0.0575, -0.1086, -0.0026, -0.0400,
          0.0139, -0.0068, -0.0392,  0.0098, -0.0127, -0.0254, -0.0006, -0.0627,
          0.0234, -0.0053,  0.0340, -0.0365,  0.0279, -0.0803, -0.0445,  0.0181,
         -0.0014,  0.0304, -0.0231,  0.0173, -0.0011, -0.0492, -0.0061,  0.0097,
          0.0062, -0.0960, -0.0570, -0.0070, -0.0019, -0.0308, -0.0202, -0.0218,
          0.0039,  0.0310,  0.0252, -0.0317,  0.0185,  0.0535,  0.0157,  0.0795,
         -0.0355,  0.0011, -0.0212, -0.0191, -0.0355, -0.0292, -0.1198, -0.0370]],
       device='cuda:0'))])
end of epoch 1: val_loss 2.3505931502208086, val_acc 0.8
trigger times: 1
end of epoch 2: val_loss 1.1160185932298163, val_acc 0.8
trigger times: 0
saving model weights...
Weights: OrderedDict([('fcs.0.weight', tensor([[-2.7722e-02,  3.4709e-02, -4.9768e-02,  ..., -2.0703e-02,
          6.9628e-02,  5.1754e-03],
        [-3.6266e-02,  2.0242e-01, -4.2602e-02,  ...,  1.2364e-01,
         -1.3787e-01, -2.0731e-02],
        [ 2.1287e-01,  1.3557e-01,  2.6754e-01,  ...,  7.4357e-02,
          3.1466e-01,  1.4820e-01],
        ...,
        [-2.1027e-03, -7.7038e-03, -1.7806e-04,  ...,  3.0028e-03,
         -8.0988e-04, -4.1819e-04],
        [ 7.6286e-02,  3.1720e-02, -3.0981e-02,  ...,  6.9728e-02,
          1.9505e-02,  9.8989e-02],
        [-2.5710e-01, -3.0495e-02,  6.0139e-03,  ..., -6.9363e-04,
          1.8947e-01, -2.7314e-01]], device='cuda:0')), ('fcs.0.bias', tensor([-7.8347e-02, -1.2201e-01,  4.9821e-02, -2.1289e-01, -2.2764e-01,
        -4.6618e-02, -1.0142e-01, -4.1812e-02, -1.7777e-02,  6.4395e-02,
         4.2441e-02,  1.1711e-01, -5.6053e-02,  5.9809e-02, -5.0836e-02,
         3.2978e-02, -2.4267e-01,  1.0773e-01,  1.9544e-01,  6.1375e-02,
         7.6319e-03,  1.9826e-01,  3.9716e-02, -1.6980e-01,  2.5996e-01,
        -5.2715e-02, -2.3607e-02, -1.3238e-01,  1.0122e-01,  1.2736e-02,
        -3.2801e-03, -7.2561e-02,  2.6845e-01,  6.4674e-02,  5.6753e-02,
        -3.8711e-02,  1.4566e-01,  6.7824e-02, -4.1573e-02, -8.8659e-02,
         2.9755e-01, -2.2322e-02,  1.4285e-01,  9.5964e-02,  1.2969e-02,
        -2.1860e-01, -7.8803e-02,  1.5315e-01,  9.5060e-02, -3.0787e-02,
         2.3248e-01, -1.2951e-04, -1.3324e-01, -4.8640e-02,  1.6616e-01,
         3.2138e-02, -1.8772e-04, -1.9783e-01, -1.9255e-01,  1.0500e-01,
         1.0491e-01, -9.6320e-02, -2.5696e-02, -6.3334e-02,  1.6152e-01,
        -6.8970e-02, -1.8897e-01,  2.0983e-01, -1.3750e-01, -1.2650e-01,
        -1.1333e-01,  4.6601e-02, -2.3929e-02, -3.2132e-02, -1.4532e-01,
        -1.5407e-01, -3.3870e-03, -4.2265e-02, -4.1632e-02,  1.4758e-01,
        -1.7617e-02,  1.6953e-01, -1.7213e-01,  1.6290e-01, -7.0667e-02,
        -7.0765e-02,  2.3342e-01, -4.7660e-02, -4.0078e-02, -1.0968e-01,
         4.8558e-02,  4.8125e-02, -7.2257e-02, -3.0820e-02,  2.0650e-01,
         2.7752e-02, -2.6426e-01, -2.1752e-02, -1.2906e-02,  7.6110e-02,
        -1.0758e-01, -1.2487e-01, -1.7551e-01, -8.0359e-04, -1.2318e-01,
         7.9153e-02,  2.6729e-02, -4.6873e-02,  1.3046e-01,  7.1088e-02,
        -7.8912e-02,  1.9667e-01,  1.1638e-01,  1.0756e-01, -1.3132e-01,
        -2.0727e-01, -3.9825e-02, -2.9303e-03,  2.6707e-03, -1.0085e-01,
         9.0339e-02, -2.0820e-01,  5.3893e-02,  1.4114e-01,  1.6607e-01,
        -2.8257e-03,  1.7275e-01, -9.3527e-03], device='cuda:0')), ('fcs.1.weight', tensor([[ 8.7807e-05, -2.2057e-03, -3.5767e-02,  ..., -2.1812e-05,
         -2.4379e-02, -3.5870e-02],
        [ 1.6989e-04, -5.3937e-04, -1.2027e-01,  ...,  2.7526e-05,
         -5.5054e-02, -5.9348e-02],
        [-1.6566e-05, -8.6156e-03, -1.9294e-02,  ..., -5.7266e-05,
          1.2346e-04,  1.4296e-02],
        ...,
        [-4.9770e-03,  1.4605e-02,  6.1978e-02,  ...,  2.5815e-05,
         -1.2624e-01,  1.3300e-01],
        [-5.3337e-04,  7.6701e-02, -1.6451e-01,  ...,  8.5455e-04,
         -8.0353e-03, -2.0061e-02],
        [-9.2314e-05,  4.2079e-04, -3.3623e-02,  ..., -3.5183e-04,
         -5.0947e-03, -5.1890e-02]], device='cuda:0')), ('fcs.1.bias', tensor([-4.0289e-02, -7.3345e-02, -1.2027e-02, -7.2613e-02, -1.5730e-02,
        -1.0912e-01,  8.6570e-02,  7.7530e-02, -2.6939e-02, -4.4095e-02,
        -1.1347e-01, -1.7614e-02, -7.5036e-02,  9.0197e-02,  1.2451e-01,
         5.6877e-02,  9.8731e-02,  1.5723e-01, -3.4592e-02, -6.6780e-03,
        -7.9846e-02,  1.1785e-01, -3.7478e-02,  5.2851e-03,  7.8294e-02,
        -3.8678e-02, -4.9384e-02, -6.4372e-08, -4.5791e-02, -1.7079e-02,
         1.9721e-02, -9.3114e-03, -6.9072e-03, -2.5811e-02, -8.0342e-02,
        -5.1108e-02, -1.1232e-02, -7.0505e-02, -1.0809e-01,  1.1368e-01,
         1.0631e-03, -7.0657e-02, -4.8337e-02, -1.6756e-01, -1.9207e-01,
         4.7631e-02, -3.6911e-02, -9.8178e-02,  3.3845e-03,  1.2294e-02,
        -8.9500e-03, -1.0284e-01, -2.7614e-02, -6.2436e-05, -4.2394e-02,
        -1.1854e-02,  1.8895e-01, -4.0471e-02,  4.2310e-02,  8.7858e-02,
         6.8877e-02,  1.9093e-02, -8.4730e-03, -4.4741e-02], device='cuda:0')), ('fcs.2.weight', tensor([[ 1.4587e-02, -1.4680e-02,  1.2334e-02,  6.0951e-03,  2.2946e-02,
          8.7748e-03, -6.5710e-02, -3.9733e-02,  9.2394e-02, -2.6065e-02,
          1.7973e-02,  7.9198e-03,  3.8461e-02,  6.0300e-03,  2.9878e-02,
         -3.7077e-02,  1.1620e-02, -2.2914e-02, -3.4246e-02,  2.4034e-05,
         -5.2633e-03, -4.0337e-02,  1.1340e-02, -5.1131e-02,  2.1259e-02,
         -8.6493e-03,  3.3324e-02, -2.3208e-02,  1.4451e-02, -7.6973e-02,
         -1.8277e-02, -7.9160e-02, -1.8952e-02,  9.8490e-03,  3.8624e-02,
          3.1646e-02, -5.6901e-03,  4.5233e-02,  3.5507e-02,  1.2861e-02,
          4.7327e-03, -7.3477e-02, -4.6784e-02, -1.0784e-02, -3.0903e-02,
         -3.7911e-02,  5.5338e-03,  1.1213e-02,  1.1596e-03,  8.3055e-03,
          2.7898e-02,  6.6243e-02,  1.4876e-02,  4.4870e-03,  2.5789e-02,
          7.5590e-02, -5.6069e-03,  2.3468e-02, -2.1745e-02,  6.1905e-03,
          2.8349e-03, -2.7032e-02, -1.1270e-01,  2.8344e-02]], device='cuda:0'))])
end of epoch 3: val_loss 0.615998007865801, val_acc 0.7
trigger times: 0
saving model weights...
Weights: OrderedDict([('fcs.0.weight', tensor([[-2.1417e-02,  2.0907e-02, -2.3752e-02,  ..., -1.2115e-02,
          5.4476e-02,  5.1229e-03],
        [-3.3662e-02,  1.8608e-01, -2.1771e-02,  ...,  1.0330e-01,
         -1.3147e-01, -1.6780e-02],
        [ 2.0001e-01,  1.2860e-01,  2.4519e-01,  ...,  7.4734e-02,
          3.1608e-01,  1.2097e-01],
        ...,
        [ 8.1852e-06, -2.0567e-03,  5.6854e-05,  ...,  1.8229e-03,
         -1.2908e-04, -3.1574e-04],
        [ 6.8885e-02,  3.5209e-02, -3.6001e-02,  ...,  6.5360e-02,
          1.2216e-02,  9.4748e-02],
        [-2.5174e-01, -2.8179e-02,  2.2825e-02,  ..., -1.2725e-02,
          1.7557e-01, -2.1487e-01]], device='cuda:0')), ('fcs.0.bias', tensor([-6.2374e-02, -1.1673e-01,  4.9290e-02, -2.0737e-01, -2.2526e-01,
        -8.1810e-02, -9.1558e-02,  7.7769e-02, -1.7101e-02,  6.2521e-02,
         4.2000e-02,  1.1377e-01, -5.5913e-02,  6.2014e-02, -4.0734e-02,
         3.2768e-02, -2.3019e-01,  8.6377e-02,  1.7880e-01,  4.9003e-02,
        -5.7703e-04,  1.9689e-01,  3.7565e-02, -1.6355e-01,  2.5598e-01,
        -4.5222e-02, -1.3681e-02, -1.3012e-01,  8.8964e-02,  3.9596e-03,
        -6.4426e-03, -7.1484e-02,  2.5313e-01,  5.3610e-02,  5.7171e-02,
        -1.7067e-02,  1.4214e-01,  6.9381e-02, -3.4867e-02, -7.4724e-02,
         2.8780e-01, -5.6062e-03,  1.2601e-01,  9.3755e-02,  1.3309e-02,
        -2.0392e-01, -8.7270e-02,  1.4272e-01,  7.5555e-02, -2.9793e-02,
         2.3212e-01, -1.1697e-01, -1.2966e-01, -4.8394e-02,  1.2594e-01,
         2.0841e-02, -2.9338e-06, -1.8162e-01, -1.8739e-01,  9.5084e-02,
         9.9484e-02, -8.2051e-02, -9.4563e-03, -4.2102e-02,  1.3218e-01,
        -6.3286e-02, -2.0187e-01,  1.9378e-01, -1.3417e-01, -1.0855e-01,
        -1.0003e-01,  1.6933e-02, -2.1522e-02,  6.3703e-04, -1.4715e-01,
        -1.5072e-01, -3.4047e-04, -4.0371e-02, -4.6444e-02,  1.2625e-01,
        -3.5886e-02,  1.5631e-01, -1.7069e-01,  1.6357e-01, -6.1029e-02,
        -6.7405e-02,  2.0285e-01, -2.8923e-02, -2.4744e-02, -8.5896e-02,
         4.5466e-02,  4.5673e-02, -6.8164e-02, -2.8815e-02,  1.9290e-01,
         2.7187e-02, -2.5082e-01, -2.0397e-02, -1.3322e-02,  7.2880e-02,
        -1.0729e-01, -1.2221e-01, -1.6649e-01, -4.2264e-05, -1.1869e-01,
         7.6846e-02,  1.5386e-02, -4.5442e-02,  1.1779e-01,  6.8914e-02,
        -7.3641e-02,  1.9300e-01,  1.1096e-01,  1.0016e-01, -1.2989e-01,
        -1.9181e-01, -3.6155e-02, -2.6088e-03,  4.3242e-04, -5.2032e-02,
         8.2064e-02, -1.8816e-01,  5.2120e-02,  1.3982e-01,  1.4891e-01,
        -5.6332e-05,  1.6023e-01, -7.9358e-03], device='cuda:0')), ('fcs.1.weight', tensor([[ 2.8068e-06, -2.0196e-03, -3.3217e-02,  ..., -2.8451e-07,
         -1.5192e-02, -3.2753e-02],
        [-4.3165e-05,  6.3500e-05, -1.1522e-01,  ..., -9.3264e-07,
         -5.1586e-02, -4.7405e-02],
        [-2.2558e-05, -6.4724e-03, -1.5104e-02,  ..., -4.8110e-06,
          1.3214e-03,  1.2428e-02],
        ...,
        [-1.2666e-03,  1.3619e-02,  6.1204e-02,  ...,  2.5570e-06,
         -1.2228e-01,  1.2642e-01],
        [ 2.3640e-05,  7.1911e-02, -1.6021e-01,  ...,  4.5559e-05,
         -2.7518e-03, -2.1039e-02],
        [ 6.2393e-05, -1.6181e-05, -1.0300e-02,  ...,  2.3001e-06,
          2.4545e-03,  2.8780e-03]], device='cuda:0')), ('fcs.1.bias', tensor([-3.7407e-02, -7.0059e-02, -7.3761e-03, -6.6840e-02, -7.1720e-03,
        -1.0651e-01,  8.5026e-02,  5.9320e-02, -2.3627e-02, -3.8787e-02,
        -9.8797e-02, -1.6893e-02, -6.6495e-02,  6.4132e-02,  1.1530e-01,
         1.0783e-01,  7.5485e-02,  6.0606e-02, -3.4089e-02, -4.6696e-03,
        -7.7220e-02,  1.0485e-01, -3.6580e-02,  5.2132e-03,  7.6274e-02,
        -3.4723e-02, -4.5168e-02,  2.3566e-03, -3.7521e-02, -1.6779e-02,
         1.9449e-02, -8.0244e-03, -6.5266e-03, -2.3583e-02, -7.6574e-02,
        -4.9858e-02, -1.0100e-02, -6.0131e-02, -1.0425e-01,  7.5645e-02,
         3.4063e-03, -6.3613e-02, -3.8966e-02, -1.4706e-01, -1.5796e-01,
         3.9948e-02, -3.0204e-02, -9.5714e-02,  3.6377e-04,  9.3287e-03,
        -5.9632e-03, -1.0079e-01, -2.6769e-02,  7.0290e-07, -1.2813e-01,
        -1.1186e-02,  1.7938e-01, -1.5825e-02,  3.5778e-02,  8.7307e-02,
         6.6083e-02,  1.8779e-02, -8.3418e-03, -7.6497e-03], device='cuda:0')), ('fcs.2.weight', tensor([[ 0.0135, -0.0158,  0.0021, -0.0057,  0.0195,  0.0076, -0.0662, -0.0387,
          0.0627, -0.0255,  0.0179,  0.0060,  0.0379, -0.0050,  0.0166,  0.0663,
         -0.0029, -0.0253, -0.0334,  0.0004, -0.0053, -0.0405,  0.0093, -0.0469,
          0.0203, -0.0088,  0.0332, -0.0251,  0.0111, -0.0773, -0.0151, -0.0614,
         -0.0190,  0.0067,  0.0387,  0.0060, -0.0054,  0.0446,  0.0355,  0.0320,
         -0.0007, -0.0658, -0.0452, -0.0109, -0.0307, -0.0375,  0.0020,  0.0113,
          0.0010, -0.0047,  0.0284,  0.0595,  0.0020,  0.0039,  0.0278,  0.0753,
         -0.0013,  0.0031, -0.0219, -0.0147,  0.0036, -0.0272, -0.1067, -0.0024]],
       device='cuda:0'))])
end of epoch 4: val_loss 0.3463821720652042, val_acc 0.8
trigger times: 0
saving model weights...
Weights: OrderedDict([('fcs.0.weight', tensor([[-1.6306e-02,  9.1166e-03, -9.8721e-03,  ..., -8.1673e-03,
          4.1406e-02,  4.3853e-03],
        [-3.0870e-02,  1.6871e-01, -1.0114e-02,  ...,  8.3303e-02,
         -1.2447e-01, -1.3230e-02],
        [ 1.8779e-01,  1.3200e-01,  2.2126e-01,  ...,  8.0259e-02,
          2.8899e-01,  9.9430e-02],
        ...,
        [-2.8141e-03, -4.1157e-04,  1.2310e-03,  ..., -3.6367e-04,
          3.2722e-04,  2.6196e-04],
        [ 6.8727e-02,  3.5146e-02, -3.2515e-02,  ...,  6.8618e-02,
          1.9724e-02,  8.7985e-02],
        [-2.3539e-01,  7.0218e-03, -1.8599e-02,  ..., -2.2541e-03,
          1.2334e-01, -6.5592e-02]], device='cuda:0')), ('fcs.0.bias', tensor([-4.7839e-02, -1.1086e-01,  4.0676e-02, -2.0123e-01, -2.2252e-01,
        -7.6284e-02, -8.1282e-02,  1.3430e-01, -1.6402e-02,  6.0444e-02,
         4.1529e-02,  1.0999e-01, -5.6356e-02,  5.6291e-02, -3.1481e-02,
         3.4860e-02, -2.1637e-01,  8.2229e-02,  1.6089e-01,  4.4844e-02,
        -9.8352e-04,  1.9164e-01,  3.5673e-02, -1.5660e-01,  2.2899e-01,
        -3.7742e-02, -7.1774e-03, -1.2332e-01,  7.6643e-02,  1.3181e-03,
        -3.6897e-03, -7.0252e-02,  2.3488e-01,  4.5111e-02,  5.6546e-02,
        -6.0196e-03,  1.2369e-01,  6.6120e-02, -2.8278e-02, -6.1063e-02,
         2.6854e-01,  1.0465e-02,  1.1618e-01,  9.3333e-02,  1.3080e-02,
        -1.8809e-01, -7.3435e-02,  1.4358e-01,  7.6346e-02, -2.8662e-02,
         2.1695e-01, -7.0858e-02, -1.2564e-01, -5.1783e-02,  9.7180e-02,
         1.3773e-02, -1.1357e-03, -1.6446e-01, -1.8159e-01,  9.2414e-02,
         9.6712e-02, -7.3539e-02, -4.1836e-03, -2.6027e-02,  1.2646e-01,
        -5.7185e-02, -1.9633e-01,  1.7969e-01, -1.3042e-01, -9.0734e-02,
        -8.6540e-02,  2.5628e-02, -1.9031e-02, -2.4989e-05, -1.4958e-01,
        -1.4901e-01, -9.2092e-03, -3.8237e-02, -4.4936e-02,  9.4720e-02,
        -2.2481e-02,  1.4699e-01, -1.6771e-01,  1.5666e-01, -8.4295e-02,
        -6.3679e-02,  1.9952e-01, -1.5911e-02, -1.3949e-02, -6.4753e-02,
         4.2143e-02,  4.2923e-02, -6.3611e-02, -2.6634e-02,  1.8962e-01,
         2.6539e-02, -2.3603e-01, -1.8887e-02, -1.3849e-02,  6.9358e-02,
        -1.0607e-01, -1.1908e-01, -1.5658e-01,  2.1553e-01, -1.1362e-01,
         7.2074e-02,  5.3592e-03, -4.4680e-02,  9.4896e-02,  6.6470e-02,
        -6.7948e-02,  1.8723e-01,  1.0328e-01,  9.2171e-02, -1.1864e-01,
        -1.7438e-01, -3.6885e-02, -2.0681e-03,  8.9370e-05, -2.3784e-02,
         7.7826e-02, -1.6742e-01,  5.0164e-02,  1.3836e-01,  1.4075e-01,
         2.9159e-04,  1.5509e-01, -1.5336e-02], device='cuda:0')), ('fcs.1.weight', tensor([[-1.3732e-05, -1.8164e-03, -3.0237e-02,  ...,  2.1657e-06,
         -9.1712e-03, -2.9586e-02],
        [ 6.5147e-06, -3.8806e-04, -1.1010e-01,  ..., -9.2682e-07,
         -4.8100e-02, -3.8410e-02],
        [-3.2831e-05, -4.6426e-03, -1.1323e-02,  ..., -1.8223e-06,
          6.6710e-04,  9.6809e-03],
        ...,
        [-1.9561e-04,  1.2543e-02,  6.0211e-02,  ..., -2.9310e-06,
         -1.1780e-01,  1.1924e-01],
        [ 2.7653e-04,  6.6671e-02, -1.5609e-01,  ..., -1.0302e-05,
          2.4004e-03, -2.1731e-02],
        [-4.2758e-03, -3.5534e-03,  9.7457e-02,  ...,  1.1119e-02,
          8.2835e-02,  1.1121e-01]], device='cuda:0')), ('fcs.1.bias', tensor([-3.4314e-02, -6.6425e-02, -3.5880e-03, -6.0699e-02, -4.7644e-02,
        -1.0354e-01,  8.3267e-02,  4.3402e-02, -1.8143e-02, -3.0067e-02,
        -8.3300e-02, -1.6093e-02, -5.7772e-02,  5.8761e-02,  1.1334e-01,
         9.6658e-02,  6.8578e-02,  5.5482e-02, -3.3513e-02, -3.0735e-03,
        -7.4276e-02,  9.1514e-02, -3.5564e-02,  5.1309e-03,  7.3993e-02,
        -3.0625e-02, -4.0715e-02,  1.1615e-01, -2.9748e-02, -1.6437e-02,
         1.9138e-02,  1.2026e-02, -6.1103e-03, -2.1233e-02, -7.2415e-02,
        -4.8444e-02, -8.9285e-03, -4.9956e-02, -9.9963e-02,  6.5045e-02,
         3.3295e-02, -5.6296e-02, -3.0309e-02, -1.2634e-01, -1.2579e-01,
         3.2545e-02, -2.3908e-02, -9.2929e-02,  2.2505e-05,  3.4879e-03,
        -3.7076e-03, -9.8473e-02, -2.5819e-02, -1.7758e-01, -1.0381e-01,
        -1.0456e-02,  1.7200e-01, -5.1944e-03,  2.9430e-02,  8.6614e-02,
         6.3301e-02,  1.8419e-02, -8.1919e-03,  1.4049e-01], device='cuda:0')), ('fcs.2.weight', tensor([[ 1.1867e-02, -5.6192e-03, -3.4092e-03,  9.8044e-03,  2.1866e-02,
          9.6222e-03, -6.6019e-02, -3.7820e-02,  6.1902e-02, -2.5165e-02,
          1.8269e-02,  7.7509e-03,  3.7096e-02, -5.0265e-03,  1.6889e-02,
         -4.7870e-02,  7.1292e-03, -2.5320e-02, -3.1983e-02,  8.3128e-04,
         -4.7189e-03, -4.0719e-02,  1.7302e-02, -4.3297e-02,  1.9263e-02,
         -8.6072e-03,  3.2948e-02, -4.4077e-02,  7.5332e-03, -7.7216e-02,
         -1.1352e-02, -7.1184e-02, -1.8761e-02,  6.2577e-03,  3.8784e-02,
          8.4746e-03, -5.3424e-03,  4.3395e-02,  3.5715e-02,  2.2180e-02,
         -1.9286e-02, -5.9529e-02, -4.3811e-02, -1.0620e-02, -3.0260e-02,
         -3.6948e-02,  1.0437e-03,  1.1563e-02, -1.4539e-04, -1.3292e-02,
          2.8121e-02,  6.1502e-02,  1.6425e-02, -1.6215e-01,  2.7937e-02,
          7.4293e-02,  4.1474e-03,  7.0984e-04, -2.1249e-02, -3.6128e-04,
         -6.0680e-03, -2.7080e-02, -1.0201e-01, -5.9178e-02]], device='cuda:0'))])
end of epoch 5: val_loss 1.1261403543078814, val_acc 0.5
trigger times: 1
end of epoch 6: val_loss 1.161236722709873, val_acc 0.7
trigger times: 2
end of epoch 7: val_loss 0.4411066098895219, val_acc 0.7
trigger times: 3
end of epoch 8: val_loss 0.5606264086440206, val_acc 0.6
trigger times: 4
end of epoch 9: val_loss 0.7717109442106448, val_acc 0.8
trigger times: 5
end of epoch 10: val_loss 0.6000087678228738, val_acc 0.7
trigger times: 6
end of epoch 11: val_loss 0.48214478697627783, val_acc 0.8
trigger times: 7
end of epoch 12: val_loss 0.5287885741679702, val_acc 0.8
trigger times: 8
end of epoch 13: val_loss 0.4610689594404903, val_acc 0.8
trigger times: 9
end of epoch 14: val_loss 0.7027220961636885, val_acc 0.8
trigger times: 10
Early stopping.
0 23.017640970647335 -238.56539389647227
1 21.86044305562973 -226.82452825484978
2 17.521608881652355 -226.2241731451399
3 21.5650447383523 -208.89755486387574
4 18.944015696644783 -196.9840755292238
5 24.48433617502451 -194.4017457710484
6 21.565428741276264 -193.75394353311003
7 21.170930311083794 -173.38768743356906
8 20.223853029310703 -172.73844575529262
9 27.15282056480646 -172.5849598191294
10 26.36729270964861 -148.80630048130243
11 24.978009030222893 -146.54022994848935
12 26.638412483036518 -144.9163601843784
13 24.591427706182003 -144.5098799638122
14 29.217020623385906 -129.52710350510273
15 26.311310805380344 -119.6789138826375
16 30.70150752365589 -119.53338183357056
17 26.927573777735233 -115.00841352193844
18 27.92226678133011 -113.49466461352053
19 30.051172971725464 -107.45837168117659
20 27.89293222874403 -105.49937100040788
21 29.295792624354362 -101.9104943327425
22 28.778589986264706 -101.66294130080523
23 28.35426054894924 -98.89606860541423
24 30.154837921261787 -95.1909937931514
25 28.877041444182396 -93.31854913617367
26 32.06060281395912 -85.41926577166943
27 30.589418306946754 -83.18012153468804
28 27.858852744102478 -79.47665068598401
29 27.989253140985966 -77.34308621853297
30 31.000043243169785 -60.56041622227008
31 31.297704204916954 -58.68833689293549
32 30.90449546277523 -22.79021187897909
33 29.704647101461887 -19.65788926803626
34 31.606703102588654 -16.74518768263467
35 32.66811157763004 -13.719402302108403
36 30.588643580675125 4.235189873860978
37 31.462843388319016 5.0952806210809465
38 33.09365230798721 10.178796790507759
39 30.59435810148716 13.541055788508864
40 30.640615954995155 14.989710929193077
41 30.82456238567829 21.802029683432238
42 31.25982742011547 31.12027905920427
43 32.15981428325176 40.64550156746333
44 32.83585627377033 40.69898986216935
45 31.560502588748932 50.09032867204584
46 33.28954590857029 57.290535515424786
47 29.626511231064796 60.51441689036072
48 28.772963106632233 62.587858111632386
49 32.62853243947029 63.47489586756552
50 32.29856860637665 65.395531990224
51 32.496012166142464 68.71330703108626
52 32.05331686139107 69.48459209048262
53 33.02162207663059 72.16624272108386
54 31.337782114744186 74.2233202149037
55 31.13359932601452 79.16074531670823
56 29.989320561289787 80.25553156558418
57 31.810104116797447 87.50520028403979
58 31.914305835962296 90.28646231697512
59 32.521843895316124 90.72533900600311
60 32.70962016284466 91.52552635781885
61 29.731220468878746 91.95773979158345
62 27.718075022101402 92.99221310223136
63 30.05157807469368 94.14052712880752
64 30.881558015942574 94.28590507273401
65 30.51543600857258 95.24073532592021
66 30.536496222019196 96.09581961281374
67 31.947288811206818 96.50341248035636
68 31.07337962090969 97.45820290396632
69 31.49222804605961 97.90553231413178
70 32.89742152392864 98.27346635731779
71 31.916659876704216 98.35872828331676
72 32.124216601252556 98.9255090371917
73 31.968344569206238 99.09003071828721
74 31.17669577896595 99.89253842063019
75 32.76346665620804 100.07765055593329
76 31.569811761379242 101.35869827851857
77 32.29011645913124 103.56921378052652
78 32.799525529146194 103.74194540937737
79 31.359699800610542 104.00039883786899
80 32.96082642674446 104.36031383612816
81 31.153218045830727 104.79584301893571
82 31.988295048475266 105.40349710769756
83 32.87350958585739 105.60678192821229
84 32.023657485842705 106.26867976298877
85 29.473231077194214 106.37916921043517
86 32.77740141749382 106.67969423997131
87 31.829964503645897 106.81132709017433
88 31.662759214639664 107.05410485829283
89 31.185305520892143 107.44441498172971
90 31.333943888545036 107.68792314282867
91 31.117020159959793 107.72369032284489
92 30.323782935738564 108.58631070626225
93 30.136661753058434 108.79454915391223
94 32.85260473191738 109.15712102315346
95 32.666341096162796 109.71287331230647
96 32.26527497172356 110.48639228144049
97 32.039667159318924 111.4630258761226
98 33.12334543466568 112.59201367677376
99 31.61055536568165 113.4530990931055
100 31.779687866568565 114.85996346749971
101 32.051343739032745 115.04838323377467
102 33.38791839778423 115.5646624637931
103 29.662086963653564 115.77027450439896
104 30.872549653053284 116.29805012422126
105 30.804150611162186 116.38499266629886
106 33.12092177569866 116.4198907102986
107 31.147302240133286 117.08008835928221
108 32.21393309533596 117.29357601720739
109 33.02625520527363 118.29160885622866
110 31.164640739560127 119.01062500757773
111 31.830791667103767 120.85290512447664
112 34.26869085431099 120.8902150231427
113 33.58093327283859 121.40892075278066
114 32.230220541357994 122.30522808413322
115 33.18352445960045 129.13346806288703
116 31.69792002439499 129.67718524437547
117 32.64624086022377 129.79664443488912
118 32.59971542656422 130.61780866873775
119 34.30436886847019 131.40806576766226
train accuracy: 0.9
validation accuracy: 0.8
test accuracy: 0.6757703081232493
