demo lengths 200
demos: (120, 200, 25)
demo_rewards: (120,)
[-238.5653939  -226.82452825 -226.22417315 -208.89755486 -196.98407553
 -194.40174577 -193.75394353 -173.38768743 -172.73844576 -172.58495982
 -148.80630048 -146.54022995 -144.91636018 -144.50987996 -129.52710351
 -119.67891388 -119.53338183 -115.00841352 -113.49466461 -107.45837168
 -105.499371   -101.91049433 -101.6629413   -98.89606861  -95.19099379
  -93.31854914  -85.41926577  -83.18012153  -79.47665069  -77.34308622
  -60.56041622  -58.68833689  -22.79021188  -19.65788927  -16.74518768
  -13.7194023     4.23518987    5.09528062   10.17879679   13.54105579
   14.98971093   21.80202968   31.12027906   40.64550157   40.69898986
   50.09032867   57.29053552   60.51441689   62.58785811   63.47489587
   65.39553199   68.71330703   69.48459209   72.16624272   74.22332021
   79.16074532   80.25553157   87.50520028   90.28646232   90.72533901
   91.52552636   91.95773979   92.9922131    94.14052713   94.28590507
   95.24073533   96.09581961   96.50341248   97.4582029    97.90553231
   98.27346636   98.35872828   98.92550904   99.09003072   99.89253842
  100.07765056  101.35869828  103.56921378  103.74194541  104.00039884
  104.36031384  104.79584302  105.40349711  105.60678193  106.26867976
  106.37916921  106.67969424  106.81132709  107.05410486  107.44441498
  107.68792314  107.72369032  108.58631071  108.79454915  109.15712102
  109.71287331  110.48639228  111.46302588  112.59201368  113.45309909
  114.85996347  115.04838323  115.56466246  115.7702745   116.29805012
  116.38499267  116.41989071  117.08008836  117.29357602  118.29160886
  119.01062501  120.85290512  120.89021502  121.40892075  122.30522808
  129.13346806  129.67718524  129.79664443  130.61780867  131.40806577]
maximum traj length 200
maximum traj length 200
num training_obs 90
num training_labels 90
num val_obs 10
num val_labels 10
num test_obs 7140
num test_labels 7140
ModuleList(
  (0): Linear(in_features=25, out_features=128, bias=True)
  (1): Linear(in_features=128, out_features=64, bias=True)
  (2): Linear(in_features=64, out_features=1, bias=False)
)
Total number of parameters: 11648
Number of trainable paramters: 11648
device: cuda:0
end of epoch 0: val_loss 0.7636400893330574, val_acc 0.4
trigger times: 0
saving model weights...
Weights: OrderedDict([('fcs.0.weight', tensor([[ 0.0428, -0.0069, -0.0545,  ...,  0.0282, -0.0925, -0.0228],
        [ 0.0243,  0.0587,  0.1106,  ..., -0.0217, -0.0111, -0.0016],
        [-0.1879, -0.0620,  0.0771,  ...,  0.1256,  0.0293,  0.1504],
        ...,
        [-0.2108, -0.0491, -0.0493,  ..., -0.0844, -0.0906,  0.1183],
        [ 0.0545,  0.1226, -0.0958,  ..., -0.1107, -0.0422, -0.2036],
        [ 0.1681, -0.0580,  0.2619,  ...,  0.1880,  0.1844,  0.0847]],
       device='cuda:0')), ('fcs.0.bias', tensor([-0.0901,  0.1642,  0.1996, -0.0605, -0.1180,  0.1111,  0.0998,  0.1942,
        -0.1839,  0.0988, -0.0456,  0.0234, -0.0802, -0.1672,  0.0338, -0.0498,
        -0.0501,  0.0553,  0.0403,  0.0335,  0.0054,  0.1235, -0.2877, -0.1199,
         0.1744, -0.0796,  0.0057, -0.2108, -0.0885, -0.1936, -0.1087,  0.1684,
         0.0232, -0.1211,  0.0538, -0.0069,  0.0025,  0.2447, -0.0011, -0.1697,
         0.1553,  0.0003, -0.0903,  0.0831, -0.1734,  0.1443, -0.0182,  0.0036,
        -0.2124, -0.1297, -0.0101, -0.0947, -0.1215, -0.0023, -0.1833,  0.2285,
         0.1147, -0.0468, -0.0437,  0.0439, -0.0334, -0.0996, -0.0409, -0.0633,
         0.2016, -0.0540, -0.1699, -0.1477,  0.0100, -0.1262, -0.0265, -0.1460,
         0.0608, -0.1020,  0.1362,  0.0641,  0.0613, -0.2080, -0.0188,  0.0747,
         0.1717,  0.1351,  0.0335, -0.1627,  0.0631,  0.1646,  0.1607, -0.0265,
         0.0298, -0.0787, -0.2151, -0.0497, -0.0504, -0.0486, -0.2047, -0.0228,
        -0.0719, -0.0945, -0.1456,  0.0427,  0.0326,  0.1298, -0.0501,  0.2331,
         0.0860, -0.0950, -0.0255, -0.1043,  0.1029,  0.0249, -0.0998, -0.0157,
         0.1464, -0.0888, -0.0542,  0.0642, -0.2087,  0.0811, -0.0458, -0.1454,
         0.1032,  0.0337,  0.0447, -0.0680, -0.0987, -0.1454, -0.1298,  0.1635],
       device='cuda:0')), ('fcs.1.weight', tensor([[-0.0008, -0.0506, -0.1308,  ..., -0.0029, -0.0468, -0.0593],
        [ 0.0139, -0.0186, -0.1238,  ...,  0.0075,  0.1120, -0.0102],
        [-0.1043,  0.0223, -0.0944,  ..., -0.0472,  0.0516,  0.0193],
        ...,
        [-0.0008, -0.0464, -0.0791,  ...,  0.0095, -0.0012, -0.0383],
        [-0.0009, -0.0448, -0.1100,  ...,  0.0037, -0.0953, -0.1120],
        [-0.0014, -0.0368, -0.0133,  ..., -0.0020,  0.0149, -0.0213]],
       device='cuda:0')), ('fcs.1.bias', tensor([-0.1394,  0.0715, -0.0686, -0.0003,  0.0992, -0.0216, -0.0317,  0.0708,
        -0.1413,  0.0759,  0.0182, -0.0532,  0.0020,  0.0139,  0.0820, -0.0635,
         0.1030, -0.0587, -0.0994, -0.0769, -0.0154,  0.0219, -0.0660, -0.0252,
         0.0014,  0.0109,  0.0897,  0.0468, -0.1097, -0.0229,  0.0007, -0.1644,
         0.0114, -0.0091,  0.0924, -0.0330,  0.0227, -0.0469, -0.0758, -0.0295,
         0.0009,  0.0311, -0.1557,  0.0645, -0.0536, -0.1035, -0.1535,  0.0369,
        -0.1072, -0.0298, -0.0603, -0.0234, -0.0884, -0.1447,  0.0802, -0.0884,
        -0.1027, -0.0541, -0.0346,  0.0641, -0.0207, -0.0722, -0.0264, -0.0959],
       device='cuda:0')), ('fcs.2.weight', tensor([[ 1.2276e-02, -4.5311e-02, -2.8432e-02, -1.8068e-02, -2.7921e-02,
          1.2335e-01, -4.3849e-02, -9.4559e-03,  2.1478e-02,  4.1885e-02,
          1.1994e-02, -1.8980e-02,  1.1316e-03, -3.7031e-03,  1.2147e-02,
         -1.8944e-02, -1.6142e-02,  1.4325e-02, -1.0600e-02, -2.5303e-02,
          2.9902e-02,  4.9321e-02,  3.4914e-02,  1.1196e-02, -8.3259e-03,
         -7.0758e-03, -4.1434e-03, -7.2492e-02, -1.2282e-04,  3.2183e-02,
         -9.0511e-03, -6.7561e-04,  1.7157e-02,  2.6209e-02, -2.1142e-03,
         -5.2733e-02,  1.2252e-02,  3.6882e-02,  1.6726e-02, -1.2430e-02,
          1.7343e-02,  3.0046e-02,  5.1474e-02, -2.2698e-02,  4.3214e-03,
          1.5707e-02, -1.4023e-03,  8.7879e-03,  2.9012e-03,  3.8287e-02,
         -2.9993e-02,  2.0850e-02, -7.0342e-02, -5.4489e-02, -3.7815e-03,
         -4.5216e-02, -5.4007e-02,  5.1348e-02,  8.9111e-03, -1.4761e-03,
          4.2464e-02, -1.6196e-02, -5.7498e-02, -1.8286e-02]], device='cuda:0'))])
end of epoch 1: val_loss 0.2671211385196102, val_acc 0.8
trigger times: 0
saving model weights...
Weights: OrderedDict([('fcs.0.weight', tensor([[ 0.0423, -0.0068, -0.0525,  ...,  0.0276, -0.0916, -0.0187],
        [ 0.0350,  0.0491,  0.1058,  ..., -0.0358,  0.0018, -0.0602],
        [-0.1537, -0.0869,  0.0455,  ...,  0.1408,  0.0393, -0.0189],
        ...,
        [-0.1667, -0.0396, -0.0180,  ..., -0.0041, -0.0853, -0.0333],
        [ 0.0521,  0.1187, -0.0838,  ..., -0.1057, -0.0404, -0.1326],
        [ 0.1583, -0.0826,  0.2370,  ...,  0.1463,  0.1774,  0.0858]],
       device='cuda:0')), ('fcs.0.bias', tensor([-8.9347e-02,  1.5598e-01,  1.8435e-01, -1.3251e-03, -4.5375e-02,
         1.2361e-01,  9.2888e-02,  1.8291e-01, -1.7689e-01,  9.5294e-02,
        -3.8277e-02,  6.6343e-02, -1.1340e-01, -1.5665e-01,  2.8259e-02,
        -4.5893e-02, -9.1495e-02,  5.7734e-02,  3.9116e-02,  2.6418e-02,
         4.9969e-03,  2.9683e-02, -2.7828e-01, -1.0840e-01,  1.5875e-01,
        -7.8001e-02, -6.4702e-02, -1.9328e-01, -7.5319e-02, -1.7139e-01,
        -1.0587e-01,  1.5513e-01,  2.2494e-02, -6.6727e-02,  4.4480e-02,
        -2.3047e-02,  1.9281e-05,  2.2894e-01, -8.8082e-04, -1.6643e-01,
         1.5951e-01, -1.0124e-01, -6.7099e-02,  8.1278e-02, -1.7166e-01,
         1.1379e-01, -8.9745e-02,  1.5185e-03, -1.8867e-01, -1.2363e-01,
        -1.1554e-01, -9.2327e-02, -1.1484e-01, -5.9449e-02, -1.4496e-01,
         1.7277e-01,  1.0700e-01, -4.3305e-02, -4.6402e-02,  4.3141e-02,
        -3.2512e-02, -9.7258e-02, -3.5682e-02, -6.2898e-02,  1.8931e-01,
        -3.1914e-02, -1.5971e-01, -1.1902e-01,  3.6023e-03, -1.1989e-01,
        -1.4449e-03, -1.4149e-01,  5.5046e-02, -1.0998e-01,  1.1512e-01,
         6.3067e-02,  6.0105e-02, -1.9345e-01, -1.5620e-02,  7.3843e-02,
         1.5998e-01,  1.2266e-01,  5.2600e-02, -1.5373e-01,  6.1960e-02,
         7.7892e-02,  1.4960e-01,  1.0810e-01,  2.9286e-02, -5.9553e-02,
        -1.5359e-01, -4.5149e-02, -7.0043e-02, -4.5729e-02, -2.0097e-01,
        -2.2315e-02, -6.9551e-02, -9.3359e-02, -7.1091e-02,  2.8696e-02,
         3.7000e-02,  1.3124e-01, -5.6459e-02,  2.2301e-01,  5.8461e-02,
        -8.3101e-02, -3.1019e-03, -1.0079e-01,  6.9394e-02,  2.0988e-02,
        -1.0785e-01, -1.9277e-02,  1.2156e-01, -1.7536e-02, -4.7360e-02,
         4.1962e-02, -1.9880e-01,  8.0138e-02, -9.1895e-02, -1.4383e-01,
         9.8112e-02,  4.3549e-02, -1.2726e-01, -4.6231e-02, -9.3281e-02,
        -1.2924e-01, -1.2450e-01,  1.5286e-01], device='cuda:0')), ('fcs.1.weight', tensor([[ 9.9073e-04, -4.9018e-02, -1.2014e-01,  ...,  1.9553e-04,
         -4.1227e-02, -5.5051e-02],
        [ 1.1556e-02, -1.2361e-02, -1.1972e-01,  ..., -2.0711e-04,
          9.8386e-02, -1.7404e-02],
        [-8.4502e-02,  2.2013e-02, -9.1876e-02,  ..., -3.8851e-02,
          4.8523e-02,  1.8138e-02],
        ...,
        [ 2.0901e-03, -1.9102e-02, -4.1855e-02,  ...,  8.3121e-04,
         -9.0479e-07, -1.0759e-02],
        [ 1.0471e-03, -3.9343e-02, -9.0004e-02,  ...,  5.4866e-05,
         -7.6390e-02, -9.4839e-02],
        [ 1.9887e-03, -2.5748e-02, -6.8239e-03,  ...,  4.2846e-04,
          1.3491e-04, -1.0592e-02]], device='cuda:0')), ('fcs.1.bias', tensor([-0.1372,  0.0557, -0.0663, -0.0892,  0.0931, -0.0208, -0.0302,  0.0669,
        -0.1310,  0.0749, -0.1393, -0.0475, -0.0661,  0.0827,  0.1347, -0.0601,
        -0.0423, -0.0587, -0.0940, -0.0396, -0.0009,  0.0183, -0.0635, -0.0230,
         0.0012, -0.0175,  0.0410,  0.0441, -0.1010,  0.0431,  0.2697, -0.1733,
         0.0057, -0.0169,  0.0332, -0.0327,  0.0222, -0.0479, -0.0704, -0.0832,
         0.0008,  0.0299, -0.1399,  0.0537, -0.0506, -0.0879, -0.1382, -0.0504,
        -0.0814, -0.0290, -0.0598, -0.0243, -0.0879, -0.1419,  0.0724, -0.0813,
        -0.0997, -0.0567, -0.0315,  0.0568, -0.0173, -0.0430, -0.0255, -0.0819],
       device='cuda:0')), ('fcs.2.weight', tensor([[ 0.0185, -0.0450, -0.0274, -0.0366, -0.0827,  0.1378, -0.0173,  0.0097,
          0.0423,  0.0263, -0.0177,  0.0054, -0.0458, -0.0224,  0.0089, -0.0137,
         -0.0554, -0.0146, -0.0102, -0.0225,  0.0121,  0.0503,  0.0338,  0.0171,
         -0.0054, -0.0473,  0.0176, -0.0765, -0.0010,  0.0256, -0.0454, -0.0096,
          0.0079,  0.0046, -0.0229, -0.0501,  0.0120,  0.0670,  0.0103, -0.0059,
         -0.0264,  0.0407,  0.0533,  0.0100,  0.0178, -0.0158,  0.0209,  0.0273,
          0.0227,  0.0629, -0.0293, -0.0034, -0.0593, -0.0507,  0.0043, -0.0437,
         -0.0524,  0.0024,  0.0090,  0.0064,  0.0149,  0.0012,  0.0068,  0.0148]],
       device='cuda:0'))])
end of epoch 2: val_loss 0.7510979922604747, val_acc 0.4
trigger times: 1
end of epoch 3: val_loss 0.09945864293840145, val_acc 1.0
trigger times: 0
saving model weights...
Weights: OrderedDict([('fcs.0.weight', tensor([[ 0.0412, -0.0073, -0.0464,  ...,  0.0249, -0.0886, -0.0061],
        [-0.0128,  0.0643, -0.0031,  ...,  0.0125, -0.0964, -0.0608],
        [-0.2472, -0.0586, -0.0292,  ...,  0.1897, -0.1781, -0.0636],
        ...,
        [-0.0581, -0.0136,  0.0011,  ..., -0.0072, -0.0409, -0.0214],
        [ 0.0457,  0.1094, -0.0557,  ..., -0.0917, -0.0358, -0.0336],
        [ 0.1942, -0.0762,  0.1289,  ...,  0.1482,  0.2041,  0.1056]],
       device='cuda:0')), ('fcs.0.bias', tensor([-8.6582e-02,  5.4329e-02, -4.2092e-02, -1.5525e-01, -2.1127e-03,
         1.0865e-01,  8.6214e-02,  1.8436e-01, -1.6086e-01,  9.4599e-02,
        -6.7532e-03,  8.0256e-03, -1.0936e-01, -1.2732e-01,  1.2212e-01,
        -3.6606e-02, -1.5935e-02,  2.2666e-02,  2.7883e-02, -1.6351e-01,
        -1.6290e-01,  2.3901e-02, -2.5075e-01, -8.0646e-02,  1.6862e-01,
        -7.3599e-02, -1.6036e-02, -1.7296e-01, -6.0675e-02, -3.6356e-01,
        -1.0299e-01,  1.6854e-01,  2.1673e-02, -1.0896e-02,  2.5520e-02,
        -1.1756e-03, -2.1744e-01,  3.4311e-01,  3.1777e-04, -1.5864e-01,
         2.9028e-01, -3.6487e-02, -2.8867e-02,  7.6123e-02, -1.4602e-01,
         2.2243e-01, -2.0383e-02,  2.0146e-04, -1.2773e-01, -1.0862e-01,
        -1.7715e-01, -8.6043e-02, -8.3063e-02, -8.3588e-02, -2.3852e-01,
         2.2547e-01,  1.7931e-01, -3.7939e-02, -2.4568e-01,  4.1239e-02,
        -3.0317e-02, -9.3221e-02, -2.3147e-02, -6.1902e-02,  2.2282e-01,
        -6.8395e-03, -1.2362e-01, -5.8208e-02,  4.3587e-04, -2.7059e-01,
        -8.8195e-02, -1.2874e-01,  2.5819e-01,  5.7772e-02,  1.3452e-01,
         4.3348e-02,  3.8259e-02, -1.5504e-01, -9.6168e-03,  7.1248e-02,
         1.5509e-01,  2.5929e-01, -3.4521e-02, -1.3077e-01,  5.8978e-02,
         4.3112e-02,  9.6591e-02, -1.0789e-01,  2.7805e-02, -1.7716e-02,
        -5.7359e-02, -3.3339e-02, -1.4833e-01, -3.6273e-02, -1.3959e-01,
        -2.1182e-02, -6.1887e-02, -8.9768e-02, -1.1831e-02,  9.5540e-03,
        -1.2857e-02,  3.2187e-02, -5.3618e-03,  3.2743e-01, -1.1483e-01,
         1.5281e-02,  9.8557e-06, -1.9696e-01, -9.7685e-02,  6.7463e-03,
         7.2553e-02, -4.9383e-02,  3.0088e-01, -1.2840e-04, -3.6639e-02,
        -9.7999e-02, -1.7041e-01,  7.7073e-02, -2.9564e-02, -1.3956e-01,
         1.1425e-01, -1.3513e-01, -1.1125e-01, -6.8930e-02, -7.9874e-02,
        -6.2869e-02, -1.1024e-01,  2.0579e-01], device='cuda:0')), ('fcs.1.weight', tensor([[ 4.9669e-04, -4.3139e-02, -9.4119e-02,  ...,  2.6220e-05,
         -2.8343e-02, -4.4656e-02],
        [ 6.4898e-03, -8.4977e-03, -9.2721e-02,  ...,  2.0797e-05,
          6.6956e-02, -1.4861e-02],
        [-4.5304e-02,  2.0388e-02, -8.3394e-02,  ..., -2.1688e-02,
          4.0348e-02,  1.6545e-02],
        ...,
        [ 1.0514e-03, -2.8632e-02, -1.5047e-01,  ..., -5.6868e-05,
         -2.0897e-04, -1.3273e-01],
        [-1.3714e-04, -2.9876e-02, -5.6036e-02,  ..., -1.8616e-05,
         -3.9623e-02, -6.2645e-02],
        [ 1.3231e-03,  5.1204e-04, -7.6595e-02,  ...,  1.8479e-04,
          1.0094e-04, -1.2716e-01]], device='cuda:0')), ('fcs.1.bias', tensor([-0.1307,  0.0450, -0.0582, -0.1838, -0.0327, -0.1434, -0.0260, -0.0650,
        -0.1395,  0.0718, -0.0558, -0.1649, -0.0400,  0.0375, -0.0096, -0.0545,
        -0.1422, -0.0561, -0.0785, -0.0349, -0.1132, -0.0070, -0.0906, -0.0181,
        -0.0081, -0.0823,  0.0318,  0.0371, -0.0792, -0.0503,  0.1914, -0.1045,
        -0.1185, -0.0134, -0.0148, -0.0317,  0.0208, -0.0421, -0.0567, -0.0119,
        -0.0741,  0.0191, -0.1274,  0.0311, -0.0447, -0.0156, -0.1062, -0.0251,
        -0.0396,  0.0039, -0.0581, -0.0233, -0.0865, -0.1340,  0.0304, -0.0635,
        -0.0914, -0.0602, -0.0239, -0.0645, -0.0149, -0.1665, -0.0229, -0.1856],
       device='cuda:0')), ('fcs.2.weight', tensor([[ 0.0230, -0.0389, -0.0257,  0.1229, -0.0696,  0.1577, -0.0102,  0.0541,
          0.0151,  0.0299, -0.0174, -0.0742,  0.0126, -0.0252, -0.0459, -0.0010,
          0.0110, -0.0117, -0.0095, -0.0177, -0.1227,  0.0418,  0.0201,  0.0152,
          0.0174, -0.0499,  0.0176, -0.0924, -0.0041, -0.1126,  0.0375, -0.0144,
          0.0077,  0.0160, -0.0184, -0.0455,  0.0119,  0.0937,  0.0054,  0.0038,
          0.0918, -0.0485, -0.0018,  0.0809,  0.0316, -0.0125,  0.0399,  0.0285,
          0.0281, -0.0159, -0.0291,  0.0005, -0.0463, -0.0475,  0.0110, -0.0415,
         -0.0510, -0.0106,  0.0284,  0.0482,  0.0047,  0.0823, -0.0098,  0.0754]],
       device='cuda:0'))])
end of epoch 4: val_loss 0.7834121054038405, val_acc 0.3
trigger times: 1
end of epoch 5: val_loss 0.4287553296725939, val_acc 0.7
trigger times: 2
end of epoch 6: val_loss 0.2894139249399359, val_acc 0.8
trigger times: 3
end of epoch 7: val_loss 0.26421292922459544, val_acc 0.9
trigger times: 4
end of epoch 8: val_loss 0.36777786758029835, val_acc 0.9
trigger times: 5
end of epoch 9: val_loss 0.2262972517637536, val_acc 1.0
trigger times: 6
end of epoch 10: val_loss 0.23413198238267796, val_acc 0.9
trigger times: 7
end of epoch 11: val_loss 5.451461008749175, val_acc 0.2
trigger times: 8
end of epoch 12: val_loss 0.878691625724602, val_acc 0.9
trigger times: 9
end of epoch 13: val_loss 0.786314046382904, val_acc 0.4
trigger times: 10
Early stopping.
0 -14.08963431417942 -238.56539389647227
1 -13.115658685564995 -226.82452825484978
2 -12.116097901016474 -226.2241731451399
3 -12.81201896071434 -208.89755486387574
4 -11.999308954924345 -196.9840755292238
5 -12.308401390910149 -194.4017457710484
6 -11.758172500878572 -193.75394353311003
7 -12.712172206491232 -173.38768743356906
8 -11.223356064409018 -172.73844575529262
9 -10.922660738229752 -172.5849598191294
10 -13.508783973753452 -148.80630048130243
11 -13.555286958813667 -146.54022994848935
12 -12.74468594789505 -144.9163601843784
13 -13.031924329698086 -144.5098799638122
14 -12.368977695703506 -129.52710350510273
15 -11.529207576066256 -119.6789138826375
16 -12.025301486253738 -119.53338183357056
17 -12.108252715319395 -115.00841352193844
18 -10.708798006176949 -113.49466461352053
19 -12.71804155036807 -107.45837168117659
20 -13.44273180514574 -105.49937100040788
21 -12.239556595683098 -101.9104943327425
22 -10.90626460686326 -101.66294130080523
23 -11.853103250265121 -98.89606860541423
24 -12.500790115445852 -95.1909937931514
25 -12.36095355823636 -93.31854913617367
26 -12.086358342319727 -85.41926577166943
27 -11.140230141580105 -83.18012153468804
28 -10.917253341525793 -79.47665068598401
29 -10.854106184095144 -77.34308621853297
30 -11.30548033863306 -60.56041622227008
31 -11.543373513966799 -58.68833689293549
32 -13.067073460668325 -22.79021187897909
33 -11.826396368443966 -19.65788926803626
34 -11.980540107935667 -16.74518768263467
35 -11.864540219306946 -13.719402302108403
36 -11.265720218420029 4.235189873860978
37 -11.050728801637888 5.0952806210809465
38 -11.71246450394392 10.178796790507759
39 -12.51443351060152 13.541055788508864
40 -12.461054418236017 14.989710929193077
41 -11.021629121154547 21.802029683432238
42 -11.269733913242817 31.12027905920427
43 -11.108101651072502 40.64550156746333
44 -12.312073275446892 40.69898986216935
45 -11.599910277873278 50.09032867204584
46 -11.429926805198193 57.290535515424786
47 -12.090395972132683 60.51441689036072
48 -11.062234055250883 62.587858111632386
49 -12.41743491590023 63.47489586756552
50 -12.621448077261448 65.395531990224
51 -12.099972892552614 68.71330703108626
52 -12.898856319487095 69.48459209048262
53 -12.435589138418436 72.16624272108386
54 -11.840057216584682 74.2233202149037
55 -11.673100128769875 79.16074531670823
56 -11.437720317393541 80.25553156558418
57 -12.162263665348291 87.50520028403979
58 -12.68203029036522 90.28646231697512
59 -11.892578534781933 90.72533900600311
60 -11.524386629462242 91.52552635781885
61 -12.41494220122695 91.95773979158345
62 -10.850737031549215 92.99221310223136
63 -10.827004127204418 94.14052712880752
64 -11.26668132469058 94.28590507273401
65 -12.357406936585903 95.24073532592021
66 -11.146739352494478 96.09581961281374
67 -12.384198267012835 96.50341248035636
68 -12.438204638659954 97.45820290396632
69 -12.520041141659021 97.90553231413178
70 -11.801637701690197 98.27346635731779
71 -12.377225913107395 98.35872828331676
72 -12.296493880450726 98.9255090371917
73 -12.41388614475727 99.09003071828721
74 -11.861109141260386 99.89253842063019
75 -12.292873363941908 100.07765055593329
76 -12.716638084501028 101.35869827851857
77 -10.92531606182456 103.56921378052652
78 -11.771675042808056 103.74194540937737
79 -12.648726545274258 104.00039883786899
80 -11.650448426604271 104.36031383612816
81 -11.943534269928932 104.79584301893571
82 -11.78053905442357 105.40349710769756
83 -11.823939841240644 105.60678192821229
84 -12.415069315582514 106.26867976298877
85 -11.101808927953243 106.37916921043517
86 -10.759189017117023 106.67969423997131
87 -11.998384218662977 106.81132709017433
88 -12.25063082575798 107.05410485829283
89 -11.956997878849506 107.44441498172971
90 -12.369681045413017 107.68792314282867
91 -12.659701500087976 107.72369032284489
92 -11.372141622006893 108.58631070626225
93 -12.236188754439354 108.79454915391223
94 -12.697247594594955 109.15712102315346
95 -11.92370655015111 109.71287331230647
96 -12.09735930711031 110.48639228144049
97 -12.060398310422897 111.4630258761226
98 -12.080494411289692 112.59201367677376
99 -11.200285885483027 113.4530990931055
100 -11.529548469930887 114.85996346749971
101 -11.544749308377504 115.04838323377467
102 -12.403446890413761 115.5646624637931
103 -10.638469185680151 115.77027450439896
104 -11.537298016250134 116.29805012422126
105 -11.853362508118153 116.38499266629886
106 -12.279779396951199 116.4198907102986
107 -12.024929843842983 117.08008835928221
108 -11.1824506893754 117.29357601720739
109 -12.27852138504386 118.29160885622866
110 -12.681195311248302 119.01062500757773
111 -11.558889456093311 120.85290512447664
112 -12.31565135344863 120.8902150231427
113 -11.928626332432032 121.40892075278066
114 -11.319192051887512 122.30522808413322
115 -12.695666749030352 129.13346806288703
116 -12.786525525152683 129.67718524437547
117 -12.520121645182371 129.79664443488912
118 -12.628333579748869 130.61780866873775
119 -12.738519500941038 131.40806576766226
train accuracy: 0.5555555555555556
validation accuracy: 0.4
test accuracy: 0.5106442577030812
