demo lengths 200
demos: (120, 200, 25)
demo_rewards: (120,)
[-238.5653939  -226.82452825 -226.22417315 -208.89755486 -196.98407553
 -194.40174577 -193.75394353 -173.38768743 -172.73844576 -172.58495982
 -148.80630048 -146.54022995 -144.91636018 -144.50987996 -129.52710351
 -119.67891388 -119.53338183 -115.00841352 -113.49466461 -107.45837168
 -105.499371   -101.91049433 -101.6629413   -98.89606861  -95.19099379
  -93.31854914  -85.41926577  -83.18012153  -79.47665069  -77.34308622
  -60.56041622  -58.68833689  -22.79021188  -19.65788927  -16.74518768
  -13.7194023     4.23518987    5.09528062   10.17879679   13.54105579
   14.98971093   21.80202968   31.12027906   40.64550157   40.69898986
   50.09032867   57.29053552   60.51441689   62.58785811   63.47489587
   65.39553199   68.71330703   69.48459209   72.16624272   74.22332021
   79.16074532   80.25553157   87.50520028   90.28646232   90.72533901
   91.52552636   91.95773979   92.9922131    94.14052713   94.28590507
   95.24073533   96.09581961   96.50341248   97.4582029    97.90553231
   98.27346636   98.35872828   98.92550904   99.09003072   99.89253842
  100.07765056  101.35869828  103.56921378  103.74194541  104.00039884
  104.36031384  104.79584302  105.40349711  105.60678193  106.26867976
  106.37916921  106.67969424  106.81132709  107.05410486  107.44441498
  107.68792314  107.72369032  108.58631071  108.79454915  109.15712102
  109.71287331  110.48639228  111.46302588  112.59201368  113.45309909
  114.85996347  115.04838323  115.56466246  115.7702745   116.29805012
  116.38499267  116.41989071  117.08008836  117.29357602  118.29160886
  119.01062501  120.85290512  120.89021502  121.40892075  122.30522808
  129.13346806  129.67718524  129.79664443  130.61780867  131.40806577]
maximum traj length 200
maximum traj length 200
num training_obs 90
num training_labels 90
num val_obs 10
num val_labels 10
num test_obs 7140
num test_labels 7140
device: cpu
end of epoch 0: val_loss 3.529169245570665, val_acc 0.4
trigger times: 0
saving model weights...
Weights: OrderedDict([('fc1.weight', tensor([[-2.0233e-02,  1.1715e-01, -8.8256e-02,  ...,  1.2670e-02,
          9.9220e-02, -4.3119e-03],
        [-1.8941e-02,  4.6751e-02,  1.0506e-03,  ...,  4.4615e-07,
         -6.8705e-02, -2.1820e-03],
        [ 1.5036e-01,  1.3853e-01,  1.1474e-01,  ...,  8.2318e-03,
          1.7341e-01,  9.6168e-02],
        ...,
        [ 1.8255e-03,  1.0630e-03,  3.7484e-04,  ..., -1.9535e-03,
          1.6342e-03, -3.0165e-02],
        [-1.3414e-02,  1.3642e-03, -6.4547e-04,  ..., -2.7029e-03,
         -3.4766e-02,  3.4712e-02],
        [-1.8894e-01,  7.8113e-02, -4.9393e-02,  ...,  8.2001e-02,
         -6.6500e-02, -1.1189e-02]])), ('fc1.bias', tensor([-0.0880, -0.0609,  0.0152, -0.1991, -0.0981, -0.0286, -0.1081,  0.0568,
        -0.0098,  0.0154,  0.0830,  0.1170, -0.1122, -0.0941,  0.0615, -0.0395,
         0.0864,  0.1169,  0.1060,  0.0760, -0.0289,  0.0935,  0.0017,  0.0385,
        -0.0225,  0.0431, -0.0625,  0.0384, -0.0532,  0.0089, -0.0336, -0.0741,
         0.0346, -0.0374, -0.0056, -0.0257, -0.0742,  0.0350, -0.0753,  0.0236,
        -0.0555,  0.0293, -0.0421, -0.0333,  0.0550, -0.1355, -0.0838,  0.1858,
         0.0417,  0.0681,  0.0682,  0.0666, -0.0450, -0.0462,  0.0176,  0.0143,
        -0.0128,  0.0030, -0.0744,  0.0650,  0.0753, -0.1406,  0.0379, -0.0079,
         0.0648,  0.0020, -0.1980,  0.0584, -0.0162, -0.0994, -0.1319, -0.0699,
        -0.0154,  0.0020, -0.2316, -0.1531, -0.0155,  0.0728, -0.1217,  0.0095,
        -0.0984,  0.1059, -0.1352,  0.1525, -0.1747, -0.0047,  0.0876, -0.1296,
        -0.1061, -0.0341,  0.1541,  0.1446,  0.0569, -0.0128,  0.1037, -0.0162,
        -0.0842, -0.0574, -0.0916,  0.1342, -0.0188,  0.0611, -0.1183, -0.0094,
        -0.0060,  0.1029,  0.0327, -0.0052,  0.2330,  0.1031,  0.0008,  0.0996,
         0.0294,  0.1996, -0.0173, -0.1640, -0.0230,  0.0503,  0.0036, -0.0429,
         0.0804, -0.2331,  0.1346, -0.0083,  0.1187,  0.0021,  0.0061, -0.1313])), ('fc2.weight', tensor([[-0.0661,  0.0002,  0.0616,  ...,  0.0006,  0.0161,  0.0280],
        [ 0.0028,  0.0027, -0.0213,  ..., -0.0019,  0.0567, -0.0134],
        [-0.0549, -0.0004,  0.0341,  ...,  0.0005, -0.0067,  0.0731],
        ...,
        [ 0.0002, -0.0004,  0.0070,  ..., -0.0002, -0.0007, -0.0120],
        [-0.0356,  0.0018, -0.0567,  ..., -0.0010,  0.0119,  0.0493],
        [-0.0027,  0.0001, -0.0723,  ..., -0.0011, -0.0262, -0.0054]])), ('fc2.bias', tensor([ 1.3963e-04,  5.3333e-03,  1.9027e-02, -7.5533e-02, -5.5637e-02,
         4.0525e-02,  4.4623e-02,  7.9055e-02, -1.0785e-01,  5.2153e-02,
         6.7374e-03,  1.6772e-02, -4.9979e-02,  3.9764e-02,  1.6903e-01,
        -1.7102e-02,  1.3884e-02, -7.5817e-02, -1.8613e-02, -3.0449e-02,
        -6.8170e-02, -1.1207e-02, -7.5006e-03, -4.5120e-04, -2.3340e-02,
         1.5470e-02, -3.6072e-03,  5.0440e-02,  7.0827e-02, -8.2222e-02,
         1.5995e-02, -4.1843e-02, -1.2663e-02, -9.9427e-03, -5.0209e-02,
         2.5483e-02, -8.0761e-02,  4.0676e-02, -4.5347e-02, -5.2789e-02,
         2.4453e-03, -7.6383e-02,  7.9720e-02,  9.9237e-02,  3.9929e-02,
        -1.4034e-02,  9.2317e-03, -3.6393e-03,  3.8289e-02, -6.2897e-02,
         7.2668e-03, -3.3898e-02,  2.1091e-03, -2.5717e-02,  9.6811e-03,
         1.6178e-03, -1.0522e-01,  7.5558e-04,  9.0031e-03, -5.5119e-02,
         1.8709e-02, -5.4484e-02, -1.3211e-02, -6.3161e-02])), ('fc3.weight', tensor([[-0.0032, -0.0080, -0.0157,  0.0094,  0.0519, -0.0398, -0.0216, -0.0937,
         -0.0215,  0.0060,  0.0323, -0.0110, -0.0011,  0.0023, -0.0034,  0.0002,
          0.0693, -0.0386,  0.0009,  0.0152,  0.0694, -0.0005,  0.0084, -0.0750,
         -0.0182, -0.0331,  0.0534, -0.0407,  0.0093, -0.0316, -0.0215, -0.0072,
          0.0061, -0.0018,  0.0046,  0.0043,  0.0094,  0.0102,  0.0548, -0.0519,
          0.0105, -0.0032, -0.0100, -0.0030, -0.0176,  0.0150, -0.0507,  0.0211,
         -0.0032,  0.0191,  0.0480,  0.0057, -0.0213, -0.0389,  0.0431, -0.0040,
          0.0512,  0.0185, -0.0070,  0.0709, -0.0147, -0.0092, -0.0452,  0.0307]]))])
end of epoch 1: val_loss 0.3996425167482812, val_acc 0.8
trigger times: 0
saving model weights...
Weights: OrderedDict([('fc1.weight', tensor([[-1.2870e-02,  7.4082e-02, -1.8567e-02,  ...,  4.8930e-03,
          6.8455e-02,  4.6949e-04],
        [-3.1035e-03,  5.9859e-04, -4.1930e-05,  ...,  7.3481e-04,
         -1.3230e-02,  2.0220e-04],
        [ 1.1259e-01,  9.6940e-02,  1.0872e-01,  ..., -5.3717e-02,
          1.1409e-02,  1.0747e-01],
        ...,
        [ 1.4869e-02, -7.9058e-03, -2.2103e-02,  ...,  5.5784e-02,
         -5.6784e-03, -1.4089e-01],
        [ 1.8991e-01,  4.6531e-02,  1.1200e-01,  ..., -1.9637e-02,
          5.3669e-03,  9.7897e-02],
        [-1.5923e-01,  5.5466e-02, -2.1520e-02,  ...,  3.9731e-02,
         -5.6354e-02, -2.3977e-04]])), ('fc1.bias', tensor([-6.2034e-02, -1.1699e-02, -7.4446e-02, -1.5791e-01, -1.0427e-01,
        -1.0748e-01, -8.4052e-02, -1.0637e-01, -8.2656e-03,  2.7353e-03,
         6.1007e-02,  1.0155e-01, -8.9698e-02, -7.8743e-02,  9.1281e-02,
        -4.9132e-03,  2.4894e-02,  3.6442e-02, -3.2685e-02, -3.6548e-03,
        -7.8715e-02,  6.0075e-02,  1.8714e-02,  1.0847e-01, -8.8045e-04,
        -1.8787e-02, -2.1673e-02, -1.5184e-02, -8.0945e-02,  5.8563e-03,
        -1.9449e-02, -6.2770e-02,  1.5292e-02, -2.5264e-03, -6.7448e-03,
         2.7849e-02, -3.8332e-02,  4.2312e-03, -1.7209e-02,  9.4895e-02,
        -8.8642e-03, -4.4283e-02, -3.0636e-02, -1.0081e-02,  2.5333e-02,
        -3.0342e-02, -1.4804e-01,  1.1844e-01,  7.6135e-02,  4.7070e-02,
         3.5073e-02,  4.4031e-02, -2.4132e-02, -1.7772e-01, -9.0468e-02,
        -3.7025e-05,  9.1085e-02, -8.5749e-02, -1.6056e-01,  3.4785e-02,
         6.0058e-02, -1.1347e-01,  1.3576e-01,  4.5080e-05,  4.7231e-02,
         1.4140e-03, -1.4200e-01,  1.0378e-01,  8.7924e-05, -3.3627e-02,
        -1.1699e-01, -5.0020e-02, -1.3862e-03,  7.0937e-02, -1.6354e-01,
        -1.0318e-01, -3.8011e-04,  6.0909e-02, -1.5661e-01, -3.4171e-02,
        -6.5770e-02,  8.9794e-02, -7.7967e-02,  1.0981e-01, -1.6385e-01,
         1.4934e-01,  6.9076e-02, -1.0785e-01, -4.6927e-03, -1.9474e-03,
         1.3411e-01,  9.7156e-02,  3.2191e-02, -8.9537e-03,  8.0293e-02,
        -8.9526e-03, -9.7385e-02, -7.1800e-03, -2.3569e-02,  1.5692e-01,
        -3.6895e-03,  4.0726e-02, -3.9366e-02, -1.4833e-01,  5.3873e-02,
         8.1664e-02,  3.0510e-02,  2.9126e-02,  1.8109e-01,  2.5865e-02,
        -2.5851e-02,  6.4507e-02, -4.4148e-02,  1.8617e-01, -1.1562e-04,
        -9.8468e-02, -1.0346e-01, -1.5154e-01, -1.0298e-01, -1.1797e-02,
         4.5693e-02, -2.1068e-01, -3.3325e-02, -9.1755e-03,  7.3655e-02,
         3.6669e-02,  8.2976e-03, -1.1225e-01])), ('fc2.weight', tensor([[-1.9901e-02, -9.6852e-05,  3.0494e-02,  ..., -3.3665e-02,
         -8.1406e-05,  1.5987e-02],
        [-5.4296e-05,  3.6922e-04, -2.7901e-02,  ..., -3.5399e-02,
          1.7024e-03, -6.5768e-04],
        [-9.2941e-03,  1.1782e-05,  9.0516e-03,  ...,  2.7563e-02,
         -3.3066e-03,  3.4948e-02],
        ...,
        [-1.0038e-05, -7.2579e-06,  3.9126e-03,  ..., -2.6442e-03,
         -1.5236e-04, -4.2194e-03],
        [-2.0207e-02, -3.8044e-04, -6.6215e-02,  ..., -3.9334e-02,
         -6.7715e-02,  3.6380e-02],
        [-1.3480e-05, -6.9203e-05, -3.7617e-02,  ...,  7.6726e-03,
          7.5855e-03, -4.9991e-05]])), ('fc2.bias', tensor([-6.7045e-02, -8.6454e-02,  1.1853e-02, -6.1001e-02, -4.8823e-02,
        -2.1044e-02,  6.2743e-02, -9.3345e-02, -4.9005e-02,  2.7771e-02,
         5.6022e-03,  1.3588e-02, -3.9429e-03,  3.6467e-02,  1.3726e-01,
        -2.3138e-03,  1.2926e-02, -6.9548e-02, -1.0465e-01, -2.2838e-02,
        -6.4942e-02,  2.0864e-02, -7.1198e-05, -4.4049e-04, -1.8783e-02,
        -4.6404e-03, -1.8920e-03,  3.6822e-02,  1.2201e-01, -7.7592e-02,
         1.1122e-02, -1.6727e-02, -7.6000e-02,  8.6773e-04, -1.7882e-02,
        -1.1887e-01, -6.2604e-02,  1.4743e-01, -2.2037e-02, -3.1740e-02,
        -2.0701e-03, -6.2377e-02, -4.6923e-02,  6.3487e-02, -5.7606e-02,
        -8.9433e-03,  9.2472e-02,  4.5128e-02, -5.4317e-03, -5.0758e-02,
         6.1264e-04, -2.5284e-02,  1.5521e-03, -8.3088e-02, -7.6566e-05,
        -1.1756e-02, -7.5194e-02, -1.5227e-01,  7.8758e-03, -5.2449e-02,
         7.1304e-05, -3.9155e-02,  8.3346e-02, -5.2336e-02])), ('fc3.weight', tensor([[-0.0269, -0.0193, -0.0437,  0.0111,  0.0501,  0.1377, -0.0416, -0.0379,
         -0.0216, -0.0326,  0.0285,  0.0068, -0.0121, -0.0041,  0.0102,  0.0009,
          0.0589, -0.0280, -0.0718,  0.0140,  0.0654, -0.0197,  0.0081, -0.0618,
         -0.0167,  0.0119, -0.0904, -0.0090,  0.0513, -0.0203,  0.0120, -0.0055,
          0.0666,  0.0623,  0.0053, -0.0561,  0.0093,  0.0368,  0.0535, -0.0337,
         -0.0533, -0.0021, -0.0232,  0.0161,  0.0300,  0.0054, -0.0193, -0.0259,
          0.0374,  0.0147,  0.0452,  0.0067, -0.0164,  0.0233,  0.0401, -0.0009,
          0.0570,  0.0340, -0.0049,  0.0674, -0.0137,  0.0095, -0.0509,  0.0331]]))])
end of epoch 2: val_loss 0.5004873286190559, val_acc 0.9
trigger times: 1
end of epoch 3: val_loss 1.0625457653775805, val_acc 0.6
trigger times: 2
end of epoch 4: val_loss 1.3590777137533223, val_acc 0.6
trigger times: 3
end of epoch 5: val_loss 1.5035145799280136, val_acc 0.6
trigger times: 4
end of epoch 6: val_loss 0.6568641895137262, val_acc 0.7
trigger times: 5
end of epoch 7: val_loss 0.6088038800400681, val_acc 0.6
trigger times: 6
end of epoch 8: val_loss 0.6829120622016489, val_acc 0.6
trigger times: 7
end of epoch 9: val_loss 0.4471169617958367, val_acc 0.9
trigger times: 8
end of epoch 10: val_loss 0.4249964396469295, val_acc 0.7
trigger times: 9
end of epoch 11: val_loss 0.5767357481883664, val_acc 0.7
trigger times: 10
Early stopping.
0 -37.566207587718964 -238.56539389647227
1 -32.8576148301363 -226.82452825484978
2 -45.76872953772545 -226.2241731451399
3 -27.569508515298367 -208.89755486387574
4 -36.938121393322945 -196.9840755292238
5 -36.603107422590256 -194.4017457710484
6 -38.24418729543686 -193.75394353311003
7 -31.01630127429962 -173.38768743356906
8 -34.83866573870182 -172.73844575529262
9 -32.43621711432934 -172.5849598191294
10 -25.43974094837904 -148.80630048130243
11 -34.0335331261158 -146.54022994848935
12 -32.70368182659149 -144.9163601843784
13 -35.74070292711258 -144.5098799638122
14 -37.705015659332275 -129.52710350510273
15 -24.933411367237568 -119.6789138826375
16 -29.038783103227615 -119.53338183357056
17 -38.824554800987244 -115.00841352193844
18 -31.088116988539696 -113.49466461352053
19 -21.396069502996397 -107.45837168117659
20 -31.932525968179107 -105.49937100040788
21 -32.79498625546694 -101.9104943327425
22 -22.90710495985695 -101.66294130080523
23 -27.155931893736124 -98.89606860541423
24 -27.916346564888954 -95.1909937931514
25 -30.493471071124077 -93.31854913617367
26 -24.003622703254223 -85.41926577166943
27 -27.539655923843384 -83.18012153468804
28 -24.235011188313365 -79.47665068598401
29 -29.136167153716087 -77.34308621853297
30 -27.648929156945087 -60.56041622227008
31 -27.89262901956681 -58.68833689293549
32 -28.172988931662985 -22.79021187897909
33 -25.74964611325413 -19.65788926803626
34 -25.997898923698813 -16.74518768263467
35 -27.574993011541665 -13.719402302108403
36 -27.38812865584623 4.235189873860978
37 -26.594857989810407 5.0952806210809465
38 -27.562739196699113 10.178796790507759
39 -29.220610172022134 13.541055788508864
40 -27.721026068087667 14.989710929193077
41 -24.495125662186183 21.802029683432238
42 -25.098310926929116 31.12027905920427
43 -24.01366085355403 40.64550156746333
44 -26.225561385625042 40.69898986216935
45 -22.19208545074798 50.09032867204584
46 -25.757273786701262 57.290535515424786
47 -23.66553941834718 60.51441689036072
48 -23.345956492237747 62.587858111632386
49 -27.35012049600482 63.47489586756552
50 -22.172850182279944 65.395531990224
51 -24.527560304792132 68.71330703108626
52 -24.070684927981347 69.48459209048262
53 -20.850229874253273 72.16624272108386
54 -26.592057617381215 74.2233202149037
55 -28.005134564533364 79.16074531670823
56 -25.34096730314195 80.25553156558418
57 -27.865779128391296 87.50520028403979
58 -24.529446986562107 90.28646231697512
59 -26.234560341894394 90.72533900600311
60 -25.937020882964134 91.52552635781885
61 -26.294815107248724 91.95773979158345
62 -25.080000054702396 92.99221310223136
63 -24.850173673126847 94.14052712880752
64 -26.75818161573261 94.28590507273401
65 -27.011191299185157 95.24073532592021
66 -26.205808422062546 96.09581961281374
67 -24.665666793182027 96.50341248035636
68 -28.11185123794712 97.45820290396632
69 -27.235749944928102 97.90553231413178
70 -26.24020763207227 98.27346635731779
71 -25.127577786814072 98.35872828331676
72 -24.085474363993853 98.9255090371917
73 -25.06936506461352 99.09003071828721
74 -19.73690888634883 99.89253842063019
75 -24.306800751015544 100.07765055593329
76 -23.879638331884053 101.35869827851857
77 -23.264749343506992 103.56921378052652
78 -27.637088439892977 103.74194540937737
79 -22.187638767063618 104.00039883786899
80 -26.987422022677492 104.36031383612816
81 -26.853389244759455 104.79584301893571
82 -25.079606778454036 105.40349710769756
83 -23.994529775169212 105.60678192821229
84 -28.66171118314378 106.26867976298877
85 -20.48044244904304 106.37916921043517
86 -26.150898825377226 106.67969423997131
87 -26.804838962794747 106.81132709017433
88 -24.431510462542064 107.05410485829283
89 -24.92768125224393 107.44441498172971
90 -23.174866828136146 107.68792314282867
91 -25.31028845277615 107.72369032284489
92 -22.28607049981656 108.58631070626225
93 -26.000883660526597 108.79454915391223
94 -25.12699997285381 109.15712102315346
95 -23.864613818499492 109.71287331230647
96 -25.953082609863486 110.48639228144049
97 -27.0338923662639 111.4630258761226
98 -22.56347048340831 112.59201367677376
99 -24.03937392961234 113.4530990931055
100 -21.123147728678305 114.85996346749971
101 -25.303737534137326 115.04838323377467
102 -18.51425288885366 115.5646624637931
103 -21.25758077343926 115.77027450439896
104 -22.874779691454023 116.29805012422126
105 -25.84960384410806 116.38499266629886
106 -22.718419106051442 116.4198907102986
107 -22.250173199456185 117.08008835928221
108 -20.1385566512472 117.29357601720739
109 -20.748937204421964 118.29160885622866
110 -20.240075299079763 119.01062500757773
111 -24.50836804881692 120.85290512447664
112 -22.342863269906957 120.8902150231427
113 -25.293032054556534 121.40892075278066
114 -21.441940018557943 122.30522808413322
115 -21.412766658962937 129.13346806288703
116 -21.47092728340067 129.67718524437547
117 -19.289059715811163 129.79664443488912
118 -21.836224510334432 130.61780866873775
119 -20.00241707195528 131.40806576766226
train accuracy: 0.8111111111111111
validation accuracy: 0.7
test accuracy: 0.7359943977591037
