demo lengths 200
demos: (120, 200, 25)
demo_rewards: (120,)
[-238.5653939  -226.82452825 -226.22417315 -208.89755486 -196.98407553
 -194.40174577 -193.75394353 -173.38768743 -172.73844576 -172.58495982
 -148.80630048 -146.54022995 -144.91636018 -144.50987996 -129.52710351
 -119.67891388 -119.53338183 -115.00841352 -113.49466461 -107.45837168
 -105.499371   -101.91049433 -101.6629413   -98.89606861  -95.19099379
  -93.31854914  -85.41926577  -83.18012153  -79.47665069  -77.34308622
  -60.56041622  -58.68833689  -22.79021188  -19.65788927  -16.74518768
  -13.7194023     4.23518987    5.09528062   10.17879679   13.54105579
   14.98971093   21.80202968   31.12027906   40.64550157   40.69898986
   50.09032867   57.29053552   60.51441689   62.58785811   63.47489587
   65.39553199   68.71330703   69.48459209   72.16624272   74.22332021
   79.16074532   80.25553157   87.50520028   90.28646232   90.72533901
   91.52552636   91.95773979   92.9922131    94.14052713   94.28590507
   95.24073533   96.09581961   96.50341248   97.4582029    97.90553231
   98.27346636   98.35872828   98.92550904   99.09003072   99.89253842
  100.07765056  101.35869828  103.56921378  103.74194541  104.00039884
  104.36031384  104.79584302  105.40349711  105.60678193  106.26867976
  106.37916921  106.67969424  106.81132709  107.05410486  107.44441498
  107.68792314  107.72369032  108.58631071  108.79454915  109.15712102
  109.71287331  110.48639228  111.46302588  112.59201368  113.45309909
  114.85996347  115.04838323  115.56466246  115.7702745   116.29805012
  116.38499267  116.41989071  117.08008836  117.29357602  118.29160886
  119.01062501  120.85290512  120.89021502  121.40892075  122.30522808
  129.13346806  129.67718524  129.79664443  130.61780867  131.40806577]
maximum traj length 200
maximum traj length 200
num training_obs 90
num training_labels 90
num val_obs 10
num val_labels 10
num test_obs 7140
num test_labels 7140
ModuleList(
  (0): Linear(in_features=25, out_features=128, bias=True)
  (1): Linear(in_features=128, out_features=64, bias=True)
  (2): Linear(in_features=64, out_features=1, bias=False)
)
Total number of parameters: 11648
Number of trainable paramters: 11648
device: cuda:0
end of epoch 0: val_loss 14.049379056342877, val_acc 0.8
trigger times: 0
saving model weights...
Weights: OrderedDict([('fcs.0.weight', tensor([[-0.0137,  0.0027, -0.0071,  ..., -0.0525,  0.0786, -0.0215],
        [ 0.1588, -0.0609, -0.0246,  ...,  0.0127,  0.1131, -0.0821],
        [-0.0361,  0.0969, -0.0661,  ..., -0.0719, -0.0497,  0.0919],
        ...,
        [-0.1186,  0.1552, -0.1881,  ...,  0.1927,  0.1363, -0.0481],
        [ 0.2016,  0.1248,  0.2254,  ..., -0.1915, -0.0290, -0.0154],
        [-0.2499, -0.1184,  0.0215,  ..., -0.0674, -0.0120, -0.1355]],
       device='cuda:0')), ('fcs.0.bias', tensor([ 4.3938e-02, -7.1856e-02, -6.9437e-02,  1.1123e-01, -2.7432e-02,
         1.6610e-01,  1.2977e-02,  2.7392e-01,  6.3139e-02,  1.9866e-01,
        -1.1784e-01, -2.5603e-01,  3.4371e-02,  9.5183e-02,  7.4153e-02,
        -6.7875e-02,  7.5683e-02,  5.2045e-02, -3.6857e-02, -2.5114e-02,
         9.9871e-02,  1.9318e-01,  8.1682e-02,  6.4156e-02,  1.8309e-01,
        -2.3061e-01,  1.3898e-01, -6.8063e-02, -2.0954e-05,  1.9980e-02,
         2.7786e-02, -1.0488e-01,  8.4997e-03,  3.5268e-02,  4.7201e-02,
        -5.9530e-02,  9.0954e-02,  1.7192e-01,  2.2146e-01,  1.7702e-01,
         8.0245e-02,  9.7004e-02,  4.0824e-02, -1.1619e-01,  5.8024e-02,
         2.6295e-01, -6.2046e-02, -2.7766e-02,  2.4234e-01,  1.3996e-01,
        -2.6154e-01,  3.7833e-02, -2.0518e-01,  1.7470e-01, -2.0584e-01,
         7.4764e-02,  2.6376e-01,  1.2492e-01,  1.0930e-01, -1.5259e-02,
        -1.2375e-01,  1.5267e-01,  6.5831e-02,  4.1825e-02,  1.9995e-01,
        -1.0249e-01, -3.4165e-03,  1.5004e-01, -1.9174e-01,  9.1525e-02,
        -1.0969e-01,  1.6101e-01, -6.0909e-02, -3.5273e-02,  5.3257e-02,
        -1.1570e-01,  9.1919e-02, -5.1202e-02, -1.6563e-01,  7.6914e-02,
        -1.0162e-01, -1.4283e-01, -2.5560e-01,  2.1154e-02,  2.2249e-02,
         1.4253e-01, -1.2245e-01, -2.7644e-02,  6.2625e-02,  4.6638e-02,
        -2.0731e-01,  3.7921e-02, -1.5260e-01, -2.3594e-02, -4.9345e-02,
        -7.8983e-02, -3.5414e-02, -1.4310e-01, -1.6191e-01,  7.6529e-02,
         1.9789e-01,  5.3741e-03,  4.9562e-02,  2.7039e-01,  1.2791e-02,
        -9.4040e-02, -1.0422e-01, -1.9120e-01,  7.5434e-02, -7.2511e-02,
        -8.5305e-02,  1.8131e-01, -1.6082e-02, -3.4911e-02,  2.1515e-02,
        -1.4073e-01,  2.0632e-01, -1.6465e-01, -2.7265e-02, -6.0736e-02,
        -1.4167e-01,  5.1497e-02, -6.9582e-02, -9.5048e-02, -1.4669e-02,
        -7.5545e-02,  3.4670e-02, -1.0686e-02], device='cuda:0')), ('fcs.1.weight', tensor([[ 0.0022, -0.0265, -0.0162,  ..., -0.0904,  0.1196, -0.0852],
        [-0.0684, -0.0234, -0.0100,  ...,  0.0131, -0.0632, -0.0999],
        [ 0.0379, -0.0935,  0.0182,  ...,  0.1498,  0.1048, -0.0049],
        ...,
        [-0.1104, -0.0930,  0.0055,  ..., -0.0154,  0.0603, -0.1593],
        [ 0.0016, -0.0621, -0.0110,  ..., -0.0698, -0.0598, -0.0593],
        [ 0.0105, -0.0388,  0.0156,  ..., -0.0565,  0.0763, -0.1340]],
       device='cuda:0')), ('fcs.1.bias', tensor([ 0.0213,  0.0231,  0.0647, -0.0796, -0.0146, -0.0369,  0.0730, -0.0321,
         0.0665,  0.0795,  0.1043,  0.1227,  0.0876,  0.0433, -0.0323, -0.1037,
         0.0051, -0.0690,  0.0589, -0.0532, -0.0393, -0.0363, -0.0257,  0.0858,
        -0.0065,  0.1441, -0.0165,  0.1311,  0.0370, -0.0527, -0.0232, -0.1017,
         0.0381, -0.0987,  0.0393, -0.0144,  0.0059, -0.0963, -0.0357,  0.0325,
        -0.0023, -0.0735, -0.0250, -0.1332,  0.0015, -0.0417,  0.1290,  0.0268,
         0.0811, -0.1371,  0.0636,  0.0856, -0.1111,  0.0749,  0.0929,  0.0105,
        -0.0295, -0.0179, -0.0569, -0.0770, -0.0600, -0.0893, -0.1188, -0.0960],
       device='cuda:0')), ('fcs.2.weight', tensor([[ 0.0714, -0.0046,  0.0635, -0.0062,  0.1097,  0.0820,  0.0092,  0.0962,
         -0.0642, -0.0149,  0.0188,  0.0552,  0.2253, -0.0436, -0.0195,  0.0990,
         -0.0237,  0.0114, -0.0438,  0.0297, -0.0143, -0.0128, -0.0092, -0.0021,
         -0.0155,  0.1368, -0.0380, -0.0045, -0.0293, -0.0223, -0.0294,  0.0058,
          0.0015, -0.0156, -0.0132, -0.0134,  0.0469, -0.0092, -0.2031, -0.0203,
         -0.0107, -0.0450,  0.0605,  0.0512, -0.0482,  0.0399, -0.0062,  0.0238,
         -0.0433,  0.0632,  0.0847,  0.0328, -0.0018, -0.0653,  0.0111, -0.0054,
          0.0943, -0.0127, -0.0033, -0.0417,  0.0023,  0.0345,  0.0094,  0.0796]],
       device='cuda:0'))])
end of epoch 1: val_loss 2.0458165101103076, val_acc 0.7
trigger times: 0
saving model weights...
Weights: OrderedDict([('fcs.0.weight', tensor([[-0.0134,  0.0057, -0.0048,  ..., -0.0189,  0.0723, -0.0014],
        [ 0.0877, -0.0589, -0.0625,  ...,  0.0042,  0.0820, -0.0833],
        [-0.0491,  0.0807, -0.0749,  ..., -0.0704, -0.0625,  0.0918],
        ...,
        [-0.1239,  0.2023, -0.2005,  ...,  0.2125,  0.0813, -0.0362],
        [ 0.1856,  0.0537,  0.1828,  ..., -0.2183,  0.0154, -0.0241],
        [-0.3278, -0.0979,  0.0121,  ..., -0.0512, -0.0333, -0.1376]],
       device='cuda:0')), ('fcs.0.bias', tensor([ 4.0211e-02, -9.1171e-02, -8.1820e-02,  1.0741e-01, -4.7678e-02,
         1.6502e-01,  7.5972e-03,  2.4369e-01,  5.9293e-02,  2.0077e-01,
        -1.1534e-01, -2.1783e-01,  5.4286e-02,  8.7821e-02,  8.3438e-02,
        -6.6672e-02,  7.4266e-02,  1.4734e-02, -1.3231e-03, -1.2215e-03,
         9.3311e-02,  2.0607e-01,  1.0293e-01,  4.8934e-02,  1.8165e-01,
        -1.9364e-01,  1.7659e-01, -7.8989e-02, -1.1921e-03,  3.8551e-02,
        -2.0058e-02, -1.2361e-01,  1.4125e-01,  4.9859e-02,  7.1296e-05,
         7.4849e-03,  7.6739e-02,  2.1196e-01,  2.2788e-01,  2.1784e-01,
         7.9488e-02,  1.3128e-01,  1.5011e-03, -1.3035e-01,  5.4951e-02,
         3.1271e-01, -2.1080e-02, -8.3665e-02,  2.4814e-01,  1.3115e-01,
        -2.5162e-01,  1.1671e-02, -1.9497e-01,  1.4599e-01, -1.9868e-01,
        -2.3289e-01,  2.5992e-01,  1.1503e-01,  1.0683e-01, -1.5042e-02,
        -1.2115e-01,  1.2470e-01,  5.0163e-02,  1.8454e-01,  1.7617e-01,
        -1.0190e-01, -1.6363e-02,  1.4623e-01, -1.8868e-01,  5.7905e-02,
        -2.0556e-01,  1.8145e-01, -6.3097e-02, -9.1234e-02,  4.9144e-02,
        -8.1139e-02,  7.2082e-02, -4.5006e-04, -2.0707e-01,  1.0889e-01,
        -9.9706e-02, -1.3675e-01, -2.4492e-01,  2.3726e-03,  3.2659e-02,
         4.5016e-02, -1.8425e-01, -9.8735e-02,  2.8069e-02,  4.0769e-02,
        -2.1736e-01,  6.5663e-03, -1.1436e-01, -3.9519e-02, -4.9024e-02,
        -7.5028e-02, -3.5087e-02, -6.6260e-02, -2.1429e-01,  5.1749e-02,
         2.2426e-01,  4.5568e-04,  4.5159e-02,  2.5903e-01,  1.2388e-02,
        -8.8361e-02, -6.0821e-02, -1.9995e-01,  4.7510e-02, -6.9608e-02,
        -5.7079e-02,  1.3312e-01, -2.2483e-02, -1.0006e-01,  2.8184e-02,
        -1.3928e-01,  2.6125e-01, -4.9769e-02, -6.3823e-02, -5.8882e-02,
        -1.9389e-01,  5.0161e-02, -7.2265e-02, -1.1108e-01, -1.4252e-02,
        -1.2207e-01,  1.1365e-01, -5.7206e-02], device='cuda:0')), ('fcs.1.weight', tensor([[ 0.0012, -0.0285, -0.0221,  ..., -0.0817,  0.0967, -0.0625],
        [-0.0462, -0.0178, -0.0016,  ...,  0.0108, -0.0420, -0.0888],
        [ 0.0232, -0.0260, -0.0729,  ...,  0.1593,  0.0228,  0.1014],
        ...,
        [-0.1005, -0.0877,  0.0020,  ..., -0.0149,  0.0582, -0.1551],
        [ 0.0005, -0.0293,  0.0036,  ..., -0.0239, -0.0076, -0.0512],
        [ 0.0069, -0.0228,  0.0053,  ..., -0.0472,  0.0578, -0.1198]],
       device='cuda:0')), ('fcs.1.bias', tensor([ 2.1112e-02,  2.1543e-02,  1.3258e-01, -7.4976e-02, -8.2136e-02,
        -3.3869e-02,  4.7500e-02, -3.0936e-02,  5.1476e-02,  5.5453e-02,
        -1.5722e-02,  1.2191e-01,  1.7300e-01,  4.4066e-02, -1.3367e-02,
        -1.0084e-01,  4.9651e-03, -5.4812e-02,  2.4566e-02, -4.1199e-02,
        -3.8386e-02, -3.5195e-02, -1.4969e-02,  7.4259e-02, -1.1827e-01,
         1.4760e-01, -1.6080e-02,  5.0319e-02,  4.0965e-03, -5.1288e-02,
        -2.2300e-02, -9.9283e-02,  8.9050e-03, -9.7569e-02,  4.0450e-03,
        -6.2998e-05, -2.6988e-02, -8.9251e-02, -1.0089e-01,  2.1513e-02,
        -7.6986e-02, -7.1271e-02, -3.2479e-02, -1.3177e-01,  1.4633e-03,
        -1.2711e-02,  1.2629e-01,  2.6217e-02,  2.0171e-02, -1.3562e-01,
         1.0323e-02,  9.8419e-02, -1.0994e-01,  7.9696e-02,  1.0497e-01,
        -1.0984e-01, -3.0796e-02, -5.6183e-02, -3.2781e-02, -7.6245e-02,
        -3.1049e-02, -8.6751e-02, -5.8480e-02, -6.2474e-02], device='cuda:0')), ('fcs.2.weight', tensor([[ 7.3145e-03,  1.1611e-02, -3.0044e-02, -1.2986e-03,  6.8291e-02,
          7.8292e-02, -1.7376e-02,  9.7902e-02, -2.5710e-02,  1.7580e-02,
          1.0306e-02, -2.7936e-05,  1.0238e-01, -1.5045e-02,  3.2298e-04,
          7.0315e-02,  2.5076e-02, -2.8363e-02, -1.7058e-02,  1.5302e-02,
         -8.0618e-03, -7.5903e-03, -1.4028e-02, -9.4806e-03, -4.0512e-02,
          3.2925e-02, -1.2595e-02, -3.9381e-02, -2.4774e-02, -3.1929e-03,
         -2.7652e-02,  4.1364e-03, -1.6311e-02, -6.0077e-03,  1.0894e-02,
          1.3820e-02,  1.9402e-02, -9.1840e-03, -1.4217e-01, -2.8506e-02,
         -2.0655e-02, -3.6206e-02,  4.0958e-02,  5.2093e-02, -1.2537e-03,
         -8.2647e-04,  6.4581e-03,  2.2192e-02, -3.0740e-02,  5.8284e-02,
          5.5390e-03, -1.9284e-02,  3.2495e-03, -1.7517e-02, -1.7232e-02,
          1.6077e-02,  8.6980e-02,  1.6042e-02, -4.9338e-04, -3.2438e-02,
          5.8089e-03,  3.5306e-02,  2.9829e-02,  7.7641e-02]], device='cuda:0'))])
end of epoch 2: val_loss 0.7415962512646956, val_acc 0.7
trigger times: 0
saving model weights...
Weights: OrderedDict([('fcs.0.weight', tensor([[-0.0121,  0.0053, -0.0034,  ..., -0.0013,  0.0647,  0.0014],
        [ 0.1049, -0.0577, -0.0542,  ...,  0.0163,  0.0821, -0.0748],
        [-0.0485,  0.0758, -0.0686,  ..., -0.0598, -0.0618,  0.0830],
        ...,
        [-0.1177,  0.1984, -0.1812,  ...,  0.2036,  0.0768, -0.0341],
        [ 0.1832,  0.0454,  0.1807,  ..., -0.2155,  0.0097, -0.0299],
        [-0.2856, -0.1005,  0.0010,  ..., -0.0320, -0.0206, -0.1480]],
       device='cuda:0')), ('fcs.0.bias', tensor([ 3.5958e-02, -8.6715e-02, -8.0782e-02,  1.0403e-01, -4.7829e-02,
         1.5713e-01, -5.2282e-02,  2.4893e-01,  6.3940e-02,  1.9617e-01,
        -1.1194e-01, -2.2005e-01,  7.1671e-02,  8.5015e-02, -3.9105e-02,
        -6.3593e-02,  7.2598e-02,  1.7727e-02, -7.0297e-05, -6.5001e-05,
         9.2353e-02,  1.9508e-01,  9.0385e-02,  3.7089e-02,  1.9012e-01,
        -1.5123e-01,  1.8064e-01, -7.6919e-02, -5.5935e-03,  5.4831e-02,
        -1.5045e-02, -1.2187e-01,  1.3465e-01,  5.7620e-02, -2.6219e-03,
         2.3224e-02,  6.1959e-02,  1.9374e-01,  2.1565e-01,  2.1727e-01,
         7.8453e-02,  1.6206e-01,  1.4932e-03, -1.2428e-01,  5.1830e-02,
         2.9047e-01, -1.7603e-02, -8.3534e-02,  2.4223e-01,  1.2758e-01,
        -2.4014e-01,  3.6746e-03, -1.8285e-01,  1.3692e-01, -1.8969e-01,
        -2.3634e-01,  2.4146e-01,  1.0566e-01,  1.0074e-01, -1.4576e-02,
        -1.2663e-01,  1.1543e-01,  3.8946e-02,  2.2705e-01,  1.7966e-01,
        -1.0102e-01, -1.1064e-02,  1.3211e-01, -1.8467e-01,  4.2204e-02,
        -1.9681e-01,  1.7990e-01, -2.2751e-02, -8.8321e-02,  4.4479e-02,
        -5.1913e-02,  1.0081e-01,  3.3942e-06, -2.0792e-01,  1.0661e-01,
        -9.6798e-02, -1.2814e-01, -2.3117e-01, -1.9094e-02,  4.5326e-02,
         4.4432e-02, -1.8139e-01, -1.1549e-01,  2.2303e-02,  2.4346e-02,
        -2.1972e-01,  5.1675e-03, -1.0011e-01, -4.6836e-02, -4.8578e-02,
        -7.5450e-02, -3.4567e-02, -2.0737e-02, -2.0816e-01,  5.2013e-02,
         2.1337e-01, -4.6811e-03,  4.1153e-02,  2.6088e-01,  1.2005e-02,
        -8.1129e-02, -2.8456e-02, -1.8660e-01,  4.0902e-02, -6.5731e-02,
        -2.4031e-02,  1.2308e-01, -2.2784e-02, -9.7884e-02,  1.0440e-02,
        -1.3722e-01,  2.4211e-01, -5.5328e-02, -1.0383e-02, -5.6217e-02,
        -1.9088e-01,  4.8481e-02, -7.0610e-02, -1.1379e-01, -1.1972e-02,
        -1.1549e-01,  1.0583e-01, -6.5170e-02], device='cuda:0')), ('fcs.1.weight', tensor([[ 1.1739e-03, -2.9270e-02, -2.0898e-02,  ..., -8.0480e-02,
          9.4652e-02, -6.5123e-02],
        [-2.7187e-02, -1.2693e-02,  1.5749e-03,  ...,  8.6214e-03,
         -2.7733e-02, -6.9956e-02],
        [ 2.0795e-03, -4.7225e-02, -6.2753e-02,  ...,  1.5192e-01,
          1.1203e-02,  4.6541e-02],
        ...,
        [-8.8677e-02, -8.2464e-02, -1.4352e-03,  ..., -1.4284e-02,
          5.6264e-02, -1.4850e-01],
        [-1.0330e-05, -1.1601e-02, -9.5409e-04,  ..., -3.5687e-03,
          2.9985e-03,  2.8577e-03],
        [ 3.8618e-03, -2.4409e-02, -4.8781e-03,  ..., -3.7985e-02,
          4.9107e-02, -8.9513e-02]], device='cuda:0')), ('fcs.1.bias', tensor([ 2.7854e-02,  1.9681e-02,  1.3009e-01, -6.5801e-02, -1.0187e-01,
        -3.0255e-02,  3.9707e-02, -2.8711e-02,  5.2501e-02, -1.2081e-01,
        -1.4941e-02,  1.2090e-01,  1.6897e-01,  4.3466e-02, -3.9566e-03,
        -9.7153e-02,  4.8378e-03, -3.1827e-02,  2.9440e-02, -2.9246e-02,
        -3.7128e-02, -3.3796e-02, -1.3687e-02,  7.0387e-02, -1.0406e-01,
         1.4537e-01, -1.5514e-02,  4.3724e-02,  1.8482e-02, -4.9460e-02,
        -2.0888e-02, -9.6151e-02,  2.5125e-03, -9.6049e-02, -8.4411e-02,
        -3.7722e-08, -4.5675e-02, -7.6074e-02, -9.8533e-02,  1.6040e-02,
        -6.6501e-02, -6.8437e-02, -3.8256e-02, -1.2986e-01,  1.4458e-03,
        -2.3950e-03,  6.5107e-02,  2.5461e-02,  1.8899e-02, -1.3371e-01,
         2.7134e-03,  9.7638e-02, -1.0845e-01,  7.3499e-02,  1.0347e-01,
        -1.1412e-01, -3.0211e-02, -4.4861e-02, -1.5454e-02, -7.5308e-02,
        -1.2648e-02, -8.3449e-02, -1.9099e-02, -3.5050e-02], device='cuda:0')), ('fcs.2.weight', tensor([[-0.0032, -0.0074,  0.0032,  0.0004,  0.0562,  0.0686, -0.0175,  0.0942,
          0.0229,  0.0034,  0.0117,  0.0110,  0.0548,  0.0102, -0.0141,  0.0430,
          0.0120, -0.0016,  0.0083,  0.0033, -0.0068, -0.0103,  0.0014, -0.0078,
         -0.0438,  0.0005, -0.0142, -0.0439,  0.0139, -0.0057, -0.0273, -0.0001,
         -0.0162, -0.0050, -0.0035,  0.0082,  0.0220, -0.0093, -0.1384,  0.0080,
         -0.0215, -0.0369,  0.0411,  0.0495,  0.0015, -0.0039,  0.0673,  0.0162,
         -0.0297,  0.0468,  0.0038, -0.0077,  0.0033, -0.0007, -0.0027,  0.0154,
          0.0847,  0.0162, -0.0005, -0.0301,  0.0047,  0.0339,  0.0005,  0.0676]],
       device='cuda:0'))])
end of epoch 3: val_loss 0.8246154327232602, val_acc 0.7
trigger times: 1
end of epoch 4: val_loss 1.398293040451108, val_acc 0.7
trigger times: 2
end of epoch 5: val_loss 0.8275722059868684, val_acc 0.7
trigger times: 3
end of epoch 6: val_loss 0.6112834344783096, val_acc 0.9
trigger times: 0
saving model weights...
Weights: OrderedDict([('fcs.0.weight', tensor([[-0.0071,  0.0014, -0.0012,  ...,  0.0044,  0.0331,  0.0044],
        [ 0.0284, -0.0146, -0.0550,  ...,  0.0479,  0.0026, -0.0971],
        [-0.0435,  0.0500, -0.0399,  ..., -0.0242, -0.0564,  0.0565],
        ...,
        [-0.0859,  0.1750, -0.0994,  ...,  0.1548,  0.0547, -0.0245],
        [ 0.0935,  0.0267,  0.0828,  ..., -0.1979, -0.0194,  0.1063],
        [-0.1931, -0.0645,  0.0473,  ...,  0.0307,  0.0574, -0.1149]],
       device='cuda:0')), ('fcs.0.bias', tensor([ 1.8772e-02, -1.2765e-01, -7.3680e-02,  8.4932e-02,  4.9445e-02,
         1.6005e-01, -2.6767e-02,  1.9472e-01,  5.3473e-02,  1.1300e-01,
        -9.3675e-02, -2.0305e-01,  9.3791e-02,  7.3854e-02,  1.5565e-01,
        -5.1610e-02,  6.3761e-02,  5.1095e-02,  4.6823e-01,  6.0167e-01,
         8.6683e-02,  1.4667e-01,  4.3990e-02,  2.0277e-02,  1.2312e-01,
        -3.2257e-02,  1.3650e-01, -7.1286e-02, -6.5390e-02, -1.2320e-01,
        -2.5589e-02, -1.1217e-01,  2.1390e-01,  2.1615e-02, -2.4072e-03,
        -6.7531e-02,  2.8738e-01, -1.0725e-02,  6.4568e-02,  8.6176e-03,
         7.2577e-02,  8.7820e-02,  1.4689e-03, -1.7648e-01,  3.8868e-02,
         1.4403e-01, -5.2206e-02, -5.9024e-02,  2.1176e-01,  1.2564e-01,
        -1.8030e-01,  7.1395e-02, -1.2436e-01, -2.1958e-02, -1.4373e-01,
        -2.0208e-01,  1.7646e-01,  1.0202e-01,  8.2255e-02, -1.2104e-02,
        -1.1765e-01,  1.3648e-01,  1.0045e-02,  2.0832e-01,  4.1496e-02,
        -9.5861e-02, -1.2546e-03,  1.4024e-01, -1.6219e-01,  9.2287e-02,
        -1.5156e-01,  5.4773e-02, -1.3371e-01, -7.2751e-02, -5.0418e-02,
        -1.4814e-02,  7.8358e-02,  2.5026e-01, -1.9089e-01,  5.3316e-02,
        -8.0659e-02, -8.6568e-02, -1.6346e-01, -2.6811e-03,  3.9949e-02,
         4.1444e-02, -1.6851e-01, -1.7148e-01,  6.5052e-03,  7.0332e-02,
        -2.0061e-01,  1.9412e-03, -7.0932e-02, -3.6407e-02, -4.6013e-02,
        -1.2477e-01, -3.1520e-02, -6.0268e-04, -1.5274e-01,  3.6641e-02,
         6.9157e-02, -5.6402e-03,  2.4528e-02,  1.6086e-01,  9.9998e-03,
        -4.8840e-02, -1.0444e-04, -1.7015e-01,  6.2370e-02, -4.6319e-02,
        -5.5608e-05,  1.2544e-01, -2.3251e-02, -9.8078e-02,  3.9908e-02,
        -1.2542e-01, -2.6480e-02, -1.8001e-02,  1.6062e-01, -7.1949e-02,
        -1.7381e-01,  3.8938e-02, -6.0954e-02, -1.0437e-01, -3.9443e-03,
        -8.3068e-02,  1.7757e-02,  5.4492e-02], device='cuda:0')), ('fcs.1.weight', tensor([[ 0.0004,  0.0041, -0.0274,  ..., -0.0742,  0.0500, -0.0494],
        [-0.0007, -0.0250, -0.0007,  ...,  0.0027, -0.0525, -0.0748],
        [-0.0040, -0.0274, -0.0049,  ...,  0.1047, -0.0608,  0.0473],
        ...,
        [-0.0411, -0.1362,  0.0012,  ..., -0.0110, -0.0224, -0.1158],
        [-0.0386,  0.2061, -0.1490,  ..., -0.0199,  0.1434,  0.1101],
        [-0.0028,  0.1111, -0.0523,  ..., -0.0219, -0.1695,  0.0496]],
       device='cuda:0')), ('fcs.1.bias', tensor([ 2.1916e-02, -2.3472e-02,  1.1331e-01, -5.7163e-02, -9.7322e-02,
        -1.5742e-01, -1.6148e-01, -1.8324e-02, -3.7730e-02, -7.5915e-02,
        -1.0708e-02,  1.1536e-01,  3.0332e-02,  3.7926e-02,  1.8609e-02,
        -7.7700e-02,  4.1401e-03,  1.9140e-01, -3.9353e-02, -7.9988e-03,
        -3.0396e-02, -2.6493e-02, -2.1381e-03,  5.8154e-02, -3.4795e-02,
         7.9522e-02, -1.2510e-02,  3.6518e-02, -7.1764e-03, -3.9781e-02,
        -1.4099e-02, -7.9328e-02,  1.0380e-03, -8.7420e-02, -3.4812e-02,
        -1.9853e-02, -4.1733e-02, -1.6507e-01, -8.5489e-02,  9.4251e-03,
        -1.4895e-02, -5.3646e-02, -3.6398e-02, -1.1898e-01,  1.3450e-03,
        -4.3109e-03,  4.9155e-02,  2.1363e-02,  3.5921e-02, -1.2279e-01,
         3.3878e-02,  9.3077e-02, -9.9933e-02,  4.8286e-02,  7.6184e-02,
        -9.4619e-02, -2.6934e-02, -1.1403e-02, -1.3259e-04, -6.9929e-02,
        -2.3969e-02, -1.4472e-01,  1.9820e-01,  1.9660e-01], device='cuda:0')), ('fcs.2.weight', tensor([[-8.7227e-03, -9.7944e-03,  2.2126e-02,  1.0953e-01,  3.1527e-02,
          1.2060e-02,  4.3744e-02,  7.9205e-02,  1.1011e-02,  3.2487e-03,
          5.5446e-03, -2.2256e-02,  9.8621e-02, -3.6777e-02, -2.1805e-02,
          1.0238e-02,  2.6162e-03,  1.1330e-02, -1.5439e-03,  1.0031e-01,
         -9.7430e-03, -1.0426e-02,  8.8787e-03, -8.5891e-03, -4.3880e-02,
          3.5556e-02,  4.3512e-03, -4.3185e-02,  5.3143e-03, -3.3018e-03,
         -1.1679e-02,  1.2813e-04, -1.7356e-02,  1.1088e-03, -4.9515e-03,
         -5.5088e-02,  1.2342e-02,  3.4880e-03, -1.3048e-01,  1.1258e-02,
         -2.1653e-02, -1.8920e-02, -6.4315e-05,  4.0319e-02,  5.1393e-03,
         -2.3567e-03,  5.8482e-02, -3.3696e-04,  7.1074e-02,  2.3176e-02,
          2.3809e-02,  6.8497e-03,  7.6255e-04, -1.0607e-03, -1.8335e-02,
          1.4179e-02,  7.6004e-02,  1.4380e-02,  1.1627e-03, -1.5584e-02,
          1.1176e-03, -1.2869e-01,  2.9588e-02, -2.0867e-02]], device='cuda:0'))])
end of epoch 7: val_loss 5.148427363680094, val_acc 0.7
trigger times: 1
end of epoch 8: val_loss 9.979664825927467, val_acc 0.7
trigger times: 2
end of epoch 9: val_loss 14.479342412948608, val_acc 0.7
trigger times: 3
end of epoch 10: val_loss 10.566926574707031, val_acc 0.8
trigger times: 4
end of epoch 11: val_loss 5.898862791051852, val_acc 0.8
trigger times: 5
end of epoch 12: val_loss 0.9938127554263702, val_acc 0.8
trigger times: 6
end of epoch 13: val_loss 1.6410893844402374, val_acc 0.8
trigger times: 7
end of epoch 14: val_loss 0.9779179332193906, val_acc 0.8
trigger times: 8
end of epoch 15: val_loss 1.635597872977813, val_acc 0.8
trigger times: 9
end of epoch 16: val_loss 1.5011162456080875, val_acc 0.7
trigger times: 10
Early stopping.
0 7.486235751770437 -238.56539389647227
1 11.57155093178153 -226.82452825484978
2 5.963225193321705 -226.2241731451399
3 10.19126420095563 -208.89755486387574
4 9.134135823696852 -196.9840755292238
5 14.827303983271122 -194.4017457710484
6 6.06862420309335 -193.75394353311003
7 16.77168347686529 -173.38768743356906
8 10.77651036158204 -172.73844575529262
9 10.048230342566967 -172.5849598191294
10 13.830911733210087 -148.80630048130243
11 8.970411753281951 -146.54022994848935
12 11.234737649559975 -144.9163601843784
13 10.37243172340095 -144.5098799638122
14 8.290528981015086 -129.52710350510273
15 19.1700381860137 -119.6789138826375
16 12.53325655683875 -119.53338183357056
17 9.753277976065874 -115.00841352193844
18 17.247614823281765 -113.49466461352053
19 29.790067978203297 -107.45837168117659
20 14.519519267603755 -105.49937100040788
21 12.648998100310564 -101.9104943327425
22 20.528548683971167 -101.66294130080523
23 20.882001761347055 -98.89606860541423
24 19.908694446086884 -95.1909937931514
25 15.018995124846697 -93.31854913617367
26 20.889848567545414 -85.41926577166943
27 21.780856747180223 -83.18012153468804
28 19.60593283548951 -79.47665068598401
29 16.4648241661489 -77.34308621853297
30 21.333227425813675 -60.56041622227008
31 31.764745518565178 -58.68833689293549
32 19.795950420200825 -22.79021187897909
33 26.53919879347086 -19.65788926803626
34 20.86076034605503 -16.74518768263467
35 22.9271107763052 -13.719402302108403
36 24.274404674768448 4.235189873860978
37 19.09847155585885 5.0952806210809465
38 23.983830645680428 10.178796790507759
39 22.942135084420443 13.541055788508864
40 19.534747309982777 14.989710929193077
41 32.09987350553274 21.802029683432238
42 24.30022056028247 31.12027905920427
43 32.15335236862302 40.64550156746333
44 23.266066163778305 40.69898986216935
45 27.98749567568302 50.09032867204584
46 21.955560967326164 57.290535515424786
47 21.637231670320034 60.51441689036072
48 24.273893896490335 62.587858111632386
49 18.54875097796321 63.47489586756552
50 22.01833137869835 65.395531990224
51 25.013775665313005 68.71330703108626
52 22.778956942260265 69.48459209048262
53 36.216986909508705 72.16624272108386
54 20.876851238310337 74.2233202149037
55 26.068843476474285 79.16074531670823
56 25.527834601700306 80.25553156558418
57 23.861763946712017 87.50520028403979
58 23.659211099147797 90.28646231697512
59 28.226395830512047 90.72533900600311
60 26.119957741349936 91.52552635781885
61 22.63946822285652 91.95773979158345
62 26.258719176054 92.99221310223136
63 21.264742724597454 94.14052712880752
64 24.27837808057666 94.28590507273401
65 23.736916482448578 95.24073532592021
66 28.60806491971016 96.09581961281374
67 34.83454777300358 96.50341248035636
68 24.270183727145195 97.45820290396632
69 31.745751567184925 97.90553231413178
70 21.228303354233503 98.27346635731779
71 28.096646681427956 98.35872828331676
72 25.116127476096153 98.9255090371917
73 23.87293069064617 99.09003071828721
74 26.929243117570877 99.89253842063019
75 25.975244887173176 100.07765055593329
76 30.076783888041973 101.35869827851857
77 22.94917620718479 103.56921378052652
78 26.93995228409767 103.74194540937737
79 26.906785391271114 104.00039883786899
80 27.139950811862946 104.36031383612816
81 23.834047742187977 104.79584301893571
82 24.51990818977356 105.40349710769756
83 32.2067706361413 105.60678192821229
84 25.113498639315367 106.26867976298877
85 25.70923686027527 106.37916921043517
86 29.615457460284233 106.67969423997131
87 26.751972071826458 106.81132709017433
88 30.15553353726864 107.05410485829283
89 27.17611838877201 107.44441498172971
90 25.559218399226665 107.68792314282867
91 32.21501134335995 107.72369032284489
92 28.593677662312984 108.58631070626225
93 26.997967086732388 108.79454915391223
94 27.252245098352432 109.15712102315346
95 27.43653903901577 109.71287331230647
96 31.209945663809776 110.48639228144049
97 27.20112583786249 111.4630258761226
98 25.776963781565428 112.59201367677376
99 25.74269088730216 113.4530990931055
100 31.707591652870178 114.85996346749971
101 28.47744817659259 115.04838323377467
102 35.17717858403921 115.5646624637931
103 27.78943158686161 115.77027450439896
104 27.522287867963314 116.29805012422126
105 25.308196552097797 116.38499266629886
106 27.56887210905552 116.4198907102986
107 24.699470959603786 117.08008835928221
108 31.688562408089638 117.29357601720739
109 29.975896887481213 118.29160885622866
110 37.796330377459526 119.01062500757773
111 22.573877669870853 120.85290512447664
112 32.41953964531422 120.8902150231427
113 27.38573605194688 121.40892075278066
114 31.76062586903572 122.30522808413322
115 38.165536396205425 129.13346806288703
116 35.07326351106167 129.67718524437547
117 32.40898171812296 129.79664443488912
118 26.994166292250156 130.61780866873775
119 42.153618544340134 131.40806576766226
train accuracy: 0.9333333333333333
validation accuracy: 0.7
test accuracy: 0.7802521008403361
