demo lengths 200
demos: (120, 200, 25)
demo_rewards: (120,)
[-238.5653939  -226.82452825 -226.22417315 -208.89755486 -196.98407553
 -194.40174577 -193.75394353 -173.38768743 -172.73844576 -172.58495982
 -148.80630048 -146.54022995 -144.91636018 -144.50987996 -129.52710351
 -119.67891388 -119.53338183 -115.00841352 -113.49466461 -107.45837168
 -105.499371   -101.91049433 -101.6629413   -98.89606861  -95.19099379
  -93.31854914  -85.41926577  -83.18012153  -79.47665069  -77.34308622
  -60.56041622  -58.68833689  -22.79021188  -19.65788927  -16.74518768
  -13.7194023     4.23518987    5.09528062   10.17879679   13.54105579
   14.98971093   21.80202968   31.12027906   40.64550157   40.69898986
   50.09032867   57.29053552   60.51441689   62.58785811   63.47489587
   65.39553199   68.71330703   69.48459209   72.16624272   74.22332021
   79.16074532   80.25553157   87.50520028   90.28646232   90.72533901
   91.52552636   91.95773979   92.9922131    94.14052713   94.28590507
   95.24073533   96.09581961   96.50341248   97.4582029    97.90553231
   98.27346636   98.35872828   98.92550904   99.09003072   99.89253842
  100.07765056  101.35869828  103.56921378  103.74194541  104.00039884
  104.36031384  104.79584302  105.40349711  105.60678193  106.26867976
  106.37916921  106.67969424  106.81132709  107.05410486  107.44441498
  107.68792314  107.72369032  108.58631071  108.79454915  109.15712102
  109.71287331  110.48639228  111.46302588  112.59201368  113.45309909
  114.85996347  115.04838323  115.56466246  115.7702745   116.29805012
  116.38499267  116.41989071  117.08008836  117.29357602  118.29160886
  119.01062501  120.85290512  120.89021502  121.40892075  122.30522808
  129.13346806  129.67718524  129.79664443  130.61780867  131.40806577]
maximum traj length 200
maximum traj length 200
num training_obs 9
num training_labels 9
num val_obs 1
num val_labels 1
num test_obs 7140
num test_labels 7140
ModuleList(
  (0): Linear(in_features=25, out_features=128, bias=True)
  (1): Linear(in_features=128, out_features=64, bias=True)
  (2): Linear(in_features=64, out_features=1, bias=False)
)
Total number of parameters: 11648
Number of trainable paramters: 11648
device: cuda:0
end of epoch 0: val_loss 53.933250427246094, val_acc 0.0
trigger times: 0
saving model weights...
Weights: OrderedDict([('fcs.0.weight', tensor([[ 0.0507, -0.0106,  0.0793,  ...,  0.0185,  0.1372,  0.0062],
        [ 0.0304,  0.0189, -0.1123,  ...,  0.0162, -0.0355,  0.0770],
        [ 0.0836,  0.1086,  0.1185,  ..., -0.0754,  0.0199, -0.0599],
        ...,
        [-0.0588,  0.1445, -0.0698,  ...,  0.1808,  0.2147, -0.0115],
        [ 0.1217,  0.1089,  0.1528,  ..., -0.1851, -0.1142, -0.1326],
        [-0.1374, -0.0870,  0.1792,  ..., -0.0120, -0.0728, -0.0149]],
       device='cuda:0')), ('fcs.0.bias', tensor([ 0.1056, -0.2261,  0.0025,  0.2092,  0.0205,  0.0484, -0.0096,  0.1408,
         0.0315,  0.0890, -0.0031, -0.1753, -0.0365,  0.1192, -0.0369, -0.0885,
         0.1886, -0.1496, -0.1130,  0.0690,  0.1551,  0.0108, -0.0874,  0.1349,
         0.1155, -0.1219,  0.2344,  0.0212, -0.1104, -0.1899,  0.0528, -0.0723,
         0.0234, -0.1793,  0.0339, -0.1451,  0.1172,  0.0125,  0.0745,  0.0737,
         0.2223,  0.0692,  0.1387, -0.2063,  0.1202,  0.1274, -0.1150, -0.0690,
         0.1953,  0.1603, -0.1245, -0.0470, -0.1678,  0.1220, -0.2109, -0.1195,
         0.1059,  0.1954,  0.2262, -0.0384, -0.1546,  0.1166,  0.1498,  0.1505,
         0.0851,  0.0346,  0.0885,  0.0014, -0.0606,  0.1544, -0.0712,  0.1009,
         0.0234, -0.0770,  0.0189, -0.0223,  0.0814, -0.2123, -0.2099, -0.0008,
        -0.0861, -0.1100, -0.1822, -0.0324, -0.1098,  0.1609, -0.0928, -0.0245,
        -0.0372,  0.0315, -0.1776,  0.0556, -0.2132, -0.0423,  0.0631, -0.0107,
        -0.0072, -0.1851, -0.1303,  0.1100,  0.0619,  0.0518,  0.0889,  0.1669,
         0.0625, -0.0515, -0.1489, -0.1853,  0.0981,  0.0252, -0.1479,  0.0636,
         0.0673, -0.0015, -0.0165, -0.1449,  0.1291, -0.1929, -0.1383,  0.0392,
        -0.0336,  0.1628, -0.0162, -0.0935, -0.0220, -0.0143, -0.0732, -0.0379],
       device='cuda:0')), ('fcs.1.weight', tensor([[-0.0791, -0.0247, -0.0433,  ..., -0.0872,  0.1122, -0.0110],
        [-0.0684, -0.0059,  0.0231,  ...,  0.0358, -0.0536, -0.0896],
        [-0.0046, -0.1032,  0.0136,  ...,  0.0401, -0.0170, -0.0983],
        ...,
        [-0.0770, -0.0706, -0.0223,  ...,  0.0593,  0.0999, -0.0315],
        [ 0.0586, -0.1234,  0.0101,  ..., -0.1099,  0.0204, -0.0305],
        [ 0.0529, -0.0053,  0.0641,  ...,  0.0025,  0.0688, -0.0217]],
       device='cuda:0')), ('fcs.1.bias', tensor([-0.0784,  0.0441, -0.0583,  0.0191,  0.0370, -0.0217, -0.0172,  0.0963,
        -0.0525, -0.0120,  0.0133,  0.0403, -0.0190,  0.0297, -0.0015, -0.0282,
         0.0251,  0.0203, -0.0364,  0.0154,  0.0151, -0.0039, -0.0190, -0.0130,
         0.0654,  0.0179, -0.0031,  0.0697,  0.0083, -0.0096,  0.0153, -0.0806,
        -0.0941,  0.0007, -0.0213,  0.0210,  0.0167, -0.0619,  0.0147,  0.0567,
        -0.0031, -0.0494, -0.0253, -0.0339,  0.1083,  0.0513,  0.0309,  0.1339,
         0.0072, -0.1178, -0.0584, -0.0219,  0.0033,  0.0045,  0.0187,  0.0317,
        -0.0178, -0.0204,  0.0046,  0.0227,  0.0185, -0.0721, -0.1057, -0.0763],
       device='cuda:0')), ('fcs.2.weight', tensor([[ 0.0913,  0.0032, -0.0136,  0.0387,  0.0159,  0.0249,  0.0546,  0.0902,
         -0.0402, -0.0968,  0.0296,  0.0881,  0.1212, -0.0797, -0.1231,  0.1188,
         -0.0396,  0.0098, -0.0043,  0.0809, -0.1165, -0.1160, -0.0456,  0.0136,
         -0.0658,  0.1559, -0.0274,  0.1105, -0.0628, -0.0656,  0.0045, -0.0122,
         -0.0590,  0.0759, -0.0451,  0.0090,  0.0502,  0.0136, -0.1541, -0.0691,
         -0.0132, -0.0179,  0.1247,  0.0823, -0.0611,  0.0566,  0.0028,  0.0237,
         -0.0163,  0.0830,  0.0897,  0.0049, -0.0108, -0.0675, -0.0808, -0.0155,
          0.0619,  0.0350,  0.0086, -0.0765, -0.0087,  0.0420, -0.0149,  0.0066]],
       device='cuda:0'))])
end of epoch 1: val_loss 20.11528778076172, val_acc 0.0
trigger times: 0
saving model weights...
Weights: OrderedDict([('fcs.0.weight', tensor([[ 0.0403,  0.0208,  0.0695,  ...,  0.0384,  0.1199,  0.0049],
        [ 0.0215,  0.0331, -0.1114,  ...,  0.0270, -0.0522,  0.1004],
        [ 0.0711,  0.0780,  0.1020,  ..., -0.0611,  0.0077, -0.0665],
        ...,
        [-0.0563,  0.1148, -0.0466,  ...,  0.1605,  0.2252,  0.0011],
        [ 0.1181,  0.0830,  0.1662,  ..., -0.2050, -0.1229, -0.1561],
        [-0.1621, -0.0937,  0.1611,  ..., -0.0157, -0.0949, -0.0145]],
       device='cuda:0')), ('fcs.0.bias', tensor([ 0.0883, -0.2424, -0.0096,  0.1807,  0.0677,  0.0342,  0.0111,  0.0933,
        -0.0057,  0.0772,  0.0387, -0.2112, -0.0076,  0.0930, -0.0037, -0.1160,
         0.1717, -0.1650, -0.1367,  0.0898,  0.1415,  0.0017, -0.0852,  0.1651,
         0.1411, -0.1523,  0.2827,  0.0087, -0.1243, -0.2151,  0.0441, -0.0489,
         0.0147, -0.1352,  0.0201, -0.1062,  0.1047,  0.0075,  0.0608,  0.0174,
         0.2686,  0.0823,  0.1092, -0.2169,  0.0938,  0.1217, -0.1325, -0.1013,
         0.1901,  0.1703, -0.1609, -0.0765, -0.1783,  0.1559, -0.2216, -0.1298,
         0.0934,  0.1898,  0.2061, -0.0604, -0.1808,  0.1411,  0.1164,  0.1296,
         0.0722,  0.0817,  0.0670, -0.0068, -0.0578,  0.1207, -0.0964,  0.0695,
        -0.0012, -0.1107, -0.0197, -0.0477,  0.0660, -0.2218, -0.2151,  0.0226,
        -0.0987, -0.1225, -0.2176, -0.0651, -0.1329,  0.1295, -0.0586, -0.0499,
        -0.0690, -0.0019, -0.1655,  0.0676, -0.2030, -0.0275,  0.1080,  0.0317,
        -0.0180, -0.1405, -0.1380,  0.0967,  0.0255,  0.0293,  0.0755,  0.1406,
         0.0539, -0.0437, -0.1625, -0.1961,  0.0772, -0.0129, -0.1453,  0.0327,
         0.0710,  0.0350,  0.0217, -0.1788,  0.0941, -0.1654, -0.1691,  0.0275,
         0.0121,  0.2014, -0.0234, -0.0784, -0.0435, -0.0013, -0.0812, -0.0574],
       device='cuda:0')), ('fcs.1.weight', tensor([[-0.0852, -0.0375, -0.0316,  ..., -0.1051,  0.1051,  0.0088],
        [-0.0676, -0.0175,  0.0178,  ...,  0.0240, -0.0649, -0.1005],
        [-0.0272, -0.1129,  0.0117,  ...,  0.0286, -0.0279, -0.1071],
        ...,
        [-0.0857, -0.0924, -0.0108,  ...,  0.0392,  0.0926, -0.0091],
        [ 0.0522, -0.1360, -0.0124,  ..., -0.1046,  0.0094, -0.0441],
        [ 0.0398, -0.0256,  0.0523,  ..., -0.0231,  0.0534,  0.0154]],
       device='cuda:0')), ('fcs.1.bias', tensor([-0.0896,  0.0324, -0.0696, -0.0035,  0.0221, -0.0442, -0.0062,  0.1062,
        -0.0869, -0.0152, -0.0188,  0.0282,  0.0043,  0.0481, -0.0008, -0.0152,
         0.0133,  0.0204, -0.0242, -0.0192, -0.0093, -0.0022,  0.0045, -0.0246,
         0.0308,  0.0008, -0.0217,  0.0810, -0.0245, -0.0180,  0.0103, -0.0865,
        -0.1055,  0.0123, -0.0329,  0.0309,  0.0283, -0.0747,  0.0113,  0.0235,
        -0.0190, -0.0310, -0.0421, -0.0223,  0.1207,  0.0262,  0.0192,  0.1568,
        -0.0047, -0.1293, -0.0638, -0.0093,  0.0229,  0.0246, -0.0062,  0.0188,
        -0.0048, -0.0555, -0.0261,  0.0343, -0.0068, -0.0950, -0.1184, -0.0922],
       device='cuda:0')), ('fcs.2.weight', tensor([[ 0.0672, -0.0147, -0.0288,  0.0076, -0.0014,  0.0061,  0.0276,  0.0568,
         -0.0018, -0.0728, -0.0058,  0.0778,  0.1020, -0.0404, -0.0990,  0.0945,
         -0.0241,  0.0016,  0.0321,  0.0552, -0.0904, -0.0936, -0.0354,  0.0242,
         -0.0403,  0.1565, -0.0360,  0.0810, -0.0249, -0.0389, -0.0181, -0.0016,
         -0.0269,  0.0611, -0.0544, -0.0064,  0.0238,  0.0284, -0.1340, -0.0404,
          0.0020, -0.0299,  0.1136,  0.0522, -0.0228,  0.0315, -0.0110,  0.0410,
         -0.0139,  0.0651,  0.0880, -0.0140,  0.0172, -0.0286, -0.0563,  0.0014,
          0.0196,  0.0218, -0.0093, -0.0423, -0.0259,  0.0161, -0.0035, -0.0179]],
       device='cuda:0'))])
end of epoch 2: val_loss 15.245712280273438, val_acc 0.0
trigger times: 0
saving model weights...
Weights: OrderedDict([('fcs.0.weight', tensor([[ 0.0277,  0.0325,  0.0590,  ...,  0.0454,  0.1057,  0.0052],
        [ 0.0174,  0.0392, -0.1105,  ...,  0.0317, -0.0593,  0.1088],
        [ 0.0656,  0.0613,  0.0914,  ..., -0.0509,  0.0026, -0.0616],
        ...,
        [-0.0564,  0.1025, -0.0386,  ...,  0.1525,  0.2260,  0.0077],
        [ 0.1194,  0.0700,  0.1734,  ..., -0.2131, -0.1212, -0.1657],
        [-0.1764, -0.0881,  0.1505,  ..., -0.0137, -0.1099, -0.0156]],
       device='cuda:0')), ('fcs.0.bias', tensor([ 0.0741, -0.2490, -0.0145,  0.1622,  0.0892,  0.0343,  0.0204,  0.0707,
        -0.0252,  0.0723,  0.0572, -0.2286,  0.0036,  0.0809,  0.0135, -0.1263,
         0.1555, -0.1712, -0.1464,  0.1083,  0.1348,  0.0017, -0.0800,  0.1769,
         0.1486, -0.1706,  0.3055,  0.0076, -0.1302, -0.2131,  0.0437, -0.0725,
         0.0093, -0.0984,  0.0141, -0.0855,  0.0994,  0.0151,  0.0550, -0.0117,
         0.2918,  0.0961,  0.0968, -0.2198,  0.0827,  0.1105, -0.1422, -0.1149,
         0.1789,  0.1762, -0.1806, -0.0895, -0.1825,  0.1735, -0.2210, -0.1332,
         0.0888,  0.1860,  0.1906, -0.0589, -0.1898,  0.1569,  0.1101,  0.1124,
         0.0664,  0.1046,  0.0562, -0.0071, -0.0519,  0.1051, -0.1212,  0.0576,
        -0.0182, -0.1234, -0.0309, -0.0557,  0.0596, -0.2243, -0.2221,  0.0305,
        -0.1037, -0.1276, -0.2360, -0.0830, -0.1470,  0.1165, -0.0448, -0.0630,
        -0.0856, -0.0195, -0.1552,  0.0634, -0.2083, -0.0276,  0.1310,  0.0526,
        -0.0344, -0.1129, -0.1397,  0.0911,  0.0080,  0.0200,  0.0697,  0.1230,
         0.0501, -0.0371, -0.1654, -0.1988,  0.0629, -0.0320, -0.1305,  0.0153,
         0.0746,  0.0540,  0.0402, -0.1862,  0.0796, -0.1469, -0.1795,  0.0233,
         0.0331,  0.2204, -0.0226, -0.0467, -0.0522,  0.0007, -0.0799, -0.0719],
       device='cuda:0')), ('fcs.1.weight', tensor([[-0.0864, -0.0438, -0.0251,  ..., -0.1127,  0.1019,  0.0156],
        [-0.0526, -0.0222,  0.0028,  ...,  0.0191, -0.0693, -0.1044],
        [-0.0297, -0.1149, -0.0074,  ...,  0.0237, -0.0318, -0.1081],
        ...,
        [-0.0885, -0.1010, -0.0046,  ...,  0.0314,  0.0902, -0.0011],
        [ 0.0398, -0.1397,  0.0028,  ..., -0.0943,  0.0036, -0.0494],
        [ 0.0337, -0.0339,  0.0385,  ..., -0.0286,  0.0510,  0.0281]],
       device='cuda:0')), ('fcs.1.bias', tensor([-0.0939,  0.0275, -0.0739, -0.0044,  0.0157, -0.0542,  0.0101,  0.1092,
        -0.1012,  0.0097, -0.0370,  0.0237,  0.0036,  0.0583,  0.0016, -0.0096,
         0.0082,  0.0058, -0.0191, -0.0340,  0.0046, -0.0007,  0.0034, -0.0293,
         0.0164, -0.0163, -0.0425,  0.0853, -0.0382,  0.0082, -0.0107, -0.0833,
        -0.1100,  0.0171, -0.0377,  0.0349,  0.0329, -0.0800, -0.0106,  0.0096,
        -0.0255, -0.0248, -0.0592, -0.0174,  0.1270,  0.0159,  0.0143,  0.1603,
        -0.0096, -0.1340, -0.0554, -0.0037, -0.0034,  0.0374, -0.0014,  0.0134,
         0.0007, -0.0701, -0.0035,  0.0391, -0.0007, -0.1042, -0.1232, -0.0884],
       device='cuda:0')), ('fcs.2.weight', tensor([[ 6.2213e-02, -2.9093e-02, -3.5712e-02,  6.1924e-03, -9.0021e-03,
          1.6717e-03,  2.4205e-02,  3.8532e-02,  1.4021e-02, -6.9570e-02,
         -2.2515e-02,  6.9899e-02,  9.9381e-02, -2.1843e-02, -9.4827e-02,
          8.6435e-02, -2.3223e-02, -2.5032e-02,  4.3062e-02,  4.4833e-02,
         -8.2994e-02, -9.2035e-02, -3.1968e-02,  2.8126e-02, -2.9878e-02,
          1.4753e-01, -2.8734e-02,  7.1218e-02, -9.3166e-03, -3.4219e-02,
         -1.2605e-02,  1.8865e-03, -1.8127e-02,  6.3045e-02, -7.1137e-02,
         -4.6867e-03,  1.9065e-02,  3.3662e-02, -1.3020e-01, -2.9207e-02,
          7.5969e-03, -2.2779e-02,  9.5948e-02,  4.8936e-02, -7.4933e-03,
          2.0070e-02, -1.7660e-02,  3.5289e-02, -2.1391e-02,  5.1689e-02,
          9.7359e-02, -7.2398e-03,  2.1036e-02, -1.2133e-02, -5.2483e-02,
          7.7778e-03,  3.3845e-03,  1.6312e-02, -3.5788e-03, -2.6542e-02,
         -2.0126e-02,  9.3249e-03,  1.0387e-05, -1.8798e-02]], device='cuda:0'))])
end of epoch 3: val_loss 11.005036354064941, val_acc 0.0
trigger times: 0
saving model weights...
Weights: OrderedDict([('fcs.0.weight', tensor([[ 0.0223,  0.0376,  0.0540,  ...,  0.0483,  0.0995,  0.0057],
        [ 0.0155,  0.0416, -0.1096,  ...,  0.0331, -0.0625,  0.1100],
        [ 0.0629,  0.0512,  0.0829,  ..., -0.0429,  0.0004, -0.0492],
        ...,
        [-0.0525,  0.0970, -0.0308,  ...,  0.1506,  0.2302,  0.0146],
        [ 0.1202,  0.0638,  0.1752,  ..., -0.2147, -0.1214, -0.1681],
        [-0.1824, -0.0856,  0.1456,  ..., -0.0128, -0.1163, -0.0159]],
       device='cuda:0')), ('fcs.0.bias', tensor([ 0.0679, -0.2516, -0.0165,  0.1538,  0.0945,  0.0332,  0.0181,  0.0612,
        -0.0349,  0.0700,  0.0642, -0.2358,  0.0140,  0.0756,  0.0192, -0.1284,
         0.1503, -0.1736, -0.1503,  0.1026,  0.1303,  0.0073, -0.0699,  0.1857,
         0.1490, -0.1882,  0.3134,  0.0059, -0.1327, -0.1974,  0.0471, -0.0814,
         0.0072, -0.0701,  0.0119, -0.0764,  0.0962,  0.0156,  0.0524, -0.0232,
         0.3026,  0.1010,  0.0914, -0.2191,  0.0781,  0.1072, -0.1564, -0.1207,
         0.1759,  0.1775, -0.1902, -0.0950, -0.1840,  0.1816, -0.2170, -0.1338,
         0.0876,  0.1927,  0.1802, -0.0528, -0.1961,  0.1638,  0.0993,  0.1048,
         0.0635,  0.1144,  0.0505, -0.0050, -0.0534,  0.0982, -0.1337,  0.0525,
        -0.0266, -0.1288, -0.0280, -0.0549,  0.0565, -0.2233, -0.2194,  0.0345,
        -0.1058, -0.1297, -0.2436, -0.0907, -0.1501,  0.1112, -0.0380, -0.0681,
        -0.0923, -0.0271, -0.1429,  0.0419, -0.2297, -0.0221,  0.1444,  0.0603,
        -0.0412, -0.0872, -0.1388,  0.0887,  0.0004,  0.0162,  0.0670,  0.1142,
         0.0482, -0.0321, -0.1616, -0.1965,  0.0571, -0.0430, -0.1055,  0.0077,
         0.0817,  0.0646,  0.0503, -0.1779,  0.0734, -0.1366, -0.1807,  0.0195,
         0.0409,  0.2253, -0.0225, -0.0215, -0.0552,  0.0058, -0.0800, -0.0782],
       device='cuda:0')), ('fcs.1.weight', tensor([[-0.0869, -0.0419, -0.0220,  ..., -0.1139,  0.0989,  0.0185],
        [-0.0337, -0.0242, -0.0058,  ...,  0.0168, -0.0709, -0.1054],
        [-0.0208, -0.1137, -0.0023,  ...,  0.0211, -0.0327, -0.1053],
        ...,
        [-0.0897, -0.1028, -0.0019,  ...,  0.0286,  0.0885,  0.0024],
        [ 0.0267, -0.1395,  0.0030,  ..., -0.0813,  0.0009, -0.0512],
        [ 0.0309, -0.0371,  0.0248,  ..., -0.0321,  0.0529,  0.0333]],
       device='cuda:0')), ('fcs.1.bias', tensor([-9.5223e-02,  2.5333e-02, -7.5414e-02,  5.0213e-03,  1.2846e-02,
        -5.9013e-02, -3.8245e-03,  1.0934e-01, -1.0734e-01,  2.2703e-03,
        -4.4800e-02,  2.2397e-02, -4.7346e-03,  6.2655e-02, -1.8991e-03,
        -7.1982e-03,  6.0065e-03,  5.7875e-03, -1.6930e-02, -4.0782e-02,
        -2.0003e-03, -9.4985e-05, -4.6094e-03, -3.1362e-02,  1.0196e-02,
        -2.3492e-02, -6.2041e-02,  8.6714e-02, -4.4078e-02,  4.5993e-03,
         1.4278e-03, -7.5794e-02, -1.1162e-01,  1.9187e-02, -3.9720e-02,
         3.6552e-02,  3.4803e-02, -8.2148e-02,  7.2984e-04,  3.6365e-03,
        -2.8159e-02, -2.3177e-02, -6.6675e-02, -1.5286e-02,  1.3017e-01,
         1.1710e-02,  1.2107e-02,  1.5600e-01, -1.1366e-02, -1.3601e-01,
        -2.2914e-02, -1.1962e-03, -8.6808e-03,  4.1340e-02,  3.5213e-03,
         1.1095e-02,  3.0630e-03, -7.6323e-02,  1.0521e-02,  4.1196e-02,
         3.0245e-03, -1.0789e-01, -1.2469e-01, -7.7687e-02], device='cuda:0')), ('fcs.2.weight', tensor([[ 0.0554, -0.0340, -0.0356,  0.0083, -0.0018, -0.0041,  0.0230,  0.0231,
          0.0209, -0.0659, -0.0297,  0.0826,  0.0982, -0.0139, -0.0879,  0.0835,
         -0.0259, -0.0561,  0.0339,  0.0402, -0.0791, -0.0891, -0.0304,  0.0296,
         -0.0253,  0.1457, -0.0231,  0.0675, -0.0026, -0.0317, -0.0030,  0.0029,
         -0.0193,  0.0597, -0.0778, -0.0085,  0.0187,  0.0357, -0.1268, -0.0239,
          0.0100, -0.0206,  0.0905,  0.0431,  0.0014,  0.0186, -0.0205,  0.0264,
         -0.0203,  0.0478,  0.1287,  0.0037,  0.0208, -0.0020, -0.0505,  0.0105,
          0.0096,  0.0141,  0.0007, -0.0177, -0.0142,  0.0014,  0.0013, -0.0193]],
       device='cuda:0'))])
end of epoch 4: val_loss 10.031538009643555, val_acc 0.0
trigger times: 0
saving model weights...
Weights: OrderedDict([('fcs.0.weight', tensor([[ 0.0199,  0.0397,  0.0515,  ...,  0.0494,  0.0967,  0.0058],
        [ 0.0146,  0.0425, -0.1083,  ...,  0.0335, -0.0637,  0.1103],
        [ 0.0614,  0.0442,  0.0753,  ..., -0.0354, -0.0006, -0.0351],
        ...,
        [-0.0508,  0.0946, -0.0272,  ...,  0.1497,  0.2316,  0.0176],
        [ 0.1204,  0.0611,  0.1755,  ..., -0.2153, -0.1214, -0.1684],
        [-0.1849, -0.0845,  0.1431,  ..., -0.0125, -0.1190, -0.0160]],
       device='cuda:0')), ('fcs.0.bias', tensor([ 0.0651, -0.2521, -0.0173,  0.1499,  0.0966,  0.0327,  0.0112,  0.0570,
        -0.0391,  0.0689,  0.0671, -0.2385,  0.0184,  0.0732,  0.0188, -0.1271,
         0.1480, -0.1743, -0.1516,  0.0967,  0.1267,  0.0098, -0.0608,  0.1892,
         0.1489, -0.1953,  0.3164,  0.0051, -0.1335, -0.1760,  0.0484, -0.0835,
         0.0061, -0.0485,  0.0109, -0.0724,  0.0940,  0.0124,  0.0513, -0.0234,
         0.3069,  0.1031,  0.0890, -0.2166,  0.0761,  0.1057, -0.1621, -0.1232,
         0.1746,  0.1773, -0.1942, -0.0973, -0.1844,  0.1843, -0.2106, -0.1329,
         0.0870,  0.1951,  0.1754, -0.0432, -0.1986,  0.1664,  0.0945,  0.1015,
         0.0619,  0.1186,  0.0472, -0.0041, -0.0540,  0.0952, -0.1389,  0.0503,
        -0.0302, -0.1311, -0.0200, -0.0545,  0.0548, -0.2206, -0.2154,  0.0362,
        -0.1066, -0.1304, -0.2463, -0.0939, -0.1513,  0.1088, -0.0350, -0.0702,
        -0.0950, -0.0304, -0.1372,  0.0327, -0.2388, -0.0173,  0.1499,  0.0636,
        -0.0440, -0.0606, -0.1383,  0.0876, -0.0028,  0.0145,  0.0657,  0.1103,
         0.0473, -0.0273, -0.1556, -0.1949,  0.0545, -0.0477, -0.0822,  0.0044,
         0.0846,  0.0690,  0.0546, -0.1627,  0.0708, -0.1321, -0.1779,  0.0154,
         0.0442,  0.2272, -0.0225, -0.0106, -0.0554,  0.0080, -0.0801, -0.0808],
       device='cuda:0')), ('fcs.1.weight', tensor([[-0.0871, -0.0408, -0.0195,  ..., -0.1144,  0.0976,  0.0198],
        [-0.0168, -0.0248, -0.0043,  ...,  0.0157, -0.0712, -0.1049],
        [-0.0093, -0.1108,  0.0039,  ...,  0.0198, -0.0326, -0.1007],
        ...,
        [-0.0901, -0.1028, -0.0005,  ...,  0.0273,  0.0877,  0.0039],
        [ 0.0153, -0.1374, -0.0032,  ..., -0.0675, -0.0003, -0.0515],
        [ 0.0297, -0.0379,  0.0134,  ..., -0.0335,  0.0536,  0.0353]],
       device='cuda:0')), ('fcs.1.bias', tensor([-9.5249e-02,  2.4350e-02, -7.5593e-02, -3.1253e-03,  1.1595e-02,
        -6.0554e-02, -1.0913e-03,  1.0921e-01, -1.0994e-01, -4.8934e-03,
        -4.8010e-02,  2.1814e-02,  3.2039e-03,  6.4382e-02,  1.5553e-03,
        -6.1032e-03,  4.9941e-03,  5.5119e-03, -1.5948e-02, -4.3672e-02,
         8.6431e-04, -2.9262e-06,  3.1997e-03, -3.2173e-02,  7.5135e-03,
        -2.6589e-02, -6.8472e-02,  8.6848e-02, -4.6603e-02, -5.1577e-03,
         3.1984e-03, -6.6476e-02, -1.1200e-01,  2.0029e-02, -4.0537e-02,
         3.7184e-02,  3.5420e-02, -8.2957e-02,  3.6418e-03,  1.0578e-03,
        -2.9065e-02, -2.2409e-02, -6.9895e-02, -1.4355e-02,  1.3131e-01,
         9.9035e-03,  1.1131e-02,  1.5366e-01, -1.1780e-02, -1.3679e-01,
        -8.9291e-03, -5.0103e-05,  3.5642e-03,  4.2917e-02, -2.9759e-03,
         1.0089e-02,  4.0494e-03, -7.8890e-02,  4.0169e-04,  4.2071e-02,
        -2.7687e-03, -1.0909e-01, -1.2465e-01, -7.1927e-02], device='cuda:0')), ('fcs.2.weight', tensor([[ 0.0524, -0.0359, -0.0354,  0.0092,  0.0014, -0.0066,  0.0225,  0.0164,
          0.0238, -0.0639, -0.0327,  0.0882,  0.0977, -0.0104, -0.0841,  0.0822,
         -0.0270, -0.0696,  0.0299,  0.0382, -0.0769, -0.0873, -0.0296,  0.0302,
         -0.0233,  0.1449, -0.0206,  0.0659,  0.0003, -0.0303,  0.0011,  0.0033,
         -0.0196,  0.0583, -0.0798, -0.0102,  0.0186,  0.0365, -0.1246, -0.0217,
          0.0111, -0.0197,  0.0882,  0.0405,  0.0053,  0.0179, -0.0217,  0.0225,
         -0.0196,  0.0459,  0.1424,  0.0085,  0.0206,  0.0023, -0.0492,  0.0116,
          0.0123,  0.0131,  0.0025, -0.0139, -0.0117, -0.0020,  0.0019, -0.0196]],
       device='cuda:0'))])
end of epoch 5: val_loss 9.753689765930176, val_acc 0.0
trigger times: 0
saving model weights...
Weights: OrderedDict([('fcs.0.weight', tensor([[ 0.0189,  0.0405,  0.0500,  ...,  0.0498,  0.0954,  0.0059],
        [ 0.0142,  0.0427, -0.1069,  ...,  0.0334, -0.0640,  0.1102],
        [ 0.0604,  0.0388,  0.0682,  ..., -0.0284, -0.0010, -0.0224],
        ...,
        [-0.0500,  0.0935, -0.0255,  ...,  0.1492,  0.2319,  0.0188],
        [ 0.1205,  0.0599,  0.1752,  ..., -0.2155, -0.1213, -0.1678],
        [-0.1858, -0.0840,  0.1417,  ..., -0.0123, -0.1200, -0.0160]],
       device='cuda:0')), ('fcs.0.bias', tensor([ 0.0639, -0.2517, -0.0175,  0.1479,  0.0973,  0.0324,  0.0044,  0.0552,
        -0.0408,  0.0683,  0.0683, -0.2394,  0.0202,  0.0720,  0.0156, -0.1241,
         0.1469, -0.1743, -0.1519,  0.0907,  0.1233,  0.0107, -0.0524,  0.1903,
         0.1486, -0.1977,  0.3173,  0.0048, -0.1337, -0.1527,  0.0488, -0.0824,
         0.0054, -0.0321,  0.0104, -0.0706,  0.0922,  0.0081,  0.0507, -0.0183,
         0.3083,  0.1038,  0.0880, -0.2133,  0.0752,  0.1049, -0.1642, -0.1243,
         0.1739,  0.1764, -0.1958, -0.0982, -0.1843,  0.1846, -0.2029, -0.1314,
         0.0867,  0.1956,  0.1731, -0.0330, -0.1995,  0.1672,  0.0924,  0.0999,
         0.0608,  0.1202,  0.0449, -0.0037, -0.0542,  0.0937, -0.1410,  0.0493,
        -0.0317, -0.1320, -0.0114, -0.0541,  0.0538, -0.2170, -0.2107,  0.0369,
        -0.1069, -0.1306, -0.2468, -0.0951, -0.1515,  0.1078, -0.0337, -0.0709,
        -0.0960, -0.0317, -0.1342,  0.0287, -0.2426, -0.0131,  0.1520,  0.0649,
        -0.0451, -0.0376, -0.1380,  0.0871, -0.0042,  0.0138,  0.0650,  0.1086,
         0.0468, -0.0228, -0.1483, -0.1935,  0.0534, -0.0496, -0.0617,  0.0030,
         0.0858,  0.0709,  0.0564, -0.1445,  0.0696, -0.1301, -0.1732,  0.0114,
         0.0456,  0.2278, -0.0224, -0.0060, -0.0542,  0.0089, -0.0800, -0.0818],
       device='cuda:0')), ('fcs.1.weight', tensor([[-8.7073e-02, -4.0130e-02, -1.7381e-02,  ..., -1.1452e-01,
          9.7013e-02,  2.0301e-02],
        [-4.8710e-03, -2.4940e-02,  4.0732e-04,  ...,  1.5126e-02,
         -7.1065e-02, -1.0386e-01],
        [-7.2052e-04, -1.0697e-01, -1.0319e-03,  ...,  1.8993e-02,
         -3.1956e-02, -9.5212e-02],
        ...,
        [-9.0160e-02, -1.0181e-01,  9.2746e-05,  ...,  2.6777e-02,
          8.7271e-02,  4.5434e-03],
        [ 6.9033e-03, -1.3430e-01,  1.5745e-03,  ..., -5.4287e-02,
         -7.9479e-04, -5.1003e-02],
        [ 2.9045e-02, -3.7494e-02,  5.2187e-03,  ..., -3.4085e-02,
          5.3763e-02,  3.5898e-02]], device='cuda:0')), ('fcs.1.bias', tensor([-9.4654e-02,  2.3880e-02, -7.5165e-02,  1.4047e-03,  1.1052e-02,
        -6.0627e-02,  2.2905e-03,  1.0896e-01, -1.1100e-01,  2.0529e-03,
        -4.9223e-02,  2.1560e-02, -1.6240e-03,  6.4960e-02, -7.0968e-04,
        -5.5945e-03,  4.5152e-03,  5.0692e-03, -1.5500e-02, -4.4863e-02,
        -4.8185e-04, -8.4496e-05, -1.6904e-03, -3.2452e-02,  6.3697e-03,
        -2.7904e-02, -6.8763e-02,  8.6374e-02, -4.7667e-02,  9.0935e-04,
        -2.8286e-03, -5.6647e-02, -1.1181e-01,  2.0343e-02, -4.0826e-02,
         3.7378e-02,  3.5476e-02, -8.3168e-02, -2.8014e-03, -4.0242e-05,
        -2.9199e-02, -2.1989e-02, -7.1247e-02, -1.3939e-02,  1.3152e-01,
         9.1271e-03,  1.0673e-02,  1.5212e-01, -1.1544e-02, -1.3703e-01,
        -2.9680e-03,  4.3956e-04,  2.1362e-03,  4.3445e-02,  1.9334e-03,
         9.6565e-03,  4.4303e-03, -7.9865e-02, -4.2826e-03,  4.2427e-02,
         1.9067e-03, -1.0917e-01, -1.2388e-01, -6.8295e-02], device='cuda:0')), ('fcs.2.weight', tensor([[ 0.0511, -0.0364, -0.0352,  0.0095,  0.0027, -0.0077,  0.0223,  0.0135,
          0.0251, -0.0626, -0.0340,  0.0906,  0.0975, -0.0090, -0.0817,  0.0817,
         -0.0272, -0.0753,  0.0282,  0.0373, -0.0755, -0.0859, -0.0293,  0.0305,
         -0.0225,  0.1446, -0.0196,  0.0652,  0.0016, -0.0294,  0.0029,  0.0035,
         -0.0194,  0.0576, -0.0796, -0.0109,  0.0185,  0.0368, -0.1229, -0.0207,
          0.0115, -0.0193,  0.0872,  0.0394,  0.0069,  0.0177, -0.0222,  0.0209,
         -0.0192,  0.0448,  0.1482,  0.0105,  0.0203,  0.0042, -0.0482,  0.0121,
          0.0135,  0.0127,  0.0032, -0.0123, -0.0107, -0.0035,  0.0022, -0.0197]],
       device='cuda:0'))])
end of epoch 6: val_loss 9.591209411621094, val_acc 0.0
trigger times: 0
saving model weights...
Weights: OrderedDict([('fcs.0.weight', tensor([[ 0.0184,  0.0408,  0.0489,  ...,  0.0499,  0.0948,  0.0059],
        [ 0.0140,  0.0426, -0.1053,  ...,  0.0331, -0.0640,  0.1099],
        [ 0.0596,  0.0342,  0.0614,  ..., -0.0222, -0.0011, -0.0124],
        ...,
        [-0.0496,  0.0930, -0.0245,  ...,  0.1489,  0.2315,  0.0193],
        [ 0.1204,  0.0594,  0.1746,  ..., -0.2154, -0.1212, -0.1668],
        [-0.1860, -0.0837,  0.1407,  ..., -0.0122, -0.1203, -0.0160]],
       device='cuda:0')), ('fcs.0.bias', tensor([ 6.3305e-02, -2.5084e-01, -1.7531e-02,  1.4676e-01,  9.7437e-02,
         3.2242e-02, -1.2921e-04,  5.4422e-02, -4.1462e-02,  6.7962e-02,
         6.8664e-02, -2.3931e-01,  2.0850e-02,  7.1276e-02,  1.1524e-02,
        -1.2018e-01,  1.4633e-01, -1.7397e-01, -1.5158e-01,  8.4632e-02,
         1.2007e-01,  1.1063e-02, -4.4515e-02,  1.9030e-01,  1.4815e-01,
        -1.9798e-01,  3.1733e-01,  4.6611e-03, -1.3346e-01, -1.2963e-01,
         4.8823e-02, -7.9864e-02,  4.9051e-03, -2.0100e-02,  1.0198e-02,
        -6.9736e-02,  9.0545e-02,  4.2461e-03,  5.0353e-02, -1.1765e-02,
         3.0851e-01,  1.0401e-01,  8.7506e-02, -2.0939e-01,  7.4749e-02,
         1.0436e-01, -1.6457e-01, -1.2463e-01,  1.7343e-01,  1.7511e-01,
        -1.9622e-01, -9.8534e-02, -1.8395e-01,  1.8372e-01, -1.9446e-01,
        -1.2944e-01,  8.6515e-02,  1.9529e-01,  1.7183e-01, -2.3544e-02,
        -1.9955e-01,  1.6717e-01,  9.1396e-02,  9.9177e-02,  5.9868e-02,
         1.2075e-01,  4.3042e-02, -3.4951e-03, -5.4186e-02,  9.3009e-02,
        -1.4164e-01,  4.8878e-02, -3.2308e-02, -1.3226e-01, -4.5437e-03,
        -5.3830e-02,  5.3043e-02, -2.1294e-01, -2.0556e-01,  3.7225e-02,
        -1.0681e-01, -1.3044e-01, -2.4641e-01, -9.5460e-02, -1.5137e-01,
         1.0733e-01, -3.3103e-02, -7.1096e-02, -9.6287e-02, -3.2276e-02,
        -1.3239e-01,  2.6998e-02, -2.4396e-01, -9.5504e-03,  1.5258e-01,
         6.5404e-02, -4.5368e-02, -1.9988e-02, -1.3776e-01,  8.6775e-02,
        -4.8087e-03,  1.3531e-02,  6.4593e-02,  1.0775e-01,  4.6534e-02,
        -1.8776e-02, -1.4048e-01, -1.9211e-01,  5.2889e-02, -5.0333e-02,
        -4.4497e-02,  2.4399e-03,  8.6168e-02,  7.1598e-02,  5.7079e-02,
        -1.2566e-01,  6.9116e-02, -1.2919e-01, -1.6743e-01,  7.9889e-03,
         4.6132e-02,  2.2779e-01, -2.2363e-02, -4.0006e-03, -5.2352e-02,
         9.3075e-03, -7.9985e-02, -8.2182e-02], device='cuda:0')), ('fcs.1.weight', tensor([[-0.0870, -0.0396, -0.0154,  ..., -0.1145,  0.0967,  0.0205],
        [ 0.0016, -0.0248,  0.0019,  ...,  0.0148, -0.0706, -0.1024],
        [ 0.0032, -0.1027, -0.0009,  ...,  0.0184, -0.0311, -0.0892],
        ...,
        [-0.0901, -0.1004,  0.0003,  ...,  0.0265,  0.0870,  0.0048],
        [ 0.0016, -0.1307, -0.0003,  ..., -0.0423, -0.0009, -0.0502],
        [ 0.0287, -0.0366,  0.0004,  ..., -0.0342,  0.0537,  0.0358]],
       device='cuda:0')), ('fcs.1.bias', tensor([-9.3751e-02,  2.3627e-02, -7.4442e-02, -4.4659e-04,  1.0814e-02,
        -6.0024e-02, -1.6329e-03,  1.0864e-01, -1.1139e-01,  4.3558e-04,
        -4.9563e-02,  2.1447e-02,  6.9737e-04,  6.5031e-02, -1.1451e-04,
        -5.3379e-03,  4.2666e-03,  4.5580e-03, -1.5279e-02, -4.5321e-02,
         3.8480e-04, -1.6566e-04,  7.5709e-04, -3.2498e-02,  5.8867e-03,
        -2.8454e-02, -6.6223e-02,  8.5600e-02, -4.8102e-02,  1.4142e-03,
         1.0886e-03, -4.7099e-02, -1.1134e-01,  2.0426e-02, -4.0884e-02,
         3.7377e-02,  3.5275e-02, -8.3112e-02,  8.3472e-04, -5.0231e-04,
        -2.8980e-02, -2.1712e-02, -7.1795e-02, -1.3744e-02,  1.3131e-01,
         8.7930e-03,  1.0437e-02,  1.5089e-01, -1.1007e-02, -1.3704e-01,
        -4.5640e-04,  6.2275e-04, -2.3725e-03,  4.3509e-02, -1.1407e-03,
         9.4694e-03,  4.5444e-03, -8.0147e-02,  1.1043e-03,  4.2558e-02,
        -1.1920e-03, -1.0875e-01, -1.2275e-01, -6.5549e-02], device='cuda:0')), ('fcs.2.weight', tensor([[ 0.0506, -0.0364, -0.0350,  0.0097,  0.0033, -0.0081,  0.0222,  0.0123,
          0.0256, -0.0616, -0.0346,  0.0915,  0.0974, -0.0083, -0.0800,  0.0815,
         -0.0271, -0.0777,  0.0275,  0.0369, -0.0743, -0.0848, -0.0291,  0.0306,
         -0.0221,  0.1444, -0.0192,  0.0649,  0.0021, -0.0287,  0.0036,  0.0036,
         -0.0189,  0.0574, -0.0785, -0.0112,  0.0185,  0.0369, -0.1213, -0.0203,
          0.0117, -0.0191,  0.0867,  0.0390,  0.0076,  0.0176, -0.0223,  0.0202,
         -0.0188,  0.0441,  0.1506,  0.0113,  0.0200,  0.0050, -0.0474,  0.0123,
          0.0140,  0.0125,  0.0036, -0.0116, -0.0102, -0.0041,  0.0023, -0.0197]],
       device='cuda:0'))])
end of epoch 7: val_loss 9.536113739013672, val_acc 0.0
trigger times: 0
saving model weights...
Weights: OrderedDict([('fcs.0.weight', tensor([[ 0.0182,  0.0408,  0.0480,  ...,  0.0498,  0.0944,  0.0058],
        [ 0.0138,  0.0424, -0.1036,  ...,  0.0327, -0.0637,  0.1095],
        [ 0.0588,  0.0300,  0.0549,  ..., -0.0169, -0.0012, -0.0055],
        ...,
        [-0.0494,  0.0928, -0.0240,  ...,  0.1486,  0.2310,  0.0194],
        [ 0.1203,  0.0592,  0.1737,  ..., -0.2152, -0.1210, -0.1655],
        [-0.1859, -0.0835,  0.1399,  ..., -0.0121, -0.1203, -0.0159]],
       device='cuda:0')), ('fcs.0.bias', tensor([ 0.0630, -0.2497, -0.0174,  0.1459,  0.0973,  0.0321, -0.0020,  0.0540,
        -0.0417,  0.0677,  0.0687, -0.2389,  0.0210,  0.0708,  0.0077, -0.1158,
         0.1460, -0.1734, -0.1511,  0.0785,  0.1167,  0.0111, -0.0373,  0.1898,
         0.1476, -0.1974,  0.3169,  0.0046, -0.1331, -0.1079,  0.0486, -0.0766,
         0.0045, -0.0116,  0.0100, -0.0693,  0.0889,  0.0015,  0.0501, -0.0060,
         0.3081,  0.1040,  0.0872, -0.2052,  0.0745,  0.1040, -0.1642, -0.1247,
         0.1731,  0.1737, -0.1962, -0.0986, -0.1835,  0.1824, -0.1856, -0.1273,
         0.0864,  0.1946,  0.1710, -0.0157, -0.1993,  0.1668,  0.0909,  0.0987,
         0.0590,  0.1208,  0.0413, -0.0034, -0.0541,  0.0926, -0.1417,  0.0487,
        -0.0325, -0.1323, -0.0003, -0.0535,  0.0524, -0.2085, -0.2001,  0.0373,
        -0.1067, -0.1302, -0.2455, -0.0954, -0.1510,  0.1071, -0.0328, -0.0710,
        -0.0962, -0.0325, -0.1310,  0.0263, -0.2444, -0.0067,  0.1525,  0.0655,
        -0.0453, -0.0082, -0.1375,  0.0866, -0.0050,  0.0134,  0.0643,  0.1073,
         0.0463, -0.0151, -0.1323, -0.1907,  0.0526, -0.0506, -0.0306,  0.0022,
         0.0862,  0.0718,  0.0573, -0.1074,  0.0689, -0.1287, -0.1611,  0.0052,
         0.0463,  0.2275, -0.0223, -0.0032, -0.0502,  0.0094, -0.0799, -0.0823],
       device='cuda:0')), ('fcs.1.weight', tensor([[-0.0869, -0.0391, -0.0136,  ..., -0.1145,  0.0965,  0.0206],
        [ 0.0038, -0.0245,  0.0005,  ...,  0.0146, -0.0701, -0.1008],
        [ 0.0033, -0.0981,  0.0010,  ...,  0.0179, -0.0301, -0.0831],
        ...,
        [-0.0899, -0.0988,  0.0004,  ...,  0.0264,  0.0868,  0.0049],
        [-0.0010, -0.1268, -0.0003,  ..., -0.0319, -0.0009, -0.0492],
        [ 0.0284, -0.0355, -0.0017,  ..., -0.0342,  0.0535,  0.0355]],
       device='cuda:0')), ('fcs.1.bias', tensor([-9.2680e-02,  2.3463e-02, -7.3563e-02,  4.8693e-05,  1.0703e-02,
        -5.9099e-02,  7.4434e-04,  1.0828e-01, -1.1150e-01, -1.1069e-03,
        -4.9519e-02,  2.1393e-02, -2.4226e-04,  6.4875e-02,  3.8604e-04,
        -5.1874e-03,  4.1151e-03,  4.0310e-03, -1.5153e-02, -4.5464e-02,
        -3.5746e-04, -1.6316e-04, -3.0494e-04, -3.2441e-02,  5.6838e-03,
        -2.8679e-02, -6.2412e-02,  8.4665e-02, -4.8270e-02, -1.3395e-03,
         7.8902e-05, -3.8290e-02, -1.1073e-01,  2.0407e-02, -4.0838e-02,
         3.7289e-02,  3.4951e-02, -8.2933e-02,  3.1357e-04, -6.9456e-04,
        -2.8596e-02, -2.1491e-02, -7.2001e-02, -1.3642e-02,  1.3090e-01,
         8.6461e-03,  1.0293e-02,  1.4975e-01, -1.0333e-02, -1.3694e-01,
         5.9058e-04,  6.6453e-04,  4.7076e-04,  4.3366e-02,  6.6585e-04,
         9.3863e-03,  4.5411e-03, -8.0125e-02,  1.2585e-03,  4.2593e-02,
         7.3047e-04, -1.0808e-01, -1.2143e-01, -6.3150e-02], device='cuda:0')), ('fcs.2.weight', tensor([[ 0.0504, -0.0361, -0.0347,  0.0098,  0.0036, -0.0083,  0.0222,  0.0118,
          0.0258, -0.0607, -0.0348,  0.0919,  0.0973, -0.0081, -0.0784,  0.0814,
         -0.0268, -0.0787,  0.0272,  0.0367, -0.0732, -0.0837, -0.0290,  0.0306,
         -0.0220,  0.1443, -0.0190,  0.0648,  0.0023, -0.0281,  0.0039,  0.0036,
         -0.0184,  0.0573, -0.0769, -0.0113,  0.0185,  0.0370, -0.1198, -0.0201,
          0.0118, -0.0191,  0.0866,  0.0388,  0.0079,  0.0175, -0.0224,  0.0199,
         -0.0184,  0.0435,  0.1515,  0.0117,  0.0197,  0.0053, -0.0465,  0.0123,
          0.0142,  0.0124,  0.0037, -0.0113, -0.0100, -0.0043,  0.0023, -0.0198]],
       device='cuda:0'))])
end of epoch 8: val_loss 9.527507781982422, val_acc 0.0
trigger times: 0
saving model weights...
Weights: OrderedDict([('fcs.0.weight', tensor([[ 0.0181,  0.0408,  0.0471,  ...,  0.0496,  0.0941,  0.0057],
        [ 0.0137,  0.0421, -0.1018,  ...,  0.0322, -0.0634,  0.1090],
        [ 0.0581,  0.0262,  0.0487,  ..., -0.0125, -0.0012, -0.0013],
        ...,
        [-0.0492,  0.0926, -0.0235,  ...,  0.1484,  0.2303,  0.0194],
        [ 0.1202,  0.0590,  0.1728,  ..., -0.2150, -0.1209, -0.1640],
        [-0.1857, -0.0834,  0.1390,  ..., -0.0121, -0.1202, -0.0159]],
       device='cuda:0')), ('fcs.0.bias', tensor([ 6.2743e-02, -2.4851e-01, -1.7227e-02,  1.4523e-01,  9.6958e-02,
         3.1996e-02, -1.8524e-03,  5.3824e-02, -4.1721e-02,  6.7377e-02,
         6.8627e-02, -2.3826e-01,  2.0931e-02,  7.0329e-02,  4.5194e-03,
        -1.1125e-01,  1.4570e-01, -1.7283e-01, -1.5043e-01,  7.2422e-02,
         1.1332e-01,  1.1070e-02, -3.0895e-02,  1.8917e-01,  1.4706e-01,
        -1.9635e-01,  3.1629e-01,  4.5554e-03, -1.3268e-01, -8.8223e-02,
         4.8371e-02, -7.3055e-02,  4.1812e-03, -6.0154e-03,  9.9340e-03,
        -6.8993e-02,  8.7124e-02, -1.1372e-04,  4.9930e-02, -2.0109e-03,
         3.0752e-01,  1.0380e-01,  8.7087e-02, -2.0071e-01,  7.4301e-02,
         1.0360e-01, -1.6358e-01, -1.2473e-01,  1.7284e-01,  1.7206e-01,
        -1.9601e-01, -9.8487e-02, -1.8289e-01,  1.8072e-01, -1.7650e-01,
        -1.2493e-01,  8.6207e-02,  1.9364e-01,  1.7024e-01, -9.6766e-03,
        -1.9890e-01,  1.6622e-01,  9.0574e-02,  9.8412e-02,  5.8206e-02,
         1.2072e-01,  3.9617e-02, -3.3802e-03, -5.4012e-02,  9.2224e-02,
        -1.4151e-01,  4.8595e-02, -3.2559e-02, -1.3221e-01,  1.5215e-03,
        -5.3250e-02,  5.1725e-02, -2.0381e-01, -1.9436e-01,  3.7358e-02,
        -1.0645e-01, -1.2991e-01, -2.4436e-01, -9.5253e-02, -1.5063e-01,
         1.0698e-01, -3.2631e-02, -7.0788e-02, -9.6020e-02, -3.2511e-02,
        -1.2979e-01,  2.5956e-02, -2.4436e-01, -4.5208e-03,  1.5211e-01,
         6.5522e-02, -4.5101e-02, -1.3296e-03, -1.3733e-01,  8.6449e-02,
        -5.1444e-03,  1.3321e-02,  6.3950e-02,  1.0705e-01,  4.6150e-02,
        -1.1975e-02, -1.2400e-01, -1.8927e-01,  5.2443e-02, -5.0603e-02,
        -2.0029e-02,  2.0713e-03,  8.6143e-02,  7.1806e-02,  5.7382e-02,
        -9.0307e-02,  6.8760e-02, -1.2843e-01, -1.5455e-01,  3.1793e-03,
         4.6350e-02,  2.2714e-01, -2.2205e-02, -2.8227e-03, -4.7870e-02,
         9.4810e-03, -7.9818e-02, -8.2189e-02], device='cuda:0')), ('fcs.1.weight', tensor([[-0.0868, -0.0387, -0.0119,  ..., -0.1144,  0.0964,  0.0205],
        [ 0.0033, -0.0242, -0.0007,  ...,  0.0144, -0.0694, -0.0990],
        [ 0.0017, -0.0933, -0.0004,  ...,  0.0175, -0.0290, -0.0769],
        ...,
        [-0.0897, -0.0970,  0.0004,  ...,  0.0263,  0.0866,  0.0049],
        [-0.0018, -0.1227,  0.0004,  ..., -0.0232, -0.0008, -0.0480],
        [ 0.0282, -0.0342, -0.0020,  ..., -0.0341,  0.0532,  0.0350]],
       device='cuda:0')), ('fcs.1.bias', tensor([-9.1504e-02,  2.3333e-02, -7.2590e-02,  6.9641e-05,  1.0646e-02,
        -5.8010e-02, -1.7667e-04,  1.0790e-01, -1.1148e-01,  7.7140e-04,
        -4.9304e-02,  2.1365e-02,  7.0449e-05,  6.4613e-02, -1.3109e-04,
        -5.0801e-03,  4.0034e-03,  3.5177e-03, -1.5065e-02, -4.5472e-02,
         3.1747e-04, -6.8741e-05,  1.2091e-04, -3.2335e-02,  5.5981e-03,
        -2.8767e-02, -5.8072e-02,  8.3635e-02, -4.8325e-02,  5.0749e-04,
        -4.6743e-04, -3.0468e-02, -1.1004e-01,  2.0343e-02, -4.0746e-02,
         3.7158e-02,  3.4564e-02, -8.2694e-02, -5.9277e-04, -7.7360e-04,
        -2.8128e-02, -2.1288e-02, -7.2063e-02, -1.3577e-02,  1.3039e-01,
         8.5774e-03,  1.0185e-02,  1.4862e-01, -9.6058e-03, -1.3680e-01,
         1.0225e-03,  6.4253e-04,  6.1705e-04,  4.3126e-02, -4.0518e-04,
         9.3465e-03,  4.4855e-03, -7.9967e-02, -1.0090e-03,  4.2586e-02,
        -4.5777e-04, -1.0728e-01, -1.1998e-01, -6.0870e-02], device='cuda:0')), ('fcs.2.weight', tensor([[ 0.0503, -0.0357, -0.0344,  0.0098,  0.0036, -0.0084,  0.0221,  0.0116,
          0.0259, -0.0598, -0.0349,  0.0920,  0.0973, -0.0080, -0.0768,  0.0813,
         -0.0265, -0.0790,  0.0270,  0.0367, -0.0721, -0.0826, -0.0289,  0.0306,
         -0.0219,  0.1443, -0.0189,  0.0647,  0.0024, -0.0275,  0.0040,  0.0036,
         -0.0178,  0.0572, -0.0750, -0.0114,  0.0184,  0.0370, -0.1183, -0.0200,
          0.0118, -0.0190,  0.0865,  0.0387,  0.0080,  0.0175, -0.0223,  0.0198,
         -0.0181,  0.0429,  0.1519,  0.0118,  0.0194,  0.0054, -0.0457,  0.0124,
          0.0143,  0.0124,  0.0037, -0.0112, -0.0099, -0.0044,  0.0023, -0.0198]],
       device='cuda:0'))])
end of epoch 9: val_loss 9.54102611541748, val_acc 0.0
trigger times: 1
end of epoch 10: val_loss 9.566170692443848, val_acc 0.0
trigger times: 2
end of epoch 11: val_loss 9.593085289001465, val_acc 0.0
trigger times: 3
end of epoch 12: val_loss 9.616033554077148, val_acc 0.0
trigger times: 4
end of epoch 13: val_loss 9.636402130126953, val_acc 0.0
trigger times: 5
end of epoch 14: val_loss 9.656329154968262, val_acc 0.0
trigger times: 6
end of epoch 15: val_loss 9.67277717590332, val_acc 0.0
trigger times: 7
end of epoch 16: val_loss 9.686188697814941, val_acc 0.0
trigger times: 8
end of epoch 17: val_loss 9.69696044921875, val_acc 0.0
trigger times: 9
end of epoch 18: val_loss 9.706314086914062, val_acc 0.0
trigger times: 10
Early stopping.
0 153.8645800948143 -238.56539389647227
1 147.27155804634094 -226.82452825484978
2 154.24926096200943 -226.2241731451399
3 142.42652410268784 -208.89755486387574
4 153.64306700229645 -196.9840755292238
5 192.1954482793808 -194.4017457710484
6 156.16389894485474 -193.75394353311003
7 151.83193635940552 -173.38768743356906
8 159.7159590125084 -172.73844575529262
9 148.54423201084137 -172.5849598191294
10 152.00814056396484 -148.80630048130243
11 159.48102915287018 -146.54022994848935
12 173.11943691968918 -144.9163601843784
13 182.63580346107483 -144.5098799638122
14 183.31250363588333 -129.52710350510273
15 141.74339497089386 -119.6789138826375
16 162.29545086622238 -119.53338183357056
17 195.96018147468567 -115.00841352193844
18 173.72904634475708 -113.49466461352053
19 184.27561748027802 -107.45837168117659
20 184.92151379585266 -105.49937100040788
21 191.8443244099617 -101.9104943327425
22 154.2029927968979 -101.66294130080523
23 166.20170313119888 -98.89606860541423
24 170.34536331892014 -95.1909937931514
25 172.64393478631973 -93.31854913617367
26 158.62331187725067 -85.41926577166943
27 169.65737915039062 -83.18012153468804
28 164.21538841724396 -79.47665068598401
29 178.38322830200195 -77.34308621853297
30 189.0704267024994 -60.56041622227008
31 210.40200674533844 -58.68833689293549
32 190.29258680343628 -22.79021187897909
33 182.75785315036774 -19.65788926803626
34 212.95126312971115 -16.74518768263467
35 194.40670454502106 -13.719402302108403
36 202.4560119509697 4.235189873860978
37 176.77817010879517 5.0952806210809465
38 211.26764446496964 10.178796790507759
39 209.1118130683899 13.541055788508864
40 184.82638382911682 14.989710929193077
41 233.1562294960022 21.802029683432238
42 156.35000306367874 31.12027905920427
43 208.61479234695435 40.64550156746333
44 200.4563574194908 40.69898986216935
45 172.9318460226059 50.09032867204584
46 191.27528721094131 57.290535515424786
47 176.08404904603958 60.51441689036072
48 171.234373152256 62.587858111632386
49 181.6320776939392 63.47489586756552
50 169.5032695531845 65.395531990224
51 198.5644508600235 68.71330703108626
52 191.4941737651825 69.48459209048262
53 202.58578860759735 72.16624272108386
54 170.07405197620392 74.2233202149037
55 184.25844299793243 79.16074531670823
56 194.8814560174942 80.25553156558418
57 190.92833876609802 87.50520028403979
58 190.98646438121796 90.28646231697512
59 204.08850473165512 90.72533900600311
60 204.68895173072815 91.52552635781885
61 176.1321788430214 91.95773979158345
62 173.05158936977386 92.99221310223136
63 176.97610533237457 94.14052712880752
64 184.06818729639053 94.28590507273401
65 190.5939358472824 95.24073532592021
66 183.88800257444382 96.09581961281374
67 217.3085823059082 96.50341248035636
68 190.95203816890717 97.45820290396632
69 219.51002669334412 97.90553231413178
70 181.41388362646103 98.27346635731779
71 194.6841288805008 98.35872828331676
72 182.97318410873413 98.9255090371917
73 193.60164165496826 99.09003071828721
74 160.51487237215042 99.89253842063019
75 194.68024629354477 100.07765055593329
76 211.09034329652786 101.35869827851857
77 155.47238391637802 103.56921378052652
78 219.37461304664612 103.74194540937737
79 194.7883910536766 104.00039883786899
80 196.48556470870972 104.36031383612816
81 205.54247188568115 104.79584301893571
82 183.37195283174515 105.40349710769756
83 198.61590671539307 105.60678192821229
84 215.9337910413742 106.26867976298877
85 177.10712546110153 106.37916921043517
86 226.3111782670021 106.67969423997131
87 203.22938710451126 106.81132709017433
88 192.20667266845703 107.05410485829283
89 186.28164166212082 107.44441498172971
90 185.5025171637535 107.68792314282867
91 205.4175271987915 107.72369032284489
92 181.28844529390335 108.58631070626225
93 191.88240039348602 108.79454915391223
94 213.90769857168198 109.15712102315346
95 200.53731161355972 109.71287331230647
96 219.66291093826294 110.48639228144049
97 212.0178017616272 111.4630258761226
98 202.0716814994812 112.59201367677376
99 189.51724690198898 113.4530990931055
100 194.2145248055458 114.85996346749971
101 205.70853972434998 115.04838323377467
102 202.63294434547424 115.5646624637931
103 165.25133579969406 115.77027450439896
104 177.89359724521637 116.29805012422126
105 207.7999770641327 116.38499266629886
106 190.68340158462524 116.4198907102986
107 174.92012232542038 117.08008835928221
108 182.81300908327103 117.29357601720739
109 190.8756553530693 118.29160885622866
110 211.14924556016922 119.01062500757773
111 191.75409764051437 120.85290512447664
112 224.21515905857086 120.8902150231427
113 214.8022922873497 121.40892075278066
114 218.3542440533638 122.30522808413322
115 229.62563228607178 129.13346806288703
116 222.4928114414215 129.67718524437547
117 181.80931597948074 129.79664443488912
118 190.18582159280777 130.61780866873775
119 250.39221835136414 131.40806576766226
train accuracy: 1.0
validation accuracy: 0.0
test accuracy: 0.6316526610644257
