demo lengths 200
demos: (120, 200, 25)
demo_rewards: (120,)
[-238.5653939  -226.82452825 -226.22417315 -208.89755486 -196.98407553
 -194.40174577 -193.75394353 -173.38768743 -172.73844576 -172.58495982
 -148.80630048 -146.54022995 -144.91636018 -144.50987996 -129.52710351
 -119.67891388 -119.53338183 -115.00841352 -113.49466461 -107.45837168
 -105.499371   -101.91049433 -101.6629413   -98.89606861  -95.19099379
  -93.31854914  -85.41926577  -83.18012153  -79.47665069  -77.34308622
  -60.56041622  -58.68833689  -22.79021188  -19.65788927  -16.74518768
  -13.7194023     4.23518987    5.09528062   10.17879679   13.54105579
   14.98971093   21.80202968   31.12027906   40.64550157   40.69898986
   50.09032867   57.29053552   60.51441689   62.58785811   63.47489587
   65.39553199   68.71330703   69.48459209   72.16624272   74.22332021
   79.16074532   80.25553157   87.50520028   90.28646232   90.72533901
   91.52552636   91.95773979   92.9922131    94.14052713   94.28590507
   95.24073533   96.09581961   96.50341248   97.4582029    97.90553231
   98.27346636   98.35872828   98.92550904   99.09003072   99.89253842
  100.07765056  101.35869828  103.56921378  103.74194541  104.00039884
  104.36031384  104.79584302  105.40349711  105.60678193  106.26867976
  106.37916921  106.67969424  106.81132709  107.05410486  107.44441498
  107.68792314  107.72369032  108.58631071  108.79454915  109.15712102
  109.71287331  110.48639228  111.46302588  112.59201368  113.45309909
  114.85996347  115.04838323  115.56466246  115.7702745   116.29805012
  116.38499267  116.41989071  117.08008836  117.29357602  118.29160886
  119.01062501  120.85290512  120.89021502  121.40892075  122.30522808
  129.13346806  129.67718524  129.79664443  130.61780867  131.40806577]
maximum traj length 200
maximum traj length 200
num training_obs 9
num training_labels 9
num val_obs 1
num val_labels 1
num test_obs 7140
num test_labels 7140
ModuleList(
  (0): Linear(in_features=25, out_features=128, bias=True)
  (1): Linear(in_features=128, out_features=64, bias=True)
  (2): Linear(in_features=64, out_features=1, bias=False)
)
Total number of parameters: 11648
Number of trainable paramters: 11648
device: cuda:0
end of epoch 0: val_loss 4.163348197937012, val_acc 0.0
trigger times: 0
saving model weights...
Weights: OrderedDict([('fcs.0.weight', tensor([[-0.0412,  0.1516, -0.2028,  ...,  0.0194,  0.1091, -0.0175],
        [ 0.0816,  0.2045, -0.1359,  ...,  0.1299, -0.0434, -0.0030],
        [ 0.1612,  0.1499,  0.1151,  ...,  0.0341,  0.2056,  0.1234],
        ...,
        [-0.1970,  0.0905, -0.0974,  ...,  0.1918, -0.2397, -0.1723],
        [-0.0728, -0.0084, -0.2525,  ..., -0.0285, -0.1714,  0.0632],
        [-0.2128,  0.0563, -0.0458,  ...,  0.0620, -0.0603, -0.1144]],
       device='cuda:0')), ('fcs.0.bias', tensor([-0.1171, -0.0220, -0.0171, -0.2175, -0.0809, -0.0421, -0.0316, -0.1515,
         0.0529,  0.0869,  0.1312,  0.1276, -0.1894, -0.1043, -0.0508, -0.0282,
         0.0926,  0.0230,  0.0682,  0.0531, -0.0771,  0.0864,  0.1295,  0.0811,
        -0.1489, -0.1043,  0.0785,  0.0353,  0.2264,  0.0539,  0.0615, -0.0739,
         0.1686, -0.1089,  0.0324, -0.1198, -0.0489,  0.1534,  0.0254, -0.0345,
         0.0388, -0.1056,  0.0570,  0.1250,  0.0727, -0.1538, -0.2007,  0.1978,
         0.0273,  0.1244,  0.1122, -0.1104, -0.1572, -0.2529,  0.0632,  0.0897,
        -0.0146, -0.2120, -0.1782,  0.0522,  0.0834, -0.1154, -0.1666, -0.1178,
         0.2348,  0.0232, -0.1763, -0.1107, -0.1353,  0.0055, -0.0870, -0.0585,
         0.0224, -0.1699, -0.1415, -0.2061, -0.0336,  0.0196, -0.1564, -0.0082,
        -0.0853,  0.1791, -0.0278,  0.1725, -0.1935, -0.1464,  0.0593, -0.1276,
         0.0856, -0.1139,  0.1505,  0.2417,  0.0372, -0.0154,  0.1828,  0.0513,
        -0.1278, -0.0090, -0.2233,  0.1957, -0.0879, -0.0464, -0.1044, -0.0902,
        -0.0277,  0.1249, -0.0569,  0.0008,  0.2366,  0.1630, -0.0362,  0.1476,
         0.0644,  0.2120,  0.0212, -0.2131, -0.0654,  0.0828,  0.0697, -0.1341,
         0.1176, -0.2238,  0.1022,  0.1915, -0.0071, -0.1034,  0.0540, -0.1300],
       device='cuda:0')), ('fcs.1.weight', tensor([[-0.1046, -0.0498,  0.0576,  ...,  0.0133,  0.0694,  0.0487],
        [-0.0576, -0.0162, -0.0052,  ..., -0.0044,  0.0169, -0.0011],
        [-0.0962, -0.0227,  0.0401,  ...,  0.0103,  0.0180,  0.1008],
        ...,
        [-0.0236, -0.0915,  0.0669,  ...,  0.0369,  0.0280,  0.0589],
        [-0.0359,  0.0378, -0.0647,  ...,  0.0425,  0.0860,  0.0701],
        [-0.0329,  0.0043, -0.0100,  ..., -0.0100,  0.0385, -0.0247]],
       device='cuda:0')), ('fcs.1.bias', tensor([ 0.0114,  0.0070,  0.0660, -0.0538, -0.0019, -0.0208, -0.0026, -0.0767,
        -0.1133, -0.0370,  0.0283,  0.0816,  0.0143, -0.0311,  0.0367, -0.0129,
         0.0402, -0.0597, -0.0219,  0.0117, -0.0208, -0.0652,  0.0257,  0.0164,
        -0.0221, -0.0580, -0.0445,  0.0600, -0.0012, -0.0654,  0.1205,  0.0039,
        -0.0298,  0.0699, -0.0299, -0.0433, -0.0862,  0.0198, -0.0151,  0.0878,
        -0.0131, -0.0030,  0.0345, -0.0682, -0.0388,  0.0626,  0.0477,  0.0182,
        -0.0087, -0.0864, -0.0108, -0.0050, -0.0001, -0.0137, -0.0003, -0.0022,
        -0.0266, -0.0797,  0.0069, -0.0317, -0.0121, -0.0202, -0.0141, -0.0411],
       device='cuda:0')), ('fcs.2.weight', tensor([[-0.0496,  0.0281, -0.0629,  0.0388, -0.0163,  0.0380, -0.0847,  0.0027,
          0.0553, -0.0237,  0.0457, -0.0286, -0.0976, -0.0571,  0.0771,  0.0313,
          0.0855, -0.1260, -0.0206,  0.0350,  0.0553, -0.0948,  0.0417, -0.0641,
         -0.0758,  0.0160, -0.0897,  0.0610,  0.0205, -0.0695, -0.0878,  0.0307,
          0.0099, -0.0327,  0.0848, -0.0422,  0.0077, -0.0961,  0.0985,  0.0193,
         -0.0534, -0.0250, -0.0846,  0.0472, -0.0041,  0.0142, -0.0063,  0.0598,
         -0.0421,  0.0817,  0.0114,  0.0139,  0.0680, -0.0554,  0.0614, -0.0348,
         -0.0752, -0.0080, -0.0014,  0.0761, -0.0078, -0.0763, -0.0694, -0.0027]],
       device='cuda:0'))])
end of epoch 1: val_loss 3.249709367752075, val_acc 0.0
trigger times: 0
saving model weights...
Weights: OrderedDict([('fcs.0.weight', tensor([[-0.0525,  0.1663, -0.2103,  ...,  0.0363,  0.0967,  0.0101],
        [ 0.1050,  0.2393, -0.1209,  ...,  0.1611, -0.0339,  0.0253],
        [ 0.1701,  0.1205,  0.1487,  ...,  0.0051,  0.2184,  0.0994],
        ...,
        [-0.2083,  0.0743, -0.0539,  ...,  0.1537, -0.2462, -0.1597],
        [-0.1044, -0.0451, -0.2747,  ..., -0.0508, -0.1989,  0.0339],
        [-0.2527,  0.0478, -0.0840,  ...,  0.0591, -0.0996, -0.1139]],
       device='cuda:0')), ('fcs.0.bias', tensor([-1.2903e-01, -9.4774e-03, -9.7769e-03, -2.2889e-01, -7.2455e-02,
        -5.6845e-02, -6.7403e-02, -1.3764e-01,  3.2085e-02,  6.5267e-02,
         1.0961e-01,  1.1573e-01, -2.2009e-01, -1.1637e-01, -2.3512e-02,
        -7.1266e-02,  1.0371e-01,  2.8296e-02,  5.3897e-02,  3.2582e-02,
        -5.9952e-02,  7.0138e-02,  1.2289e-01,  9.9423e-02, -1.3638e-01,
        -1.2757e-01,  5.8857e-02,  2.1831e-02,  2.5790e-01,  4.3435e-02,
         4.2982e-02, -1.0358e-01,  2.0039e-01, -1.1028e-01,  5.3706e-03,
        -1.4833e-01, -7.6285e-02,  1.8405e-01, -1.8389e-03, -3.7824e-02,
         4.0961e-02, -1.1182e-01,  9.8479e-02,  1.0471e-01,  7.2081e-02,
        -1.6657e-01, -2.2219e-01,  2.2850e-01,  5.5667e-02,  8.5350e-02,
         1.0597e-01, -9.8955e-02, -1.6018e-01, -2.8065e-01,  5.6782e-02,
         7.5444e-02, -5.0967e-03, -2.3209e-01, -1.9510e-01,  8.3749e-02,
         7.6718e-02, -1.3435e-01, -1.6240e-01, -1.3126e-01,  2.7810e-01,
        -1.0424e-03, -1.7089e-01, -1.0591e-01, -1.2960e-01, -1.4994e-02,
        -9.3606e-02, -7.7852e-02,  5.5584e-02, -1.4444e-01, -1.2788e-01,
        -2.3488e-01, -1.5157e-02,  1.8378e-02, -1.8041e-01, -3.0684e-02,
        -1.1540e-01,  1.7978e-01, -3.9616e-03,  2.0490e-01, -2.0496e-01,
        -1.3754e-01,  6.5282e-02, -1.4162e-01,  6.2791e-02, -1.2748e-01,
         1.5532e-01,  2.6182e-01, -6.3505e-03, -4.1467e-02,  1.8863e-01,
         1.6871e-02, -1.1918e-01,  1.6879e-02, -2.5566e-01,  2.0415e-01,
        -1.2211e-01, -6.0908e-02, -1.1490e-01, -1.0521e-01, -6.2817e-02,
         1.1267e-01, -7.6862e-02, -1.9460e-02,  2.5010e-01,  1.5388e-01,
        -3.0247e-02,  1.3535e-01,  7.6410e-02,  2.2098e-01,  1.9195e-04,
        -2.2498e-01, -6.3400e-02,  5.4403e-02,  3.6814e-02, -1.0718e-01,
         1.0602e-01, -2.3742e-01,  8.0377e-02,  1.6837e-01, -3.2071e-02,
        -1.2885e-01,  2.4153e-02, -1.6928e-01], device='cuda:0')), ('fcs.1.weight', tensor([[-0.1142, -0.0483,  0.0318,  ...,  0.0176,  0.0792,  0.0403],
        [-0.0103, -0.0245, -0.0124,  ..., -0.0018,  0.0387,  0.0119],
        [-0.0959, -0.0001,  0.0156,  ...,  0.0008,  0.0170,  0.0935],
        ...,
        [-0.0339, -0.1064,  0.0565,  ...,  0.0495,  0.0417,  0.0588],
        [-0.0469,  0.0557, -0.0820,  ...,  0.0319,  0.0919,  0.0622],
        [-0.0259,  0.0177, -0.0213,  ...,  0.0239,  0.0214, -0.0193]],
       device='cuda:0')), ('fcs.1.bias', tensor([-0.0284,  0.0009,  0.0776, -0.0713, -0.0117, -0.0140, -0.0181, -0.0920,
        -0.1247, -0.0641,  0.0139,  0.0930, -0.0003, -0.0454,  0.0562, -0.0244,
         0.0286, -0.0745, -0.0362, -0.0069, -0.0394, -0.0435,  0.0153, -0.0023,
        -0.0555, -0.0695, -0.0592,  0.0756,  0.0114, -0.0804,  0.1321, -0.0172,
        -0.0287,  0.0813, -0.0677, -0.0599, -0.0978,  0.0057, -0.0435,  0.0992,
         0.0130, -0.0018,  0.0462, -0.0801, -0.0595,  0.0548,  0.0591,  0.0100,
        -0.0453, -0.0979, -0.0213, -0.0005, -0.0143, -0.0279,  0.0247, -0.0207,
        -0.0407, -0.0938, -0.0089, -0.0433,  0.0129, -0.0375, -0.0474, -0.0527],
       device='cuda:0')), ('fcs.2.weight', tensor([[-8.2264e-04,  5.0075e-02, -5.2326e-02,  1.6140e-02,  1.3469e-02,
          2.5078e-03, -6.9858e-02, -1.3316e-02,  4.1543e-02, -1.9345e-02,
          2.5687e-02, -7.9408e-02, -5.5159e-02, -4.1842e-02,  6.2109e-02,
          3.4764e-02,  7.2316e-02, -1.1968e-01, -5.8714e-03,  1.2062e-02,
          3.2881e-02, -5.4414e-02,  8.1869e-05, -3.9510e-02, -4.5211e-02,
          5.1259e-03, -7.8229e-02,  8.1779e-02,  6.6706e-02, -5.6963e-02,
         -3.4125e-02,  8.2293e-03, -3.1436e-02, -7.3401e-04,  5.9555e-02,
         -2.3953e-02,  1.8964e-02, -7.9545e-02,  7.8167e-02, -1.4945e-02,
         -5.8262e-02,  8.0474e-03, -4.0126e-02,  6.3864e-03, -2.7249e-02,
         -1.9061e-02, -2.5805e-02,  5.1802e-02,  4.9087e-03,  6.7879e-02,
         -2.1946e-02, -1.3485e-02,  5.0131e-02, -1.2625e-02,  1.4829e-02,
         -1.4674e-02, -4.5820e-02,  2.1120e-02,  1.4012e-02,  6.3980e-02,
         -5.1984e-02, -6.2935e-02, -2.8716e-02,  1.8310e-02]], device='cuda:0'))])
end of epoch 2: val_loss 2.4447021484375, val_acc 0.0
trigger times: 0
saving model weights...
Weights: OrderedDict([('fcs.0.weight', tensor([[-0.0573,  0.1698, -0.2108,  ...,  0.0229,  0.0912,  0.0142],
        [ 0.1088,  0.2464, -0.1210,  ...,  0.1776, -0.0267,  0.0280],
        [ 0.1890,  0.1077,  0.1806,  ..., -0.0165,  0.2230,  0.0992],
        ...,
        [-0.1916,  0.0465, -0.0107,  ...,  0.1098, -0.2158, -0.1485],
        [-0.1159, -0.0498, -0.2682,  ..., -0.0517, -0.2082,  0.0216],
        [-0.2693,  0.0442, -0.0998,  ...,  0.0578, -0.1159, -0.1137]],
       device='cuda:0')), ('fcs.0.bias', tensor([-1.3383e-01, -1.7376e-04, -1.1824e-02, -2.3340e-01, -8.4808e-02,
        -5.5424e-02, -1.0655e-01, -1.5350e-01,  1.1168e-02,  5.6224e-02,
         8.2149e-02,  1.1077e-01, -2.3111e-01, -1.2138e-01,  3.2437e-03,
        -9.1980e-02,  1.2442e-01,  1.0780e-02,  4.9144e-02,  2.3424e-02,
        -6.3179e-02,  6.3777e-02,  1.0849e-01,  9.9639e-02, -1.2050e-01,
        -1.3638e-01,  3.4371e-02,  2.3638e-02,  2.7372e-01,  3.3157e-02,
         1.4979e-02, -1.1590e-01,  2.0273e-01, -1.0809e-01, -1.9456e-02,
        -1.5667e-01, -8.7685e-02,  2.1048e-01, -2.4036e-02, -4.8559e-02,
         2.8336e-02, -1.1005e-01,  1.2149e-01,  9.5707e-02,  6.8596e-02,
        -1.8470e-01, -2.3008e-01,  2.5510e-01,  7.4188e-02,  5.6421e-02,
         1.1664e-01, -6.7843e-02, -1.5449e-01, -2.9270e-01,  4.3636e-02,
         6.9527e-02,  7.5635e-03, -2.4032e-01, -2.0209e-01,  9.5716e-02,
         6.5733e-02, -1.4332e-01, -1.4830e-01, -1.3219e-01,  3.0835e-01,
        -1.1131e-02, -1.5000e-01, -1.0752e-01, -1.3385e-01, -2.3177e-02,
        -1.0071e-01, -8.5957e-02,  8.6087e-02, -1.1544e-01, -1.0634e-01,
        -2.4592e-01, -1.7774e-03,  1.9764e-02, -1.9030e-01, -6.0903e-02,
        -1.3034e-01,  1.8531e-01, -2.2343e-03,  2.1199e-01, -2.0964e-01,
        -1.4902e-01,  7.8851e-02, -1.4733e-01,  2.8837e-02, -1.3514e-01,
         1.6816e-01,  2.7823e-01, -3.4066e-02, -5.2320e-02,  1.8238e-01,
         2.5456e-03, -1.2532e-01,  2.4894e-02, -2.6784e-01,  1.9702e-01,
        -1.3732e-01, -6.6872e-02, -1.1330e-01, -1.0523e-01, -9.0754e-02,
         1.0729e-01, -1.0993e-01, -2.8683e-02,  2.5359e-01,  1.7504e-01,
        -5.0737e-02,  1.2982e-01,  5.7123e-02,  2.1946e-01, -8.7462e-03,
        -2.2776e-01, -7.2475e-02,  2.4208e-02,  3.2596e-02, -7.8154e-02,
         9.9410e-02, -2.4276e-01,  7.1286e-02,  1.5577e-01, -4.1741e-02,
        -1.2147e-01,  1.0740e-02, -1.8561e-01], device='cuda:0')), ('fcs.1.weight', tensor([[-0.1167, -0.0570,  0.0095,  ...,  0.0393,  0.0858,  0.0370],
        [ 0.0224, -0.0512, -0.0374,  ...,  0.0205,  0.0276,  0.0178],
        [-0.1067,  0.0198,  0.0093,  ...,  0.0085,  0.0188,  0.0906],
        ...,
        [-0.0380, -0.1121,  0.0522,  ...,  0.0462,  0.0471,  0.0587],
        [-0.0519,  0.0682, -0.0889,  ...,  0.0330,  0.0942,  0.0590],
        [-0.0100,  0.0261, -0.0267,  ...,  0.0130,  0.0123, -0.0147]],
       device='cuda:0')), ('fcs.1.bias', tensor([-5.9536e-02, -2.6844e-02,  8.2300e-02, -7.8550e-02, -4.1985e-02,
        -1.1180e-02, -2.4598e-02, -9.8290e-02, -1.2918e-01, -9.5464e-02,
         7.9779e-03,  9.7565e-02, -2.4610e-02, -5.1304e-02,  6.4363e-02,
        -2.8945e-02,  2.3728e-02, -8.0596e-02, -4.2143e-02, -1.4714e-02,
        -4.7094e-02, -3.4389e-02, -9.1331e-03, -1.0138e-02, -8.1353e-02,
        -7.4322e-02, -8.3562e-02,  8.1835e-02,  3.2334e-02, -8.6479e-02,
         1.3676e-01, -2.5982e-02, -5.0842e-03,  8.6033e-02, -8.3407e-02,
        -6.6806e-02, -1.0261e-01, -1.3378e-04, -5.5253e-02,  1.0376e-01,
         1.5831e-02, -1.1178e-03,  5.1001e-02, -9.3180e-02, -6.8027e-02,
         3.6107e-02,  6.3712e-02, -1.4551e-02, -1.0645e-01, -1.0265e-01,
        -1.9197e-02, -3.4000e-03, -2.0225e-02, -3.3442e-02, -2.6322e-04,
        -2.8456e-02, -4.6036e-02, -9.9501e-02, -1.5501e-02, -4.8067e-02,
         3.7861e-02, -4.4651e-02, -8.5405e-02, -5.4096e-02], device='cuda:0')), ('fcs.2.weight', tensor([[ 0.0264,  0.0411, -0.0365,  0.0135,  0.0391, -0.0106, -0.0651, -0.0166,
          0.0377, -0.0027,  0.0192, -0.0759, -0.0316, -0.0347,  0.0533,  0.0150,
          0.0744, -0.1177,  0.0004,  0.0029,  0.0240, -0.0544, -0.0306, -0.0293,
         -0.0263,  0.0019, -0.0533,  0.0517,  0.0497, -0.0569, -0.0233,  0.0086,
          0.0056,  0.0111,  0.0495, -0.0189,  0.0235, -0.0731,  0.0705, -0.0233,
         -0.0090,  0.0160, -0.0300, -0.0131, -0.0361, -0.0449, -0.0218,  0.0262,
          0.0124,  0.0643, -0.0259, -0.0349,  0.0443,  0.0058,  0.0086, -0.0064,
         -0.0429,  0.0187,  0.0207,  0.0623, -0.0536, -0.0574, -0.0383,  0.0162]],
       device='cuda:0'))])
end of epoch 3: val_loss 2.9614338874816895, val_acc 0.0
trigger times: 1
end of epoch 4: val_loss 2.8635425567626953, val_acc 0.0
trigger times: 2
end of epoch 5: val_loss 2.757218837738037, val_acc 0.0
trigger times: 3
end of epoch 6: val_loss 2.920227527618408, val_acc 0.0
trigger times: 4
end of epoch 7: val_loss 2.745340585708618, val_acc 0.0
trigger times: 5
end of epoch 8: val_loss 2.773930311203003, val_acc 0.0
trigger times: 6
end of epoch 9: val_loss 2.9468178749084473, val_acc 0.0
trigger times: 7
end of epoch 10: val_loss 3.0986392498016357, val_acc 0.0
trigger times: 8
end of epoch 11: val_loss 3.3279764652252197, val_acc 0.0
trigger times: 9
end of epoch 12: val_loss 3.7072179317474365, val_acc 0.0
trigger times: 10
Early stopping.
0 -14.172911543399096 -238.56539389647227
1 -3.05202672816813 -226.82452825484978
2 -38.32419399730861 -226.2241731451399
3 -9.244113272987306 -208.89755486387574
4 -21.550166837871075 -196.9840755292238
5 13.786912120878696 -194.4017457710484
6 -31.158800698816776 -193.75394353311003
7 -30.46288462728262 -173.38768743356906
8 -28.881677525117993 -172.73844575529262
9 -20.16476841084659 -172.5849598191294
10 -4.519553530961275 -148.80630048130243
11 -27.943990133702755 -146.54022994848935
12 -14.211952529847622 -144.9163601843784
13 -17.69575083628297 -144.5098799638122
14 -18.36928025074303 -129.52710350510273
15 -5.064230902120471 -119.6789138826375
16 -3.8432939387857914 -119.53338183357056
17 3.575336406007409 -115.00841352193844
18 -23.52391877025366 -113.49466461352053
19 9.121063433587551 -107.45837168117659
20 0.480080408975482 -105.49937100040788
21 14.02909379079938 -101.9104943327425
22 -3.593756883405149 -101.66294130080523
23 -12.81166985630989 -98.89606860541423
24 5.121474115177989 -95.1909937931514
25 6.794078784063458 -93.31854913617367
26 4.372694675810635 -85.41926577166943
27 1.835248725488782 -83.18012153468804
28 -0.8341197464615107 -79.47665068598401
29 -10.513514874503016 -77.34308621853297
30 14.617942849174142 -60.56041622227008
31 10.700054924935102 -58.68833689293549
32 8.906571011990309 -22.79021187897909
33 13.116820195689797 -19.65788926803626
34 0.6381260380148888 -16.74518768263467
35 8.432301759719849 -13.719402302108403
36 4.080685686785728 4.235189873860978
37 5.184434395283461 5.0952806210809465
38 0.3910515736788511 10.178796790507759
39 -4.4374780505895615 13.541055788508864
40 1.6879579108208418 14.989710929193077
41 -2.1787158427760005 21.802029683432238
42 -1.6642252104356885 31.12027905920427
43 9.644594373181462 40.64550156746333
44 3.0641469322144985 40.69898986216935
45 8.30403841752559 50.09032867204584
46 -5.723846923559904 57.290535515424786
47 14.567564763128757 60.51441689036072
48 -0.5919977873563766 62.587858111632386
49 1.9356656409800053 63.47489586756552
50 11.846652287989855 65.395531990224
51 18.703525323420763 68.71330703108626
52 7.597957208752632 69.48459209048262
53 19.13215488381684 72.16624272108386
54 9.315323360264301 74.2233202149037
55 0.7332737845135853 79.16074531670823
56 8.154282296076417 80.25553156558418
57 -2.2164352536201477 87.50520028403979
58 -2.3770796041935682 90.28646231697512
59 4.368631869088858 90.72533900600311
60 -9.6083599999547 91.52552635781885
61 17.883005805313587 91.95773979158345
62 4.356441490352154 92.99221310223136
63 -12.82023792900145 94.14052712880752
64 -14.031519804149866 94.28590507273401
65 9.590144854038954 95.24073532592021
66 -3.494151926599443 96.09581961281374
67 4.295678885187954 96.50341248035636
68 -5.417036878876388 97.45820290396632
69 7.209964044392109 97.90553231413178
70 3.2276476323604584 98.27346635731779
71 13.415165927261114 98.35872828331676
72 8.315595025196671 98.9255090371917
73 -7.572174739092588 99.09003071828721
74 6.786360562779009 99.89253842063019
75 -0.8194493874907494 100.07765055593329
76 5.7865679152309895 101.35869827851857
77 8.385847754776478 103.56921378052652
78 6.300108923576772 103.74194540937737
79 3.380885064601898 104.00039883786899
80 9.052615269552916 104.36031383612816
81 7.64733381383121 104.79584301893571
82 3.1843079403042793 105.40349710769756
83 12.680096433497965 105.60678192821229
84 5.212329827598296 106.26867976298877
85 -0.11273452267050743 106.37916921043517
86 21.952036267146468 106.67969423997131
87 13.347583057358861 106.81132709017433
88 14.221141278743744 107.05410485829283
89 9.532140124589205 107.44441498172971
90 4.6332285441458225 107.68792314282867
91 16.578414388000965 107.72369032284489
92 -1.071577599272132 108.58631070626225
93 10.039322163909674 108.79454915391223
94 5.169168174266815 109.15712102315346
95 6.2478857869282365 109.71287331230647
96 17.58596339635551 110.48639228144049
97 6.700878002680838 111.4630258761226
98 2.5325930546969175 112.59201367677376
99 2.1061180271208286 113.4530990931055
100 8.577817974612117 114.85996346749971
101 9.050547884777188 115.04838323377467
102 1.4813916124403477 115.5646624637931
103 -0.1174582727253437 115.77027450439896
104 12.021672504022717 116.29805012422126
105 0.6899848245084286 116.38499266629886
106 1.649368460290134 116.4198907102986
107 4.61478803306818 117.08008835928221
108 12.264754857867956 117.29357601720739
109 7.297710731625557 118.29160885622866
110 12.965369453188032 119.01062500757773
111 8.697222288697958 120.85290512447664
112 7.43812857940793 120.8902150231427
113 10.280306162312627 121.40892075278066
114 7.380343914031982 122.30522808413322
115 13.3077692668885 129.13346806288703
116 6.467911288142204 129.67718524437547
117 18.970942705869675 129.79664443488912
118 14.121983589604497 130.61780866873775
119 16.154223585501313 131.40806576766226
train accuracy: 1.0
validation accuracy: 0.0
test accuracy: 0.6205882352941177
