demo lengths 200
demos: (120, 200, 25)
demo_rewards: (120,)
[-238.5653939  -226.82452825 -226.22417315 -208.89755486 -196.98407553
 -194.40174577 -193.75394353 -173.38768743 -172.73844576 -172.58495982
 -148.80630048 -146.54022995 -144.91636018 -144.50987996 -129.52710351
 -119.67891388 -119.53338183 -115.00841352 -113.49466461 -107.45837168
 -105.499371   -101.91049433 -101.6629413   -98.89606861  -95.19099379
  -93.31854914  -85.41926577  -83.18012153  -79.47665069  -77.34308622
  -60.56041622  -58.68833689  -22.79021188  -19.65788927  -16.74518768
  -13.7194023     4.23518987    5.09528062   10.17879679   13.54105579
   14.98971093   21.80202968   31.12027906   40.64550157   40.69898986
   50.09032867   57.29053552   60.51441689   62.58785811   63.47489587
   65.39553199   68.71330703   69.48459209   72.16624272   74.22332021
   79.16074532   80.25553157   87.50520028   90.28646232   90.72533901
   91.52552636   91.95773979   92.9922131    94.14052713   94.28590507
   95.24073533   96.09581961   96.50341248   97.4582029    97.90553231
   98.27346636   98.35872828   98.92550904   99.09003072   99.89253842
  100.07765056  101.35869828  103.56921378  103.74194541  104.00039884
  104.36031384  104.79584302  105.40349711  105.60678193  106.26867976
  106.37916921  106.67969424  106.81132709  107.05410486  107.44441498
  107.68792314  107.72369032  108.58631071  108.79454915  109.15712102
  109.71287331  110.48639228  111.46302588  112.59201368  113.45309909
  114.85996347  115.04838323  115.56466246  115.7702745   116.29805012
  116.38499267  116.41989071  117.08008836  117.29357602  118.29160886
  119.01062501  120.85290512  120.89021502  121.40892075  122.30522808
  129.13346806  129.67718524  129.79664443  130.61780867  131.40806577]
maximum traj length 200
maximum traj length 200
num training_obs 1800
num training_labels 1800
num val_obs 200
num val_labels 200
num test_obs 7140
num test_labels 7140
ModuleList(
  (0): Linear(in_features=25, out_features=128, bias=True)
  (1): Linear(in_features=128, out_features=64, bias=True)
  (2): Linear(in_features=64, out_features=1, bias=False)
)
Total number of parameters: 11648
Number of trainable paramters: 11648
device: cuda:0
end of epoch 0: val_loss 3.6181990337076466, val_acc 0.815
trigger times: 0
saving model weights...
Weights: OrderedDict([('fcs.0.weight', tensor([[ 0.0036,  0.0385, -0.2045,  ...,  0.0479, -0.1405, -0.0547],
        [-0.0288, -0.0009,  0.0030,  ..., -0.0047, -0.0281, -0.0155],
        [-0.1443, -0.1050, -0.2075,  ..., -0.0035, -0.1681, -0.1725],
        ...,
        [-0.1474,  0.0778, -0.0398,  ...,  0.0627, -0.0118, -0.0251],
        [ 0.0391, -0.0045,  0.0078,  ..., -0.2612, -0.0374, -0.0043],
        [-0.1564, -0.0413, -0.0375,  ...,  0.0029, -0.1480, -0.0192]],
       device='cuda:0')), ('fcs.0.bias', tensor([-9.8057e-02, -8.8189e-02, -1.1236e-01,  6.7161e-04,  3.2193e-01,
         1.0386e-01, -2.7799e-01, -2.0441e-02, -2.1109e-01,  5.6538e-03,
         2.6073e-01, -2.2118e-02,  6.0730e-01,  3.7935e-02, -1.0035e-01,
        -1.0673e-01,  3.2590e-04,  4.2765e-01, -6.1604e-02, -1.0462e-01,
         1.1954e-02, -9.1530e-02, -1.6947e-01,  1.3256e-03,  6.3119e-03,
         5.4962e-01,  6.1645e-01, -2.0428e-02, -4.1613e-02,  1.4096e-01,
         5.3411e-01, -5.5047e-02,  3.7171e-01, -3.5856e-01, -3.0070e-02,
        -1.3977e-01, -5.3856e-03, -3.3115e-02,  3.8505e-02,  1.4069e-02,
         6.9566e-03, -7.4559e-03, -2.4908e-02, -6.9341e-02, -4.4169e-02,
        -2.0260e-01,  1.3966e-01, -2.0506e-01, -1.8736e-01, -1.7024e-01,
        -2.6907e-01, -7.3950e-02,  3.7361e-01, -2.8276e-01,  4.2865e-01,
        -2.9344e-02,  2.5992e-02,  6.4767e-04,  3.4331e-01,  5.8499e-01,
        -1.6539e-01, -3.1286e-02, -1.6273e-01, -2.8223e-01, -8.5953e-03,
        -4.7783e-02, -2.0625e-01, -1.6717e-02, -1.3125e-01, -1.7744e-01,
        -2.0258e-02, -3.9361e-03, -1.6778e-01, -1.3290e-02,  1.2451e-02,
         1.3038e-01, -2.1320e-01, -1.8853e-01, -6.3116e-02,  6.2503e-01,
        -4.4624e-02, -2.6986e-01, -1.1004e-01, -9.9145e-02,  5.3716e-01,
        -8.4521e-02, -2.8568e-01, -2.1083e-02, -6.6594e-02, -1.4322e-02,
        -8.8832e-02, -1.6435e-02, -5.2652e-02, -2.0977e-02,  5.0217e-03,
        -2.9076e-02, -1.3553e-01, -4.4831e-02, -9.5022e-02, -6.9441e-01,
         5.8469e-01, -2.5939e-01,  2.3654e-02,  9.4755e-03,  5.0960e-01,
         1.3103e-01, -2.5755e-01, -6.6490e-02, -4.9526e-02,  5.6153e-01,
        -1.2252e-01, -1.1971e-02, -8.5148e-03, -5.6567e-02, -2.3374e-01,
        -1.3303e-02,  7.4854e-01,  5.1481e-01, -3.7464e-02, -3.9417e-02,
        -1.3278e-01, -7.8353e-02,  5.6343e-01,  1.3429e-01, -1.3902e-01,
        -1.4673e-01, -2.7419e-02, -1.5855e-01], device='cuda:0')), ('fcs.1.weight', tensor([[-5.0349e-03,  1.9713e-03, -1.6695e-03,  ..., -4.6958e-03,
          3.1363e-03,  9.3860e-04],
        [ 7.3906e-02, -5.4344e-05, -2.5718e-04,  ...,  1.5783e-02,
          5.6408e-04,  2.6137e-04],
        [ 2.6430e-03,  4.0127e-04, -1.4937e-04,  ...,  6.1920e-03,
          2.8980e-05,  4.4316e-04],
        ...,
        [ 2.0020e-01,  1.8549e-02,  1.6976e-01,  ...,  1.4297e-01,
          3.0303e-02,  1.9473e-01],
        [ 3.1062e-02,  2.9960e-03,  1.0220e-01,  ...,  7.9540e-02,
          1.4950e-02,  1.5567e-01],
        [ 7.3391e-06, -3.6964e-03,  1.6901e-06,  ..., -2.9222e-04,
         -3.5095e-03, -3.2595e-02]], device='cuda:0')), ('fcs.1.bias', tensor([-2.0182e-01, -1.1377e-01, -2.3711e-01,  4.0706e-01,  1.8880e-01,
        -1.7362e-01,  8.4640e-02, -1.8716e-02, -8.7108e-02,  1.8721e-05,
        -7.4139e-02, -3.0721e-01,  6.1122e-03,  3.0965e-01, -2.4231e-01,
        -9.1475e-02,  7.2417e-02,  1.3599e-01, -1.4316e-01,  6.4834e-02,
         1.8126e-01,  2.4274e-01, -7.6805e-02, -1.3421e-01, -8.7924e-03,
        -3.1599e-02, -1.8001e-01,  5.3588e-01, -8.9231e-02, -1.7923e-01,
        -1.2574e-01,  5.3419e-01, -3.6232e-02,  1.8375e-01, -1.7497e-01,
        -2.5004e-01,  1.2796e-01, -1.2474e-01, -2.7436e-01, -1.0518e-01,
        -1.4260e-01,  5.8073e-02, -1.5752e-01, -4.8307e-02, -1.5662e-01,
        -1.8964e-02, -1.0203e-01, -1.0513e-01,  1.3213e-01, -1.0483e-02,
         6.3745e-02, -8.6564e-02, -6.0143e-02,  3.2915e-01, -6.8172e-03,
         1.2227e-01, -3.0510e-02, -8.8494e-02, -2.0532e-01, -1.0319e-01,
        -6.8007e-02, -4.4506e-01, -2.5764e-01, -3.6367e-02], device='cuda:0')), ('fcs.2.weight', tensor([[-5.0328e-01, -2.9335e-02, -7.0465e-03, -1.3935e-01, -1.3258e-02,
          1.2666e-01, -3.2896e-01,  3.0149e-02, -2.1936e-01,  3.9315e-04,
          5.8264e-02, -3.1491e-01, -2.9381e-03,  6.5366e-02,  2.7121e-02,
         -8.2004e-02, -3.9396e-02,  2.6792e-02, -1.1820e-01, -2.5282e-01,
          7.2072e-02, -1.3231e-01,  2.1286e-01, -1.7936e-01, -2.9637e-02,
         -1.7361e-02, -1.1006e-01,  2.6394e-02, -8.4904e-02,  1.1369e-01,
          9.2464e-02,  6.8539e-02,  1.7283e-01,  4.2562e-02,  7.8975e-04,
         -4.1945e-02, -2.8598e-02, -4.8341e-02, -9.3683e-02, -1.0073e-01,
         -1.3309e-02, -3.5308e-02, -2.7851e-01, -1.0176e-01,  2.5087e-02,
         -8.2832e-04,  9.3658e-03, -1.2827e-02, -3.2836e-02,  2.3725e-03,
         -6.4045e-02,  9.3427e-02, -2.5828e-02,  5.2326e-02, -3.2784e-03,
          4.5573e-02, -2.3408e-01, -6.9023e-02, -5.7652e-02,  1.6162e-01,
          3.4335e-02, -2.0342e-01,  1.0486e-01, -4.5217e-04]], device='cuda:0'))])
end of epoch 1: val_loss 0.9550583501080222, val_acc 0.805
trigger times: 0
saving model weights...
Weights: OrderedDict([('fcs.0.weight', tensor([[ 5.1786e-04,  2.3596e-02, -1.7725e-02,  ...,  2.5976e-02,
         -6.5135e-02, -1.6810e-02],
        [ 7.9444e-05,  1.7458e-04,  6.7302e-05,  ...,  2.4485e-04,
         -1.5109e-03, -3.7060e-04],
        [-3.5627e-03,  5.8261e-04,  5.4725e-05,  ...,  7.0415e-03,
         -4.4417e-04, -4.1462e-03],
        ...,
        [-6.2842e-02,  2.2007e-02,  9.6208e-04,  ...,  1.0724e-02,
         -6.0860e-03, -1.3373e-02],
        [ 1.7020e-03, -1.1679e-04, -7.3351e-04,  ..., -4.5665e-02,
         -2.0651e-04, -1.0084e-03],
        [-6.1802e-04, -2.2287e-03,  1.4723e-04,  ...,  2.8229e-04,
         -5.1929e-04, -7.2340e-04]], device='cuda:0')), ('fcs.0.bias', tensor([-4.9118e-02, -2.6163e-03, -1.6833e-03, -2.5734e-03,  5.8098e-01,
         2.7811e-01, -7.0056e-02,  6.3277e-04, -2.6113e-02, -9.8359e-02,
        -8.5782e-02, -1.7337e-04,  3.6193e-01,  1.2656e-02, -8.7038e-02,
        -2.7044e-01, -1.1631e-05, -1.0192e-01, -1.6578e-05, -9.8131e-03,
         1.2864e-04, -2.9757e-02, -3.0320e-02, -3.8287e-01, -2.2095e-04,
         3.1277e-01,  5.6471e-01, -1.8039e-03, -6.2377e-04,  1.8141e-02,
         1.0995e-02, -1.5457e-01,  3.5450e-01, -1.9276e-01, -1.1216e-02,
        -1.7537e-03, -6.1195e-02, -1.8482e-02,  3.4243e-03,  5.3402e-05,
        -3.5023e-04,  1.1281e-05, -2.3345e-02, -1.1308e-03,  2.8459e-01,
        -5.6939e-02, -7.1550e-02, -1.9750e-03, -9.2709e-02, -5.0841e-02,
        -5.3124e-02, -2.7671e-03, -1.9472e-01, -6.6292e-02, -1.7500e-01,
        -2.0589e-03, -7.9582e-02, -3.8665e-03, -3.2578e-02,  7.6071e-02,
        -1.2391e-02, -1.2028e-04, -3.7873e-03, -9.6950e-02, -2.0308e-01,
        -1.9761e-03, -2.2047e-01, -4.3922e-04, -2.0671e-02, -3.5524e-05,
        -1.6418e-04, -2.1246e-05, -7.2853e-03,  4.3812e-05,  1.9674e-04,
         7.0054e-02, -8.1461e-03, -1.0066e-01,  3.1138e-01,  5.1309e-01,
        -2.9263e-01, -7.4303e-02, -5.5165e-03, -2.4346e-02,  5.4548e-01,
        -1.3986e-02, -9.5371e-02, -1.7451e-02, -3.4006e-02,  2.6688e-01,
        -5.1621e-02, -4.0621e-04, -1.6754e-03, -1.9352e-01, -1.3489e-03,
        -2.4011e-02, -1.3488e-04, -1.3355e-04, -4.9485e-03, -7.0140e-02,
         5.4950e-01, -1.2984e-01,  1.4903e-03, -3.8476e-02,  3.3626e-01,
        -9.2436e-02, -1.7575e-02, -1.0619e-03, -1.9284e-03,  6.3754e-01,
        -3.2952e-01, -2.7012e-03, -2.3349e-03, -4.5259e-02, -5.6294e-02,
        -3.7682e-01,  6.2595e-01, -2.3380e-01, -2.9732e-01, -1.5181e-01,
        -2.1164e-02, -9.8511e-03,  4.0036e-01, -1.7910e-01,  6.4424e-04,
        -7.1448e-02,  6.2318e-05, -8.0143e-04], device='cuda:0')), ('fcs.1.weight', tensor([[-1.3849e-03, -5.1990e-05, -1.2554e-04,  ..., -1.8524e-03,
         -1.0972e-04, -8.7293e-05],
        [ 3.6037e-02,  2.0343e-06, -6.2987e-06,  ..., -8.5907e-05,
         -1.0976e-05, -7.4661e-06],
        [-2.5381e-04, -7.9634e-06, -1.0544e-05,  ..., -1.7373e-04,
          1.9898e-05, -3.1031e-06],
        ...,
        [-1.8948e-03, -6.5799e-05, -4.5793e-05,  ..., -1.2860e-03,
          1.8179e-04, -3.8783e-05],
        [ 8.1792e-04,  1.3899e-05,  2.8911e-05,  ...,  5.1954e-04,
         -1.5855e-05,  1.9005e-05],
        [ 1.6318e-02,  8.7841e-04,  1.1497e-03,  ...,  2.1486e-02,
         -2.3842e-03,  1.2834e-04]], device='cuda:0')), ('fcs.1.bias', tensor([ 1.7163e-02, -5.4168e-05, -2.4463e-02,  3.5347e-01,  2.4670e-02,
        -1.2135e-01,  2.9312e-03, -3.4574e-01, -3.4704e-03, -7.7792e-02,
        -5.6647e-02, -4.2974e-03, -7.3952e-03,  1.6402e-01, -2.9744e-02,
        -1.7731e-01,  1.0735e-02,  2.8257e-03, -8.4616e-03,  1.6729e-03,
        -3.6113e-02, -3.0131e-02, -7.7942e-02, -8.6412e-02, -2.9308e-02,
        -9.2212e-03, -1.5294e-02,  1.6987e-01, -5.1304e-02, -4.9752e-02,
        -4.4173e-03,  3.5121e-01, -9.7887e-03, -5.7488e-03, -8.7678e-03,
        -2.6368e-02, -7.2667e-02, -1.2406e-02, -1.5998e-01, -2.2137e-02,
        -9.6346e-05, -4.8206e-02, -1.1155e-01, -1.1145e-02, -2.1485e-02,
        -8.0368e-04, -6.9277e-02, -3.6113e-02, -3.2640e-02,  4.1430e-01,
         9.1446e-03, -3.6303e-02, -1.5515e-03,  7.2819e-02, -1.1781e-03,
         3.9118e-02, -1.2164e-02, -3.0279e-04, -1.0486e-01, -2.3420e-01,
         1.0596e-01, -3.6628e-01, -1.5902e-01,  6.5974e-02], device='cuda:0')), ('fcs.2.weight', tensor([[-3.4660e-01, -1.8225e-02, -3.4601e-02, -6.3079e-02, -8.0840e-03,
          1.1188e-01, -3.3350e-01, -9.0807e-02, -1.9032e-01,  1.5192e-01,
         -1.2973e-01, -2.2970e-01,  4.0804e-02,  6.0893e-03, -1.0609e-02,
          6.5511e-02, -4.8401e-02, -1.2893e-02, -8.6116e-02, -2.2562e-01,
         -5.0669e-02, -1.1941e-01,  1.0327e-01, -1.5832e-01, -1.5407e-02,
         -1.2038e-02, -1.1755e-01, -1.0420e-01, -6.1730e-02,  2.6668e-02,
          1.2508e-01,  3.9291e-03,  1.6537e-01, -3.0054e-03,  2.9912e-03,
         -2.8990e-02, -3.6221e-02, -5.2688e-02, -9.5732e-02, -9.1914e-02,
          3.1618e-03, -4.3634e-02, -7.7465e-02, -1.1011e-01, -1.7020e-03,
          3.5876e-03, -2.7922e-02, -4.1857e-03,  2.6599e-02,  3.0373e-04,
         -6.3671e-02,  4.9573e-02, -2.9849e-02, -6.2132e-03, -5.5560e-03,
          3.9124e-02, -2.3983e-01, -5.9475e-02, -5.2086e-02,  9.7229e-02,
          3.9096e-02, -2.9828e-01,  1.1831e-01,  3.5141e-02]], device='cuda:0'))])
end of epoch 2: val_loss 0.4354603754665732, val_acc 0.76
trigger times: 0
saving model weights...
Weights: OrderedDict([('fcs.0.weight', tensor([[ 2.0473e-04,  6.0249e-03, -4.4007e-04,  ...,  3.2362e-03,
         -9.2040e-03,  6.9668e-04],
        [-1.8093e-04,  1.3326e-05, -1.4316e-06,  ...,  1.0011e-05,
         -1.6080e-04, -7.6642e-05],
        [-1.3110e-06,  2.2739e-06, -8.8618e-08,  ..., -2.9018e-06,
         -1.2898e-06,  6.6775e-07],
        ...,
        [-6.8226e-03,  5.4984e-04,  6.3656e-05,  ..., -9.4838e-04,
         -5.0740e-04, -1.9549e-03],
        [-8.4353e-07,  4.7652e-06, -3.4038e-06,  ..., -4.9534e-04,
         -6.5173e-07,  3.8192e-06],
        [-3.7001e-07, -1.1180e-06,  9.5153e-08,  ...,  9.9970e-07,
         -2.4308e-07, -2.1794e-07]], device='cuda:0')), ('fcs.0.bias', tensor([-8.0208e-03, -1.6181e-04, -6.1792e-08, -2.4147e-05,  3.7661e-01,
         6.2533e-02, -2.1459e-03,  7.6001e-07, -1.0361e-04,  1.3724e-06,
        -5.1966e-02, -2.2444e-09,  1.8816e-01,  8.2013e-04, -1.2221e-05,
        -1.3942e-01, -1.8209e-13, -6.8461e-02, -1.4458e-01,  6.4978e-06,
        -3.5577e-06, -1.6906e-03, -3.9656e-04, -1.5351e-01, -2.1464e-07,
         2.2749e-01,  1.7274e-01, -7.8909e-07,  1.2036e-08,  2.0738e-03,
        -4.0713e-02, -8.3972e-04,  9.7813e-02, -3.1077e-02,  1.9722e-09,
         2.1702e-06, -1.7742e-02, -6.5013e-06, -1.2230e-04, -7.2651e-05,
         1.1001e-06, -2.9053e-07, -2.9547e-02, -8.4080e-06, -1.3642e-03,
        -1.6592e-03, -2.1890e-02,  3.9658e-09, -1.5068e-02, -2.1147e-03,
        -8.1747e-04, -4.5038e-03, -1.0652e-01, -1.6171e-03, -7.8112e-02,
         6.7805e-06, -1.2297e-03, -2.0729e-01, -6.3701e-02, -1.1546e-02,
         1.7415e-05, -1.7767e-06, -1.5925e-05, -5.7522e-03, -3.5204e-04,
        -1.7399e-07, -1.8366e-01, -3.2996e-04, -3.9252e-03, -4.9212e-11,
        -8.7777e-09,  7.5063e-02, -8.6156e-05, -4.8969e-07,  7.2169e-06,
         1.6023e-02,  5.8258e-05, -2.0676e-02, -6.2107e-02,  5.8764e-01,
        -2.9678e-02, -2.7199e-03, -9.0460e-05, -1.1897e-01,  1.6748e-01,
        -1.4277e-04, -5.8480e-03,  2.2914e-07, -2.1965e-03,  5.3412e-02,
        -1.2898e-02, -4.4363e-08,  3.4422e-07, -9.3349e-02,  1.0012e-06,
         7.6956e-07, -1.0298e-02,  3.0915e-07, -1.4586e-06, -3.6673e-04,
         1.7399e-01, -2.0841e-02,  5.1822e-06,  7.6152e-08,  3.2200e-02,
        -4.6797e-02, -3.0969e-03, -1.4637e-02, -2.7676e-05,  2.9491e-01,
        -2.1654e-01, -8.3847e-05, -1.5612e-07, -2.3920e-04, -1.4813e-03,
        -8.7112e-02,  5.4221e-01, -9.8525e-02, -1.2054e-01,  3.6452e-05,
        -1.0349e-05, -2.9634e-05,  3.6429e-01, -1.7724e-01,  1.8152e-05,
        -1.0668e-02, -2.1567e-06, -3.9208e-07], device='cuda:0')), ('fcs.1.weight', tensor([[-9.0579e-04, -2.5104e-05, -7.3522e-09,  ..., -8.3700e-04,
         -6.6890e-07, -1.0438e-06],
        [ 5.9391e-03,  2.7704e-05, -5.4177e-08,  ...,  1.6533e-04,
          8.2789e-07,  5.7841e-07],
        [-1.5883e-04, -3.0248e-06, -5.7386e-08,  ..., -1.2111e-04,
         -4.9787e-08, -1.7718e-07],
        ...,
        [-1.0058e-03, -2.5785e-05,  2.4262e-09,  ..., -1.0303e-03,
         -2.0183e-06, -1.8997e-06],
        [ 4.2861e-04,  1.3727e-05,  8.3427e-09,  ...,  3.1290e-04,
          1.9970e-07,  6.5654e-07],
        [ 2.5794e-06,  7.4446e-07,  1.4697e-09,  ...,  2.7221e-06,
          5.5253e-08,  9.3034e-08]], device='cuda:0')), ('fcs.1.bias', tensor([-1.7322e-07, -6.3200e-04, -5.2383e-04,  7.9349e-02, -6.7330e-03,
        -4.7130e-02, -2.3557e-01, -2.4035e-01, -1.4983e-01, -8.9238e-04,
        -9.5978e-02, -1.4869e-01,  9.6338e-02,  2.4410e-02, -1.3206e-04,
        -1.9016e-02,  7.8162e-05,  1.0887e-04, -1.1025e-03,  1.1487e-02,
        -2.1554e-03, -4.9292e-05, -1.2944e-01, -7.9536e-02, -1.3318e-05,
        -2.4368e-03,  1.4947e-03,  6.5319e-02, -1.2536e-02,  2.1931e-01,
        -5.3350e-02,  1.1651e-01,  6.1977e-02, -1.0556e-07, -3.5877e-06,
        -7.8497e-05, -1.0583e-02, -6.0502e-06, -4.0527e-02, -1.7033e-03,
         1.8144e-02, -9.7615e-05,  2.2479e-02, -9.2468e-03, -1.0568e-01,
        -3.3552e-08, -2.5889e-02, -2.0755e-01, -6.9374e-03,  1.5326e-01,
         1.0404e-02, -3.5374e-04,  1.0272e-04,  4.3648e-03, -1.0744e-04,
         2.1160e-03,  1.8896e-02,  1.0814e-06, -1.8915e-02, -8.9450e-03,
        -1.2681e-01, -2.2340e-01, -4.6579e-02,  2.8197e-02], device='cuda:0')), ('fcs.2.weight', tensor([[-2.0609e-01,  5.6334e-02, -3.5740e-02, -8.1569e-03, -8.8815e-03,
          1.4251e-01, -3.1904e-01, -8.6754e-02,  5.5497e-02,  1.4862e-01,
         -1.3726e-01, -3.9908e-01,  1.3149e-01,  6.4047e-03,  1.2524e-03,
          3.7850e-02, -5.3474e-02, -1.6245e-02,  5.9318e-02, -5.5629e-02,
         -6.1557e-02, -1.1901e-01,  2.4046e-02, -9.2504e-02, -1.1984e-02,
         -5.0021e-03,  5.2816e-02, -9.9067e-02, -3.4479e-02, -6.6464e-02,
          7.0289e-02, -9.1646e-03,  9.8085e-02, -6.0645e-04,  1.7214e-03,
         -2.6201e-02, -2.6850e-02, -7.5549e-04, -1.2324e-01, -9.7858e-02,
          4.0776e-02, -4.6147e-02,  1.8137e-01, -9.0215e-02,  2.2018e-01,
          4.8852e-03, -6.3621e-02,  4.6048e-02,  7.2865e-03,  6.9279e-02,
          3.3751e-03,  2.7801e-01,  2.6132e-02, -5.3026e-03, -4.6459e-05,
          2.6055e-02, -1.8060e-01, -1.4693e-01, -7.9554e-02,  4.8741e-02,
          1.2638e-01, -4.1639e-01,  1.1675e-01,  1.2523e-03]], device='cuda:0'))])
end of epoch 3: val_loss 0.5145492824949789, val_acc 0.845
trigger times: 1
end of epoch 4: val_loss 0.3554480360736852, val_acc 0.83
trigger times: 0
saving model weights...
Weights: OrderedDict([('fcs.0.weight', tensor([[-2.3029e-08,  7.0997e-09, -7.0194e-09,  ..., -6.3455e-08,
          5.8734e-09, -3.8353e-09],
        [-4.5510e-21, -6.7040e-21,  1.8518e-21,  ..., -7.7875e-21,
          1.9467e-21, -4.8281e-20],
        [ 2.1286e-03, -4.3621e-02,  9.1188e-03,  ..., -7.1872e-03,
         -1.1032e-02,  9.1936e-02],
        ...,
        [-1.3167e-06,  1.8451e-06, -1.7757e-07,  ..., -8.4092e-07,
         -5.1295e-06,  8.3337e-07],
        [ 7.1520e-06, -2.6154e-03, -3.2241e-06,  ..., -2.1955e-04,
         -2.2164e-05, -3.6866e-04],
        [-5.0692e-19, -2.3172e-18,  5.1038e-20,  ..., -2.6443e-18,
         -9.0258e-20,  4.9661e-20]], device='cuda:0')), ('fcs.0.bias', tensor([-5.0965e-09,  1.5311e-21, -1.4508e-02, -1.6294e-16,  3.4129e-01,
        -1.0263e-02,  1.3614e-01, -1.0110e-19, -1.2408e-01,  2.1884e-02,
        -8.8621e-05, -1.1037e-02,  5.1060e-05, -2.3211e-01, -1.7511e-03,
        -4.8154e-04,  3.3563e-01, -2.5155e-03, -1.2997e-03,  3.3101e-01,
        -6.5185e-18, -1.2720e-02, -6.8270e-08, -4.8460e-06, -4.4472e-05,
         1.2051e-01,  3.5501e-02, -3.5051e-02, -8.3676e-08,  2.7618e-01,
        -4.2551e-04,  3.1174e-01,  1.6382e-01, -5.0122e-07, -3.1876e-06,
        -7.1922e-02, -6.0515e-10, -3.6917e-02, -1.4406e-03, -2.0649e-06,
        -9.6113e-04,  1.5583e-01, -1.4668e-03,  2.8904e-01, -2.7192e-02,
        -4.0036e-13, -6.7552e-02, -7.8686e-02,  1.5139e-01,  4.1119e-02,
        -5.9971e-15,  1.5550e-08, -5.7120e-04, -2.0813e-01,  6.4657e-07,
        -4.0122e-02, -4.7415e-08, -6.4861e-07, -1.6648e-04, -3.0952e-03,
        -7.3373e-03, -2.4831e-02, -2.2126e-02, -9.9898e-04, -9.6309e-02,
        -2.2756e-03, -2.9300e-03,  4.4385e-02,  1.0583e-01,  4.1445e-09,
        -7.6225e-02, -2.3425e-06, -4.0781e-07, -1.5606e-01, -3.4165e-04,
        -1.4876e-07, -1.6524e-04, -1.8348e-07, -3.0083e-03,  4.5793e-01,
        -1.2266e-01, -1.6848e-10,  1.8825e-08, -1.6229e-06, -5.4418e-03,
         2.1329e-12, -5.9445e-09, -2.1416e-02, -1.5354e-07,  3.8395e-01,
        -3.8632e-07, -1.3629e-13,  4.6385e-19, -2.2306e-03,  6.1293e-13,
        -5.9051e-09, -3.7181e-07, -4.9436e-07,  4.6027e-02, -3.5353e-07,
        -9.0765e-02, -7.9215e-09, -6.1784e-02, -5.1865e-14,  1.4643e-01,
        -1.8979e-04, -3.0801e-10, -9.9375e-08, -6.0188e-02, -1.2035e-02,
        -7.1860e-03,  3.0145e-01, -9.6277e-02, -4.4595e-07, -1.3634e-10,
        -3.4816e-03,  3.9210e-01, -2.7997e-04, -5.9196e-05, -4.3153e-06,
        -1.6725e-06, -7.2409e-14,  6.5574e-02, -1.7820e-03, -9.2858e-03,
        -7.2030e-06, -9.9848e-05, -3.7391e-20], device='cuda:0')), ('fcs.1.weight', tensor([[ 1.5619e-08,  7.2017e-21,  5.5562e-03,  ...,  2.3040e-06,
          4.5460e-06,  1.5823e-19],
        [ 1.7556e-09,  1.3770e-21,  2.9609e-03,  ...,  2.8371e-09,
         -2.0738e-06,  2.3869e-19],
        [ 1.7302e-09,  1.3421e-24, -2.6999e-03,  ...,  3.6494e-08,
         -1.1231e-06,  1.4020e-20],
        ...,
        [ 1.6159e-08, -4.8085e-20,  3.0595e-02,  ...,  3.8037e-06,
         -1.9052e-04,  8.7740e-19],
        [ 4.3777e-11, -4.8399e-23, -1.8484e-05,  ...,  1.5556e-09,
         -6.0702e-07, -9.1122e-23],
        [ 2.5009e-09,  7.2740e-21,  9.0440e-03,  ...,  5.1072e-07,
         -1.0349e-04,  2.4904e-19]], device='cuda:0')), ('fcs.1.bias', tensor([-1.6577e-06,  1.1133e-02,  3.0518e-05,  1.0621e-05, -9.0910e-04,
        -1.5476e-04, -1.2518e-01, -1.0419e-02, -1.3015e-04, -2.7621e-02,
        -5.0861e-05,  2.6514e-01,  1.3942e-04, -4.1715e-07, -3.6387e-03,
        -2.1390e-05, -8.7024e-06, -3.9146e-09, -1.7736e-01, -1.2485e-07,
         7.6046e-04, -1.6591e-01, -6.9559e-05, -2.5965e-08, -6.3632e-09,
        -4.1404e-02, -2.9481e-08, -6.6154e-02,  1.4480e-07, -1.0706e-02,
        -2.5255e-07,  4.3662e-06, -2.6182e-08, -4.1724e-07, -5.6671e-05,
        -1.5524e-04, -6.0949e-05, -4.3714e-03, -4.4661e-03, -9.4606e-04,
        -1.4097e-02, -1.1878e-03, -2.4671e-02, -2.2263e-02, -3.1549e-03,
        -1.9852e-01, -2.4622e-05, -1.9165e-02, -8.0757e-02, -3.5043e-04,
        -1.6754e-02, -2.4322e-01, -4.1678e-03,  4.9326e-06,  3.3549e-08,
        -7.7188e-07, -3.3889e-02, -6.2938e-02, -9.7890e-02, -2.1691e-04,
         1.1281e-01, -1.5544e-02, -6.3587e-06, -1.1874e-02], device='cuda:0')), ('fcs.2.weight', tensor([[-7.3924e-02, -1.4081e-02, -1.0860e-02, -8.9812e-03, -1.9808e-02,
         -1.1640e-03, -4.0602e-02, -4.3843e-02, -2.3189e-03, -4.6137e-02,
         -6.3679e-02, -1.9211e-02, -5.7033e-02,  4.1925e-04, -6.9545e-03,
         -9.1917e-02, -3.2552e-03, -1.5590e-03, -1.2039e-02, -5.7337e-03,
         -5.3423e-03,  9.8764e-02, -8.1176e-04, -3.6628e-07, -2.5504e-03,
         -1.8087e-02, -6.9752e-04, -5.1313e-02, -1.0027e-03,  1.2635e-02,
          1.6602e-02,  5.5028e-04, -2.9444e-03,  1.6447e-03, -2.7965e-02,
         -3.3685e-04,  5.4444e-02, -3.7036e-02,  1.0872e-01, -1.7304e-02,
         -3.8667e-03,  1.1257e-02,  3.3375e-02, -2.1972e-02,  1.2271e-02,
         -2.1422e-01, -1.9141e-03, -2.8208e-02, -4.9569e-02,  2.2448e-04,
         -1.9484e-01, -2.8561e-02,  1.4594e-01, -5.6198e-04,  1.6988e-02,
         -6.4311e-05,  1.3986e-02, -2.0544e-02,  8.4902e-03, -7.6051e-02,
          4.2751e-03, -6.0048e-01, -3.5839e-04, -8.3696e-02]], device='cuda:0'))])
end of epoch 5: val_loss 0.7151944798033506, val_acc 0.79
trigger times: 1
end of epoch 6: val_loss 5.9234470478237675, val_acc 0.825
trigger times: 2
end of epoch 7: val_loss 0.3999547116703885, val_acc 0.845
trigger times: 3
end of epoch 8: val_loss 0.6987571803758112, val_acc 0.71
trigger times: 4
end of epoch 9: val_loss 0.6246801008160159, val_acc 0.76
trigger times: 5
end of epoch 10: val_loss 2.036293223766058, val_acc 0.715
trigger times: 6
end of epoch 11: val_loss 2.65337106581997, val_acc 0.795
trigger times: 7
end of epoch 12: val_loss 0.3198785661086328, val_acc 0.855
trigger times: 0
saving model weights...
Weights: OrderedDict([('fcs.0.weight', tensor([[-4.0971e-02,  1.8213e-01,  2.9156e-03,  ..., -8.4857e-01,
         -2.1866e-01, -2.3571e-01],
        [-5.5444e-02,  8.5152e-02,  2.9039e-03,  ...,  2.0462e-02,
         -2.5973e-02, -1.8793e-02],
        [ 1.2786e-01, -3.6009e-02,  1.3955e-01,  ...,  4.9355e-02,
          4.2118e-01,  6.9934e-02],
        ...,
        [-1.4091e-02, -1.2354e-03,  2.3245e-04,  ...,  6.8278e-04,
         -2.1159e-02,  1.4708e-01],
        [-2.4430e-04,  1.3291e-03,  1.3140e-04,  ...,  3.2735e-03,
         -3.2221e-05, -2.3080e-03],
        [-1.8799e-05, -2.0008e-05, -4.3333e-06,  ...,  3.2732e-05,
         -5.3041e-05, -4.3634e-05]], device='cuda:0')), ('fcs.0.bias', tensor([-3.3029e-02, -2.4366e-02,  1.6540e-01, -4.6694e-04, -4.5607e-02,
        -1.0808e-02,  1.3254e-03, -1.1039e-01, -9.5034e-02, -2.2660e-05,
        -2.9114e-04, -2.9119e-08, -2.3035e-03, -2.8399e-02, -6.2167e-03,
        -1.6253e-01,  1.1605e-08, -3.0748e-01, -8.2731e-02, -5.3678e-08,
        -1.6105e-04,  4.4803e-02, -8.9921e-05,  2.2631e-01, -4.8655e-06,
        -1.4930e-05, -6.9983e-02, -2.4352e-06,  6.6586e-02, -2.5153e-01,
        -9.0826e-02, -4.0127e-05, -1.4599e-02, -3.7712e-06, -2.8935e-08,
        -3.2632e-02,  2.4714e-08, -1.2402e-01, -7.5653e-09,  1.2534e-09,
        -6.8619e-02, -2.8538e-08, -6.4619e-04, -1.4304e-03, -5.7149e-02,
        -3.7718e-01,  2.4805e-09, -6.5635e-02, -4.1643e-03, -2.9889e-02,
        -3.3181e-02, -5.7349e-02, -8.1092e-05, -6.3633e-03, -1.9190e-01,
        -1.8927e-02,  3.0506e-06,  1.9526e-02, -3.7889e-07, -1.5394e-03,
        -1.0961e-03, -9.7550e-04, -3.2177e-02,  3.5596e-01, -7.9045e-03,
        -1.9874e-02, -1.3743e-01, -2.6930e-01, -1.4886e-07,  1.3548e-10,
        -1.7885e-01,  8.8543e-06, -8.7058e-03,  1.4059e-01, -3.8809e-03,
        -2.3041e-01, -2.0685e-09, -3.6316e-07, -4.4311e-05,  7.9801e-01,
        -2.8316e-06,  7.2668e-01, -7.2158e-02, -9.2052e-02, -6.1310e-04,
         1.5825e-01, -9.6394e-03, -6.5146e-04, -4.7926e-05,  2.1417e-02,
        -2.4771e-02, -3.3843e-06,  9.2242e-02, -1.6669e-03, -1.0540e-01,
         1.0842e-02, -9.1014e-02, -9.9577e-02, -7.7139e-03,  5.5543e-03,
         4.2394e-03, -3.1261e-06,  8.9475e-08, -2.0634e-05, -5.5284e-02,
        -4.8978e-03,  2.0034e-01, -2.9938e-02,  6.0069e-03, -1.3828e-01,
        -1.7647e-01, -6.6189e-03, -2.1299e-07,  2.1087e-03, -2.9859e-01,
        -6.9689e-03,  5.5221e-01, -1.8760e-01,  7.6830e-02,  5.8034e-01,
         3.1261e-04,  1.2194e-01, -1.6376e-01, -1.4293e-01, -9.0916e-03,
        -2.7520e-02, -2.7016e-05, -5.3503e-05], device='cuda:0')), ('fcs.1.weight', tensor([[ 1.4112e-01,  1.6126e-03, -1.1631e-01,  ..., -2.0378e-02,
          1.5100e-05,  6.4169e-08],
        [ 7.0588e-05, -1.5978e-01, -2.4139e-03,  ...,  7.2936e-05,
         -1.8374e-07,  6.3485e-08],
        [-3.7057e-04, -1.0747e-05, -9.5931e-03,  ...,  1.9299e-05,
         -8.7441e-08,  1.6841e-08],
        ...,
        [-3.2035e-02, -1.2418e-03, -1.9292e-01,  ..., -6.1391e-03,
         -6.3942e-02, -2.9835e-05],
        [-6.8977e-05, -1.6173e-05, -4.3240e-03,  ..., -1.9276e-03,
         -3.1741e-07, -5.4338e-09],
        [-2.0851e-04, -2.2116e-01, -3.3079e-01,  ..., -6.8786e-03,
         -5.7867e-07,  6.5940e-08]], device='cuda:0')), ('fcs.1.bias', tensor([ 7.8286e-02, -1.9176e-03, -2.8911e-05, -2.3064e-01, -3.9557e-02,
         1.8718e-02, -8.0454e-05, -4.6415e-06, -2.6440e-02, -1.2016e-06,
        -7.6515e-02, -2.2051e-05,  1.4395e-08,  1.3975e-08, -1.1064e-02,
        -1.1104e-07, -1.4892e-04, -9.8986e-04, -2.5634e-07, -8.0008e-03,
        -9.1957e-03, -7.0315e-02, -4.9344e-05, -1.0198e-04, -7.4472e-09,
        -1.8258e-07, -2.7831e-02, -1.5049e-02, -7.3443e-06,  5.1979e-02,
        -7.0115e-08, -5.0324e-02, -6.6419e-03, -3.1279e-03, -9.8955e-03,
        -1.5562e-04, -7.2920e-05, -1.6156e-02,  2.0988e-01,  1.0891e-03,
        -1.7248e-01,  1.6237e-04,  2.2922e-01, -1.2867e-09, -2.4264e-02,
        -1.8446e-06, -3.6115e-02, -4.8182e-02, -4.3993e-03, -6.2335e-03,
        -3.2451e-02, -1.0000e-03,  4.5407e-02, -4.8184e-02, -2.0992e-01,
        -3.9923e-04, -9.9623e-02, -4.2026e-08, -3.3633e-02, -2.4678e-06,
        -7.7199e-03, -3.7776e-02, -1.2514e-06, -4.2545e-02], device='cuda:0')), ('fcs.2.weight', tensor([[-7.3657e-03,  7.4152e-03,  3.2738e-03,  1.1272e-01, -5.1659e-03,
         -5.3393e-02,  1.0698e-02,  8.8324e-04,  9.0275e-02, -1.3508e-03,
          6.3095e-02,  1.5821e-02,  4.5762e-03,  5.9283e-03, -1.0872e-01,
         -2.5235e-04, -2.8374e-02, -7.3219e-03, -4.3523e-04,  1.6919e-02,
         -3.3086e-02, -4.8999e-02, -2.4644e-03, -6.4548e-03, -4.7073e-03,
         -6.4248e-02,  3.6464e-02, -1.7551e-02, -4.2627e-03, -4.6435e-02,
         -3.5044e-02, -7.6502e-02, -2.5222e-02,  2.7641e-02, -8.7165e-03,
         -3.5324e-03,  1.3404e-02,  7.2647e-03,  1.3815e-02, -5.8547e-02,
         -1.0534e-01, -2.8166e-03,  1.6832e-03, -1.1424e-03, -2.4038e-02,
         -2.0794e-03, -6.0086e-03, -1.6328e-01, -9.9484e-03, -2.2042e-02,
         -1.9286e-02, -4.9799e-02,  2.9054e-01, -7.0386e-03,  1.8435e-01,
         -1.4392e-01, -2.0735e-01, -1.3591e-03, -9.7012e-02,  2.0924e-03,
          6.9549e-02, -1.3059e+00, -7.8373e-03, -4.2478e-02]], device='cuda:0'))])
end of epoch 13: val_loss 5.219032087057941, val_acc 0.67
trigger times: 1
end of epoch 14: val_loss 0.34276070835418065, val_acc 0.845
trigger times: 2
end of epoch 15: val_loss 1.6807284174751385, val_acc 0.715
trigger times: 3
end of epoch 16: val_loss 0.37635991075000674, val_acc 0.825
trigger times: 4
end of epoch 17: val_loss 0.4438111016855691, val_acc 0.8
trigger times: 5
end of epoch 18: val_loss 0.5235068751502914, val_acc 0.745
trigger times: 6
end of epoch 19: val_loss 0.3291545878521765, val_acc 0.86
trigger times: 7
end of epoch 20: val_loss 0.42652632193664614, val_acc 0.795
trigger times: 8
end of epoch 21: val_loss 0.36929866890532137, val_acc 0.825
trigger times: 9
end of epoch 22: val_loss 0.7405719024901279, val_acc 0.8
trigger times: 10
Early stopping.
0 91.13746386766434 -238.56539389647227
1 89.99574515223503 -226.82452825484978
2 89.10286340117455 -226.2241731451399
3 92.42297396063805 -208.89755486387574
4 96.0908794105053 -196.9840755292238
5 115.04354411363602 -194.4017457710484
6 90.76721394062042 -193.75394353311003
7 113.82490187883377 -173.38768743356906
8 99.95404452085495 -172.73844575529262
9 100.00556114315987 -172.5849598191294
10 109.0774492919445 -148.80630048130243
11 106.76573073863983 -146.54022994848935
12 110.77058082818985 -144.9163601843784
13 104.57278510928154 -144.5098799638122
14 121.44330406188965 -129.52710350510273
15 112.18608468770981 -119.6789138826375
16 105.856375426054 -119.53338183357056
17 106.7163518667221 -115.00841352193844
18 120.97452801465988 -113.49466461352053
19 130.91923880577087 -107.45837168117659
20 119.2284107208252 -105.49937100040788
21 116.2100413441658 -101.9104943327425
22 122.12382310628891 -101.66294130080523
23 126.59495687484741 -98.89606860541423
24 123.44558525085449 -95.1909937931514
25 119.01874029636383 -93.31854913617367
26 124.78250753879547 -85.41926577166943
27 124.27375102043152 -83.18012153468804
28 125.78889137506485 -79.47665068598401
29 121.81148535013199 -77.34308621853297
30 125.44247597455978 -60.56041622227008
31 137.61553794145584 -58.68833689293549
32 127.55428385734558 -22.79021187897909
33 128.09577256441116 -19.65788926803626
34 120.04091024398804 -16.74518768263467
35 126.7095314860344 -13.719402302108403
36 133.2719573378563 4.235189873860978
37 123.28924071788788 5.0952806210809465
38 134.6705420613289 10.178796790507759
39 121.70101016759872 13.541055788508864
40 116.38932371139526 14.989710929193077
41 130.29533278942108 21.802029683432238
42 131.7332746386528 31.12027905920427
43 136.7335006594658 40.64550156746333
44 124.96438097953796 40.69898986216935
45 137.10190844535828 50.09032867204584
46 129.54150396585464 57.290535515424786
47 130.5942986011505 60.51441689036072
48 135.04117959737778 62.587858111632386
49 123.7603006362915 63.47489586756552
50 125.62412440776825 65.395531990224
51 132.75717908143997 68.71330703108626
52 129.3548172712326 69.48459209048262
53 142.06958866119385 72.16624272108386
54 126.18309932947159 74.2233202149037
55 128.24270856380463 79.16074531670823
56 132.20294958353043 80.25553156558418
57 126.85668921470642 87.50520028403979
58 125.38337302207947 90.28646231697512
59 131.36172688007355 90.72533900600311
60 130.14333927631378 91.52552635781885
61 133.69792395830154 91.95773979158345
62 131.25770115852356 92.99221310223136
63 125.52495950460434 94.14052712880752
64 133.5407143831253 94.28590507273401
65 127.74484038352966 95.24073532592021
66 136.67735368013382 96.09581961281374
67 138.7032208442688 96.50341248035636
68 128.27368474006653 97.45820290396632
69 132.3081752061844 97.90553231413178
70 128.3514223098755 98.27346635731779
71 131.44356667995453 98.35872828331676
72 126.75249880552292 98.9255090371917
73 129.6007359623909 99.09003071828721
74 132.89651411771774 99.89253842063019
75 131.29977124929428 100.07765055593329
76 136.26740562915802 101.35869827851857
77 128.41921669244766 103.56921378052652
78 134.1155160665512 103.74194540937737
79 132.87776762247086 104.00039883786899
80 132.0287162065506 104.36031383612816
81 132.2637169957161 104.79584301893571
82 134.33537060022354 105.40349710769756
83 139.21176797151566 105.60678192821229
84 125.67503249645233 106.26867976298877
85 130.1132237315178 106.37916921043517
86 131.01141959428787 106.67969423997131
87 134.49897223711014 106.81132709017433
88 136.74421167373657 107.05410485829283
89 135.29033893346786 107.44441498172971
90 134.3899255990982 107.68792314282867
91 132.50402122735977 107.72369032284489
92 137.02532148361206 108.58631070626225
93 130.71246296167374 108.79454915391223
94 133.224799990654 109.15712102315346
95 132.20230185985565 109.71287331230647
96 133.09124392271042 110.48639228144049
97 132.53674787282944 111.4630258761226
98 133.36256992816925 112.59201367677376
99 132.76306468248367 113.4530990931055
100 141.43573611974716 114.85996346749971
101 137.84436345100403 115.04838323377467
102 138.29362040758133 115.5646624637931
103 134.35179364681244 115.77027450439896
104 138.74886167049408 116.29805012422126
105 129.03719913959503 116.38499266629886
106 133.90323716402054 116.4198907102986
107 135.45632356405258 117.08008835928221
108 140.4644614458084 117.29357601720739
109 135.88456708192825 118.29160885622866
110 142.86929869651794 119.01062500757773
111 123.15344578027725 120.85290512447664
112 138.15327656269073 120.8902150231427
113 139.0910712480545 121.40892075278066
114 137.59455853700638 122.30522808413322
115 144.87427306175232 129.13346806288703
116 140.81644868850708 129.67718524437547
117 142.1960373520851 129.79664443488912
118 136.30231547355652 130.61780866873775
119 147.83993005752563 131.40806576766226
train accuracy: 0.8205555555555556
validation accuracy: 0.8
test accuracy: 0.7928571428571428
