demo lengths 200
demos: (120, 200, 25)
demo_rewards: (120,)
[-238.5653939  -226.82452825 -226.22417315 -208.89755486 -196.98407553
 -194.40174577 -193.75394353 -173.38768743 -172.73844576 -172.58495982
 -148.80630048 -146.54022995 -144.91636018 -144.50987996 -129.52710351
 -119.67891388 -119.53338183 -115.00841352 -113.49466461 -107.45837168
 -105.499371   -101.91049433 -101.6629413   -98.89606861  -95.19099379
  -93.31854914  -85.41926577  -83.18012153  -79.47665069  -77.34308622
  -60.56041622  -58.68833689  -22.79021188  -19.65788927  -16.74518768
  -13.7194023     4.23518987    5.09528062   10.17879679   13.54105579
   14.98971093   21.80202968   31.12027906   40.64550157   40.69898986
   50.09032867   57.29053552   60.51441689   62.58785811   63.47489587
   65.39553199   68.71330703   69.48459209   72.16624272   74.22332021
   79.16074532   80.25553157   87.50520028   90.28646232   90.72533901
   91.52552636   91.95773979   92.9922131    94.14052713   94.28590507
   95.24073533   96.09581961   96.50341248   97.4582029    97.90553231
   98.27346636   98.35872828   98.92550904   99.09003072   99.89253842
  100.07765056  101.35869828  103.56921378  103.74194541  104.00039884
  104.36031384  104.79584302  105.40349711  105.60678193  106.26867976
  106.37916921  106.67969424  106.81132709  107.05410486  107.44441498
  107.68792314  107.72369032  108.58631071  108.79454915  109.15712102
  109.71287331  110.48639228  111.46302588  112.59201368  113.45309909
  114.85996347  115.04838323  115.56466246  115.7702745   116.29805012
  116.38499267  116.41989071  117.08008836  117.29357602  118.29160886
  119.01062501  120.85290512  120.89021502  121.40892075  122.30522808
  129.13346806  129.67718524  129.79664443  130.61780867  131.40806577]
maximum traj length 200
maximum traj length 200
num training_obs 1800
num training_labels 1800
num val_obs 200
num val_labels 200
num test_obs 7140
num test_labels 7140
device: cpu
end of epoch 0: val_loss 2.6185532839357766, val_acc 0.745
trigger times: 0
saving model weights...
Weights: OrderedDict([('fc1.weight', tensor([[ 8.3008e-07, -2.9100e-05, -7.7985e-07,  ..., -1.2254e-06,
         -4.7869e-07, -1.1859e-04],
        [-3.5047e-06,  8.3262e-04,  5.1794e-06,  ...,  1.3631e-04,
          7.2250e-06, -3.1061e-05],
        [ 1.3181e-06,  2.0881e-05,  2.5914e-07,  ...,  4.6865e-06,
          1.4370e-06,  2.5542e-06],
        ...,
        [-3.7570e-02, -2.6754e-04, -3.4383e-05,  ..., -5.2792e-04,
         -3.7278e-02,  5.8983e-05],
        [ 1.3302e-01,  1.9119e-01, -9.1284e-02,  ...,  1.5709e-01,
         -5.9771e-02, -1.6732e-01],
        [-1.3316e-02,  3.7601e-03, -8.5569e-05,  ..., -6.9005e-04,
         -2.2665e-03, -7.9420e-03]])), ('fc1.bias', tensor([ 2.6012e-08, -5.1673e-07,  2.0973e-06,  1.5637e-08,  3.0017e-05,
        -1.6393e-02,  2.8496e-01, -2.6393e-04, -1.1728e-02,  1.3574e-07,
        -1.2360e-06, -1.2726e-02, -1.4013e-04,  2.2310e-05, -3.0236e-02,
         1.0682e-06, -2.0266e-04, -1.0848e-07, -1.8801e-06, -9.9058e-05,
        -2.2924e-01, -1.7713e-01, -9.1119e-02, -3.5107e-16, -2.1867e-06,
        -2.6793e-02, -6.7155e-02, -2.2494e-05, -1.4229e-02, -2.3513e-07,
         2.2760e-07, -2.6144e-05, -1.9172e-02, -4.7567e-09, -3.6404e-12,
        -1.6662e-01, -2.6348e-02, -1.4292e-01, -6.4148e-08, -9.3899e-05,
        -5.8111e-07, -1.1434e-04, -2.9022e-03, -1.2413e-05,  1.9341e-09,
        -1.0882e-06, -3.4622e-04, -4.2991e-02, -5.0844e-04, -8.2347e-07,
         1.2026e-05, -1.8213e-03, -1.8028e-05,  4.6172e-01, -1.4765e-01,
        -1.4546e-04,  2.0867e-11, -7.9361e-07, -3.2257e-01,  1.9123e-05,
        -1.8730e-04,  2.8351e-06, -9.2522e-05, -2.0911e-01, -1.7220e-07,
         7.4707e-08, -4.6183e-06, -1.6701e-03, -5.9538e-04, -4.0686e-07,
        -4.5651e-05, -1.7745e-07, -6.5320e-02,  2.0215e-01,  6.7132e-08,
        -1.2417e-01, -9.2916e-04, -3.0251e-01, -1.9695e-09, -1.2679e-05,
        -5.7765e-02, -8.1681e-06, -5.3629e-02, -3.0380e-03,  5.9179e-02,
        -3.7926e-04, -6.2102e-07, -1.8810e-04, -1.4596e-06, -3.2039e-07,
        -2.1082e-03, -8.5701e-04,  4.3672e-04,  1.7916e-08, -4.4856e-06,
         5.3247e-01, -1.1586e-05, -2.7114e-01, -2.9810e-11, -1.4181e-03,
        -6.8159e-07,  7.6590e-11,  4.0773e-08, -3.1029e-05, -2.3667e-08,
        -6.4741e-02,  3.3784e-01, -1.2443e-03, -1.2973e-03,  2.6647e-06,
        -1.3980e-04, -6.1836e-05, -6.6134e-05, -2.2577e-02, -9.7223e-02,
        -1.0749e-01, -1.1658e-07, -5.8412e-02,  3.6190e-11,  3.2043e-01,
         3.8665e-01, -9.0589e-07, -1.1735e-05,  1.2193e-05, -1.7127e-01,
        -3.8394e-02, -2.2533e-01, -1.4375e-03])), ('fc2.weight', tensor([[-1.4782e-08,  6.7129e-07, -1.3886e-07,  ..., -1.4938e-05,
         -1.5208e-04,  1.4738e-05],
        [-2.5970e-07,  1.9143e-05, -7.1601e-07,  ..., -6.2793e-05,
         -1.7758e-01,  1.0466e-04],
        [ 7.6889e-07, -2.3614e-05,  3.4618e-06,  ...,  5.3334e-04,
         -5.5679e-02, -1.1261e-04],
        ...,
        [-4.4933e-08, -5.3636e-07,  1.0173e-07,  ...,  7.7225e-06,
          3.2987e-04, -4.2432e-05],
        [ 1.7478e-07, -1.6852e-06,  2.7839e-07,  ...,  1.1365e-04,
         -2.9148e-04, -2.5828e-03],
        [-1.8127e-07,  1.7125e-05, -1.9861e-06,  ..., -1.1031e-04,
         -2.1596e-01,  8.2349e-05]])), ('fc2.bias', tensor([-1.4556e-01, -1.6480e-01,  1.5550e-02,  1.9095e-01, -1.3610e-04,
        -1.1728e-01, -4.1385e-04, -4.7862e-02, -2.0269e-01,  2.3594e-03,
        -5.6297e-07, -8.4508e-02,  3.2421e-02, -2.9394e-03,  3.3658e-02,
         4.2955e-02, -3.8383e-02, -2.5523e-02, -4.1059e-02, -5.6242e-02,
        -3.1449e-03,  4.4458e-02, -8.7357e-02,  1.6428e-01, -6.5869e-02,
        -6.5493e-02, -2.4346e-01, -4.2016e-02,  9.9382e-02, -2.9841e-01,
        -2.0048e-02, -3.3253e-03, -2.7665e-02, -9.8359e-05, -1.3863e-02,
        -2.6658e-02,  2.1207e-02, -1.8892e-02, -5.9212e-02, -2.7673e-03,
        -9.1346e-02, -1.8868e-01, -1.6014e-01, -1.7768e-01,  4.0175e-02,
        -1.0825e-01, -1.1670e-01, -6.8282e-02,  1.1068e-02, -1.8714e-04,
        -7.6444e-02,  3.8025e-03, -1.1906e-01, -1.9644e-01, -7.9938e-02,
        -6.2709e-04, -5.3391e-03, -6.5432e-02,  2.0252e-01, -1.7424e-02,
        -1.7936e-01, -9.7123e-03, -1.0223e-01, -6.9323e-02])), ('fc3.weight', tensor([[ 2.6646e-02,  1.1691e-01, -1.8960e-02,  1.3569e-02,  5.2844e-05,
         -1.8594e-02,  5.6140e-02, -3.8155e-02,  3.1020e-02,  7.5535e-02,
         -5.0007e-02, -7.8835e-02,  2.2018e-02, -1.5342e-01,  6.8716e-04,
          1.2795e-01,  3.1755e-02, -1.8831e-02, -3.8458e-02,  1.8503e-01,
          3.7835e-03,  3.3956e-02, -2.2849e-03, -3.8462e-02,  1.4600e-02,
         -7.4210e-02, -4.4111e-03, -6.6234e-02, -1.3597e-02,  6.8432e-02,
         -3.5045e-02,  2.1601e-01, -1.2800e-01,  2.1169e-02,  3.7474e-02,
          2.0275e-03, -2.9126e-03, -6.4322e-02,  7.0399e-05, -1.4618e-01,
          1.3521e-02, -1.0586e-02,  1.1873e-01, -9.1022e-03, -1.1647e-01,
          8.9368e-02,  4.1561e-02, -2.9484e-01,  3.2159e-02,  4.0767e-03,
          8.1711e-02, -2.2777e-02,  4.0767e-02, -7.5215e-02,  4.1290e-02,
         -1.8526e-03, -8.4167e-03,  1.1613e-01,  1.1982e-01,  8.8210e-02,
          1.6842e-01, -1.8551e-02, -7.2031e-02,  2.1285e-01]]))])
end of epoch 1: val_loss 0.3675699145109684, val_acc 0.835
trigger times: 0
saving model weights...
Weights: OrderedDict([('fc1.weight', tensor([[-2.3084e-17, -3.0737e-16, -1.3584e-18,  ...,  4.7602e-17,
         -9.0671e-17,  4.0465e-18],
        [ 6.5824e-09,  1.9936e-08, -3.0060e-09,  ...,  1.1071e-09,
         -4.0210e-09, -1.8343e-08],
        [ 2.1859e-15,  1.4762e-13,  3.7369e-15,  ...,  1.5432e-14,
         -5.6086e-16, -1.2250e-15],
        ...,
        [-1.1682e-08,  1.9941e-08, -4.9732e-09,  ..., -5.3270e-09,
         -4.9256e-09,  1.3170e-08],
        [ 8.3538e-04,  2.1354e-02,  2.9543e-04,  ...,  1.2281e-02,
          1.5519e-04, -6.3387e-05],
        [-5.7694e-07, -3.7735e-06,  1.7416e-09,  ..., -1.1814e-06,
         -2.7138e-09, -7.1091e-08]])), ('fc1.bias', tensor([-9.4223e-17,  5.0329e-10, -2.1477e-15, -5.8429e-15, -2.2164e-04,
        -7.7872e-04,  9.6208e-03,  2.6827e-13, -1.1593e-06, -6.5171e-10,
         2.3105e-12,  4.5152e-07, -2.8282e-07, -9.9830e-05,  1.4483e-02,
        -6.4074e-08, -1.9754e-10, -2.6571e-04,  3.9236e-09,  1.2613e-03,
        -1.0925e-03, -6.7170e-07, -4.2531e-03, -3.9790e-05, -5.1447e-12,
        -2.6022e-04,  6.7252e-08, -7.2615e-17, -1.6271e-05,  2.5632e-09,
         2.1228e-14, -6.9711e-16, -3.6364e-16, -6.5056e-18, -1.2670e-02,
        -1.7487e-05, -4.9455e-06, -3.9388e-10, -4.6065e-17, -1.8656e-17,
         5.1192e-15,  3.1351e-15, -2.9775e-09, -1.3734e-07, -1.3516e-23,
        -4.7076e-11, -1.5642e-08, -4.5677e-08, -4.3522e-13, -1.7985e-12,
         7.1223e-08, -4.3120e-09, -2.5042e-10,  1.6774e-02, -4.5945e-06,
         8.8640e-11,  2.3720e-25, -5.3543e-06,  7.1851e-05,  7.2136e-10,
        -2.8263e-07,  6.7661e-12, -2.5352e-04, -4.3668e-05,  1.6137e-02,
         1.0996e-06,  1.4536e-13, -3.2451e-11, -1.2978e-14,  5.2367e-04,
        -3.7653e-11, -1.5265e-11, -5.3011e-04,  7.4298e-03, -1.5596e-01,
        -2.1303e-06,  1.3082e-15, -6.1595e-03,  2.0533e-21, -1.8888e-11,
        -9.9363e-12, -1.5773e-16, -1.8745e-06, -2.6503e-02, -4.8879e-04,
        -3.4196e-02, -1.4730e-18, -2.3047e-04,  4.9506e-14, -6.8999e-10,
        -3.1366e-09, -1.7849e-03, -1.2560e-12, -8.5241e-06, -3.0584e-03,
         2.8782e-02,  8.5524e-11, -2.2556e-03,  4.1922e-03, -3.6216e-18,
         1.9838e-14, -3.7511e-11, -1.0078e-03, -7.4200e-13, -1.9146e-07,
         1.6926e-02,  6.0073e-02, -4.0837e-09, -9.3263e-04, -2.1545e-09,
        -3.0082e-07, -7.2355e-08, -6.1731e-12, -2.0560e-09, -6.2059e-04,
        -2.6394e-04,  1.0975e-18,  2.6670e-08,  6.0999e-25,  5.7568e-02,
         5.7727e-03, -2.7882e-11, -2.0023e-12, -6.0044e-15, -2.1804e-09,
        -5.5288e-09, -2.0585e-04, -3.4664e-09])), ('fc2.weight', tensor([[ 2.3074e-19,  1.4786e-11,  1.4750e-16,  ...,  2.1166e-09,
          8.0769e-06,  7.2361e-09],
        [-7.6319e-20, -2.2657e-10,  1.1559e-16,  ..., -1.7285e-09,
         -9.3117e-03,  4.4563e-09],
        [ 3.2537e-19,  5.4039e-11,  3.2734e-16,  ...,  9.0816e-10,
         -3.4266e-06, -1.3143e-08],
        ...,
        [ 2.4225e-17, -2.3678e-09,  3.2699e-14,  ...,  2.7039e-08,
         -3.4906e-04, -2.4331e-07],
        [-1.9852e-18,  2.9566e-11,  3.9562e-17,  ..., -2.2335e-08,
         -7.3495e-06, -2.2354e-09],
        [ 2.7336e-19, -5.6379e-10,  4.9605e-16,  ..., -8.1067e-09,
          6.3213e-06,  8.2695e-09]])), ('fc2.bias', tensor([ 3.5965e-03, -4.9783e-05,  4.1548e-04,  2.8343e-04, -2.1406e-10,
         9.2778e-03,  1.6177e-02,  3.1109e-08, -1.9454e-06,  9.0016e-03,
        -4.7178e-08, -1.0952e-03, -3.0170e-10, -7.7587e-06, -1.9130e-04,
        -9.0168e-02, -1.4746e-05, -1.1465e-02, -5.3357e-06, -8.5554e-02,
        -6.7588e-02, -1.0962e-02, -1.6515e-12,  1.1570e-03, -4.8802e-04,
        -6.2539e-06, -1.4621e-03, -6.7417e-07, -1.0133e-02, -1.9952e-04,
        -3.4509e-06, -3.3873e-05, -7.3692e-04,  3.6942e-03, -7.4845e-06,
        -1.3470e-02, -1.1489e-05, -3.3349e-04, -4.6079e-02,  8.4039e-02,
        -2.5999e-07, -3.5718e-03, -1.6716e-05, -2.3553e-05, -7.4287e-03,
        -1.2849e-02, -5.0782e-02,  4.3552e-02,  4.9146e-02, -1.7242e-02,
        -4.4030e-03,  3.1276e-03, -1.8440e-05, -2.0934e-03, -7.5260e-06,
        -1.1866e-03,  9.1264e-04, -9.3516e-04,  8.1366e-02, -1.4313e-03,
        -1.0967e-02,  7.1744e-02, -3.2887e-04, -5.2899e-02])), ('fc3.weight', tensor([[ 1.6592e-03,  6.2922e-02, -1.2909e-04, -1.3895e-03,  7.9611e-03,
          4.9431e-04,  2.3471e-03, -1.6511e-03,  2.5334e-02,  1.6696e-03,
         -5.3924e-03, -3.6873e-03,  1.4679e-03, -2.9948e-02,  2.4502e-04,
         -9.3852e-02,  8.9822e-03,  1.6542e-03, -3.7963e-03,  8.2601e-02,
          3.2490e-02, -7.6057e-03,  3.6017e-05, -6.7729e-03,  7.2980e-02,
         -3.1971e-02, -9.9404e-04, -1.7811e-02,  1.0973e-03,  5.2637e-02,
          1.5255e-04,  6.8874e-02, -3.8271e-02,  1.0876e-03,  4.7436e-03,
          7.0545e-02,  1.1677e-02, -2.3058e-03,  2.8142e-02, -6.1574e-03,
          6.7889e-03, -5.0427e-04,  8.5485e-02,  1.0580e-03, -5.1783e-03,
          4.0315e-02, -1.5641e-02, -1.7001e-02,  4.3230e-03, -3.8969e-03,
          4.7073e-02,  7.3688e-04,  4.4802e-03, -2.2576e-02,  2.4932e-02,
          2.8978e-02, -8.4305e-04, -1.5557e-02,  9.1525e-02,  2.4308e-02,
          6.6425e-02,  9.1039e-03, -1.9959e-02,  1.5988e-01]]))])
end of epoch 2: val_loss 1.0808720831666112, val_acc 0.795
trigger times: 1
end of epoch 3: val_loss 1.7592895046698107, val_acc 0.83
trigger times: 2
end of epoch 4: val_loss 0.7418681304228133, val_acc 0.805
trigger times: 3
end of epoch 5: val_loss 0.3591525620217135, val_acc 0.825
trigger times: 0
saving model weights...
Weights: OrderedDict([('fc1.weight', tensor([[-1.1890e-08, -2.9132e-08, -8.3878e-09,  ..., -2.1292e-08,
         -3.2336e-09, -2.1295e-08],
        [ 1.6731e-10,  1.8315e-09,  6.3508e-11,  ...,  3.1870e-10,
          4.3600e-11, -3.2082e-10],
        [-1.1003e-02, -4.5525e-02, -2.9917e-03,  ..., -1.0110e-02,
         -1.8301e-02, -2.1855e-02],
        ...,
        [-5.0013e-16,  1.5242e-15,  1.0015e-16,  ..., -4.3426e-16,
         -5.6297e-16,  4.9537e-16],
        [ 2.4924e-05, -3.3410e-03, -2.4057e-07,  ..., -1.5875e-03,
          3.7573e-06, -1.0208e-03],
        [-4.4770e-13, -2.7057e-12, -2.2996e-13,  ..., -8.5006e-13,
         -7.4882e-14,  2.6257e-12]])), ('fc1.bias', tensor([-1.9333e-09,  1.5903e-11, -1.9909e-02, -4.6292e-02, -3.9296e-07,
        -1.6016e-08, -4.7376e-05, -7.7118e-14, -3.0588e-08, -6.9590e-05,
        -4.8306e-06, -1.0722e-05, -2.8976e-04,  3.9644e-12,  3.8515e-05,
         1.8450e-01,  7.1538e-15,  5.3857e-07,  1.3788e-02,  2.0607e-12,
        -2.0136e-03,  1.6281e-11,  6.4189e-03,  8.1966e-05, -8.1142e-03,
        -3.8297e-07, -1.4524e-15, -1.0441e-02,  4.3988e-07, -7.0483e-16,
         5.3657e-06, -2.7778e-05, -5.5712e-08, -4.1312e-05, -3.1619e-04,
         1.6968e-07,  9.3482e-04, -1.3596e-03, -3.3161e-06, -1.3635e-03,
         6.2961e-12, -2.8541e-07,  1.3941e-04, -1.2510e-05, -7.6077e-02,
         4.6405e-09, -1.6163e-04, -8.9240e-08, -1.3740e-01, -1.2384e-06,
        -1.8258e-04,  1.4415e-10, -4.1585e-02, -6.3497e-02, -2.2142e-03,
         1.5737e-12,  1.4262e-06, -3.6192e-03,  5.9813e-10, -2.5458e-10,
        -2.3702e-07, -7.0374e-02, -5.0108e-02, -2.8864e-04, -1.2926e-04,
        -2.1445e-02, -7.2065e-06,  2.9887e-14,  5.4660e-07,  8.7850e-02,
         5.2341e-09, -2.2508e-04, -7.0026e-02,  9.3859e-02, -5.5050e-02,
         2.1125e-01, -1.3006e-03, -1.2416e-01, -1.1453e-01,  2.4725e-12,
        -4.1172e-02,  1.4494e-14, -4.1153e-06,  2.8897e-12, -6.3498e-09,
        -3.0791e-13, -2.9901e-05, -1.2218e-07, -8.6741e-11, -4.6077e-07,
        -3.2927e-02, -6.7683e-06, -8.8311e-14,  1.5460e-04, -3.7951e-09,
         1.8748e-20,  1.9367e-07, -4.3413e-02, -5.3978e-05, -2.9516e-04,
        -2.0222e-05, -8.5438e-18,  3.4212e-10, -2.1240e-04,  4.4843e-08,
        -4.0114e-04,  1.8033e-01, -2.9638e-28,  3.0254e-09, -2.3719e-05,
        -1.0150e-05,  4.4361e-11,  2.5245e-15,  1.0507e-10, -1.0500e-05,
        -2.2818e-05, -3.7173e-03, -1.9709e-08,  1.8737e-09, -6.6238e-06,
        -5.6140e-07, -7.8708e-07, -6.1398e-07,  4.1806e-16, -3.2658e-06,
        -3.1815e-16, -4.2957e-09,  1.3114e-14])), ('fc2.weight', tensor([[-8.4122e-11,  1.4779e-11, -3.6477e-04,  ...,  1.9335e-18,
          1.1392e-05,  3.0882e-12],
        [-3.5917e-12,  6.9003e-13,  1.0803e-04,  ...,  4.2296e-19,
          1.4047e-06,  8.0068e-15],
        [ 3.2214e-11,  4.7916e-13, -1.9087e-04,  ..., -2.3763e-16,
         -5.9518e-06, -2.2236e-13],
        ...,
        [ 2.1350e-12, -5.2768e-14, -3.2389e-05,  ...,  7.3435e-18,
          2.5910e-06,  3.4226e-08],
        [-1.1350e-10, -6.8317e-12, -2.4745e-04,  ...,  1.1727e-16,
         -7.2036e-06, -6.5313e-14],
        [ 1.0701e-11, -8.1119e-13,  2.7610e-04,  ..., -1.9059e-17,
          1.3030e-05,  2.1418e-13]])), ('fc2.bias', tensor([-9.3604e-02,  4.2861e-05, -1.6632e-02,  2.1714e-02, -1.7646e-02,
        -1.4601e-02, -8.7839e-05, -4.4205e-03,  2.3702e-02, -5.8507e-02,
         3.4370e-02, -7.3799e-02,  3.4511e-02, -6.6780e-02,  7.3993e-02,
         3.6851e-03, -4.5683e-03, -1.9918e-03,  4.9514e-02, -6.6899e-04,
         2.5334e-02,  6.8433e-03, -2.0563e-02, -5.5511e-02,  1.9417e-02,
         1.3761e-02, -2.2487e-01, -1.8978e-02, -2.5793e-03, -4.0475e-02,
        -1.7803e-03, -1.7425e-01,  1.7238e-02, -1.2781e-02, -5.2384e-03,
        -2.1304e-01,  2.2419e-02, -1.4041e-02,  7.6531e-04,  6.5732e-04,
        -1.4942e-02, -1.1122e-03,  1.2790e-01, -2.2781e-02, -7.6801e-03,
        -2.0328e-03, -1.7256e-02, -6.9594e-02, -3.1333e-04, -3.8575e-02,
        -3.5299e-03,  4.1248e-05,  4.4162e-03,  9.7493e-06, -1.0609e-01,
        -2.5226e-03, -1.0398e-01, -5.8523e-04, -5.5727e-02, -1.0397e-01,
         4.3769e-04, -6.8992e-08, -2.4123e-02, -2.5655e-02])), ('fc3.weight', tensor([[ 1.7714e-02,  7.5828e-03,  6.5559e-03,  3.9054e-02,  1.5277e-02,
          2.5894e-02,  1.5266e-03,  3.0590e-02, -1.2529e-01, -9.5854e-02,
          1.4882e-02, -2.8368e-02,  5.8575e-02, -5.5965e-02,  1.8261e-03,
          3.1051e-02,  3.3945e-02,  2.4465e-02,  5.2074e-03,  5.2390e-02,
         -1.0082e-04, -4.3644e-02, -1.1919e-02, -3.5906e-02, -7.4899e-02,
         -7.6826e-02, -2.6306e-01, -5.8958e-02,  2.4798e-03, -2.5784e-02,
         -2.8561e-03, -8.5598e-02,  1.1087e-01,  3.3112e-02, -3.6442e-02,
         -1.2138e-01,  2.1535e-02, -1.3888e-02,  6.5810e-02, -1.2693e-01,
         -1.9072e-03,  5.7300e-03,  1.5061e-03, -6.2759e-02,  4.8617e-03,
         -4.3425e-03,  2.3664e-02, -3.0989e-02, -1.0740e-01,  9.4350e-02,
          5.7358e-04,  2.1217e-02,  3.3363e-03,  2.0659e-03,  8.7514e-02,
         -1.3698e-02,  7.3496e-02,  7.9668e-02,  2.6608e-02,  1.7006e-01,
         -1.6343e-01, -5.0637e-03, -8.0017e-02, -6.4052e-02]]))])
end of epoch 6: val_loss 0.4179143805752665, val_acc 0.78
trigger times: 1
end of epoch 7: val_loss 0.40284146974101276, val_acc 0.825
trigger times: 2
end of epoch 8: val_loss 0.5451306808424843, val_acc 0.755
trigger times: 3
end of epoch 9: val_loss 0.35203276319720317, val_acc 0.835
trigger times: 0
saving model weights...
Weights: OrderedDict([('fc1.weight', tensor([[ 6.4843e-09, -1.5830e-09,  2.1414e-09,  ...,  1.8122e-08,
          1.4878e-09, -3.3312e-08],
        [-8.2441e-06,  8.6660e-06,  3.2235e-07,  ...,  5.9423e-06,
         -1.0207e-05, -1.1664e-05],
        [-1.2010e-03, -5.3495e-03, -4.1037e-05,  ...,  1.1128e-02,
         -2.8969e-03, -9.3793e-04],
        ...,
        [ 1.2726e-16, -1.0390e-15, -7.2207e-18,  ..., -5.8122e-16,
         -8.7107e-17,  4.3853e-17],
        [ 9.8508e-13,  1.9474e-12, -2.2337e-13,  ..., -3.9848e-13,
          3.0090e-13,  5.6507e-13],
        [ 2.4430e-09,  1.4107e-08,  4.1883e-11,  ..., -1.2366e-09,
         -1.5887e-10, -2.1380e-09]])), ('fc1.bias', tensor([ 3.6477e-09, -7.8081e-06, -2.5295e-03, -2.3970e-10,  2.8679e-09,
         2.9015e-12, -3.9473e-04,  1.2419e-09, -1.0065e-06,  6.5416e-08,
         6.3287e-06,  1.5288e-06,  3.5649e-09, -5.2407e-06, -2.0535e-06,
        -3.5317e-08, -1.3404e-04, -3.0330e-04, -3.6128e-05,  1.2119e-08,
        -8.6134e-09,  2.0335e-20, -1.5438e-07,  1.6750e-18, -2.2510e-06,
        -3.3822e-18, -8.1140e-15, -9.9152e-05,  1.3555e-03, -6.0232e-07,
         3.1023e-02, -5.6028e-09, -3.7801e-19,  3.3402e-15, -9.0491e-12,
         2.7114e-07, -4.9785e-05, -1.2106e-01,  3.8199e-08,  1.4652e-08,
        -6.4391e-12, -1.1717e-07, -8.6033e-24, -1.2885e-17, -6.8173e-04,
        -9.1938e-03, -8.4489e-07, -1.1066e-05, -2.5842e-19,  1.3065e-10,
        -3.3141e-02, -4.1760e-04, -3.7843e-18, -2.6747e-05,  6.0813e-09,
         1.2718e-04,  4.4959e-07, -5.2868e-06, -3.0794e-05, -4.1979e-03,
         5.9575e-12, -1.7991e-03, -6.3703e-04, -2.3112e-09, -3.7568e-10,
         8.3348e-03,  8.3250e-09, -7.2856e-04,  4.2422e-05, -4.0173e-07,
        -4.0677e-04,  2.8760e-02,  2.0678e-02, -3.2034e-02, -2.5121e-07,
        -1.1074e-05, -8.1102e-04, -1.0896e-06, -4.7127e-06,  4.5605e-11,
         1.5159e-05,  6.9216e-16,  7.2078e-04, -6.8984e-20, -7.2716e-05,
         2.0928e-07, -2.5831e-05,  9.4522e-03, -3.9840e-04,  3.9134e-04,
         6.1564e-07, -2.3701e-02, -3.4671e-08, -6.3325e-08, -3.4961e-04,
        -9.6004e-09, -1.0138e-04,  1.7269e-13, -2.0792e-09,  2.0320e-06,
        -5.8022e-05, -3.7839e-16, -6.5393e-04, -1.7553e-07, -8.3094e-04,
        -2.8048e-09,  6.2195e-02, -5.6549e-05, -7.4579e-18, -2.2412e-09,
         2.0132e-02, -2.4076e-21,  3.2933e-02, -1.6635e-05, -1.3497e-12,
        -1.9499e-04, -1.5623e-04, -1.5665e-03,  1.2660e-08,  2.7348e-16,
        -1.5135e-10, -2.0924e-02, -4.5894e-04, -7.6321e-05, -5.6006e-05,
        -6.0229e-17,  8.7620e-13,  5.0815e-10])), ('fc2.weight', tensor([[-3.2839e-10,  4.4286e-08,  1.5698e-06,  ...,  2.2746e-19,
         -2.5196e-13,  6.9948e-09],
        [ 4.3521e-11,  2.8698e-09,  1.2931e-05,  ...,  3.8132e-19,
          2.1453e-14,  2.2986e-09],
        [ 1.2305e-09, -7.2895e-05,  1.1215e-06,  ...,  1.3960e-17,
         -7.8723e-13,  4.0577e-09],
        ...,
        [-9.1552e-11,  7.3790e-10,  1.5176e-06,  ..., -2.6272e-18,
          1.9526e-13, -4.6164e-10],
        [ 2.7097e-11, -3.6794e-08,  3.2064e-06,  ..., -3.1468e-17,
          3.5487e-13, -2.5682e-09],
        [ 2.8097e-10,  2.1086e-07,  1.7518e-05,  ..., -2.0554e-17,
          1.3580e-13,  2.1878e-10]])), ('fc2.bias', tensor([-7.3193e-03, -4.1664e-02, -5.2382e-02, -2.2178e-03, -2.8251e-02,
        -2.4390e-04,  2.8809e-02, -1.0942e-03, -9.7592e-04, -1.9528e-03,
         2.5938e-06, -6.4467e-02, -6.5853e-02, -8.4940e-03, -5.1442e-03,
        -3.8712e-02, -1.2390e-02, -2.9615e-02, -9.0770e-02, -1.6683e-03,
        -7.3661e-02, -1.0303e-02, -4.3557e-02, -3.7921e-02,  4.2704e-03,
         2.8637e-03,  6.4285e-04, -8.4112e-03, -1.4443e-03,  1.1374e-01,
         1.8670e-02, -1.8146e-02, -5.9153e-04, -1.6707e-03, -1.2812e-02,
        -1.2483e-03, -5.2055e-03, -3.3739e-03, -1.6607e-03, -3.4834e-04,
        -4.6126e-02, -2.4251e-03, -1.2662e-01, -3.6234e-03, -1.5837e-01,
        -8.3279e-03, -3.0080e-02, -4.7056e-03,  1.7531e-04,  4.9890e-02,
        -3.6394e-03, -6.2346e-03, -3.9742e-02, -6.9912e-03, -9.4161e-03,
        -5.5166e-04, -3.1899e-02, -1.1306e-02, -9.8922e-04, -2.6220e-04,
        -3.6771e-03, -2.3179e-03, -7.8975e-03, -5.4107e-02])), ('fc3.weight', tensor([[ 0.0358,  0.0027,  0.1352, -0.0043, -0.0242, -0.0358,  0.0081,  0.0083,
         -0.0013, -0.0148,  0.0066, -0.0548,  0.0734, -0.0232, -0.0394, -0.0337,
          0.0015, -0.0888,  0.0460, -0.0113,  0.0722,  0.0377,  0.0722, -0.0164,
         -0.0015, -0.0327,  0.0194,  0.0128,  0.0113,  0.0106,  0.0005,  0.0765,
          0.0021,  0.0053,  0.0044, -0.0044, -0.0006, -0.0036, -0.0209, -0.0142,
          0.0102,  0.0008,  0.1911,  0.0066,  0.0740, -0.0164, -0.0086,  0.0087,
          0.0004, -0.0030, -0.0180,  0.0297, -0.0293,  0.0166, -0.0276, -0.0010,
         -0.0084, -0.0098, -0.0038,  0.0004, -0.0052, -0.0014, -0.0362,  0.0314]]))])
end of epoch 10: val_loss 0.5571365679829658, val_acc 0.85
trigger times: 1
end of epoch 11: val_loss 0.923974241929108, val_acc 0.62
trigger times: 2
end of epoch 12: val_loss 0.5727331865485757, val_acc 0.65
trigger times: 3
end of epoch 13: val_loss 0.3513481421088687, val_acc 0.835
trigger times: 0
saving model weights...
Weights: OrderedDict([('fc1.weight', tensor([[-3.2823e-01, -1.4162e-01, -1.9373e-01,  ...,  1.1473e-01,
         -3.1958e-02, -1.8243e-01],
        [-2.7829e-04,  2.4257e-05, -6.7518e-08,  ...,  4.2822e-06,
         -8.8099e-05,  1.6375e-06],
        [-2.3523e-03,  1.1300e-04,  3.0462e-06,  ..., -7.3812e-06,
         -4.5759e-03,  6.4520e-06],
        ...,
        [ 2.8621e-14,  1.1988e-11, -7.0690e-14,  ..., -2.9978e-12,
         -4.8367e-14, -5.8967e-11],
        [-1.0656e-02, -5.0887e-02, -2.1113e-03,  ...,  1.2630e-01,
         -1.4599e-02,  9.3658e-02],
        [-1.4782e-03,  5.5579e-02, -8.1080e-04,  ...,  3.3594e-02,
         -3.6514e-03, -4.6220e-03]])), ('fc1.bias', tensor([ 3.1313e-01, -2.6237e-04, -6.5099e-03, -9.3175e-03,  1.0539e-07,
        -6.4352e-06,  1.0839e-01,  9.2845e-02, -3.0645e-11,  7.0776e-02,
        -1.7387e-05, -1.0134e-07, -8.3498e-14, -1.0128e-06, -6.1254e-05,
         1.9065e-02, -2.3979e-02, -8.5494e-03, -7.5211e-03, -6.7593e-06,
        -3.9307e-10,  2.4134e-06, -1.4517e-05,  3.0571e-11, -7.3597e-07,
        -4.4567e-05, -4.4834e-09, -1.2400e-09, -1.2550e-03, -1.8097e-09,
        -2.8745e-01,  2.5232e-12, -1.0963e-07,  1.4254e-07,  6.7313e-11,
        -2.4865e-13, -1.0947e-04,  2.6945e-06, -2.1923e-06,  1.0820e-01,
        -3.8415e-06, -5.7595e-14,  1.2078e-09, -1.8842e-02, -3.7530e-02,
        -1.3010e-01,  1.1874e-01, -2.3627e-03, -5.3468e-02,  7.2643e-07,
        -7.6810e-07,  1.1965e-01, -2.7067e-07, -5.1742e-10,  1.6144e-01,
         9.4070e-14, -6.6927e-15, -2.2940e-04, -1.9604e-11, -2.0370e-11,
        -7.2139e-04, -1.2596e-06, -7.2611e-04, -7.1704e-18, -2.9269e-03,
         7.9027e-02, -7.1250e-05, -1.5404e-01,  2.7994e-15, -8.3097e-10,
        -3.5687e-04, -4.4064e-03, -1.7309e-03, -2.1685e-07, -8.5492e-07,
         2.4319e-20, -1.1381e-07, -1.0424e-01,  7.1338e-13, -8.1621e-08,
         1.8876e-02, -1.5232e-14, -1.2470e-02, -3.3711e-02, -1.7366e-01,
         3.5556e-10, -1.1797e-09,  1.7103e-01, -1.2770e-04, -1.0690e-03,
        -1.0951e-01, -1.1886e-09,  1.5671e-07,  9.5683e-10, -3.4944e-02,
        -8.4031e-08, -2.3154e-02,  1.3989e-09, -1.8630e-05, -2.4522e-10,
        -4.1046e-13, -4.1686e-05, -7.8807e-02,  8.3642e-07, -3.7518e-02,
         3.5328e-11, -6.0389e-02, -2.2871e-03, -8.3780e-12, -1.9687e-07,
        -3.1822e-04, -2.9369e-07, -1.7720e-01, -1.8042e-03, -1.1164e-04,
        -2.9325e-11, -2.5332e-08, -2.5342e-13,  1.5393e-09, -1.9868e-03,
         1.9914e-01, -1.4124e-05, -2.5185e-10,  7.5651e-09, -4.6499e-03,
         3.1879e-15, -2.0834e-02, -3.8619e-03])), ('fc2.weight', tensor([[ 2.8850e-03, -3.3463e-09, -2.0770e-06,  ..., -1.0737e-14,
          1.0641e-03, -1.1899e-06],
        [-1.0581e-02, -4.6238e-10, -2.7669e-08,  ..., -1.7548e-16,
          1.6879e-06, -3.3141e-06],
        [ 4.9187e-02,  1.8774e-06, -1.1026e-05,  ..., -4.4979e-14,
          1.8390e-04, -4.9403e-04],
        ...,
        [-1.3154e-02,  1.8391e-07,  3.1349e-05,  ...,  9.5069e-13,
         -8.6869e-03,  2.1075e-04],
        [ 2.6053e-03,  2.4616e-07,  1.0530e-06,  ..., -1.9229e-15,
         -1.2446e-03, -1.9033e-04],
        [-1.8402e-01, -3.3571e-07,  2.6653e-05,  ...,  2.2291e-15,
         -1.3458e-02,  2.4387e-04]])), ('fc2.bias', tensor([-1.8793e-04, -2.9245e-03,  5.6086e-03, -1.1411e-01, -1.2924e-02,
        -7.8292e-03,  1.6719e-01, -3.1371e-03, -2.5302e-02, -9.1529e-02,
        -2.6427e-02, -7.7266e-02, -6.7755e-02, -7.3652e-02,  1.0050e-01,
        -3.4641e-02, -1.4062e-02,  2.0169e-02, -3.1532e-03,  6.3325e-03,
         7.9663e-03, -2.9351e-02, -1.2443e-01,  5.7651e-02, -2.7032e-03,
        -2.0213e-02,  3.5727e-03, -4.3595e-02, -1.5712e-02, -2.2315e-01,
        -1.8025e-01,  2.1482e-01, -5.3027e-03, -4.8819e-03,  1.0734e-02,
        -3.4729e-02, -1.3279e-01, -2.2688e-02, -7.5340e-03, -4.3989e-05,
        -2.0846e-04, -5.9377e-03,  4.3739e-03, -2.2049e-02,  6.1386e-03,
        -7.1414e-03,  4.8942e-02, -3.2450e-02,  1.1308e-01, -5.2853e-03,
        -1.1238e-02, -8.5505e-03,  7.9208e-02, -2.5511e-02, -2.7940e-02,
        -3.2631e-02, -1.0731e-02, -1.6245e-02, -9.1588e-03, -3.9974e-03,
        -3.8383e-04,  2.4289e-03, -3.7501e-03, -1.6865e-01])), ('fc3.weight', tensor([[ 0.0009,  0.0004,  0.0620, -0.0303, -0.0172,  0.0010, -0.0775, -0.0041,
         -0.1277,  0.0318, -0.0945,  0.0215,  0.0139, -0.1026,  0.0100,  0.0690,
          0.0152, -0.0036,  0.0516, -0.0164, -0.0015, -0.0196,  0.0368, -0.0049,
         -0.0265,  0.0600, -0.0318,  0.0554,  0.0445, -0.0358,  0.0669, -0.0004,
         -0.0103,  0.0437,  0.0289,  0.0431, -0.1658,  0.0669, -0.0156,  0.0130,
          0.0088, -0.0446,  0.0077, -0.0044, -0.0059, -0.1242, -0.0006, -0.0261,
          0.0005, -0.0852, -0.0169,  0.0575, -0.0193, -0.2800, -0.0621,  0.0165,
         -0.0431,  0.1290,  0.0216, -0.0204, -0.0152, -0.2470, -0.0235, -0.1591]]))])
end of epoch 14: val_loss 0.6657685226501852, val_acc 0.79
trigger times: 1
end of epoch 15: val_loss 0.3617070501842383, val_acc 0.835
trigger times: 2
end of epoch 16: val_loss 5.271400533847683, val_acc 0.775
trigger times: 3
end of epoch 17: val_loss 0.40634694764718515, val_acc 0.825
trigger times: 4
end of epoch 18: val_loss 0.6314646882517263, val_acc 0.635
trigger times: 5
end of epoch 19: val_loss 7.4208088254585505, val_acc 0.765
trigger times: 6
end of epoch 20: val_loss 1.0552028609732382, val_acc 0.78
trigger times: 7
end of epoch 21: val_loss 0.46612904500548763, val_acc 0.815
trigger times: 8
end of epoch 22: val_loss 1.0162327782617675, val_acc 0.76
trigger times: 9
end of epoch 23: val_loss 0.5123787883652731, val_acc 0.84
trigger times: 10
Early stopping.
0 19.91841922327876 -238.56539389647227
1 21.139843605458736 -226.82452825484978
2 15.101223781704903 -226.2241731451399
3 21.934579126536846 -208.89755486387574
4 19.70597194880247 -196.9840755292238
5 27.822254173457623 -194.4017457710484
6 17.5356324352324 -193.75394353311003
7 24.254124455153942 -173.38768743356906
8 18.25864250957966 -172.73844575529262
9 24.419065468013287 -172.5849598191294
10 27.7430452182889 -148.80630048130243
11 21.896802715957165 -146.54022994848935
12 24.987396478652954 -144.9163601843784
13 21.90191823244095 -144.5098799638122
14 26.63823576271534 -129.52710350510273
15 26.74818927049637 -119.6789138826375
16 26.198659740388393 -119.53338183357056
17 23.788769491016865 -115.00841352193844
18 27.749638751149178 -113.49466461352053
19 36.78432711958885 -107.45837168117659
20 30.12705634534359 -105.49937100040788
21 29.618436202406883 -101.9104943327425
22 30.49692254513502 -101.66294130080523
23 30.315875701606274 -98.89606860541423
24 30.741936340928078 -95.1909937931514
25 29.239914134144783 -93.31854913617367
26 31.861664578318596 -85.41926577166943
27 31.083816900849342 -83.18012153468804
28 32.15363885462284 -79.47665068598401
29 27.85787671804428 -77.34308621853297
30 33.49398508667946 -60.56041622227008
31 38.51618133485317 -58.68833689293549
32 34.99448077380657 -22.79021187897909
33 34.89599983394146 -19.65788926803626
34 32.06921260803938 -16.74518768263467
35 34.4853762537241 -13.719402302108403
36 35.20039488375187 4.235189873860978
37 31.598633348941803 5.0952806210809465
38 36.0911458581686 10.178796790507759
39 32.42105422914028 13.541055788508864
40 31.210765600204468 14.989710929193077
41 38.99571293592453 21.802029683432238
42 34.93091690540314 31.12027905920427
43 39.84741244465113 40.64550156746333
44 34.30618191510439 40.69898986216935
45 37.00778439640999 50.09032867204584
46 32.94337996840477 57.290535515424786
47 35.782411605119705 60.51441689036072
48 34.66834515333176 62.587858111632386
49 31.620728962123394 63.47489586756552
50 34.362736240029335 65.395531990224
51 36.6928251683712 68.71330703108626
52 36.07326479256153 69.48459209048262
53 43.66525810956955 72.16624272108386
54 32.952261462807655 74.2233202149037
55 35.35385636985302 79.16074531670823
56 37.16221687197685 80.25553156558418
57 34.068963423371315 87.50520028403979
58 34.167297050356865 90.28646231697512
59 36.8964015096426 90.72533900600311
60 34.35385946929455 91.52552635781885
61 36.169722214341164 91.95773979158345
62 35.50330168008804 92.99221310223136
63 31.30929084867239 94.14052712880752
64 33.32100713998079 94.28590507273401
65 35.42144790291786 95.24073532592021
66 35.74779054522514 96.09581961281374
67 40.06429062783718 96.50341248035636
68 33.76754033565521 97.45820290396632
69 38.16488768160343 97.90553231413178
70 33.76506328582764 98.27346635731779
71 37.8551921248436 98.35872828331676
72 35.408216431736946 98.9255090371917
73 34.430107831954956 99.09003071828721
74 35.480139404535294 99.89253842063019
75 35.610294222831726 100.07765055593329
76 38.41822159290314 101.35869827851857
77 33.17932020127773 103.56921378052652
78 37.75034521520138 103.74194540937737
79 37.14684447646141 104.00039883786899
80 36.83755171298981 104.36031383612816
81 36.52657723426819 104.79584301893571
82 35.61373870074749 105.40349710769756
83 39.34047608077526 105.60678192821229
84 35.02477124333382 106.26867976298877
85 35.51853942871094 106.37916921043517
86 39.184564501047134 106.67969423997131
87 36.72793862223625 106.81132709017433
88 37.92901283502579 107.05410485829283
89 36.667264357209206 107.44441498172971
90 36.55701698362827 107.68792314282867
91 39.21330174803734 107.72369032284489
92 37.01295818388462 108.58631070626225
93 36.006480395793915 108.79454915391223
94 37.17472702264786 109.15712102315346
95 36.22480933368206 109.71287331230647
96 39.73487164080143 110.48639228144049
97 36.76900978386402 111.4630258761226
98 36.30797982215881 112.59201367677376
99 36.118159264326096 113.4530990931055
100 39.189889311790466 114.85996346749971
101 38.62786151468754 115.04838323377467
102 39.55694858729839 115.5646624637931
103 36.331292152404785 115.77027450439896
104 37.82788309454918 116.29805012422126
105 34.46030801534653 116.38499266629886
106 36.735153034329414 116.4198907102986
107 35.24145297706127 117.08008835928221
108 39.10593116283417 117.29357601720739
109 38.5019094645977 118.29160885622866
110 42.36883634328842 119.01062500757773
111 33.012358129024506 120.85290512447664
112 39.62792846560478 120.8902150231427
113 38.345885545015335 121.40892075278066
114 39.94739177823067 122.30522808413322
115 43.44762718677521 129.13346806288703
116 41.27005049586296 129.67718524437547
117 41.28602896630764 129.79664443488912
118 37.619533240795135 130.61780866873775
119 46.31234239041805 131.40806576766226
train accuracy: 0.8094444444444444
validation accuracy: 0.84
test accuracy: 0.7925770308123249
