demo lengths 200
demos: (120, 200, 25)
demo_rewards: (120,)
[-238.5653939  -226.82452825 -226.22417315 -208.89755486 -196.98407553
 -194.40174577 -193.75394353 -173.38768743 -172.73844576 -172.58495982
 -148.80630048 -146.54022995 -144.91636018 -144.50987996 -129.52710351
 -119.67891388 -119.53338183 -115.00841352 -113.49466461 -107.45837168
 -105.499371   -101.91049433 -101.6629413   -98.89606861  -95.19099379
  -93.31854914  -85.41926577  -83.18012153  -79.47665069  -77.34308622
  -60.56041622  -58.68833689  -22.79021188  -19.65788927  -16.74518768
  -13.7194023     4.23518987    5.09528062   10.17879679   13.54105579
   14.98971093   21.80202968   31.12027906   40.64550157   40.69898986
   50.09032867   57.29053552   60.51441689   62.58785811   63.47489587
   65.39553199   68.71330703   69.48459209   72.16624272   74.22332021
   79.16074532   80.25553157   87.50520028   90.28646232   90.72533901
   91.52552636   91.95773979   92.9922131    94.14052713   94.28590507
   95.24073533   96.09581961   96.50341248   97.4582029    97.90553231
   98.27346636   98.35872828   98.92550904   99.09003072   99.89253842
  100.07765056  101.35869828  103.56921378  103.74194541  104.00039884
  104.36031384  104.79584302  105.40349711  105.60678193  106.26867976
  106.37916921  106.67969424  106.81132709  107.05410486  107.44441498
  107.68792314  107.72369032  108.58631071  108.79454915  109.15712102
  109.71287331  110.48639228  111.46302588  112.59201368  113.45309909
  114.85996347  115.04838323  115.56466246  115.7702745   116.29805012
  116.38499267  116.41989071  117.08008836  117.29357602  118.29160886
  119.01062501  120.85290512  120.89021502  121.40892075  122.30522808
  129.13346806  129.67718524  129.79664443  130.61780867  131.40806577]
maximum traj length 200
maximum traj length 200
num training_obs 1800
num training_labels 1800
num val_obs 200
num val_labels 200
num test_obs 7140
num test_labels 7140
device: cpu
end of epoch 0: val_loss 1.1297029162366017, val_acc 0.655
trigger times: 0
saving model weights...
Weights: OrderedDict([('fc1.weight', tensor([[ 1.7625e-11, -4.7347e-12,  7.7155e-12,  ..., -1.6988e-11,
          1.6931e-11, -2.3423e-11],
        [-3.9600e-06,  1.5253e-05, -2.7621e-06,  ...,  5.8891e-07,
         -7.0785e-06, -1.1745e-08],
        [-5.5330e-02,  1.4436e-02,  1.3026e-02,  ..., -1.2563e-02,
         -1.9556e-02,  3.6956e-02],
        ...,
        [ 1.2397e-15, -2.1375e-14, -6.4836e-16,  ..., -6.1469e-15,
          1.2872e-15, -1.0599e-15],
        [-5.5155e-09,  1.9382e-07, -1.7152e-08,  ...,  3.2099e-08,
         -1.9145e-09, -7.4694e-09],
        [ 1.7174e-06, -1.3051e-07, -1.5740e-06,  ..., -7.0991e-07,
         -8.7598e-07, -1.4964e-06]])), ('fc1.bias', tensor([ 1.7464e-11, -7.3477e-06, -4.3195e-02,  1.5343e-14, -8.2219e-05,
         1.2848e-08, -2.0681e-06,  4.2520e-02, -5.0120e-05, -4.6511e-04,
        -3.4109e-07, -3.8828e-08, -6.1697e-06,  3.8904e-09, -1.1216e-03,
         1.3364e-03,  1.8984e-12, -5.5001e-08,  1.8185e-02, -1.2387e-10,
        -1.1838e-04, -5.3019e-07,  2.2834e-06, -7.0470e-05,  1.9231e-06,
        -2.3279e-06, -1.8989e-02, -4.2889e-07, -4.8745e-07,  1.4036e-07,
        -1.7876e-07,  2.7041e-07, -8.1915e-05,  2.8169e-10, -6.2430e-10,
         3.6056e-04, -2.7896e-12, -2.1663e-10, -5.1707e-08, -7.8212e-08,
        -2.8717e-06,  4.5584e-08, -4.7208e-06, -2.9230e-02,  4.8315e-18,
        -4.8681e-09,  5.4526e-02, -2.4083e-06,  6.0668e-10, -3.5632e-03,
        -1.2848e-16, -9.1158e-07, -2.4013e-10,  1.0523e-02, -2.2247e-03,
        -3.1030e-07, -1.1940e-08, -1.1026e-04,  9.4105e-06, -9.5733e-10,
         3.1028e-08, -5.1442e-06,  1.0592e-09,  7.1484e-06, -1.0122e-07,
        -1.1099e-04, -5.7290e-03, -2.0924e-09, -4.9412e-09,  3.3543e-09,
         1.5772e-05,  1.1174e-06, -1.2142e-08, -8.2022e-06, -1.2498e-04,
        -3.1320e-02, -1.1452e-04, -1.9072e-04, -5.5805e-02, -3.1030e-02,
         2.6728e-01, -2.2590e-03, -5.5963e-07, -2.0411e-02, -4.6683e-06,
        -3.6288e-03, -3.9437e-11,  1.4752e-10,  5.1433e-07,  1.4998e-05,
         3.0136e-02,  1.8019e-09, -9.6472e-08, -5.0174e-12, -2.3431e-06,
         6.1021e-10, -2.6137e-03, -7.1372e-05, -5.5955e-07, -8.7233e-07,
        -1.4421e-07, -3.3715e-07, -2.7806e-07, -7.5335e-09, -2.1387e-10,
         2.9131e-09, -9.2284e-05,  1.4052e-05,  4.1095e-07, -6.1244e-03,
        -9.1053e-08, -1.2912e-06,  6.6887e-09, -4.4550e-11, -2.1538e-04,
         6.9123e-07, -1.1961e-09, -5.2132e-08, -9.1460e-05, -1.1770e-03,
        -4.7935e-10, -8.8496e-10, -1.4447e-05,  6.1100e-06, -4.2635e-04,
         1.1636e-15, -7.0266e-09, -5.9794e-07])), ('fc2.weight', tensor([[ 2.7432e-13,  8.5643e-09, -4.8414e-04,  ...,  1.1523e-17,
          6.8402e-09,  6.6649e-09],
        [ 9.3237e-13, -1.2500e-08, -1.2109e-04,  ...,  6.8694e-16,
          1.6496e-08, -3.2140e-05],
        [ 2.1228e-13,  6.9229e-09,  7.2628e-04,  ..., -1.0949e-16,
         -1.0995e-09,  1.8732e-09],
        ...,
        [ 2.7983e-12,  4.7708e-08, -1.7018e-02,  ...,  1.9813e-15,
         -8.1786e-08,  7.4111e-08],
        [ 2.6295e-13, -1.4245e-08, -1.5567e-04,  ...,  3.9068e-17,
          4.5710e-10, -4.9141e-06],
        [ 3.9029e-12,  3.5495e-08,  8.6903e-04,  ...,  6.6197e-15,
          9.6765e-09, -4.0023e-07]])), ('fc2.bias', tensor([-1.7646e-03, -7.5938e-04, -9.5952e-03, -1.4000e-03, -1.0737e-02,
        -3.7276e-03, -7.0546e-02,  6.3316e-02, -2.0953e-04, -3.1746e-04,
        -6.6059e-05, -4.4971e-03, -4.5273e-04, -2.5098e-02, -2.5109e-03,
        -1.0313e-02, -1.2275e-04,  5.5847e-02, -2.1590e-03, -8.6225e-03,
         1.4153e-03, -1.6766e-02, -6.9246e-03, -4.2707e-03, -7.7551e-03,
        -4.5622e-03, -1.5084e-02, -3.1914e-03, -7.9072e-04,  5.5263e-06,
        -7.8782e-02,  3.4269e-02, -7.8155e-04, -1.0005e-02,  3.8010e-04,
        -1.0123e-05, -1.3094e-02, -2.7214e-03, -5.1941e-02,  1.7240e-03,
        -9.5946e-05, -1.9228e-05, -6.4653e-02, -1.4985e-02, -1.8530e-04,
        -7.0577e-03, -6.6232e-03,  1.6007e-04, -1.0713e-03,  1.5600e-01,
        -8.4286e-04, -3.8790e-04,  7.5678e-02, -2.0919e-04, -1.7330e-02,
        -2.3651e-05, -5.8444e-02, -2.1483e-03, -7.9747e-05, -1.1004e-05,
        -5.8618e-05, -8.7406e-02, -3.4006e-03, -2.7127e-02])), ('fc3.weight', tensor([[ 3.3049e-03, -1.3941e-02,  1.6882e-02,  4.2888e-03, -3.8640e-04,
          2.7849e-03, -8.0644e-02, -4.5167e-02, -1.0903e-03,  4.6611e-03,
         -1.9490e-04, -4.0840e-02, -4.6150e-05, -6.6198e-02,  8.3808e-03,
         -1.2820e-01,  3.6688e-05, -6.9146e-02, -1.4901e-02,  8.4865e-04,
          8.0575e-03, -1.0584e-02, -9.7431e-03,  7.5717e-04, -1.5141e-02,
         -6.5985e-04, -2.1662e-03,  6.5298e-03, -3.9798e-03,  3.7992e-03,
         -1.5865e-02, -2.8538e-03, -8.0183e-03,  3.3193e-02, -2.1466e-03,
         -9.9209e-07,  2.3873e-04,  2.0800e-02,  2.0599e-04, -3.4093e-03,
         -1.9467e-04, -1.3100e-03,  3.6820e-02, -4.0270e-02, -3.4361e-04,
          8.8165e-03,  2.1967e-02,  6.5862e-04,  1.2810e-02,  9.6395e-02,
         -1.2074e-02, -2.2558e-02, -3.9601e-02, -3.0010e-04, -5.5608e-02,
          5.6224e-05, -8.2117e-02, -8.5847e-03, -4.3358e-03, -1.2734e-05,
         -2.7833e-03, -2.7000e-02,  2.4783e-03,  8.6884e-02]]))])
end of epoch 1: val_loss 0.7658488410711288, val_acc 0.57
trigger times: 0
saving model weights...
Weights: OrderedDict([('fc1.weight', tensor([[-1.9186e-02,  1.6515e-02, -1.4280e-03,  ...,  5.6550e-02,
         -1.7686e-02,  6.3948e-02],
        [-1.0909e-14,  8.5080e-16, -4.0579e-15,  ...,  1.2169e-15,
         -1.5032e-14, -1.7669e-14],
        [-5.2003e-02,  1.3168e-01, -1.8706e-02,  ..., -9.0004e-02,
         -2.0390e-01,  7.6676e-02],
        ...,
        [-6.7143e-09,  1.1650e-08,  3.0175e-11,  ...,  8.6418e-09,
         -7.4992e-09, -2.8454e-08],
        [-1.7913e-01, -1.1716e-01, -1.4347e-02,  ..., -9.1803e-03,
         -1.4933e-01,  1.1900e-01],
        [-1.6323e-01, -1.2487e-01,  3.6162e-03,  ..., -4.7474e-02,
         -1.2093e-01,  1.0788e-01]])), ('fc1.bias', tensor([-2.2843e-02, -1.5737e-14, -2.5076e-01, -1.8149e-02,  1.8655e-07,
        -1.0749e-02, -5.6276e-21, -6.4049e-06, -3.5808e-07, -7.4422e-15,
        -7.2676e-21, -4.6760e-08, -1.0970e-10, -4.0338e-17,  9.9152e-09,
        -5.9349e-06, -1.4455e-01,  4.7765e-09,  1.3453e-06, -4.0796e-03,
        -5.0629e-11, -1.1100e-05,  3.2387e-14, -2.0126e-02,  4.6803e-14,
        -2.0044e-01, -2.2622e-07, -1.9361e-03, -2.5752e-02, -1.0615e-10,
         3.9896e-14, -7.4291e-04,  1.2601e-14, -1.8476e-04,  1.1000e-04,
         2.4570e-06, -5.6864e-09,  2.0848e-24, -6.1293e-02, -2.4973e-03,
         1.3501e-04, -1.0977e-16, -9.4650e-13, -1.5390e-06, -3.8728e-02,
         1.0058e-19, -1.9215e-03, -8.6249e-15, -3.9262e-06, -1.5171e-08,
        -2.0948e-04, -1.0038e-01,  5.8845e-12, -4.0473e-04,  5.0664e-09,
         2.9631e-07, -1.9779e-01, -9.4320e-07,  8.7802e-09,  9.1105e-26,
        -8.4783e-20, -2.1097e-01, -6.7975e-03,  6.6346e-12, -2.2913e-16,
        -3.8059e-04, -7.8702e-03, -2.6383e-08, -3.8037e-21,  2.4110e-12,
         3.6367e-09, -4.7840e-05,  1.9453e-09,  2.9865e-10, -2.1456e-02,
         2.8814e-07,  3.1198e-11,  2.1561e-10, -1.4043e-04,  5.8034e-08,
        -4.2706e-02,  2.8116e-04,  1.5666e-01, -5.0736e-08, -2.1788e-02,
        -5.5532e-06, -5.9596e-07, -2.4545e-02, -6.6435e-07,  1.4223e-01,
        -8.8992e-06, -5.2392e-03,  2.9100e-01,  1.3424e-04, -4.2587e-10,
        -2.8438e-15, -3.1346e-07, -9.6126e-05, -2.2534e-03, -6.6827e-03,
         5.8905e-13,  3.4070e-14,  7.3257e-13, -9.7319e-02, -3.0787e-08,
        -2.8028e-04, -3.0343e-06,  1.5885e-07, -1.3036e-03, -5.0898e-07,
         4.1462e-15,  3.2154e-16, -7.8254e-25, -4.3897e-03,  5.5798e-09,
         1.8142e-09, -1.0806e-23, -5.5717e-09,  2.9728e-03,  4.5137e-07,
        -1.7775e-03,  7.0897e-07, -3.6559e-11,  3.7769e-10,  1.7912e-10,
        -7.7142e-09, -1.6509e-01, -1.8407e-01])), ('fc2.weight', tensor([[-1.8523e-01, -3.1801e-17, -8.2398e-02,  ..., -2.2136e-11,
          3.1162e-04,  1.5426e-04],
        [ 5.8949e-02,  5.9468e-15,  8.9442e-02,  ...,  3.7660e-08,
          2.2798e-01,  1.7793e-01],
        [ 6.3771e-05,  7.8940e-18, -3.6791e-03,  ..., -2.9329e-11,
         -1.0815e-04, -1.0539e-04],
        ...,
        [-1.9671e-02, -4.0354e-15, -1.8504e-02,  ..., -9.6202e-10,
         -3.2591e-02, -1.7665e-02],
        [-4.7146e-03,  3.1561e-16, -1.8617e-02,  ..., -1.1425e-09,
         -9.2219e-04, -9.6753e-03],
        [-5.9138e-04,  4.1759e-17, -1.6542e-02,  ..., -1.1581e-10,
         -3.6002e-04, -1.8571e-04]])), ('fc2.bias', tensor([ 4.4645e-03, -3.8737e-01, -5.5031e-03,  1.7909e-04, -2.7563e-02,
        -2.3039e-02, -1.0254e-01, -2.2596e-02, -6.6401e-02, -2.7895e-03,
         3.0463e-01, -2.9508e-03, -7.3421e-05,  1.2815e-02,  2.3499e-01,
        -3.1499e-02, -1.9977e-01,  2.6935e-03, -1.1024e-03, -1.0223e-02,
        -9.9920e-02,  6.1477e-03, -2.0403e-02, -2.8336e-03, -5.1666e-04,
        -6.6427e-02,  5.2262e-02, -3.7625e-02, -6.4701e-02, -6.3523e-03,
         2.5107e-01, -1.7086e-04, -7.9845e-02, -8.0371e-04, -1.1292e-02,
        -1.5604e-01, -4.2158e-02, -1.3561e-03, -1.4298e-03, -1.4069e-02,
        -4.2492e-04, -5.3235e-03, -1.4434e-01, -1.3113e-02, -7.1681e-03,
         5.0004e-01, -7.7492e-02, -2.2157e-05, -1.4965e-02, -6.6045e-03,
        -1.0254e-02, -1.2460e-03, -3.6916e-02, -2.2174e-01, -1.6135e-03,
        -6.0786e-03, -4.1321e-03, -1.7550e-03, -5.9059e-03,  7.1686e-05,
        -2.3902e-02,  1.0587e-01, -7.2776e-02, -1.6478e-02])), ('fc3.weight', tensor([[ 2.7817e-02,  6.8316e-02, -8.9207e-03,  2.6434e-02, -8.0583e-02,
         -4.3091e-02, -5.1834e-03,  5.4428e-02,  1.3660e-02, -3.1362e-02,
         -2.0593e-02, -4.8035e-02, -8.2376e-02, -2.2490e-02,  5.9766e-02,
          2.3790e-02, -5.5651e-02, -1.6280e-01, -2.4470e-03, -8.5278e-03,
          2.9277e-02,  1.3435e-03,  4.3103e-02, -3.8388e-02,  1.1460e-02,
          3.5621e-02, -3.0294e-02,  1.4106e-02, -7.7472e-02, -1.0505e-01,
         -1.1307e-01, -9.3942e-05, -6.5934e-02,  7.4569e-04,  1.6914e-02,
         -1.3417e-01,  1.5659e-02, -4.1425e-03, -2.6172e-02, -2.8594e-02,
          2.7061e-03,  4.6209e-03,  5.6820e-04,  1.3518e-01,  7.1577e-02,
          8.1111e-02,  5.3525e-02, -2.8782e-02,  1.2338e-02,  1.5194e-02,
          5.0182e-03,  2.6848e-04, -1.5195e-03, -3.6395e-02, -5.9110e-03,
         -2.0164e-01, -1.5394e-01, -1.4284e-02,  1.0771e-01,  2.3078e-02,
         -1.0263e-02,  1.5676e-02, -6.3098e-02, -6.7188e-02]]))])
end of epoch 2: val_loss 0.344535399569065, val_acc 0.815
trigger times: 0
saving model weights...
Weights: OrderedDict([('fc1.weight', tensor([[-9.0044e-06,  1.0007e-03,  9.0174e-06,  ...,  1.3372e-04,
          2.0728e-05, -8.7945e-04],
        [ 2.5201e-05,  2.8393e-05,  3.5706e-06,  ...,  7.2870e-06,
         -2.2877e-05,  1.6241e-05],
        [-4.9586e-02,  1.2586e-02, -8.9170e-03,  ..., -8.1718e-02,
         -4.4923e-02,  7.5814e-02],
        ...,
        [ 1.3936e-04, -1.1601e-05, -5.1194e-05,  ...,  4.0332e-05,
          1.1127e-04, -7.6014e-05],
        [ 3.8975e-07,  4.7537e-06, -2.5319e-07,  ...,  6.7812e-06,
         -2.0867e-07,  1.2462e-06],
        [-2.6371e-06, -5.8963e-05,  2.6472e-06,  ..., -2.2708e-05,
         -1.8787e-06, -5.7065e-04]])), ('fc1.bias', tensor([ 6.5106e-06,  2.0506e-05, -2.0910e-02, -9.0760e-07,  1.1507e-12,
        -1.9305e-08,  2.4721e-09,  1.0015e-13, -1.3256e-02, -1.7829e-06,
         2.7572e-02, -1.0830e-04, -5.5042e-05, -3.8441e-04, -6.2351e-21,
        -4.1835e-15, -6.6012e-06, -1.4081e-05,  6.0257e-10, -7.5266e-08,
         3.6472e-03, -8.8867e-07, -9.5565e-03, -3.6470e-07, -4.1268e-02,
         7.8568e-07, -1.5780e-14,  2.9878e-02, -5.4394e-06, -1.8680e-02,
        -3.0195e-02,  1.3844e-02, -1.5788e-02,  1.5860e-05, -2.8397e-02,
         5.9994e-14, -5.9249e-03, -7.1845e-03, -2.5461e-02, -3.0693e-02,
         1.7233e-03, -8.6733e-07, -3.4121e-02, -4.1306e-15, -9.8647e-03,
         1.2667e-02,  8.7523e-10, -5.5325e-02, -3.3251e-04, -5.8003e-16,
        -3.5236e-08, -9.2319e-04, -4.9513e-02, -7.7000e-09,  4.0365e-20,
        -2.4550e-21, -1.8700e-04, -1.3822e-04, -7.1335e-02, -2.2336e-08,
        -5.4168e-02, -3.0694e-03, -1.5164e-02,  8.2301e-02,  1.2315e-01,
         8.1123e-12,  2.2619e-08,  7.8047e-02, -8.9587e-13, -1.4171e-03,
         2.7089e-08,  5.9064e-12, -1.1167e-13, -3.2154e-19, -2.8772e-17,
        -1.4747e-18, -4.9013e-02,  1.6069e-20, -3.3700e-02,  1.1179e-18,
        -1.3280e-04,  1.1239e-07,  3.2463e-01, -9.4201e-19,  5.2233e-06,
        -6.2057e-15, -2.5488e-08, -6.7502e-03,  6.0457e-09, -9.1437e-04,
        -6.9987e-08,  5.0645e-09, -1.7630e-02, -1.7600e-12,  8.9919e-02,
         9.3214e-02, -1.2785e-13, -5.2254e-13, -5.8724e-02, -1.8873e-02,
        -6.9908e-04, -1.1090e-04, -9.4021e-06, -8.7096e-03, -9.9644e-02,
        -1.7968e-02, -2.6483e-03, -6.3450e-08, -2.8893e-02, -1.3673e-16,
        -1.7574e-04,  2.7429e-02, -1.1618e-04, -1.7375e-06, -1.1778e-05,
        -6.1589e-05, -5.3558e-08,  7.5978e-02, -8.4872e-04,  1.8589e-17,
         1.6021e-06, -3.3949e-13, -6.0647e-03,  2.7595e-18, -5.1345e-03,
         1.5733e-04,  2.3534e-08, -5.2777e-06])), ('fc2.weight', tensor([[-3.0333e-03,  5.4569e-07, -7.3722e-03,  ...,  4.9553e-05,
         -5.0932e-07, -8.2197e-07],
        [-5.8340e-10,  2.0157e-09,  2.0396e-06,  ..., -1.8841e-08,
         -1.8982e-10, -1.3159e-09],
        [-3.3946e-08, -3.8843e-08, -1.0464e-02,  ...,  1.4009e-06,
         -1.5822e-09, -1.5320e-08],
        ...,
        [-6.3428e-06,  1.5082e-07,  7.4309e-06,  ...,  1.0342e-05,
          8.6180e-10, -2.0392e-08],
        [ 3.3430e-08,  1.6567e-07,  2.1573e-03,  ..., -1.6661e-05,
          2.1602e-08,  2.8685e-08],
        [-9.0477e-08,  3.1324e-08, -7.2013e-05,  ...,  7.2222e-06,
         -6.3533e-09, -5.2479e-08]])), ('fc2.bias', tensor([-1.0737e-02, -3.2313e-02, -2.1626e-03, -1.9911e-03, -1.3668e-03,
         4.9922e-03, -1.1624e-02, -1.6122e-03,  6.5338e-06, -2.0842e-03,
        -1.0817e-03, -1.2508e-01, -3.5047e-02, -1.1724e-03,  3.4046e-02,
        -3.7299e-03, -7.8556e-04, -2.7387e-03,  1.1401e-03, -2.9503e-04,
        -1.6141e-02, -2.3596e-02, -8.8560e-03, -2.9412e-06, -2.5808e-03,
        -9.5277e-03, -6.7495e-03,  6.6703e-03, -8.1563e-03, -1.0862e-03,
        -6.1399e-02,  5.4075e-03, -1.5063e-01, -2.2186e-02, -1.6576e-02,
        -8.8447e-03, -1.1963e-03, -9.7817e-04, -9.2882e-03, -6.8041e-02,
        -2.6383e-03, -3.1566e-03, -4.7167e-02, -3.2234e-03, -6.9936e-04,
        -8.6742e-02, -1.3565e-03, -5.0043e-02, -1.0929e-02, -4.2750e-03,
        -1.4639e-02, -4.2635e-02,  2.3876e-02, -1.2808e-06, -1.8372e-04,
         6.0596e-02, -5.2820e-04, -6.6971e-02, -2.5560e-04, -9.2844e-02,
         5.4965e-04, -6.0336e-03,  4.3259e-05, -4.6823e-04])), ('fc3.weight', tensor([[-7.4392e-02, -2.9196e-04, -1.6165e-03, -3.7506e-03, -3.8513e-03,
          3.0085e-03,  1.4021e-02,  3.1627e-03,  2.8142e-03, -5.8449e-02,
          3.6957e-03, -1.1289e-01, -1.5626e-02,  9.8690e-03,  8.8219e-03,
         -9.0233e-03, -7.8333e-03,  6.3930e-02,  3.7498e-02,  9.8959e-02,
         -4.0006e-02, -3.3408e-02,  9.3489e-02,  6.0418e-03, -2.3783e-02,
          1.4793e-02,  1.8818e-02, -8.9730e-03,  4.5204e-03,  6.5147e-03,
          1.3467e-01,  3.5609e-02, -2.6550e-01, -9.8371e-02,  6.0261e-02,
         -1.0068e-02, -9.3793e-03, -3.7110e-04, -7.6957e-04,  4.2960e-02,
          1.4262e-02,  2.4431e-02,  3.8606e-02,  1.3770e-02, -5.0651e-02,
         -2.0666e-02, -3.9113e-02, -5.7520e-05, -1.9717e-02,  1.9875e-02,
          4.8075e-02,  1.8064e-02, -5.6163e-03,  3.7351e-02, -5.4699e-04,
          6.4702e-03, -7.0715e-02, -6.9435e-02,  1.1298e-03, -1.6299e-01,
          2.9145e-02, -2.1483e-02,  2.2212e-02, -7.4454e-03]]))])
end of epoch 3: val_loss 5.452583488079186, val_acc 0.595
trigger times: 1
end of epoch 4: val_loss 0.4377168339074673, val_acc 0.805
trigger times: 2
end of epoch 5: val_loss 0.3946638954420466, val_acc 0.815
trigger times: 3
end of epoch 6: val_loss 0.5486667305046276, val_acc 0.755
trigger times: 4
end of epoch 7: val_loss 0.4380164421070367, val_acc 0.76
trigger times: 5
end of epoch 8: val_loss 0.7212600636039045, val_acc 0.725
trigger times: 6
end of epoch 9: val_loss 0.36333169849118474, val_acc 0.805
trigger times: 7
end of epoch 10: val_loss 0.4749691391862689, val_acc 0.765
trigger times: 8
end of epoch 11: val_loss 0.49407839505033196, val_acc 0.795
trigger times: 9
end of epoch 12: val_loss 0.913551106877539, val_acc 0.77
trigger times: 10
Early stopping.
0 33.65799007564783 -238.56539389647227
1 33.0219661295414 -226.82452825484978
2 27.02807292342186 -226.2241731451399
3 38.44265691936016 -208.89755486387574
4 35.88736982643604 -196.9840755292238
5 41.73640578985214 -194.4017457710484
6 30.187417455017567 -193.75394353311003
7 40.15334211289883 -173.38768743356906
8 35.19304524362087 -172.73844575529262
9 37.11659945547581 -172.5849598191294
10 47.44530776143074 -148.80630048130243
11 44.78430816531181 -146.54022994848935
12 44.30102227628231 -144.9163601843784
13 46.07220371067524 -144.5098799638122
14 46.1533887386322 -129.52710350510273
15 46.596983805298805 -119.6789138826375
16 45.2226368188858 -119.53338183357056
17 45.76032355427742 -115.00841352193844
18 46.58579534292221 -113.49466461352053
19 62.38406178355217 -107.45837168117659
20 54.455552354454994 -105.49937100040788
21 54.20925743877888 -101.9104943327425
22 46.872185334563255 -101.66294130080523
23 50.170061990618706 -98.89606860541423
24 52.47710122168064 -95.1909937931514
25 49.68731190264225 -93.31854913617367
26 53.732267528772354 -85.41926577166943
27 52.55826923251152 -83.18012153468804
28 49.15271498262882 -79.47665068598401
29 47.04093511402607 -77.34308621853297
30 59.326268777251244 -60.56041622227008
31 61.313312992453575 -58.68833689293549
32 56.9530820697546 -22.79021187897909
33 62.039045199751854 -19.65788926803626
34 62.67532552778721 -16.74518768263467
35 58.742221385240555 -13.719402302108403
36 58.75347883999348 4.235189873860978
37 51.65013349056244 5.0952806210809465
38 62.09480680525303 10.178796790507759
39 57.895684480667114 13.541055788508864
40 56.09270021319389 14.989710929193077
41 61.517915457487106 21.802029683432238
42 49.63948817551136 31.12027905920427
43 59.528278797864914 40.64550156746333
44 62.47116316854954 40.69898986216935
45 57.7528450191021 50.09032867204584
46 57.40841279923916 57.290535515424786
47 57.49520097672939 60.51441689036072
48 54.01966731250286 62.587858111632386
49 53.908281430602074 63.47489586756552
50 57.03310535848141 65.395531990224
51 61.97227047383785 68.71330703108626
52 60.6318007260561 69.48459209048262
53 65.25580988824368 72.16624272108386
54 54.551391929388046 74.2233202149037
55 52.783800944685936 79.16074531670823
56 57.71416510641575 80.25553156558418
57 54.91295140981674 87.50520028403979
58 58.453972950577736 90.28646231697512
59 59.269018456339836 90.72533900600311
60 56.75079880654812 91.52552635781885
61 58.84126169979572 91.95773979158345
62 50.37150527536869 92.99221310223136
63 50.49032026529312 94.14052712880752
64 53.88022239506245 94.28590507273401
65 58.182338654994965 95.24073532592021
66 55.62256124615669 96.09581961281374
67 64.50919981300831 96.50341248035636
68 57.83821292221546 97.45820290396632
69 64.22235351800919 97.90553231413178
70 54.45850978791714 98.27346635731779
71 58.62816993892193 98.35872828331676
72 57.32703883945942 98.9255090371917
73 57.986390084028244 99.09003071828721
74 57.146599024534225 99.89253842063019
75 59.47649522125721 100.07765055593329
76 65.05189707875252 101.35869827851857
77 50.83505538105965 103.56921378052652
78 62.63276807963848 103.74194540937737
79 61.687557220458984 104.00039883786899
80 58.09637266397476 104.36031383612816
81 59.951402708888054 104.79584301893571
82 57.82623986899853 105.40349710769756
83 62.31340780854225 105.60678192821229
84 62.03284113109112 106.26867976298877
85 55.850963816046715 106.37916921043517
86 64.4032130241394 106.67969423997131
87 62.33866550028324 106.81132709017433
88 62.78902104496956 107.05410485829283
89 61.20671355724335 107.44441498172971
90 60.187036678195 107.68792314282867
91 64.6922492235899 107.72369032284489
92 56.662108451128006 108.58631070626225
93 62.68112178146839 108.79454915391223
94 64.04207608103752 109.15712102315346
95 63.81564235687256 109.71287331230647
96 65.84507422149181 110.48639228144049
97 64.4926733225584 111.4630258761226
98 61.067667454481125 112.59201367677376
99 56.49322658777237 113.4530990931055
100 62.41497491300106 114.85996346749971
101 61.00844290852547 115.04838323377467
102 64.74316348135471 115.5646624637931
103 52.817187786102295 115.77027450439896
104 58.29638710618019 116.29805012422126
105 65.46704551577568 116.38499266629886
106 60.704210922122 116.4198907102986
107 60.22698441147804 117.08008835928221
108 60.096786215901375 117.29357601720739
109 62.40581864118576 118.29160885622866
110 69.88936796784401 119.01062500757773
111 62.125787794589996 120.85290512447664
112 68.06176353991032 120.8902150231427
113 66.40642563998699 121.40892075278066
114 64.70076884329319 122.30522808413322
115 72.70928677916527 129.13346806288703
116 72.40585243701935 129.67718524437547
117 66.37685599923134 129.79664443488912
118 64.75598016381264 130.61780866873775
119 78.5924365222454 131.40806576766226
train accuracy: 0.795
validation accuracy: 0.77
test accuracy: 0.7274509803921568
