demo lengths 200
demos: (120, 200, 25)
demo_rewards: (120,)
[-238.5653939  -226.82452825 -226.22417315 -208.89755486 -196.98407553
 -194.40174577 -193.75394353 -173.38768743 -172.73844576 -172.58495982
 -148.80630048 -146.54022995 -144.91636018 -144.50987996 -129.52710351
 -119.67891388 -119.53338183 -115.00841352 -113.49466461 -107.45837168
 -105.499371   -101.91049433 -101.6629413   -98.89606861  -95.19099379
  -93.31854914  -85.41926577  -83.18012153  -79.47665069  -77.34308622
  -60.56041622  -58.68833689  -22.79021188  -19.65788927  -16.74518768
  -13.7194023     4.23518987    5.09528062   10.17879679   13.54105579
   14.98971093   21.80202968   31.12027906   40.64550157   40.69898986
   50.09032867   57.29053552   60.51441689   62.58785811   63.47489587
   65.39553199   68.71330703   69.48459209   72.16624272   74.22332021
   79.16074532   80.25553157   87.50520028   90.28646232   90.72533901
   91.52552636   91.95773979   92.9922131    94.14052713   94.28590507
   95.24073533   96.09581961   96.50341248   97.4582029    97.90553231
   98.27346636   98.35872828   98.92550904   99.09003072   99.89253842
  100.07765056  101.35869828  103.56921378  103.74194541  104.00039884
  104.36031384  104.79584302  105.40349711  105.60678193  106.26867976
  106.37916921  106.67969424  106.81132709  107.05410486  107.44441498
  107.68792314  107.72369032  108.58631071  108.79454915  109.15712102
  109.71287331  110.48639228  111.46302588  112.59201368  113.45309909
  114.85996347  115.04838323  115.56466246  115.7702745   116.29805012
  116.38499267  116.41989071  117.08008836  117.29357602  118.29160886
  119.01062501  120.85290512  120.89021502  121.40892075  122.30522808
  129.13346806  129.67718524  129.79664443  130.61780867  131.40806577]
maximum traj length 200
maximum traj length 200
num training_obs 1800
num training_labels 1800
num val_obs 200
num val_labels 200
num test_obs 7140
num test_labels 7140
device: cpu
end of epoch 0: val_loss 1.3489073103478009, val_acc 0.735
trigger times: 0
saving model weights...
Weights: OrderedDict([('fc1.weight', tensor([[ 4.4818e-07, -1.1694e-06, -1.7523e-07,  ..., -9.3199e-07,
          2.2642e-07, -2.6602e-08],
        [-9.3201e-15, -5.9854e-16, -1.0178e-15,  ...,  6.4914e-15,
         -1.0247e-14, -7.5612e-14],
        [-2.8034e-04,  6.2901e-04,  4.2212e-05,  ...,  1.1807e-04,
         -3.0940e-04,  7.3635e-03],
        ...,
        [-8.3100e-06, -5.2508e-04, -2.0442e-06,  ..., -1.3105e-04,
         -6.6525e-06,  1.4808e-06],
        [ 1.3077e-05,  2.1353e-03,  1.5167e-05,  ...,  7.8404e-04,
          3.9507e-05,  1.0381e-03],
        [-1.0948e-04, -1.5253e-03, -6.1701e-06,  ..., -3.6915e-04,
         -3.5239e-06,  2.3395e-06]])), ('fc1.bias', tensor([ 6.4570e-10, -1.1033e-14, -1.5835e-03, -3.3883e-04, -3.4273e-07,
        -1.7931e-01, -5.3372e-08, -2.6142e-06, -7.4222e-06,  1.3391e-06,
        -1.3521e-04, -3.4069e-04, -1.4223e-02, -6.0233e-04, -1.3150e-05,
        -1.2509e-05,  3.2956e-02,  8.9303e-05, -3.8097e-02, -7.0551e-02,
         4.9059e-07, -5.6209e-08, -1.6328e-03, -4.8969e-05, -1.2454e-05,
         3.8545e-19, -3.4367e-05, -1.1221e-06,  5.0241e-06,  8.6784e-02,
        -1.3294e-05, -3.1786e-04,  1.6938e-14, -6.9884e-09, -1.4835e-01,
        -2.3175e-02, -9.2475e-04,  6.5093e-02, -2.0512e-11, -2.8725e-03,
        -7.2701e-03,  1.3667e-01, -5.7049e-08, -2.0258e-09, -1.2837e-01,
        -4.5426e-08, -1.6628e-03,  5.6950e-10, -1.9731e-02, -4.6546e-05,
        -2.1924e-04,  1.9945e-06, -4.6270e-04, -5.1813e-04, -1.8232e-04,
        -3.7341e-08,  6.7235e-08, -3.1655e-03, -2.5168e-16,  2.7993e-09,
        -6.5487e-05, -2.4656e-05, -1.8362e-07, -3.6505e-09, -1.3233e-06,
         8.4501e-11, -6.1994e-06, -4.9299e-06,  9.9423e-07, -2.2720e-06,
        -1.1361e-05, -9.1422e-05, -1.0418e-07,  3.6299e-07,  1.1501e-01,
        -1.2752e-06,  2.4150e-04, -1.3714e-07, -1.1478e-08,  1.8481e-09,
         2.7064e-03, -4.0329e-04, -3.5850e-05, -2.0042e-02, -7.9658e-14,
        -9.5891e-05, -1.2983e-08, -8.1520e-07, -2.4414e-02,  4.1724e-04,
        -1.1403e-05, -2.8440e-06, -4.8128e-04,  7.1342e-08, -3.4983e-06,
         1.4002e-10, -2.1261e-04,  4.0390e-06, -3.2158e-03, -1.5223e-05,
        -3.5176e-05,  3.1749e-05, -2.7652e-08,  1.1686e-04, -1.6273e-04,
        -2.0926e-04,  4.1370e-10, -1.4977e-06, -1.2952e-01, -4.6390e-04,
         1.1404e-06,  3.5087e-01, -2.3559e-03,  1.0134e-07, -2.4294e-06,
        -8.5805e-07, -4.7218e-02, -6.1870e-02, -1.5838e-05, -1.2355e-07,
        -8.8726e-05,  1.1362e-11,  2.9664e-06, -6.1509e-06,  7.6634e-09,
        -5.6453e-06,  4.6681e-05, -1.2022e-06])), ('fc2.weight', tensor([[-6.8717e-07,  1.0121e-16, -1.4881e-05,  ..., -4.2238e-06,
         -7.2536e-07,  5.4042e-06],
        [-1.8257e-06, -5.0070e-17,  6.4512e-06,  ...,  2.8057e-06,
         -2.3549e-07, -1.7802e-07],
        [-6.8560e-05,  7.6117e-15, -2.0097e-04,  ...,  3.8410e-05,
         -2.8621e-05, -1.8844e-04],
        ...,
        [ 1.4520e-09,  8.4374e-19,  2.0984e-04,  ..., -3.0266e-08,
         -7.3896e-06,  8.2165e-05],
        [-4.2915e-08,  5.7234e-18,  5.1510e-07,  ..., -3.0168e-06,
         -1.3529e-06, -1.6912e-07],
        [ 1.3938e-08, -1.0169e-16,  2.4845e-06,  ..., -2.0137e-07,
          6.8114e-07,  1.3247e-06]])), ('fc2.bias', tensor([ 1.7134e-03, -3.6933e-02,  1.4454e-01, -2.1597e-05, -3.0086e-04,
        -4.1250e-02, -8.4149e-03,  3.3918e-04, -1.0728e-03,  4.6847e-03,
        -6.2087e-06, -1.5728e-03, -7.0559e-03, -3.0799e-04,  2.2206e-05,
        -4.8006e-03, -1.4621e-03, -1.4574e-01, -1.2541e-03, -4.3953e-05,
        -2.6754e-04, -9.1266e-03,  1.8352e-01, -3.8389e-02,  1.0759e-02,
        -9.3364e-03, -1.5574e-03,  2.1965e-02,  2.9839e-02,  1.8485e-02,
        -8.5102e-04,  1.1115e-03, -9.9523e-03, -6.9172e-03, -7.1598e-05,
        -1.1161e-07, -9.1831e-04, -5.0572e-04, -3.2006e-03,  2.2502e-02,
        -2.3774e-02, -3.1077e-04, -2.8807e-03,  6.2698e-07,  1.1757e-02,
        -2.1158e-02, -1.5979e-02, -1.1172e-02, -2.7971e-02, -3.9497e-03,
        -1.9338e-03, -3.1467e-02, -3.5133e-07, -6.5732e-02, -1.9017e-02,
        -8.5156e-02, -7.9675e-03, -7.5769e-03, -1.7690e-02, -6.5594e-02,
         7.7233e-03, -6.2032e-03, -2.9739e-04, -2.3307e-03])), ('fc3.weight', tensor([[ 4.8170e-03,  6.5933e-03, -1.6088e-02, -1.0147e-06, -9.9463e-04,
         -1.2015e-03,  3.0854e-02,  5.6906e-03,  2.8752e-03,  9.2352e-03,
         -3.5846e-06, -1.9200e-04,  1.1465e-03,  1.3848e-03,  2.4232e-04,
          3.0727e-02,  4.6280e-02,  2.5828e-02,  1.0168e-02,  1.2658e-03,
         -2.9136e-04, -2.2814e-03, -1.9632e-01, -1.0525e-02,  4.0041e-03,
          2.3693e-02,  6.4259e-03, -1.8567e-02,  7.6178e-03,  1.5676e-02,
         -1.5665e-04, -3.4888e-03,  9.3497e-03, -1.1255e-03, -4.4910e-04,
         -1.0724e-09,  1.3268e-03, -5.7723e-04, -1.2270e-04, -1.7517e-02,
         -7.7992e-02,  2.5256e-04,  1.6433e-02,  1.9226e-05, -1.2106e-02,
          5.1550e-02, -1.4158e-02, -7.7514e-03, -1.3798e-02, -5.6908e-05,
         -1.5676e-03,  4.4917e-02, -3.1866e-06, -9.3528e-02, -3.1854e-02,
          1.3522e-02, -1.7003e-03,  1.7629e-02,  1.0149e-02,  1.1863e-01,
         -3.5835e-02,  6.9918e-04,  1.4552e-03, -7.4197e-03]]))])
end of epoch 1: val_loss 0.44646460663301696, val_acc 0.745
trigger times: 0
saving model weights...
Weights: OrderedDict([('fc1.weight', tensor([[-9.9243e-07,  6.7224e-08,  3.7869e-07,  ...,  2.1495e-06,
         -3.6350e-07, -1.6261e-05],
        [ 8.6466e-02, -1.3058e-04,  6.4537e-02,  ..., -2.7730e-02,
          2.4578e-02,  2.0336e-01],
        [-5.5056e-11,  5.7137e-10, -2.3206e-11,  ...,  5.1099e-11,
         -1.8101e-10,  2.9764e-10],
        ...,
        [ 1.2143e-11,  4.3244e-10, -2.7382e-11,  ...,  7.4673e-10,
         -5.7036e-12, -5.7782e-08],
        [-2.7483e-10, -1.8434e-10, -6.1861e-11,  ..., -1.6296e-09,
          9.4883e-10, -3.6277e-09],
        [-1.2318e-09, -8.4156e-08,  7.3333e-11,  ..., -2.3262e-08,
          5.9166e-11, -5.1161e-10]])), ('fc1.bias', tensor([-5.2496e-07,  4.0338e-03, -1.5622e-10,  6.6137e-13, -8.5322e-04,
        -5.6133e-12,  3.5561e-05, -1.4030e-16,  8.8272e-13, -7.7682e-13,
         5.2718e-07,  1.0839e-10, -1.4885e-02,  8.7788e-14,  1.0457e-10,
        -4.1524e-12,  1.3641e-07,  1.7019e-10, -6.2996e-08, -4.8765e-06,
         3.0362e-13, -8.3007e-18, -7.8376e-10,  1.7919e-11, -2.7973e-09,
         2.7138e-02,  1.0673e-10,  1.8511e-12, -4.6692e-13, -3.4606e-05,
         9.6004e-12, -7.0816e-05, -3.6562e-06,  8.4508e-16, -2.0786e-11,
        -1.2036e-09, -1.8873e-11, -1.2078e-07, -5.9889e-07, -4.7943e-08,
        -8.9153e-12, -5.8960e-02,  2.9032e-15,  2.6770e-17, -3.3220e-09,
        -3.9084e-02, -4.2876e-07, -6.7888e-13, -3.5143e-12,  7.0357e-02,
        -1.8388e-10,  2.5208e-12, -4.6173e-09,  9.1113e-11,  1.2118e-10,
         4.8353e-02, -6.4525e-03, -1.7097e-06, -3.4985e-04, -3.8093e-15,
        -9.2064e-12, -3.3136e-11, -3.1357e-15, -9.5279e-17,  5.8821e-11,
        -5.3966e-03, -5.1223e-16,  4.1108e-11, -3.4658e-07, -1.1338e-01,
        -9.7577e-09, -5.2125e-08, -2.3979e-17,  7.5410e-10,  8.9891e-02,
         1.4739e-15,  2.9522e-12, -2.9388e-02, -2.6186e-14, -9.8713e-02,
        -1.6670e-04, -1.4244e-09, -4.4066e-13, -1.3409e-09, -2.2132e-05,
        -4.1174e-13, -1.1588e-17, -1.1787e-09, -5.1863e-04, -2.9883e-09,
         9.2668e-15, -8.9553e-12, -9.1212e-11,  6.2215e-13, -1.9766e-16,
        -2.0526e-03, -5.4143e-13, -2.2057e-02, -2.8829e-07, -5.5576e-05,
        -3.0899e-08,  5.7378e-10, -1.0858e-03, -4.3864e-08, -1.3389e-08,
        -4.8874e-11, -2.1481e-02, -5.6780e-09, -2.9578e-08, -1.1770e-02,
        -8.2259e-02,  8.8330e-02,  2.2141e-02, -5.3854e-13,  4.5078e-02,
        -3.1954e-14, -1.9277e-08, -1.7508e-01, -1.1016e-11, -4.8735e-06,
         1.2743e-07, -2.1586e-06, -9.5958e-04, -2.4306e-11, -1.6407e-02,
         6.0616e-11,  4.8550e-10,  2.6747e-11])), ('fc2.weight', tensor([[-7.7421e-09, -9.2474e-05,  2.1827e-13,  ...,  2.7107e-13,
          8.2204e-14, -1.3349e-12],
        [-1.1444e-06,  2.5279e-03,  2.6122e-11,  ...,  2.4109e-11,
          2.2894e-11, -1.5914e-10],
        [ 1.4909e-07,  1.7990e-03,  3.3113e-11,  ...,  1.2289e-10,
         -4.0606e-12, -3.1487e-10],
        ...,
        [-3.1498e-06, -3.5497e-02, -3.3946e-09,  ...,  1.0328e-09,
          3.7822e-10, -7.6387e-09],
        [-1.3488e-05, -8.1585e-03, -1.5917e-09,  ...,  7.9532e-10,
          1.8510e-10, -3.5892e-09],
        [-1.4219e-06, -5.7877e-02, -1.5077e-09,  ...,  9.1908e-11,
          2.2228e-11,  2.1811e-09]])), ('fc2.bias', tensor([-3.7158e-06, -8.4070e-03, -1.5231e-02, -3.4318e-03, -2.5887e-03,
        -1.3689e-01,  3.1883e-04, -2.0057e-07, -4.1114e-04, -1.5664e-03,
        -2.8768e-03,  4.9455e-02, -7.7719e-04, -1.0553e-01,  3.7112e-03,
        -4.2201e-03, -3.4843e-04,  4.4517e-04, -6.7072e-02, -4.5783e-05,
        -9.2623e-03, -1.6359e-06, -1.6349e-04, -8.7279e-04, -3.5650e-02,
        -2.6654e-03,  9.7909e-02, -1.9372e-02, -3.3547e-04, -1.3052e-03,
        -1.9257e-01, -2.4535e-10,  7.0130e-04, -9.0514e-02, -1.1600e-04,
         3.7196e-02,  4.6576e-02, -1.4700e-06, -1.1298e-08,  2.7875e-05,
        -2.4357e-03, -8.0368e-06, -1.2800e-05,  2.4492e-03,  4.9342e-03,
         2.6294e-05, -5.4895e-02, -2.5817e-02, -1.7947e-03,  7.5157e-02,
        -4.1834e-04, -3.0200e-04, -2.0358e-11, -3.5487e-03, -1.5382e-01,
        -1.7856e-02,  2.4183e-02, -5.3546e-07, -8.0016e-03, -2.8167e-03,
        -5.6451e-03,  6.2003e-02,  2.5596e-02, -9.5972e-03])), ('fc3.weight', tensor([[-1.0627e-03, -2.8956e-03,  3.8051e-02,  4.4130e-03,  5.2355e-03,
          1.2309e-01,  2.4287e-02,  2.2804e-02, -1.4062e-03, -2.5587e-02,
         -2.0244e-02,  2.7179e-02,  2.6336e-03,  1.9041e-02,  1.2587e-02,
          3.4174e-02,  6.9656e-03,  2.4524e-03,  2.7552e-02,  2.7758e-02,
          1.8618e-02,  3.0626e-02, -2.2310e-02, -4.9533e-02, -1.2970e-01,
         -7.3261e-04,  4.5601e-02, -3.9122e-03, -2.3958e-03, -5.8102e-04,
          5.5070e-02,  1.8561e-02,  5.0260e-03, -1.1201e-01, -2.3187e-02,
          4.4681e-02, -1.9338e-02,  1.6073e-02,  4.6066e-04,  6.7494e-03,
         -9.7929e-03, -8.6764e-02,  1.1291e-02, -3.9699e-03,  3.5423e-02,
          2.7426e-03,  8.3635e-02, -2.2357e-02, -1.2219e-02, -3.9068e-02,
         -3.4964e-03, -4.7576e-02, -1.3522e-04,  2.2865e-03,  4.2881e-02,
         -1.1327e-02,  5.0666e-02,  8.2329e-02,  4.0673e-02,  6.3036e-02,
         -1.8392e-03, -4.1930e-02, -2.6259e-02, -2.9433e-01]]))])
end of epoch 2: val_loss 1.488308908500851, val_acc 0.705
trigger times: 1
end of epoch 3: val_loss 0.492859290792081, val_acc 0.76
trigger times: 2
end of epoch 4: val_loss 0.7016256528993583, val_acc 0.75
trigger times: 3
end of epoch 5: val_loss 0.5023260382139415, val_acc 0.74
trigger times: 4
end of epoch 6: val_loss 2.356112264162851, val_acc 0.77
trigger times: 5
end of epoch 7: val_loss 0.9789534043887397, val_acc 0.61
trigger times: 6
end of epoch 8: val_loss 2.214089469106229, val_acc 0.395
trigger times: 7
end of epoch 9: val_loss 0.4089703110156188, val_acc 0.775
trigger times: 0
saving model weights...
Weights: OrderedDict([('fc1.weight', tensor([[ 9.2594e-08,  2.5818e-08, -3.6145e-08,  ...,  3.7667e-07,
         -1.9954e-08,  2.3094e-07],
        [-2.8921e-14, -2.1299e-13,  7.8445e-15,  ..., -1.8280e-14,
         -2.3285e-14, -1.1704e-13],
        [-7.4680e-09,  8.4731e-08,  1.4134e-08,  ...,  1.1169e-07,
         -1.1192e-07, -3.9413e-08],
        ...,
        [-3.7711e-04,  4.7056e-04, -9.3328e-05,  ..., -2.9738e-03,
          3.0455e-04, -1.7576e-03],
        [-1.0832e-01, -1.8691e-01, -1.0664e-02,  ...,  2.6855e-01,
         -1.5464e-02,  1.5040e-01],
        [-1.6620e-09,  9.9583e-09,  5.5885e-10,  ..., -5.8244e-08,
          6.2112e-10, -6.1587e-10]])), ('fc1.bias', tensor([ 1.8251e-08,  2.0972e-14, -1.3730e-07, -4.4023e-11, -3.5132e-08,
        -1.1262e-02, -7.7411e-18, -7.8027e-05, -3.5120e-02, -1.5656e-03,
        -8.9643e-19,  2.8409e-06,  1.1101e-06,  5.1923e-15, -6.7262e-03,
        -1.8203e-05, -1.9021e-09, -8.3194e-05, -1.6819e-06,  4.4296e-02,
        -1.3604e-17, -1.7054e-07, -6.8017e-07, -7.9831e-05, -3.2261e-04,
        -1.3394e-02, -2.0024e-03, -6.1799e-05,  4.6216e-13, -6.7418e-11,
        -1.4429e-08, -9.9738e-11, -1.6145e-03, -5.8192e-03, -2.2087e-04,
         6.7542e-12, -3.1045e-09, -6.2060e-07,  1.0257e-08, -2.8032e-03,
        -2.2154e-04,  1.0759e-16, -1.3236e-04, -3.9211e-08, -1.3224e-09,
        -7.2485e-05, -2.2379e-21,  7.1625e-05, -4.0616e-03, -5.4527e-10,
        -1.0062e-03,  1.7089e-09, -9.6978e-03,  2.5225e-08,  9.1987e-11,
        -1.6095e-07, -1.0908e-05,  5.9932e-27,  5.8262e-02,  7.0109e-02,
         2.2446e-10, -4.3667e-10, -2.9410e-03, -2.6215e-05, -1.8509e-02,
        -5.6190e-18,  2.1900e-04, -1.1232e-10,  2.2056e-02,  5.4225e-13,
         3.9873e-03, -8.7320e-02,  7.7076e-02, -3.3769e-11, -3.6205e-08,
         5.3753e-08, -1.2056e-09, -4.8320e-05, -2.1243e-11, -7.7069e-04,
        -3.3344e-16, -1.1709e-03, -3.3017e-02,  3.1598e-08, -3.6304e-11,
         1.0938e-07, -5.1238e-14, -1.0933e-20,  1.4238e-02, -6.4633e-10,
        -3.8614e-16, -4.6643e-14,  2.2752e-14, -1.2078e-04, -4.9272e-04,
        -1.2437e-10, -2.6508e-04,  6.8082e-17, -1.5972e-09, -1.7184e-02,
        -2.9340e-02, -2.5212e-02, -5.3187e-02,  7.5594e-14, -5.3572e-05,
        -1.2992e-01,  2.1267e-01, -1.1721e-01, -1.0694e-03, -1.1668e-08,
        -8.5954e-08,  7.2854e-10, -9.2788e-03,  5.4844e-07,  2.4136e-01,
        -1.1632e-08,  6.8309e-02, -1.4153e-09, -5.2056e-09, -1.3282e-05,
        -2.5115e-03, -1.8974e-06, -8.8740e-10,  8.1263e-08, -1.9029e-10,
        -3.6120e-05,  2.2222e-02, -4.1817e-11])), ('fc2.weight', tensor([[-1.3466e-08, -2.4414e-15, -2.7682e-08,  ...,  5.1273e-05,
         -2.4274e-03, -1.5875e-09],
        [ 1.2826e-08,  6.2165e-16,  5.9142e-09,  ..., -3.0228e-06,
         -7.4207e-03,  3.7095e-12],
        [ 2.7943e-11, -1.6816e-19,  5.2365e-13,  ...,  6.0850e-09,
         -2.7298e-08,  7.4129e-13],
        ...,
        [ 1.0320e-07, -1.5851e-15,  1.1084e-07,  ...,  4.0096e-05,
         -2.9765e-03,  2.0240e-10],
        [-3.3647e-07, -1.3854e-13,  4.9782e-07,  ..., -2.0753e-03,
         -1.8639e-01, -4.6949e-09],
        [ 8.0954e-07,  1.0415e-13, -2.0282e-07,  ..., -3.8200e-06,
         -7.8573e-02,  2.7982e-10]])), ('fc2.bias', tensor([-3.5161e-02, -1.7352e-03, -6.2660e-04, -8.5320e-02, -1.6953e-02,
        -7.0004e-03,  7.7856e-04, -6.9266e-02, -1.7693e-02, -5.8553e-03,
        -8.3825e-04, -4.2014e-03, -8.1639e-02, -8.1160e-04,  1.7243e-03,
        -2.9418e-02, -7.1584e-05, -5.0756e-02,  3.8392e-03, -4.0693e-02,
        -3.6884e-02, -2.1545e-02, -1.8018e-02, -3.9011e-03, -1.7543e-03,
        -1.2077e-01, -1.5902e-02, -3.0271e-04, -2.8928e-04, -5.8259e-02,
        -1.6475e-03, -2.3405e-05, -2.6556e-03, -1.5424e-03,  6.1469e-04,
        -1.5397e-03, -1.1487e-03,  3.5796e-02, -8.7259e-05, -3.7274e-03,
        -1.2075e-01, -2.1981e-05,  1.6615e-02,  3.2713e-03, -1.0637e-01,
         8.6248e-02, -2.9764e-02, -3.7164e-03, -1.1434e-02,  2.4519e-02,
        -1.3384e-01, -8.4229e-03, -6.3536e-04, -1.8972e-04, -1.8308e-02,
        -4.4747e-02, -8.4409e-06, -5.5719e-02, -2.8968e-02, -4.7236e-02,
        -3.6790e-02, -6.3617e-02,  4.9068e-02, -1.8715e-02])), ('fc3.weight', tensor([[ 4.2710e-02, -1.7622e-02, -1.2114e-05,  6.1248e-02,  1.6448e-02,
          7.0663e-02,  1.0339e-01,  8.3751e-02,  6.7433e-02, -4.6711e-03,
          1.1585e-02,  2.2207e-02, -5.5754e-02, -3.1097e-03,  3.5867e-02,
         -6.9034e-02, -1.3289e-02,  6.4243e-02,  6.5717e-03, -9.4727e-02,
         -4.1350e-02,  6.8018e-03,  4.4023e-02,  5.6889e-03, -8.8376e-03,
          1.3929e-01, -1.7622e-02, -2.2338e-02, -1.2091e-03, -5.3936e-02,
          7.9100e-03,  1.4025e-02, -8.6976e-04, -2.5771e-02, -2.5593e-03,
         -2.3457e-02, -3.2540e-03, -1.5669e-01, -7.8160e-02,  1.7763e-01,
          5.2730e-02, -1.6629e-01,  2.2965e-02,  3.0310e-02,  1.5711e-02,
          1.6369e-02,  4.0943e-03, -3.7474e-02,  5.0389e-02,  1.5153e-02,
         -6.3006e-02, -3.5990e-02, -6.9021e-03,  1.3559e-01, -2.7559e-02,
          2.6838e-02,  1.1910e-04,  4.8160e-02,  1.1686e-02, -1.8788e-02,
          5.6322e-02, -1.0536e-01,  2.9788e-02,  1.2828e-01]]))])
end of epoch 10: val_loss 1.6552538202395908, val_acc 0.775
trigger times: 1
end of epoch 11: val_loss 0.48671914362814106, val_acc 0.755
trigger times: 2
end of epoch 12: val_loss 0.7458710590256692, val_acc 0.715
trigger times: 3
end of epoch 13: val_loss 0.6181207347725649, val_acc 0.72
trigger times: 4
end of epoch 14: val_loss 5.454291195793239, val_acc 0.39
trigger times: 5
end of epoch 15: val_loss 1.5316007986274696, val_acc 0.775
trigger times: 6
end of epoch 16: val_loss 0.6312077363847686, val_acc 0.725
trigger times: 7
end of epoch 17: val_loss 13.240187225690084, val_acc 0.775
trigger times: 8
end of epoch 18: val_loss 0.541543553029187, val_acc 0.705
trigger times: 9
end of epoch 19: val_loss 16.55145025837103, val_acc 0.725
trigger times: 10
Early stopping.
0 -312.9911761879921 -238.56539389647227
1 -216.06817358732224 -226.82452825484978
2 -407.461718916893 -226.2241731451399
3 -280.4620552062988 -208.89755486387574
4 -352.2391356229782 -196.9840755292238
5 -211.89585489034653 -194.4017457710484
6 -338.6003420352936 -193.75394353311003
7 -212.49024254083633 -173.38768743356906
8 -301.0267437696457 -172.73844575529262
9 -287.06969702243805 -172.5849598191294
10 -135.26197391748428 -148.80630048130243
11 -187.4872527718544 -146.54022994848935
12 -208.85306227207184 -144.9163601843784
13 -151.31415152549744 -144.5098799638122
14 -221.54840576648712 -129.52710350510273
15 -140.4300988316536 -119.6789138826375
16 -203.23268979787827 -119.53338183357056
17 -236.14142227172852 -115.00841352193844
18 -214.67430353164673 -113.49466461352053
19 106.55234825611115 -107.45837168117659
20 -17.257704317569733 -105.49937100040788
21 -165.66771972179413 -101.9104943327425
22 -117.06993305683136 -101.66294130080523
23 -177.31551867723465 -98.89606860541423
24 -66.07587265968323 -95.1909937931514
25 -162.80838519334793 -93.31854913617367
26 -60.52127134799957 -85.41926577166943
27 -196.48327618837357 -83.18012153468804
28 -138.90774476528168 -79.47665068598401
29 -194.3276698589325 -77.34308621853297
30 -162.1762568950653 -60.56041622227008
31 -22.765003204345703 -58.68833689293549
32 -14.220086216926575 -22.79021187897909
33 -13.732981443405151 -19.65788926803626
34 -29.03104430437088 -16.74518768263467
35 -33.72429978847504 -13.719402302108403
36 -156.88188302516937 4.235189873860978
37 -156.53082984685898 5.0952806210809465
38 -70.13204890489578 10.178796790507759
39 -7.2141870856285095 13.541055788508864
40 -28.17083305120468 14.989710929193077
41 -50.399870336055756 21.802029683432238
42 -83.07374209165573 31.12027905920427
43 -36.07954931259155 40.64550156746333
44 14.976892709732056 40.69898986216935
45 -57.74656945466995 50.09032867204584
46 -130.79816591739655 57.290535515424786
47 -69.12458735704422 60.51441689036072
48 -110.58025372028351 62.587858111632386
49 -64.80963522195816 63.47489586756552
50 -6.467053055763245 65.395531990224
51 -42.21004617214203 68.71330703108626
52 67.79685866832733 69.48459209048262
53 96.71157258749008 72.16624272108386
54 -95.13011974096298 74.2233202149037
55 -93.05248200893402 79.16074531670823
56 -79.8243260383606 80.25553156558418
57 -50.56579828262329 87.50520028403979
58 31.16983163356781 90.28646231697512
59 -62.60406714677811 90.72533900600311
60 -97.6697781085968 91.52552635781885
61 -39.826470494270325 91.95773979158345
62 -97.58614683151245 92.99221310223136
63 -149.99230301380157 94.14052712880752
64 -143.91621053218842 94.28590507273401
65 -27.629241347312927 95.24073532592021
66 -148.64163756370544 96.09581961281374
67 23.874809741973877 96.50341248035636
68 1.8820112943649292 97.45820290396632
69 15.155424356460571 97.90553231413178
70 -85.63811582326889 98.27346635731779
71 18.263988971710205 98.35872828331676
72 -12.914817690849304 98.9255090371917
73 -9.410993099212646 99.09003071828721
74 -52.624535977840424 99.89253842063019
75 -16.60700410604477 100.07765055593329
76 57.52755892276764 101.35869827851857
77 -126.49752694368362 103.56921378052652
78 -54.06069755554199 103.74194540937737
79 38.17920100688934 104.00039883786899
80 -50.35594481229782 104.36031383612816
81 -56.193181931972504 104.79584301893571
82 -87.16834700107574 105.40349710769756
83 -43.90052044391632 105.60678192821229
84 20.62541228532791 106.26867976298877
85 -83.43073958158493 106.37916921043517
86 -100.96142739057541 106.67969423997131
87 -47.345580756664276 106.81132709017433
88 -5.228493273258209 107.05410485829283
89 -62.80023503303528 107.44441498172971
90 -17.829356849193573 107.68792314282867
91 84.64844465255737 107.72369032284489
92 -47.447694420814514 108.58631070626225
93 -22.941566467285156 108.79454915391223
94 50.64670383930206 109.15712102315346
95 -63.113363802433014 109.71287331230647
96 41.098911345005035 110.48639228144049
97 -42.91639667749405 111.4630258761226
98 -21.810189247131348 112.59201367677376
99 -86.02420610189438 113.4530990931055
100 -44.63704299926758 114.85996346749971
101 -52.29501688480377 115.04838323377467
102 44.969857573509216 115.5646624637931
103 -74.533351957798 115.77027450439896
104 -56.72867697477341 116.29805012422126
105 -53.83178234100342 116.38499266629886
106 9.424167454242706 116.4198907102986
107 -53.59348261356354 117.08008835928221
108 -53.65512943267822 117.29357601720739
109 18.497077345848083 118.29160885622866
110 98.11746197938919 119.01062500757773
111 -80.24549871683121 120.85290512447664
112 50.52515226602554 120.8902150231427
113 -43.52385467290878 121.40892075278066
114 -48.46202099323273 122.30522808413322
115 123.4225338101387 129.13346806288703
116 93.12145537137985 129.67718524437547
117 60.43154460191727 129.79664443488912
118 49.4899280667305 130.61780866873775
119 138.10810256004333 131.40806576766226
train accuracy: 0.7338888888888889
validation accuracy: 0.725
test accuracy: 0.707843137254902
