demo lengths 200
demos: (120, 200, 25)
demo_rewards: (120,)
[-238.5653939  -226.82452825 -226.22417315 -208.89755486 -196.98407553
 -194.40174577 -193.75394353 -173.38768743 -172.73844576 -172.58495982
 -148.80630048 -146.54022995 -144.91636018 -144.50987996 -129.52710351
 -119.67891388 -119.53338183 -115.00841352 -113.49466461 -107.45837168
 -105.499371   -101.91049433 -101.6629413   -98.89606861  -95.19099379
  -93.31854914  -85.41926577  -83.18012153  -79.47665069  -77.34308622
  -60.56041622  -58.68833689  -22.79021188  -19.65788927  -16.74518768
  -13.7194023     4.23518987    5.09528062   10.17879679   13.54105579
   14.98971093   21.80202968   31.12027906   40.64550157   40.69898986
   50.09032867   57.29053552   60.51441689   62.58785811   63.47489587
   65.39553199   68.71330703   69.48459209   72.16624272   74.22332021
   79.16074532   80.25553157   87.50520028   90.28646232   90.72533901
   91.52552636   91.95773979   92.9922131    94.14052713   94.28590507
   95.24073533   96.09581961   96.50341248   97.4582029    97.90553231
   98.27346636   98.35872828   98.92550904   99.09003072   99.89253842
  100.07765056  101.35869828  103.56921378  103.74194541  104.00039884
  104.36031384  104.79584302  105.40349711  105.60678193  106.26867976
  106.37916921  106.67969424  106.81132709  107.05410486  107.44441498
  107.68792314  107.72369032  108.58631071  108.79454915  109.15712102
  109.71287331  110.48639228  111.46302588  112.59201368  113.45309909
  114.85996347  115.04838323  115.56466246  115.7702745   116.29805012
  116.38499267  116.41989071  117.08008836  117.29357602  118.29160886
  119.01062501  120.85290512  120.89021502  121.40892075  122.30522808
  129.13346806  129.67718524  129.79664443  130.61780867  131.40806577]
maximum traj length 200
maximum traj length 200
num training_obs 1800
num training_labels 1800
num val_obs 200
num val_labels 200
num test_obs 7140
num test_labels 7140
ModuleList(
  (0): Linear(in_features=25, out_features=128, bias=True)
  (1): Linear(in_features=128, out_features=64, bias=True)
  (2): Linear(in_features=64, out_features=1, bias=False)
)
Total number of parameters: 11648
Number of trainable paramters: 11648
device: cuda:0
end of epoch 0: val_loss 0.3611835776221465, val_acc 0.81
trigger times: 0
saving model weights...
Weights: OrderedDict([('fcs.0.weight', tensor([[-2.0083e-03,  1.0838e-03, -5.8428e-05,  ..., -6.7292e-03,
         -1.5232e-03, -2.9204e-03],
        [-1.3409e-01,  1.3410e-01,  3.3125e-04,  ..., -2.7900e-03,
         -1.6373e-01, -1.8577e-03],
        [ 6.4228e-01,  1.2463e-01,  3.7309e-01,  ...,  3.2948e-01,
          5.7092e-01,  7.6477e-02],
        ...,
        [-2.7107e-02, -3.8646e-03,  4.0291e-04,  ...,  9.2336e-04,
          8.2151e-03, -3.3710e-04],
        [-1.6168e-01, -4.1447e-02, -4.2951e-01,  ..., -2.7961e-02,
         -9.1267e-02, -1.2119e-01],
        [-6.4670e-02, -3.4795e-02, -3.2569e-04,  ...,  3.5378e-02,
         -5.7818e-03, -1.0943e-02]], device='cuda:0')), ('fcs.0.bias', tensor([-2.1429e-03, -1.6387e-01,  5.8884e-01, -5.0809e-02, -3.6708e-02,
        -2.9492e-03, -1.0064e-01, -4.1728e-02, -1.6560e-02, -1.1708e-01,
        -2.8819e-02, -1.3740e-02, -7.3592e-02, -6.2445e-02, -1.9353e-02,
        -1.3362e-03, -1.5918e-01, -9.8820e-02,  1.9197e-01,  6.1738e-01,
        -6.8154e-02, -8.4597e-02,  3.0795e-01, -1.0764e-01,  1.4426e-04,
        -3.4362e-02,  5.0785e-01, -1.0680e-03, -1.1476e-01, -2.3632e-03,
         2.8218e-01, -1.7272e-02, -1.4288e-02, -1.6299e-01,  1.8601e-02,
         2.9242e-01, -6.6623e-02,  5.5738e-04, -1.2853e-02, -1.6932e-01,
         1.5038e-01, -7.9113e-03, -2.9887e-01, -9.8247e-03, -4.8525e-03,
         1.2800e-01, -1.1931e-01, -1.1215e-02, -1.0118e-01, -8.7134e-03,
        -1.3305e-02, -4.3369e-02, -1.5218e-01,  4.1974e-01, -1.6911e-01,
        -6.5496e-02, -3.9275e-02, -4.8123e-02,  6.9960e-01, -1.4137e-02,
        -1.9606e-02, -5.6745e-02, -5.6492e-02, -6.6987e-02, -6.5901e-02,
         6.0996e-04, -8.7060e-02, -5.4987e-02, -5.1069e-02, -5.1983e-04,
         1.4884e-01, -1.9534e-02, -4.4146e-03,  1.0928e-02, -5.2116e-02,
        -8.2390e-02, -2.8914e-01, -5.0470e-02, -1.7408e-01,  4.9050e-02,
         5.0240e-01, -7.5787e-02, -3.2434e-02,  7.6068e-03,  2.2882e-01,
        -3.9873e-02, -6.9941e-03, -5.0014e-02, -7.1695e-02,  2.9969e-04,
         2.2468e-02,  2.6784e-03, -2.9764e-02, -1.6964e-02, -6.5456e-03,
        -2.3660e-01, -1.0673e-01, -3.3475e-02, -2.0574e-01,  1.0048e-01,
        -1.3253e-01, -8.6548e-02, -2.0679e-01, -1.7705e-02, -9.9820e-02,
        -1.1780e-02, -6.6458e-02, -5.8121e-03,  2.9358e-01,  3.1812e-01,
         7.3080e-01, -4.5313e-02,  2.5498e-01,  2.4767e-01, -1.4692e-01,
        -7.5509e-02, -5.7866e-02, -1.1166e-01, -1.6365e-02, -6.7131e-02,
         4.6036e-02, -1.4528e-01,  1.1720e-02,  2.6122e-01, -5.3195e-02,
        -2.4723e-02, -1.6544e-01, -1.3329e-02], device='cuda:0')), ('fcs.1.weight', tensor([[-2.8275e-05, -3.7856e-05, -1.4487e-02,  ..., -3.8289e-04,
         -2.4149e-02,  8.6758e-04],
        [ 3.4539e-06, -8.8595e-04, -1.5030e-01,  ...,  1.3655e-04,
         -2.3801e-01, -5.7620e-05],
        [ 4.4311e-05, -2.7098e-03, -1.3478e-01,  ...,  6.0329e-04,
         -4.2333e-01,  2.6824e-04],
        ...,
        [-1.0349e-05,  1.0904e-03, -5.0049e-02,  ..., -3.3353e-04,
         -1.4636e-01,  3.5109e-04],
        [ 8.1580e-04,  2.8669e-02, -5.2016e-01,  ...,  2.0079e-04,
          3.2351e-02,  6.9402e-04],
        [-9.3144e-06, -7.4446e-04, -1.6438e-01,  ...,  1.3479e-04,
         -2.5213e-03, -1.2609e-02]], device='cuda:0')), ('fcs.1.bias', tensor([-1.2060e-03, -1.8060e-01, -2.6099e-01, -4.7432e-03,  2.3132e-02,
         1.6276e-02, -2.0950e-02,  5.6244e-02,  1.2076e-01,  3.3044e-02,
        -1.8251e-01, -1.7050e-01, -7.3981e-02,  8.5461e-02,  4.6930e-02,
        -1.1593e-01, -1.6434e-02, -1.2857e-01,  1.0395e-01, -2.8846e-01,
        -1.6156e-01, -2.2695e-03, -9.2078e-03, -9.4189e-03,  1.2291e-01,
         1.1910e-02,  4.5049e-02, -1.3532e-01, -1.4461e-02,  8.4821e-02,
        -8.3902e-02, -2.3651e-02, -6.2593e-02, -9.2300e-02,  4.3963e-02,
         1.2408e-03, -6.1428e-02,  3.6503e-02, -4.7432e-02, -1.1027e-01,
        -2.4676e-02,  9.3157e-02, -2.2657e-02, -6.3733e-02, -1.7603e-03,
        -4.5098e-03,  9.3947e-02, -1.5046e-01, -2.0948e-03,  1.3366e-02,
        -2.2729e-01, -4.7110e-02, -3.4993e-03, -2.8748e-03, -1.0729e-01,
        -4.3553e-02, -3.0234e-01,  9.2051e-02, -9.4117e-02, -6.3184e-02,
        -7.6090e-07, -2.5313e-02, -9.2402e-02, -1.8092e-02], device='cuda:0')), ('fcs.2.weight', tensor([[ 1.1380e-01, -3.4178e-02, -1.7404e-01,  7.3692e-02, -7.1753e-03,
          1.0535e-01, -1.7216e-02, -9.8778e-03,  2.1663e-02,  1.3539e-01,
          6.2025e-02, -2.2511e-01,  2.8300e-02, -7.2848e-02, -1.9297e-02,
          2.1955e-01,  1.8337e-05, -5.8382e-02,  2.8729e-02, -5.5791e-02,
          2.6500e-02,  4.0871e-03,  7.0109e-02, -9.9089e-04, -9.0144e-03,
          1.6853e-02, -3.8936e-02, -5.3027e-03,  5.4822e-05,  1.5524e-02,
          1.1921e-01,  6.1169e-03,  7.2922e-02, -1.1835e-02, -1.8938e-02,
          4.5024e-02, -2.3190e-01,  3.9511e-02,  1.8452e-03, -4.9543e-03,
          1.6680e-02,  3.5187e-02, -7.5099e-07,  6.9198e-02,  4.6484e-03,
          1.7583e-03,  3.0455e-02,  1.0914e-01, -1.4446e-03,  3.8379e-02,
          1.4211e-01, -3.1750e-02,  1.4697e-03, -3.4379e-02, -6.3581e-03,
          3.3423e-03, -5.4181e-02, -4.2419e-03,  5.6145e-03,  1.0109e-03,
         -3.6929e-03,  9.9025e-02, -4.4833e-02, -4.4953e-02]], device='cuda:0'))])
end of epoch 1: val_loss 0.9953300949571464, val_acc 0.78
trigger times: 1
end of epoch 2: val_loss 0.8540304947168232, val_acc 0.735
trigger times: 2
end of epoch 3: val_loss 0.5129587923545751, val_acc 0.735
trigger times: 3
end of epoch 4: val_loss 2.635362951707637, val_acc 0.7
trigger times: 4
end of epoch 5: val_loss 0.33899200553043857, val_acc 0.85
trigger times: 0
saving model weights...
Weights: OrderedDict([('fcs.0.weight', tensor([[-2.8783e-01,  3.4264e-02, -8.5353e-02,  ..., -9.7319e-02,
         -2.2810e-01,  3.8441e-01],
        [-7.5412e-04,  1.0982e-05,  4.0001e-06,  ...,  4.7448e-05,
         -9.5516e-04, -1.6624e-05],
        [-6.7852e-07,  3.6572e-06,  3.9396e-07,  ...,  3.8207e-07,
         -1.1677e-07, -7.0650e-06],
        ...,
        [ 2.0209e-05,  8.4657e-06, -7.1886e-06,  ...,  2.4148e-05,
          2.2018e-05,  1.1889e-05],
        [-2.3411e-03, -6.0947e-02,  6.2730e-03,  ...,  1.1220e-01,
         -6.5043e-02,  9.1347e-03],
        [ 4.0435e-02, -4.1130e-02,  1.5819e-02,  ...,  1.3125e-01,
         -7.1779e-02,  9.4428e-03]], device='cuda:0')), ('fcs.0.bias', tensor([-2.1867e-01, -1.0186e-03, -6.6212e-08, -1.0744e-05, -2.8849e-02,
        -1.3466e-01, -9.5083e-04, -5.8741e-05,  1.4591e-01,  3.4821e-03,
        -5.3028e-06, -4.3990e-06, -2.0688e-04,  1.7727e-06, -2.2065e-01,
        -1.2123e-02, -3.3147e-07, -7.7131e-02, -7.5411e-06, -5.1659e-04,
        -8.0952e-02, -2.6962e-02,  2.2968e-01, -1.2088e-01,  3.0845e-01,
        -1.0942e-05, -2.0542e-05, -1.0277e-04, -4.0644e-02,  7.2166e-08,
        -8.4023e-04, -9.4531e-04, -2.8384e-02, -9.3490e-02, -1.8245e-06,
        -1.5274e-03,  7.8802e-23, -3.9809e-07,  1.9230e-08, -1.6132e-03,
         3.4099e-01,  9.6263e-02, -1.6263e-09, -1.4135e-06,  4.5872e-07,
         1.5470e-06,  1.3582e-01, -1.5547e-01, -2.4547e-08,  3.8455e-01,
        -5.8082e-08, -2.8550e-04, -7.4620e-05,  5.5083e-01,  8.3627e-06,
        -1.5028e-02, -1.0078e-01, -2.4576e-01, -1.7841e-05,  2.1122e-01,
         1.3677e-01, -5.6818e-02, -7.8930e-02, -1.7932e-02, -5.6913e-04,
         6.1176e-02,  3.3117e-09, -1.1095e-01, -1.1451e-02, -2.7851e-03,
        -4.2415e-02, -4.1660e-03, -1.1088e-01, -1.9409e-05, -4.6801e-04,
        -6.4185e-02, -1.0480e-01, -3.4346e-03, -8.2226e-02, -1.1681e-12,
        -6.8770e-04, -2.2668e-01, -1.3381e-08, -7.6824e-11,  3.3936e-08,
        -4.7568e-07,  1.1945e-01, -1.9174e-03, -3.6570e-02,  9.8453e-02,
        -8.6049e-02, -4.2538e-05, -2.3635e-01, -1.0572e-02, -4.6225e-07,
        -2.8591e-01, -2.6019e-04, -4.4009e-02, -3.5295e-08, -3.2037e-04,
        -8.4550e-02,  3.8728e-12, -1.4410e-01, -2.7474e-04, -8.9337e-08,
        -7.1389e-03,  2.7570e-01, -5.4025e-03, -2.5647e-01,  3.7623e-01,
        -1.6872e-06, -1.5731e-03, -5.7294e-09, -5.1212e-02, -8.4905e-04,
        -1.8512e-04, -9.8334e-03, -8.1940e-03, -4.5597e-02, -2.7041e-03,
        -1.4296e-02,  1.6475e-01, -6.2769e-04,  2.4775e-01, -1.1874e-01,
         1.7785e-05, -3.5932e-02, -1.2639e-02], device='cuda:0')), ('fcs.1.weight', tensor([[ 6.6333e-04, -7.4211e-07, -1.2449e-09,  ..., -2.3060e-08,
         -1.4708e-01,  5.9934e-05],
        [-1.0814e-02,  4.5521e-05,  6.8362e-08,  ...,  2.2278e-06,
          1.5301e-03, -1.1342e-03],
        [ 2.1026e-04, -4.8889e-07, -2.2189e-10,  ..., -1.7034e-07,
         -3.9096e-02,  2.2977e-05],
        ...,
        [-6.7717e-02,  1.7149e-05,  6.0099e-08,  ...,  3.9778e-06,
         -9.2479e-04, -2.9298e-03],
        [-9.2906e-03,  1.7107e-05,  7.8509e-09,  ..., -1.8096e-06,
         -1.4353e-03, -7.6803e-04],
        [-6.2215e-03,  7.2035e-06,  4.2563e-08,  ..., -8.0903e-06,
          2.0646e-03, -4.4102e-04]], device='cuda:0')), ('fcs.1.bias', tensor([ 7.8344e-03,  5.8297e-03, -3.9334e-06, -5.9226e-04, -1.9665e-02,
        -1.7861e-03, -1.3480e-04, -6.3700e-02,  3.9263e-01, -1.7575e-04,
        -9.6941e-02, -4.3565e-02, -1.5722e-02, -2.4877e-03, -3.3345e-02,
        -2.6671e-06, -3.5996e-08, -1.7140e-01, -3.8432e-02, -8.0739e-02,
         1.3240e-04, -1.0030e-02, -1.6071e-01, -7.6308e-03, -7.9191e-05,
        -5.0091e-02, -1.3057e-02,  5.6325e-02,  1.3773e-02, -2.2510e-10,
        -7.1928e-02, -1.4678e-02, -9.1997e-03, -8.3185e-05,  3.7397e-04,
        -1.4074e-01, -1.2708e-02,  4.0866e-02,  1.1160e-01, -6.9018e-02,
        -2.9001e-02, -1.3671e-01, -2.1385e-04, -9.6109e-02, -5.1934e-03,
        -8.3942e-04, -9.9293e-03,  1.0582e-02, -3.2565e-01, -8.2399e-06,
         5.4948e-01, -3.3725e-02, -1.5699e-01,  5.2388e-02,  5.6721e-02,
        -1.6269e-01, -7.9731e-03, -2.7020e-04, -2.8602e-03, -4.8333e-02,
        -9.7372e-02, -1.5361e-02, -1.0262e-01,  2.5084e-07], device='cuda:0')), ('fcs.2.weight', tensor([[-7.4850e-03,  2.9531e-01, -4.3387e-03, -7.8255e-02, -3.2953e-02,
         -3.8320e-02, -2.7484e-03,  1.2950e-01,  4.2149e-02, -1.4065e-02,
          8.7084e-03, -8.0258e-03, -1.8578e-04, -4.1902e-04, -9.8165e-03,
          3.4157e-04,  6.0666e-05,  8.3888e-02,  8.9985e-03,  2.6595e-01,
         -1.3859e-01,  3.1954e-02,  6.3086e-03,  1.7756e-02, -5.8410e-04,
         -9.2314e-03,  1.6489e-01,  4.3244e-03, -2.0408e-02, -6.1748e-05,
         -1.0045e-01,  9.5995e-02,  7.4509e-04,  5.6404e-04, -1.0872e-02,
          2.7707e-02, -3.8121e-02,  9.7088e-04, -7.4936e-02,  9.0766e-02,
         -6.4913e-03, -1.0607e-01,  7.7500e-05, -3.2332e-02,  2.4603e-02,
          7.0398e-04,  1.5947e-02, -2.8715e-03, -1.0081e-01, -7.2098e-04,
         -2.1638e-03,  2.0106e-02, -9.1049e-02,  8.0244e-04,  7.2301e-04,
         -9.1283e-02,  9.9821e-03,  1.2508e-03, -2.2722e-03, -5.3090e-03,
         -1.2115e-02,  1.3290e-01,  1.1222e-01,  1.4840e-01]], device='cuda:0'))])
end of epoch 6: val_loss 0.3141119836952276, val_acc 0.865
trigger times: 0
saving model weights...
Weights: OrderedDict([('fcs.0.weight', tensor([[-3.4809e-02,  1.2062e-03, -3.9252e-04,  ...,  1.8875e-03,
         -3.0676e-02, -2.1785e-02],
        [-1.8458e-01, -4.9407e-03, -3.8811e-02,  ..., -3.0253e-02,
         -1.8098e-01, -1.1981e-02],
        [ 1.9877e-04,  8.3701e-04, -1.6492e-04,  ...,  5.4876e-04,
          1.6857e-05,  1.0213e-04],
        ...,
        [-2.3826e-01,  3.2291e-01, -9.0387e-02,  ...,  2.0884e-01,
         -3.4821e-01,  1.4744e-02],
        [-2.0107e-04, -1.5702e-02,  1.5415e-04,  ...,  1.8768e-02,
         -1.4818e-03, -1.1583e-04],
        [ 3.3893e-03, -1.8408e-02, -2.9486e-04,  ...,  6.1086e-02,
         -5.7785e-04, -3.0282e-03]], device='cuda:0')), ('fcs.0.bias', tensor([-3.0981e-02, -1.8901e-01,  2.1669e-06,  1.2597e-09, -2.1031e-02,
        -4.9563e-04, -2.0139e-05, -1.2924e-01, -4.9432e-02, -2.3703e-05,
        -1.3503e-03, -1.1320e-01, -2.0563e-04,  7.2052e-02, -2.4165e-02,
        -1.8114e-04, -2.4578e-01, -5.7981e-03, -2.3489e-08,  3.7427e-09,
        -5.9347e-03, -7.4491e-03,  1.6682e-01, -2.1324e-01,  1.6342e-01,
         1.1299e-01, -1.2742e-09, -1.4993e-07, -1.1149e-03, -9.0637e-02,
         2.8773e-06, -5.0285e-04, -3.3521e-02, -2.2097e-02, -1.8343e-03,
        -2.9336e-05, -3.7099e-03, -3.4557e-03, -4.2694e-02, -1.3337e-01,
         2.2872e-01, -4.3689e-02,  1.0570e-01,  3.2843e-01,  1.8222e-01,
         1.3068e-11,  1.3422e-01, -1.2403e-01, -9.3640e-03,  1.7598e-01,
        -3.8524e-07, -2.5239e-07, -9.3768e-02,  6.7270e-01,  1.6367e-01,
        -1.7385e-03, -1.7437e-01, -5.8694e-02, -2.7646e-01,  5.5023e-02,
         2.5474e-01, -5.4469e-03, -3.5594e-03, -3.9209e-05,  1.0569e-01,
        -1.0558e-01, -1.0078e-01, -1.7282e-02, -4.6257e-05, -2.5778e-06,
        -4.5304e-04,  2.1321e-01, -1.3879e-02, -4.8676e-02, -3.6370e-01,
        -1.2243e-03, -1.4355e-02,  2.5463e-06, -8.5713e-03,  3.6977e-02,
        -3.2795e-02, -4.3557e-02, -1.0049e-06,  5.2467e-02, -1.3759e-01,
         1.3931e-01, -7.2065e-02, -4.8732e-02, -3.5824e-04, -7.9468e-03,
        -1.2617e-02, -4.1201e-09, -7.4283e-02, -3.8835e-04, -8.9503e-05,
        -9.6369e-02,  2.4263e-01, -5.9743e-04, -1.2549e-02, -1.4908e-02,
        -2.8645e-03, -4.0981e-11, -2.0961e-02, -5.0514e-07, -4.8397e-02,
        -4.0902e-05,  4.3713e-01, -2.6639e-01, -2.6674e-02, -6.9314e-02,
        -2.5951e-05,  4.9687e-02, -1.0419e-03, -3.1839e-03, -2.7185e-08,
         2.1510e-02, -1.9439e-03, -1.9047e-04, -4.4173e-04,  3.0268e-01,
        -5.9931e-04, -5.8569e-02, -2.0296e-02, -6.3378e-02, -3.5074e-02,
        -2.2479e-01, -4.8238e-04, -1.4023e-04], device='cuda:0')), ('fcs.1.weight', tensor([[ 3.0423e-03,  6.3375e-03, -2.3590e-04,  ...,  4.8018e-03,
         -2.9987e-02,  1.0619e-03],
        [ 2.5629e-04,  5.4206e-02,  3.6000e-05,  ..., -2.2934e-03,
          7.1893e-05, -2.3898e-04],
        [-2.5577e-02, -3.3112e-02,  4.3798e-04,  ..., -1.7161e-01,
         -2.3724e-03,  1.2520e-03],
        ...,
        [-6.4323e-04,  3.8974e-05, -3.5210e-07,  ...,  6.5803e-05,
         -4.5995e-07,  5.0843e-06],
        [-1.5134e-05,  4.0025e-04, -1.0151e-05,  ..., -7.3708e-03,
         -9.0069e-06,  7.5947e-05],
        [ 1.5395e-02,  3.5753e-03,  7.0901e-06,  ..., -1.9901e-01,
          8.4341e-05, -1.1247e-05]], device='cuda:0')), ('fcs.1.bias', tensor([ 3.4991e-03, -3.0643e-01,  4.2967e-01, -9.6692e-02, -2.9352e-04,
        -3.0529e-02, -1.3717e-01, -1.3286e-02,  2.3684e-01, -2.6110e-01,
        -6.5228e-03, -8.0132e-03, -4.1974e-05,  2.3267e-02,  1.4949e-01,
        -8.6597e-06, -9.4117e-10, -4.2037e-02, -1.0007e-02, -6.0836e-02,
        -1.3507e-01, -3.1243e-06, -3.2372e-02, -5.7682e-04, -3.0442e-02,
        -1.2153e-05, -9.4267e-02, -2.0545e-02, -7.8508e-04, -2.0282e-04,
        -4.6103e-03, -3.0932e-01, -5.8822e-02, -1.9475e-04, -2.6469e-01,
        -1.4894e-03,  1.9669e-01,  5.5366e-05, -4.2898e-02, -1.9876e-03,
        -7.2812e-03, -2.4241e-02, -1.3059e-03, -7.2983e-03, -3.6718e-05,
         2.2720e-01, -3.7967e-03, -3.5265e-03, -1.2430e-01, -8.8776e-03,
        -2.8735e-02, -1.3491e-04, -3.1904e-02, -4.9492e-03, -6.3437e-04,
        -3.1027e-02,  1.6176e-01, -4.8380e-05, -1.8317e-04, -4.7114e-03,
        -6.4424e-03, -9.4566e-05, -3.2056e-04, -4.4432e-03], device='cuda:0')), ('fcs.2.weight', tensor([[-2.1388e-01,  9.3416e-02,  1.9846e-02, -1.3232e-02, -2.6659e-02,
         -6.7699e-03,  4.7347e-02, -3.8970e-03,  2.9690e-02, -1.9790e-02,
         -3.9955e-03, -9.6454e-03, -6.4279e-04, -1.0155e-02,  1.6334e-03,
          2.2058e-04, -3.5074e-04, -1.1485e-02,  1.1797e-01,  8.1851e-02,
         -2.0553e-02, -3.4775e-05, -4.4810e-03,  4.3601e-03, -1.8212e-01,
         -6.1546e-03,  4.7675e-03,  4.5757e-02,  2.8035e-03, -8.3549e-03,
         -8.4121e-02, -5.7395e-03,  1.3285e-01, -1.4840e-02,  2.1651e-02,
          6.5502e-03, -2.2720e-02, -1.5375e-03, -4.0480e-02, -2.5553e-03,
         -3.1845e-03, -6.5643e-02, -2.7066e-03, -8.4343e-03, -1.7708e-04,
          2.2280e-04, -7.9810e-05, -1.3552e-02, -2.7367e-02,  1.1266e-02,
          5.1071e-02, -7.6029e-03, -4.1863e-02,  4.5409e-02, -5.9943e-04,
         -1.4063e-02, -1.0010e-02, -2.1134e-03, -4.6680e-03, -1.3880e-02,
         -5.1961e-03, -1.5581e-03, -1.4104e-02,  6.2344e-03]], device='cuda:0'))])
end of epoch 7: val_loss 0.3165345125649312, val_acc 0.85
trigger times: 1
end of epoch 8: val_loss 0.351619172944459, val_acc 0.8
trigger times: 2
end of epoch 9: val_loss 0.6433894312823304, val_acc 0.765
trigger times: 3
end of epoch 10: val_loss 0.39308465405898063, val_acc 0.805
trigger times: 4
end of epoch 11: val_loss 0.36330941596261485, val_acc 0.86
trigger times: 5
end of epoch 12: val_loss 1.2741504188873618, val_acc 0.785
trigger times: 6
end of epoch 13: val_loss 0.4172418348539824, val_acc 0.815
trigger times: 7
end of epoch 14: val_loss 0.39749065803133987, val_acc 0.82
trigger times: 8
end of epoch 15: val_loss 3.8388725900118175, val_acc 0.77
trigger times: 9
end of epoch 16: val_loss 0.5263798850580753, val_acc 0.82
trigger times: 10
Early stopping.
0 47.76219306886196 -238.56539389647227
1 42.213529750704765 -226.82452825484978
2 37.63715351372957 -226.2241731451399
3 51.09452712535858 -208.89755486387574
4 45.0940457880497 -196.9840755292238
5 46.69260534644127 -194.4017457710484
6 40.906284011900425 -193.75394353311003
7 50.110988050699234 -173.38768743356906
8 43.08021919429302 -172.73844575529262
9 47.124096035957336 -172.5849598191294
10 57.07605256140232 -148.80630048130243
11 53.651120603084564 -146.54022994848935
12 53.063959524035454 -144.9163601843784
13 47.415622383356094 -144.5098799638122
14 54.64243797957897 -129.52710350510273
15 52.446161702275276 -119.6789138826375
16 54.13315984606743 -119.53338183357056
17 47.264919355511665 -115.00841352193844
18 51.58679719269276 -113.49466461352053
19 58.822327107191086 -107.45837168117659
20 51.97476381063461 -105.49937100040788
21 54.254506289958954 -101.9104943327425
22 54.1268812417984 -101.66294130080523
23 58.20961910486221 -98.89606860541423
24 56.0538013279438 -95.1909937931514
25 55.31178280711174 -93.31854913617367
26 58.97509831190109 -85.41926577166943
27 56.80646899342537 -83.18012153468804
28 55.42176479101181 -79.47665068598401
29 52.61857998371124 -77.34308621853297
30 59.12385740876198 -60.56041622227008
31 54.29101802408695 -58.68833689293549
32 56.57844415307045 -22.79021187897909
33 58.14678990840912 -19.65788926803626
34 56.564912259578705 -16.74518768263467
35 55.36331717669964 -13.719402302108403
36 58.664594143629074 4.235189873860978
37 55.602875396609306 5.0952806210809465
38 58.44033259153366 10.178796790507759
39 53.30420507490635 13.541055788508864
40 54.49716468155384 14.989710929193077
41 54.520069137215614 21.802029683432238
42 55.92405827343464 31.12027905920427
43 56.911657363176346 40.64550156746333
44 57.64556112885475 40.69898986216935
45 61.2737036049366 50.09032867204584
46 59.16380035877228 57.290535515424786
47 60.90618193149567 60.51441689036072
48 59.226631581783295 62.587858111632386
49 56.375193387269974 63.47489586756552
50 60.969650119543076 65.395531990224
51 61.260331869125366 68.71330703108626
52 58.04968336224556 69.48459209048262
53 61.71096533536911 72.16624272108386
54 57.510082960128784 74.2233202149037
55 54.38306088745594 79.16074531670823
56 57.26974806189537 80.25553156558418
57 54.608705684542656 87.50520028403979
58 56.55430744588375 90.28646231697512
59 57.97129136323929 90.72533900600311
60 56.921218276023865 91.52552635781885
61 59.585249960422516 91.95773979158345
62 54.417713046073914 92.99221310223136
63 55.434857442975044 94.14052712880752
64 57.50680473446846 94.28590507273401
65 56.51973670721054 95.24073532592021
66 58.992653995752335 96.09581961281374
67 59.6231290102005 96.50341248035636
68 54.548253297805786 97.45820290396632
69 57.7829427421093 97.90553231413178
70 57.271367222070694 98.27346635731779
71 56.7750883102417 98.35872828331676
72 57.55353471636772 98.9255090371917
73 57.17981606721878 99.09003071828721
74 62.83658131957054 99.89253842063019
75 58.69212955236435 100.07765055593329
76 59.8995486497879 101.35869827851857
77 57.68132111430168 103.56921378052652
78 57.48321023583412 103.74194540937737
79 59.88925153017044 104.00039883786899
80 56.21626442670822 104.36031383612816
81 57.54610878229141 104.79584301893571
82 60.17735928297043 105.40349710769756
83 61.51126077771187 105.60678192821229
84 54.80402600765228 106.26867976298877
85 58.998108237981796 106.37916921043517
86 56.39364568889141 106.67969423997131
87 59.01099252700806 106.81132709017433
88 61.219091325998306 107.05410485829283
89 61.05571952462196 107.44441498172971
90 61.156562119722366 107.68792314282867
91 57.87661427259445 107.72369032284489
92 59.226692289114 108.58631070626225
93 59.668982177972794 108.79454915391223
94 58.394690960645676 109.15712102315346
95 61.99210274219513 109.71287331230647
96 57.24541464447975 110.48639228144049
97 59.17667359113693 111.4630258761226
98 60.684819757938385 112.59201367677376
99 58.10210943222046 113.4530990931055
100 63.22943139076233 114.85996346749971
101 58.86165624856949 115.04838323377467
102 64.3121118247509 115.5646624637931
103 56.77809666097164 115.77027450439896
104 60.78070378303528 116.29805012422126
105 59.9400669336319 116.38499266629886
106 60.36794799566269 116.4198907102986
107 63.041100949048996 117.08008835928221
108 62.41047349572182 117.29357601720739
109 62.47682532668114 118.29160885622866
110 64.16255316138268 119.01062500757773
111 59.84652462601662 120.85290512447664
112 61.57865059375763 120.8902150231427
113 62.239732176065445 121.40892075278066
114 61.42106521129608 122.30522808413322
115 63.471327632665634 129.13346806288703
116 64.01851689815521 129.67718524437547
117 66.02600839734077 129.79664443488912
118 63.07146871089935 130.61780866873775
119 66.19968536496162 131.40806576766226
train accuracy: 0.8016666666666666
validation accuracy: 0.82
test accuracy: 0.7404761904761905
