demo lengths 200
demos: (120, 200, 25)
demo_rewards: (120,)
[-238.5653939  -226.82452825 -226.22417315 -208.89755486 -196.98407553
 -194.40174577 -193.75394353 -173.38768743 -172.73844576 -172.58495982
 -148.80630048 -146.54022995 -144.91636018 -144.50987996 -129.52710351
 -119.67891388 -119.53338183 -115.00841352 -113.49466461 -107.45837168
 -105.499371   -101.91049433 -101.6629413   -98.89606861  -95.19099379
  -93.31854914  -85.41926577  -83.18012153  -79.47665069  -77.34308622
  -60.56041622  -58.68833689  -22.79021188  -19.65788927  -16.74518768
  -13.7194023     4.23518987    5.09528062   10.17879679   13.54105579
   14.98971093   21.80202968   31.12027906   40.64550157   40.69898986
   50.09032867   57.29053552   60.51441689   62.58785811   63.47489587
   65.39553199   68.71330703   69.48459209   72.16624272   74.22332021
   79.16074532   80.25553157   87.50520028   90.28646232   90.72533901
   91.52552636   91.95773979   92.9922131    94.14052713   94.28590507
   95.24073533   96.09581961   96.50341248   97.4582029    97.90553231
   98.27346636   98.35872828   98.92550904   99.09003072   99.89253842
  100.07765056  101.35869828  103.56921378  103.74194541  104.00039884
  104.36031384  104.79584302  105.40349711  105.60678193  106.26867976
  106.37916921  106.67969424  106.81132709  107.05410486  107.44441498
  107.68792314  107.72369032  108.58631071  108.79454915  109.15712102
  109.71287331  110.48639228  111.46302588  112.59201368  113.45309909
  114.85996347  115.04838323  115.56466246  115.7702745   116.29805012
  116.38499267  116.41989071  117.08008836  117.29357602  118.29160886
  119.01062501  120.85290512  120.89021502  121.40892075  122.30522808
  129.13346806  129.67718524  129.79664443  130.61780867  131.40806577]
maximum traj length 200
maximum traj length 200
num training_obs 4500
num training_labels 4500
num val_obs 500
num val_labels 500
num test_obs 7140
num test_labels 7140
ModuleList(
  (0): Linear(in_features=25, out_features=128, bias=True)
  (1): Linear(in_features=128, out_features=64, bias=True)
  (2): Linear(in_features=64, out_features=1, bias=False)
)
Total number of parameters: 11648
Number of trainable paramters: 11648
device: cuda:0
end of epoch 0: val_loss 0.6719319079674194, val_acc 0.768
trigger times: 0
saving model weights...
Weights: OrderedDict([('fcs.0.weight', tensor([[-9.0066e-03, -6.8307e-02, -2.2771e-02,  ..., -4.0527e-02,
         -1.5400e-01, -1.5121e-01],
        [-8.7423e-03,  1.0564e-02, -2.8409e-03,  ...,  6.3860e-03,
         -7.5183e-03, -1.8338e-03],
        [ 2.2601e-05,  9.2019e-05, -4.4088e-06,  ..., -1.4128e-05,
          3.5344e-06, -9.9204e-05],
        ...,
        [-7.7124e-05, -3.6835e-04, -3.4882e-07,  ..., -4.1816e-04,
          2.2640e-05, -8.4539e-05],
        [-9.1526e-02,  4.9443e-02, -2.8766e-02,  ...,  8.7363e-02,
         -1.6505e-01,  2.4708e-06],
        [-1.0182e-04, -1.5004e-04, -2.0124e-05,  ...,  9.3916e-05,
          3.7593e-05, -1.1034e-04]], device='cuda:0')), ('fcs.0.bias', tensor([-1.0395e-01, -7.2751e-03, -4.5748e-06, -2.3906e-02, -8.8972e-02,
        -1.1990e-03, -1.9468e-01, -6.7149e-04, -2.8294e-05, -8.8135e-04,
        -1.3786e-01,  2.8959e-01, -1.4952e-02, -1.3971e-03, -4.0112e-02,
        -2.2138e-02, -7.0037e-03, -2.8109e-03, -3.1994e-02, -5.5740e-02,
        -9.5280e-04, -5.5705e-03,  3.3538e-01, -2.4993e-01, -9.9052e-03,
        -3.1124e-01, -1.3721e-01, -1.7126e-04,  2.9861e-01,  9.0595e-02,
        -2.3183e-02, -2.1838e-01,  1.1506e-01, -1.7436e-01,  1.8410e-01,
        -2.1795e-02, -4.6242e-05, -2.2926e-06, -9.6630e-02, -1.0796e-03,
        -8.3526e-02, -9.9604e-04, -1.9746e-02,  2.6923e-01,  1.3999e-02,
        -1.7255e-02, -1.4486e-02,  4.5150e-01, -8.7544e-02, -1.3863e-01,
         4.6862e-01, -1.0947e-02,  6.1069e-06, -1.1015e-01, -2.9253e-01,
        -2.7146e-03, -1.7699e-03, -4.6943e-02, -4.1140e-06, -1.5787e-01,
        -6.2896e-02, -6.6348e-05, -3.8781e-02, -4.1770e-03, -2.1411e-02,
        -1.2448e-03, -1.7184e-01, -1.2758e-04, -2.6479e-03, -1.9779e-05,
        -5.0435e-05, -6.5186e-02, -4.7343e-02, -9.8596e-02, -1.5646e-01,
        -5.5723e-07, -8.3367e-03, -1.0594e-02,  3.9962e-01,  2.9603e-01,
         1.1809e-01, -1.3226e-04, -5.9933e-04, -3.2851e-04, -4.7059e-05,
        -1.0248e-05, -8.4128e-05, -1.3177e-02, -4.6060e-02, -5.4048e-05,
        -2.4474e-03, -2.8604e-04,  3.9550e-01, -1.8143e-02,  1.2367e-01,
        -5.1496e-01, -1.5245e-02, -1.2894e-01,  2.2124e-01, -7.1508e-05,
        -3.9322e-05, -2.4820e-02, -9.6702e-06,  2.7963e-01,  4.7617e-01,
        -2.2144e-02, -1.6048e-02, -3.2476e-04,  2.2143e-01, -6.9881e-02,
        -1.0588e-03, -3.5624e-02, -3.4902e-04, -3.4313e-02, -9.9172e-03,
        -1.7199e-03, -1.6135e-03, -3.7739e-03, -5.2838e-02,  5.2748e-01,
        -9.2252e-02, -9.7603e-04, -2.3864e-02, -8.0749e-02, -1.8735e-02,
        -5.5775e-06, -1.0121e-01,  7.3917e-06], device='cuda:0')), ('fcs.1.weight', tensor([[ 1.7635e-03,  2.3215e-03,  3.1843e-07,  ..., -1.2709e-07,
          1.0537e-01, -2.3112e-06],
        [-7.3953e-06, -2.4243e-05, -1.0594e-10,  ...,  2.4570e-08,
          1.6053e-05, -1.0716e-07],
        [ 2.4408e-03,  5.0826e-03, -6.6771e-07,  ...,  5.7699e-06,
          1.1798e-01, -4.4891e-06],
        ...,
        [-3.6642e-03, -3.4496e-06,  3.7970e-06,  ..., -5.2221e-05,
         -8.3649e-03, -4.2802e-05],
        [-1.4572e-05,  4.8705e-06, -1.5725e-08,  ...,  2.7108e-06,
          1.3750e-05,  1.0377e-07],
        [-1.1315e-01,  1.4807e-03,  8.0985e-06,  ...,  1.8463e-06,
         -1.5405e-03, -4.0644e-06]], device='cuda:0')), ('fcs.1.bias', tensor([ 1.8691e-01, -3.8154e-03,  1.5082e-01, -9.8495e-02,  4.3751e-02,
        -8.3907e-02, -1.6958e-02, -2.5907e-02, -2.8500e-01, -7.9364e-03,
        -3.1328e-02, -1.9581e-02, -9.5960e-02,  2.7841e-01,  8.7064e-02,
        -4.0810e-01, -7.5811e-02, -3.9915e-01, -4.4059e-02, -2.8166e-05,
        -6.2569e-02, -7.7100e-03, -4.2699e-02, -3.0223e-02, -6.6922e-02,
        -4.6838e-02,  7.0797e-02, -8.5865e-02, -5.5480e-02, -4.6564e-02,
         2.2184e-02, -2.4581e-02,  4.3305e-02, -2.0199e-01, -4.4366e-02,
        -8.8607e-02, -1.1018e-01, -2.1498e-01, -2.9413e-01, -1.5547e-03,
        -6.2876e-04, -1.1705e-01, -1.6770e-01,  2.0526e-01, -2.5151e-02,
        -1.1275e-02, -3.6875e-03,  5.5347e-02, -8.7330e-03, -5.3420e-03,
        -5.3910e-04,  2.0324e-01, -7.1762e-02, -3.6718e-02, -7.2361e-03,
        -1.4129e-03, -3.2996e-02, -1.4113e-02, -4.4143e-03,  6.4820e-04,
        -1.9403e-02,  2.4701e-02, -1.7094e-03,  1.4531e-01], device='cuda:0')), ('fcs.2.weight', tensor([[-0.0087,  0.0033,  0.0450,  0.0212,  0.0666,  0.0084,  0.0037,  0.0065,
          0.0017,  0.0009,  0.0327,  0.0049, -0.0070, -0.1136, -0.0032, -0.0024,
         -0.0085, -0.0792, -0.0045,  0.0013, -0.0108,  0.0222, -0.2315, -0.0622,
          0.0162,  0.0079, -0.0192, -0.1342,  0.0809,  0.0186, -0.0583, -0.0448,
         -0.0351, -0.0031, -0.1291, -0.1247, -0.2462, -0.3837,  0.0552,  0.0060,
          0.0052, -0.2098, -0.0175, -0.0092,  0.0277,  0.0099, -0.0148,  0.0206,
          0.0159,  0.0218, -0.0666, -0.0134, -0.0297,  0.0380,  0.0167, -0.1035,
         -0.0987,  0.0093,  0.0043, -0.4013,  0.1202, -0.0236,  0.0010, -0.0109]],
       device='cuda:0'))])
end of epoch 1: val_loss 0.6610232313714934, val_acc 0.812
trigger times: 0
saving model weights...
Weights: OrderedDict([('fcs.0.weight', tensor([[-2.0609e-01,  1.2795e-03, -2.2903e-02,  ..., -5.6256e-02,
         -2.1790e-01,  4.0696e-02],
        [-3.7911e-02, -3.2869e-04,  5.0620e-04,  ...,  3.4453e-03,
         -6.0006e-02, -1.6668e-01],
        [-3.5088e-01, -1.7804e-01, -1.6669e-02,  ..., -9.0758e-02,
          5.0025e-02,  1.0049e-01],
        ...,
        [-3.9441e-01, -1.4880e-02, -3.4803e-01,  ...,  1.9065e-02,
         -4.1814e-01, -4.5777e-01],
        [ 4.2486e-01,  1.0284e-01,  3.9340e-01,  ..., -3.6231e-01,
          2.0850e-02, -1.3149e-03],
        [-9.5178e-02,  2.0870e-03,  5.1517e-02,  ...,  9.3748e-02,
         -1.4358e-01,  7.8050e-04]], device='cuda:0')), ('fcs.0.bias', tensor([-2.3361e-01, -6.1352e-02, -2.0796e-01, -1.2326e-02,  7.9497e-01,
        -7.9703e-02, -2.0891e-01, -3.6550e-01, -3.2708e-01, -8.1782e-02,
        -2.4381e-02, -1.1390e-01, -1.4683e-01, -1.3056e-02, -1.3273e-01,
         2.2534e-01, -2.6654e-01, -8.1343e-02, -2.9981e-01, -3.1830e-01,
        -4.7662e-02,  3.3659e-01,  9.2608e-02,  4.5870e-01, -7.4476e-02,
        -2.6256e-04, -1.0101e-04, -1.5242e-01, -3.8487e-01, -7.4893e-02,
         4.7423e-01, -1.4285e-01,  5.9409e-01,  2.0843e-01,  1.1981e-01,
        -4.8133e-02, -5.3755e-01, -2.4937e-01, -4.1364e-03, -2.8239e-01,
        -2.0962e-05, -1.1208e-01, -2.2074e-01, -6.3071e-01, -9.5681e-02,
        -2.1005e-01, -1.9006e-02,  4.1630e-01, -3.2218e-01, -1.0064e-02,
         1.7791e-01, -1.5054e-01, -8.7587e-02, -1.3894e-04, -3.1307e-01,
        -4.5892e-02, -1.5189e-01, -9.4600e-05, -4.0350e-01, -1.1236e-03,
        -1.3422e-01,  4.8550e-01, -5.5967e-01,  5.4235e-02, -3.5912e-02,
         8.1435e-01, -7.2775e-05, -2.1824e-01, -2.2398e-01,  3.1067e-01,
        -3.4342e-01, -1.7794e-01, -2.5341e-01, -4.9898e-03, -1.7252e-01,
        -3.9373e-01, -3.8270e-02, -5.7099e-03, -1.6204e-01, -1.0646e-02,
        -1.3610e-04, -4.2043e-01,  2.0328e-03, -7.6268e-02, -4.3443e-02,
        -1.7280e-01, -1.6220e-01, -1.3780e-01, -4.8447e-02, -3.8112e-02,
        -1.8097e-02, -4.4351e-01, -3.6456e-01,  4.2530e-01,  1.0108e-01,
        -4.3922e-02, -1.5113e-02,  9.0978e-03,  4.2869e-02, -4.0431e-01,
        -6.0686e-03, -1.4994e-02, -5.9299e-02, -1.2239e-01, -4.2185e-02,
        -8.8619e-04,  5.0918e-01, -2.8665e-01, -4.5501e-02, -3.4999e-01,
        -3.8440e-01, -5.3587e-05, -4.5338e-02, -1.1562e-01, -6.4591e-02,
        -2.3737e-02, -3.8783e-01, -2.8133e-01, -5.0143e-01,  4.0563e-01,
         2.9737e-01, -4.5539e-02,  3.5020e-01, -2.7945e-02, -7.6077e-02,
        -3.1054e-01, -1.0681e-01, -9.5708e-02], device='cuda:0')), ('fcs.1.weight', tensor([[ 1.9908e-02,  3.9898e-03,  8.5574e-02,  ...,  1.1292e-02,
          7.4596e-02, -8.3138e-04],
        [ 2.8138e-06,  4.5837e-06,  7.2207e-05,  ..., -2.8516e-05,
          5.3830e-04, -1.0446e-02],
        [ 1.4135e-01, -8.6786e-05,  8.6006e-02,  ..., -2.8906e-04,
         -2.1669e-02,  1.4547e-04],
        ...,
        [ 7.3603e-07,  3.8223e-06, -1.0257e-05,  ..., -2.2364e-06,
         -2.3138e-04, -6.7854e-02],
        [-1.2363e-04, -1.7922e-04,  1.2695e-01,  ..., -4.8494e-04,
         -2.1774e-01,  9.5499e-04],
        [ 1.1709e-03, -2.8771e-04,  3.4592e-02,  ..., -8.4719e-04,
         -1.1240e-04,  2.6384e-04]], device='cuda:0')), ('fcs.1.bias', tensor([ 1.8267e-03, -1.4886e-03, -2.0256e-01,  1.4418e-01, -4.0815e-04,
        -8.0092e-04, -1.8106e-02, -2.2487e-01, -7.5743e-02, -1.1483e-01,
         1.4255e-01, -1.4597e-01, -3.0111e-04, -1.7601e-02,  2.0047e-01,
        -1.8019e-01,  7.6975e-01, -1.8204e-03, -8.4007e-02, -4.5289e-02,
        -6.6525e-03, -2.8501e-03, -2.0071e-01, -2.0669e-03, -1.8842e-07,
        -1.6766e-02,  9.5481e-02, -1.1666e-01, -9.4779e-02, -8.3311e-02,
         2.5882e-03, -9.7968e-02, -1.3160e-04,  8.4742e-02, -9.8183e-04,
        -1.5697e-02, -4.2409e-01, -1.2486e-01, -9.9932e-02, -1.3476e-01,
        -3.9818e-01, -1.9312e-03, -2.9468e-03, -3.8219e-01, -7.7501e-02,
        -1.1415e-01, -1.1478e-01, -4.0029e-01, -3.2347e-02, -2.4784e-01,
        -8.4936e-02,  3.0973e-01, -1.3652e-01,  2.3953e-01, -7.2417e-02,
        -3.9038e-02, -7.3065e-02,  2.2490e-01, -2.0394e-01,  1.4629e-01,
        -3.3453e-03,  1.2264e-03, -1.3989e-01, -5.0660e-02], device='cuda:0')), ('fcs.2.weight', tensor([[-2.4556e-03,  7.0044e-05, -5.8478e-02, -2.6008e-02, -2.1591e-04,
          3.1221e-03,  2.0142e-03, -8.3466e-03,  6.1779e-02, -5.3611e-02,
         -9.5907e-03, -1.3002e-02,  2.9631e-02, -9.0623e-02, -1.1841e-02,
         -1.6121e-03, -4.8147e-02,  1.1369e-04, -1.3346e-01, -6.8047e-02,
          1.3990e-01,  1.6807e-01, -2.1207e-02,  3.1846e-03, -6.6113e-04,
          2.9480e-01,  1.1718e-02, -7.1990e-03,  1.1229e-03,  1.0515e-03,
         -7.3217e-03,  2.1913e-02,  9.7658e-04,  6.1128e-03,  6.7714e-05,
          4.9929e-03,  5.6127e-04, -1.6713e-01, -2.5946e-02, -2.0116e-02,
          2.3690e-03,  2.2075e-02,  9.2406e-02,  2.0050e-01, -4.7650e-02,
         -6.1236e-03, -3.1977e-01, -1.0236e-01, -1.4989e-02, -5.3031e-02,
         -6.4960e-02,  9.7403e-03,  4.6247e-02, -1.5559e-02, -9.1040e-02,
          2.9498e-02, -2.5090e-04,  1.6918e-03,  3.8221e-02, -1.0056e-02,
         -7.7168e-02, -3.1871e-04, -1.0991e-01, -1.4685e-01]], device='cuda:0'))])
end of epoch 2: val_loss 0.6325698986445752, val_acc 0.756
trigger times: 0
saving model weights...
Weights: OrderedDict([('fcs.0.weight', tensor([[-1.1762e-01, -1.1369e-01, -1.4180e-03,  ..., -1.2582e-01,
         -5.3937e-02, -1.4188e-01],
        [-2.7763e-01, -3.8242e-03,  5.4196e-02,  ..., -2.3740e-02,
         -1.9892e-01, -9.5518e-03],
        [-5.7498e-04, -9.9577e-05, -5.2010e-05,  ...,  2.7398e-04,
          1.0148e-05, -4.3202e-04],
        ...,
        [-4.8962e-02,  1.1488e-02, -3.9091e-05,  ..., -5.6552e-04,
         -3.5036e-02, -9.8333e-02],
        [ 2.4961e-02,  3.6846e-02,  1.2162e-03,  ..., -7.4881e-02,
         -1.1938e-02, -3.5741e-02],
        [-2.1185e-01, -1.0509e-01, -3.4277e-02,  ...,  1.6112e-01,
          1.5287e-01, -2.8535e-01]], device='cuda:0')), ('fcs.0.bias', tensor([-6.0559e-02, -1.2953e-01, -1.4518e-04, -6.9418e-03,  5.3639e-01,
         1.2293e-01, -1.8459e-02, -1.6827e-01, -1.2458e-01, -7.0155e-02,
        -3.7905e-01, -1.0734e-02,  4.0602e-06, -6.4424e-03, -4.9875e-04,
        -7.7437e-02, -1.2328e-02, -1.5734e-03, -2.6081e-01, -1.9530e-03,
        -3.8983e-04, -1.1148e-02,  3.1952e-01, -2.1968e-01, -2.8773e-01,
        -9.2285e-02, -2.3332e-05, -9.9384e-02, -1.2890e-03,  2.1384e-01,
        -7.7779e-02, -2.3885e-01,  4.6906e-01, -1.3727e-01,  2.1930e-03,
        -6.6037e-02, -4.9270e-01, -7.6922e-03, -1.8140e-03, -6.7050e-05,
         2.1716e-01,  3.6227e-01, -3.6077e-02, -1.6763e-01, -2.6471e-03,
        -3.9331e-02, -1.4170e-05,  5.3545e-01, -8.6406e-02, -2.1552e-01,
        -8.8391e-03, -5.9142e-03, -1.9499e-04, -2.1679e-01, -3.2629e-02,
        -1.4784e-01, -1.1281e-03,  4.2725e-01, -1.4276e-01, -1.8758e-02,
        -5.0430e-03, -9.8098e-02, -1.8497e-01, -9.1741e-02,  1.9502e-01,
        -7.8227e-02,  5.4317e-02, -1.5626e-01,  2.9368e-01, -2.9187e-02,
        -2.5208e-02, -1.1199e-02, -1.7795e-02, -7.0653e-03,  2.2106e-01,
        -1.3497e-02, -2.4710e-01,  2.9615e-01,  3.0799e-01, -2.1459e-01,
        -2.3913e-01, -5.4551e-02, -7.4939e-02, -1.9873e-02, -3.1416e-01,
        -3.6528e-02, -2.6078e-03, -3.6771e-04, -2.9906e-01,  1.9469e-04,
         2.1898e-01, -7.4106e-04, -9.7326e-03,  1.8661e-01, -1.8323e-01,
        -4.9848e-03, -7.9833e-02, -1.1711e-01, -1.7805e-02, -2.0364e-02,
        -2.0786e-01, -3.2914e-02, -1.2524e-01, -1.8462e-02, -1.1756e-02,
        -8.2284e-02,  4.6756e-01,  2.6988e-02, -1.2109e-01, -9.6575e-03,
        -3.2382e-03,  5.1817e-01, -3.2331e-01, -1.5732e-01, -3.2454e-02,
         4.3903e-01, -3.8918e-04, -2.0074e-02, -2.5445e-02,  6.8883e-01,
        -5.4153e-02, -7.4895e-02,  1.6569e-01, -3.5333e-02, -3.1525e-01,
        -2.7458e-02, -1.0246e-02, -9.2065e-02], device='cuda:0')), ('fcs.1.weight', tensor([[ 2.5429e-05,  5.8553e-05, -8.8183e-08,  ..., -4.9680e-06,
          5.4415e-03, -1.9022e-02],
        [ 2.6148e-03,  1.8346e-03,  3.3326e-05,  ..., -4.0611e-04,
          4.7240e-05,  1.0764e-01],
        [-8.6117e-05,  1.0704e-04,  6.2907e-06,  ..., -2.5045e-05,
         -1.8053e-03, -9.2433e-02],
        ...,
        [-7.4048e-04, -6.4850e-03, -8.1927e-06,  ...,  3.1660e-05,
         -4.1514e-05, -3.4100e-02],
        [-1.3327e-04,  5.1336e-04,  1.0440e-05,  ...,  9.9417e-06,
          4.1852e-04,  1.8252e-02],
        [-2.2495e-03,  1.4151e-02, -2.5110e-06,  ...,  3.2509e-06,
          2.0919e-04, -1.1628e-01]], device='cuda:0')), ('fcs.1.bias', tensor([-2.3936e-04, -1.5066e-01, -4.4010e-02, -2.6005e-01, -2.1523e-02,
        -5.2285e-02, -4.2252e-04, -3.1788e-01, -6.0602e-03,  3.7832e-02,
         8.7682e-02, -2.4618e-02, -1.0359e-01, -9.7534e-02,  1.9017e-01,
        -3.0253e-02,  4.1811e-02, -9.8269e-02, -2.7860e-03, -3.8600e-09,
        -2.3665e-01, -2.8669e-01,  2.5321e-02,  6.0943e-01, -9.0046e-03,
         3.2952e-01, -4.7829e-05,  4.7105e-02, -7.9766e-02, -3.4069e-03,
         2.3160e-02,  3.8208e-02, -6.0870e-02, -6.2730e-03, -5.9056e-07,
        -1.1411e-03, -1.4757e-01, -2.2798e-01, -9.3926e-02, -5.2469e-03,
        -2.3231e-01, -7.7989e-02, -3.6236e-02, -1.5403e-01, -3.5405e-02,
         2.9386e-01, -8.8507e-02, -2.7332e-01, -2.1336e-02,  2.3718e-01,
        -1.4297e-01, -2.3879e-01, -2.8610e-01, -1.1335e-01, -8.3876e-02,
        -2.2767e-01, -5.7670e-02, -2.5299e-02,  2.1993e-04, -8.2490e-04,
         4.7628e-01, -1.2462e-02,  4.6128e-02, -2.9568e-01], device='cuda:0')), ('fcs.2.weight', tensor([[-2.1916e-03, -1.0822e-01, -3.9254e-03,  1.7394e-01, -3.9424e-03,
         -1.4139e-02, -3.3962e-04,  2.4575e-01, -3.2189e-02,  2.5379e-03,
         -3.9168e-02, -3.2817e-03, -4.0199e-04,  1.0128e-01,  2.3290e-02,
          5.1522e-03, -2.3605e-01, -3.8980e-03,  1.3670e-01,  2.6456e-05,
          9.9328e-03,  4.7939e-02,  9.8035e-02, -4.2480e-02, -5.7774e-03,
          1.1888e-02, -4.6706e-03,  1.7732e-02,  9.0421e-02,  2.1108e-03,
          8.1646e-02,  4.5638e-02, -3.0175e-01,  2.1288e-02, -6.7525e-02,
          7.0187e-03,  2.2321e-02,  8.3421e-04, -1.0359e-01, -4.3924e-03,
         -8.6330e-02, -3.4486e-01, -2.3009e-03,  1.5984e-01,  1.9899e-01,
          7.6682e-02,  7.7259e-02,  1.6423e-02, -2.0552e-03,  1.0794e-03,
          2.1388e-02,  1.1642e-01,  1.3576e-03, -1.0933e-01,  1.3986e-01,
         -1.1288e-02,  4.4754e-02,  1.4193e-02, -1.6380e-05, -9.4367e-03,
          6.1903e-03,  2.8073e-02,  6.4362e-03,  1.2565e-01]], device='cuda:0'))])
end of epoch 3: val_loss 0.4363206899130661, val_acc 0.77
trigger times: 0
saving model weights...
Weights: OrderedDict([('fcs.0.weight', tensor([[-4.0761e-01, -7.4048e-02, -4.6925e-02,  ..., -1.3031e-01,
         -3.3642e-01, -1.7776e-01],
        [-1.3080e-01, -1.5816e-01, -8.9632e-02,  ..., -4.0995e-01,
         -3.0694e-01,  3.8546e-01],
        [-5.6802e-01, -1.7609e-01,  2.9540e-01,  ...,  2.3350e-01,
         -4.1100e-01, -5.7398e-01],
        ...,
        [-9.1393e-06, -1.8984e-04,  1.2566e-07,  ...,  1.6369e-06,
         -1.2411e-05, -1.4999e-05],
        [ 8.6433e-02, -2.4378e-02,  8.5190e-02,  ...,  5.0104e-02,
          9.0899e-01,  4.4983e-01],
        [-3.0241e-01, -8.5200e-02,  4.5904e-01,  ...,  6.1346e-01,
         -1.0442e-01, -5.2592e-01]], device='cuda:0')), ('fcs.0.bias', tensor([-4.2122e-01, -2.9085e-01, -4.3828e-01, -4.2509e-03, -9.1404e-02,
        -1.6279e-01, -9.5594e-03,  1.5033e-01,  2.0066e-01, -3.5918e-01,
        -1.4090e-01, -2.8980e-01, -7.3545e-06, -8.3945e-02, -1.2267e-02,
        -4.1280e-05, -1.4960e-02, -5.5982e-03, -1.9913e-03, -2.5685e-01,
        -2.0691e-04, -8.0951e-02, -9.9127e-04, -1.5627e-05,  7.3516e-02,
        -1.4912e-01, -1.4339e-02, -6.2024e-02, -4.2068e-01, -3.6038e-04,
        -9.2322e-03, -2.1105e-07,  1.8716e-01, -2.0984e-05,  6.2180e-01,
         7.5635e-01, -7.2209e-03, -3.4117e-02, -4.9600e-01, -1.4737e-01,
         4.6699e-01, -1.5157e-01, -5.0354e-02, -1.8119e-01,  1.2047e-06,
        -5.9219e-02, -2.4551e-01, -2.7030e-02, -1.6902e-01, -1.4621e-02,
        -7.5112e-07,  1.3780e-01, -1.4302e-01, -1.6153e-03,  4.9091e-02,
        -5.8867e-02, -5.3603e-05, -2.7027e-03, -4.6041e-02, -1.0885e-08,
        -1.2710e-01, -8.1580e-05, -2.0588e-04,  7.0590e-01, -1.6249e-01,
         6.2639e-01,  4.2655e-01, -4.5369e-04, -2.5197e-04,  3.3392e-01,
         4.5772e-01, -1.7882e-01, -3.8773e-04, -2.5027e-01, -6.1298e-02,
        -3.1915e-03, -9.8822e-03, -1.4963e-01, -2.7229e-01, -2.5931e-06,
         4.6905e-01,  5.7574e-01, -1.3331e-06, -4.4733e-04, -2.5451e-04,
        -4.7723e-02,  5.2579e-02,  6.4445e-01, -2.1757e-03, -5.9775e-02,
         6.6374e-02,  3.0516e-01,  4.1674e-09,  3.9145e-01, -9.1526e-02,
        -6.0733e-02,  2.9845e-03, -2.2959e-01,  4.5789e-01, -1.3519e-01,
        -5.4547e-06,  5.1562e-01, -8.2848e-02, -3.1594e-02, -2.6379e-07,
        -4.3401e-03, -2.6510e-01,  5.2409e-01, -8.2798e-05,  5.0240e-01,
         3.4606e-01, -3.7359e-02, -3.0526e-05, -3.6229e-03,  6.6860e-01,
        -2.0394e-03, -1.5213e-11, -1.5374e-01, -4.3164e-01, -4.2460e-01,
        -4.4621e-04, -2.7343e-01, -9.7113e-02, -2.2495e-01,  2.3938e-01,
        -1.2985e-05,  8.4324e-01,  3.6821e-01], device='cuda:0')), ('fcs.1.weight', tensor([[ 2.3296e-02, -2.4738e-02,  2.0871e-03,  ...,  8.5655e-07,
          2.0077e-01, -5.4337e-02],
        [ 8.3675e-05,  3.3341e-04, -4.0299e-05,  ..., -6.8500e-07,
         -3.0107e-02,  1.1516e-02],
        [ 8.4782e-06, -3.4290e-01,  4.5475e-01,  ..., -3.1487e-06,
         -7.4452e-02,  9.8540e-02],
        ...,
        [ 2.3022e-03,  7.7775e-02, -8.8972e-02,  ...,  1.1516e-05,
         -2.5324e-01, -3.8396e-02],
        [ 3.2774e-05,  1.3767e-04, -9.8577e-07,  ..., -7.8892e-08,
          8.7052e-04, -6.2400e-04],
        [ 2.2977e-03,  4.1854e-02, -1.4178e-03,  ..., -1.9934e-06,
          2.5318e-02, -6.0223e-02]], device='cuda:0')), ('fcs.1.bias', tensor([ 6.2560e-02, -5.2911e-08, -3.0641e-03,  5.3591e-04,  5.8265e-03,
        -1.2704e-01,  1.0544e-01, -1.7822e-01, -2.0750e-03,  9.7436e-02,
         1.3280e-02, -2.6134e-03, -1.0649e-01, -5.9223e-05, -2.7917e-02,
        -6.2689e-05,  5.4345e-02, -1.6483e-02, -1.2115e-01, -1.3086e-01,
        -4.9286e-03, -3.1423e-05,  2.9667e-01,  1.8724e-03, -1.8844e-02,
        -4.0592e-03, -1.0093e-01,  1.1413e-02, -2.1787e-01, -8.5043e-04,
        -1.6265e-01, -3.3632e-04, -4.5285e-02, -3.2425e-02, -1.1732e-01,
        -6.3932e-02, -2.1757e-01, -6.4312e-05,  2.8250e-01, -1.3777e-01,
        -1.0509e-01, -4.0221e-01,  5.2044e-07, -4.0406e-06, -9.2466e-02,
        -4.8257e-04,  1.9960e-01,  3.9336e-04, -2.5794e-01, -2.7754e-04,
        -1.9957e-01,  1.8887e-01, -9.9940e-05,  3.2235e-01, -6.7624e-02,
        -4.8875e-02, -3.2375e-01, -1.2182e-03,  7.6650e-03, -1.0510e-01,
         7.6000e-02, -2.4090e-02, -2.8959e-06, -6.7865e-02], device='cuda:0')), ('fcs.2.weight', tensor([[-1.3564e-02, -2.2051e-03,  4.3783e-02, -1.2129e-01,  1.2019e-01,
          1.1600e-01, -4.9036e-02,  9.8216e-04, -7.4060e-02,  8.7585e-02,
         -1.5393e-02,  3.6430e-01, -1.9343e-02, -5.0147e-02,  1.3126e-02,
         -7.4200e-02, -6.0955e-02,  2.4476e-01,  2.2706e-03, -4.2671e-02,
          2.8283e-03, -2.4750e-04, -3.2093e-02, -1.1754e-01, -4.4395e-01,
         -2.4933e-02,  7.9337e-03, -2.4899e-01,  1.1931e-01,  1.4536e-01,
          3.1199e-02,  9.8875e-02, -3.3743e-03,  1.2211e-01,  5.5969e-03,
          2.4982e-01,  4.3006e-02,  2.1766e-03, -6.0950e-02, -3.5746e-01,
         -2.6903e-02, -6.3788e-02,  4.2517e-02, -2.7087e-04,  1.6510e-02,
         -5.2128e-04, -9.8132e-03,  2.1174e-02,  1.1385e-01,  7.2790e-03,
          1.8279e-02,  6.7912e-02,  5.1413e-04, -4.1118e-02, -2.0498e-01,
         -1.8143e-01,  1.6584e-01, -9.9004e-04, -5.4389e-03, -4.0924e-02,
         -1.3129e-02, -1.5486e-01, -6.1245e-04, -1.0289e-01]], device='cuda:0'))])
end of epoch 4: val_loss 0.7191740711539185, val_acc 0.824
trigger times: 1
end of epoch 5: val_loss 0.39110166303504407, val_acc 0.81
trigger times: 0
saving model weights...
Weights: OrderedDict([('fcs.0.weight', tensor([[-8.3270e-02,  5.2119e-03, -1.0411e-03,  ..., -4.6386e-04,
         -7.6030e-02, -6.2737e-03],
        [-1.0165e-03, -7.7194e-04, -3.5367e-05,  ...,  1.7884e-02,
          9.0872e-05, -5.1411e-03],
        [-1.6408e-01,  5.7105e-03,  1.4211e-01,  ...,  2.6118e-01,
         -1.2339e-02,  4.0606e-02],
        ...,
        [-4.4734e-04, -1.3163e-04, -6.6207e-06,  ..., -2.1123e-04,
         -4.5354e-04, -3.6009e-05],
        [ 1.9683e-01,  2.2510e-03,  1.0437e-01,  ...,  4.1484e-01,
          6.4493e-01, -7.0646e-02],
        [ 1.1431e-01, -5.0350e-02, -8.5464e-02,  ...,  3.9897e-02,
         -3.0778e-02,  2.4358e-02]], device='cuda:0')), ('fcs.0.bias', tensor([-8.1771e-02, -1.4035e-04, -1.0782e-02,  3.9241e-01, -2.4040e-02,
         1.0682e-02,  8.5822e-01,  4.9456e-01, -1.0534e-01,  9.4601e-09,
        -6.2355e-04, -7.6991e-06,  4.6609e-01,  4.1543e-01, -7.7413e-05,
        -4.7972e-02, -1.9227e-02,  4.3014e-06, -6.2308e-02,  2.1757e-01,
        -6.0239e-07, -1.8929e-03, -5.3152e-06,  5.4782e-01,  4.1210e-01,
         8.4273e-02, -4.1265e-04, -3.4212e-03,  6.5404e-01, -5.7149e-02,
        -1.4549e-02, -5.9524e-02, -8.6388e-09, -7.7504e-04, -2.4758e-01,
         2.4811e-01, -2.2650e-02, -5.9617e-02, -7.1688e-02,  1.1022e-08,
        -8.0190e-05, -9.9018e-03, -1.1276e-01, -1.4296e-02, -2.0400e-02,
         3.3687e-08,  2.2514e-01, -5.6356e-01, -4.2295e-02, -6.2910e-02,
         9.7174e-03,  3.2905e-01, -6.7886e-01, -2.5566e-01, -2.2123e-06,
        -4.3705e-01, -1.8586e-02,  2.0403e-02, -1.1564e-01, -6.5712e-02,
        -2.9339e-03, -6.8737e-02,  5.8454e-07,  1.5066e-01, -3.0783e-01,
        -1.7120e-03, -1.6218e-01, -6.2391e-02, -8.0511e-05, -6.9398e-07,
        -2.6954e-01,  3.1148e-01,  3.7185e-02, -2.2189e-01, -4.5077e-02,
         9.7157e-02, -6.6645e-03, -1.4491e-01, -7.5805e-07, -7.1951e-04,
        -9.8929e-06, -5.2247e-03, -5.6324e-02, -6.9173e-02, -1.2972e-02,
        -2.8202e-03, -2.6411e-01,  2.0147e-01, -3.5983e-05, -5.4765e-01,
        -1.2565e-02,  2.3893e-01, -9.1563e-03, -5.2782e-02,  8.4368e-01,
         4.6985e-02, -4.6106e-02, -1.0309e-01, -2.5936e-02, -1.2210e-04,
         6.5331e-03, -2.2349e-01, -1.6613e-04,  6.0477e-01,  3.9809e-01,
         3.1254e-01,  3.0396e-01, -8.2040e-05, -7.9299e-02, -7.4694e-02,
        -3.1496e-02, -1.1585e-01, -1.4624e-03, -7.6555e-02,  4.3995e-01,
        -7.4292e-03,  2.7208e-05, -1.5480e-01, -3.4734e-02, -8.5659e-05,
         4.8514e-05,  8.6761e-02,  3.3504e-01, -3.1224e-01,  1.6339e-07,
        -8.5561e-04,  4.8263e-01, -6.8468e-02], device='cuda:0')), ('fcs.1.weight', tensor([[-1.1340e-04, -3.5337e-06, -9.9009e-04,  ...,  7.1406e-07,
         -4.0834e-01, -6.2536e-02],
        [ 6.2159e-04, -6.6974e-07,  2.5729e-03,  ...,  1.4669e-02,
         -2.1406e-01, -1.8568e-03],
        [-6.2175e-04,  4.4026e-05, -1.8214e-01,  ..., -2.0367e-05,
         -1.8693e-01,  2.3844e-02],
        ...,
        [-9.6561e-06,  1.5217e-06, -4.5501e-05,  ...,  2.0840e-09,
         -9.4516e-02, -4.4473e-05],
        [-9.5517e-07,  2.1356e-08, -7.8772e-06,  ..., -9.6141e-09,
         -2.3382e-02,  8.4557e-06],
        [ 5.5174e-07,  1.5357e-08,  2.0040e-06,  ...,  7.7902e-10,
         -2.1728e-03, -4.3990e-06]], device='cuda:0')), ('fcs.1.bias', tensor([-7.6069e-02, -2.3488e-02, -1.8821e-03,  1.3855e-01, -1.8735e-01,
        -6.3454e-03, -2.6022e-04,  2.1205e-01, -7.7655e-03, -6.5467e-05,
        -5.3353e-04,  3.8379e-01, -1.4627e-01, -1.3062e-06,  6.1932e-01,
        -1.9063e-01, -3.3067e-02,  2.2182e-01, -6.1834e-03, -1.6257e-02,
        -1.9306e-01, -1.4344e-01, -6.6850e-02, -1.7902e-02, -1.4411e-02,
        -7.9221e-02, -7.8280e-02, -2.6047e-04, -1.7740e-02, -2.6740e-03,
        -2.5221e-04, -1.7682e-01, -4.9318e-03,  8.4720e-02, -6.7224e-03,
        -3.1137e-01, -1.2275e-01,  1.5619e-01, -2.4453e-02, -3.2778e-03,
        -1.1449e-01, -5.4359e-03, -1.8467e-01, -8.9108e-02, -1.4983e-02,
        -1.6756e-01, -5.1712e-02, -9.4089e-02, -5.7895e-02, -1.1604e-01,
        -3.4558e-03, -3.4936e-02, -1.1431e-03, -5.0488e-04,  7.0397e-02,
        -2.3310e-02, -4.0315e-01,  5.4991e-02,  6.9067e-02, -1.1856e-02,
        -1.6237e-01, -3.2616e-03,  7.1361e-03, -2.7519e-10], device='cuda:0')), ('fcs.2.weight', tensor([[ 4.5240e-02, -1.6345e-01,  1.5807e-01, -9.4369e-03, -9.4928e-03,
         -1.2092e-01, -1.5613e-03,  1.3270e-02, -1.0966e-02,  1.3254e-01,
         -1.1813e-03,  4.5045e-02,  5.8735e-02,  4.9162e-02, -1.4561e-02,
          2.1237e-01, -7.2213e-03,  1.0298e-02, -5.5338e-03, -4.1090e-02,
          2.0318e-02, -3.1328e-02, -4.7450e-02, -1.9647e-02, -1.4206e-02,
          8.4116e-02,  9.7938e-02,  8.5143e-02, -1.3582e-02, -8.1787e-03,
          1.0638e-03, -2.9166e-02,  4.4122e-03, -3.5388e-02,  4.5091e-05,
          4.8128e-02,  8.7475e-03, -4.0077e-03, -1.3622e-01, -4.3838e-03,
         -1.1700e-02, -2.4607e-04, -2.8620e-02, -3.3596e-02,  2.6160e-03,
         -2.4398e-02, -3.1362e-03,  4.3170e-02, -6.1924e-02, -5.4836e-02,
         -3.2018e-01,  6.5079e-02,  6.7520e-03, -6.0606e-03, -2.6440e-02,
          3.8394e-02, -2.0981e-01,  1.7210e-02, -7.3454e-03, -2.5592e-03,
          1.0695e-02,  1.6196e-03,  3.2163e-04, -5.7314e-05]], device='cuda:0'))])
end of epoch 6: val_loss 0.4041502108030769, val_acc 0.816
trigger times: 1
end of epoch 7: val_loss 18.6462964356116, val_acc 0.734
trigger times: 2
end of epoch 8: val_loss 1.2982627414291465, val_acc 0.778
trigger times: 3
end of epoch 9: val_loss 13.380908941770423, val_acc 0.716
trigger times: 4
end of epoch 10: val_loss 0.39690233215312715, val_acc 0.8
trigger times: 5
end of epoch 11: val_loss 0.4095713939654993, val_acc 0.806
trigger times: 6
end of epoch 12: val_loss 0.3610967074777181, val_acc 0.826
trigger times: 0
saving model weights...
Weights: OrderedDict([('fcs.0.weight', tensor([[-1.7569e-02,  7.7887e-02,  8.9473e-03,  ..., -3.2562e-02,
         -8.4265e-03, -1.3711e-02],
        [-1.6790e-03,  1.1721e-03, -5.3119e-04,  ..., -1.8501e-02,
          2.5816e-03, -2.2189e-03],
        [-7.5270e-05,  3.0831e-04,  1.6191e-06,  ...,  3.7434e-05,
         -5.7465e-05, -5.2932e-03],
        ...,
        [-1.0456e-02,  2.4016e-02,  3.0308e-03,  ...,  3.6792e-02,
         -3.1464e-02,  1.7814e-03],
        [-1.4500e-01, -6.9025e-02, -7.2320e-02,  ..., -1.5253e-01,
         -2.2716e-01, -2.3518e-01],
        [-7.1222e-04, -2.7346e-04,  1.2987e-06,  ...,  3.1941e-03,
         -1.3216e-04, -4.5558e-05]], device='cuda:0')), ('fcs.0.bias', tensor([-4.3571e-03, -6.0656e-04, -1.1694e-04, -2.8152e-02, -2.4494e-02,
        -7.0999e-04, -5.5715e-03, -3.7084e-04,  2.5387e-01, -1.9618e-01,
        -1.4843e-01, -1.2133e-05, -1.5219e-04, -7.5618e-03, -6.3613e-02,
        -2.7167e-03, -2.9643e-13, -2.6508e-04, -1.9243e-03, -8.8809e-04,
        -5.1541e-02, -8.3539e-03, -5.6794e-05, -1.3585e-01, -1.4196e-03,
        -3.0801e-04,  2.5555e-01, -2.9461e-12, -3.6378e-02, -5.2238e-02,
         2.2991e-01,  1.4302e-05, -1.8331e-03, -3.3983e-02, -4.7685e-02,
         1.7023e-07, -8.9053e-02, -2.5611e-03,  9.4787e-05,  1.7540e-01,
         2.4240e-04,  3.9838e-01, -1.8848e-03,  2.4987e-01, -1.8373e-03,
        -6.6981e-04,  1.7996e-01, -1.3400e-04,  1.0799e-01, -3.1837e-04,
         1.0125e-04, -3.4752e-04,  2.6907e-15, -1.2663e-04, -4.8534e-06,
        -9.6755e-03, -9.3327e-02, -1.3666e-03, -4.7018e-05, -8.3283e-09,
        -4.4640e-05,  9.4430e-03, -3.0130e-03, -5.7561e-04,  9.7069e-02,
        -4.9772e-03, -7.2079e-04, -5.9581e-02, -2.3898e-05, -1.2592e-03,
        -1.0015e-04,  5.0647e-01, -1.3994e-04, -8.0723e-02,  6.9684e-02,
        -3.0076e-02, -4.0477e-05, -9.4328e-05, -1.4018e-01, -4.9580e-02,
        -7.8614e-03, -3.2423e-03, -7.8647e-03, -6.7093e-02,  1.5432e-01,
         2.2064e-01, -3.8607e-03,  3.1316e-01, -3.1596e-05, -1.1528e-02,
        -4.7228e-03, -1.1482e-01, -4.1926e-02, -1.2221e-09, -7.9725e-05,
        -2.2370e-02, -1.3964e-02, -9.4933e-04, -1.0417e-01, -6.2175e-02,
        -8.7823e-03,  2.4871e-01, -1.4206e-04, -1.3585e-04, -2.3516e-04,
        -1.2513e-02, -8.0345e-02, -1.5421e-04, -3.9043e-02,  2.6106e-01,
        -6.9003e-02, -3.6515e-02,  8.2886e-02, -1.2747e-02, -2.2705e-04,
        -9.2400e-06, -2.5779e-02, -1.3438e-07, -1.0856e-01, -1.6746e-03,
        -5.0773e-06,  2.9145e-01, -1.2873e-02, -7.8350e-04, -7.2182e-02,
        -2.8136e-02, -2.7439e-01, -6.4665e-04], device='cuda:0')), ('fcs.1.weight', tensor([[-6.1096e-03, -6.0893e-03, -2.2572e-04,  ..., -1.1263e-02,
          3.5244e-03, -1.7452e-03],
        [-6.3551e-04,  5.3439e-03,  8.9133e-05,  ...,  3.8213e-03,
         -2.0575e-02,  3.1672e-04],
        [-5.4886e-02,  8.8831e-03,  3.2329e-06,  ...,  6.6095e-04,
         -1.5785e-01,  1.2673e-04],
        ...,
        [-1.7006e-04, -3.3854e-04, -5.3949e-05,  ..., -5.7480e-04,
          1.4390e-02, -1.4903e-04],
        [-4.9465e-03, -3.8066e-05, -2.8030e-07,  ..., -2.9250e-03,
         -1.8261e-02,  5.1895e-06],
        [ 1.7498e-02,  9.8021e-03,  5.8785e-06,  ..., -1.1952e-02,
          7.5118e-02,  3.7799e-06]], device='cuda:0')), ('fcs.1.bias', tensor([ 1.6130e-01, -1.1052e-01, -1.5657e-01, -1.4433e-04, -5.0670e-03,
         7.2150e-03, -9.8261e-03, -8.4573e-02, -5.1611e-06,  4.8752e-02,
        -7.9486e-02, -2.8914e-04, -1.2674e-01, -2.2142e-03, -1.0222e-01,
        -6.1355e-02, -1.2792e-01, -1.6484e-03, -6.1967e-02,  7.9017e-04,
        -8.0287e-04, -5.0478e-05, -1.3624e-01, -2.0084e-04,  1.9957e-02,
        -5.1974e-04, -1.3690e-03, -2.4661e-01, -1.5570e-04, -2.2219e-02,
        -1.1449e-01, -2.0288e-02, -7.7799e-02, -5.8168e-03, -4.1825e-03,
         4.8235e-05, -9.9844e-03, -1.6843e-01, -7.2021e-05, -1.5262e-06,
        -1.0795e-04, -2.2514e-02, -5.7258e-08, -3.0046e-02, -5.3586e-04,
        -6.0435e-02, -5.8355e-06, -1.2439e-01, -3.4344e-04,  7.0207e-05,
         3.0557e-02, -1.6391e-02, -1.9208e-03,  2.3843e-03, -2.4889e-03,
        -7.2503e-02, -2.2712e-04,  8.3528e-05, -5.9811e-11,  4.7683e-07,
        -2.7293e-07, -1.2519e-01, -7.2859e-04, -9.8587e-03], device='cuda:0')), ('fcs.2.weight', tensor([[-1.1427e-02,  1.4341e-01, -1.3913e-01,  2.4601e-03, -2.3195e-02,
         -7.5838e-03, -1.5482e-01, -6.5292e-01, -5.4300e-03, -2.4588e-01,
          8.9714e-03,  2.5854e-02,  1.2263e-01,  1.1887e-02,  4.6887e-02,
         -9.5573e-02, -1.0974e-01,  1.6627e-02, -1.8544e-01, -2.7942e-02,
          6.0145e-02,  2.8964e-03, -7.5283e-02, -1.5097e-01,  1.4707e-02,
          2.7278e-02, -3.7230e-01,  7.7406e-02, -9.0696e-02, -5.4616e-02,
         -4.0419e-01, -3.6473e-02,  1.6631e-01, -2.3331e-02,  7.0087e-03,
          3.1431e-03, -3.7453e-02,  4.6364e-02,  8.3343e-03,  2.3792e-02,
          2.8521e-02, -6.3626e-02, -1.9505e-02,  6.7715e-02, -6.2214e-02,
          8.3443e-02, -1.0207e-03,  4.8520e-02, -2.9935e-02,  9.8533e-02,
         -1.1328e-01, -1.1497e-01, -1.5680e-02,  2.8260e-02,  2.6910e-01,
         -6.6402e-02, -1.1700e-01, -1.5458e-02,  1.1482e-04,  1.7099e-01,
         -3.4806e-03, -1.1198e-01,  3.6238e-02,  2.4460e-02]], device='cuda:0'))])
end of epoch 13: val_loss 0.3558284967580462, val_acc 0.822
trigger times: 0
saving model weights...
Weights: OrderedDict([('fcs.0.weight', tensor([[-8.2366e-02,  1.2382e-02, -1.9992e-03,  ..., -3.3391e-03,
         -1.3742e-01,  1.2169e-02],
        [ 1.3498e-09, -9.6109e-11,  3.7909e-10,  ..., -2.0243e-10,
         -1.3519e-10, -8.4157e-10],
        [-6.9104e-02,  8.6761e-03, -5.4649e-04,  ...,  7.5895e-03,
         -1.0295e-01,  7.3806e-02],
        ...,
        [ 4.8501e-07,  5.6440e-05,  2.1871e-07,  ...,  2.0162e-05,
          7.6239e-08, -2.5233e-05],
        [-3.8274e-05, -3.7139e-03, -4.5545e-06,  ..., -1.8241e-03,
         -4.2632e-05, -5.7833e-05],
        [-4.6383e-03, -7.3576e-05, -2.3452e-03,  ..., -1.7577e-03,
         -3.7710e-03,  1.0222e-04]], device='cuda:0')), ('fcs.0.bias', tensor([-8.2879e-02,  1.0155e-10, -1.0063e-01, -6.6169e-02, -2.2406e-04,
         1.4545e-09, -2.8311e-09, -8.0934e-13,  1.2942e-01, -9.8683e-05,
         8.0756e-08, -1.4151e-04,  7.3685e-03, -8.3794e-07, -1.2011e-05,
        -2.4801e-02, -1.2028e-04, -6.6270e-11, -2.0933e-02, -2.5166e-02,
         9.8963e-02,  3.7858e-09, -1.2361e-01, -2.7079e-06, -6.5550e-02,
         1.5857e-01,  6.2427e-02, -6.4521e-02, -1.1943e-01, -1.3527e-08,
         4.3529e-03, -8.8882e-02,  8.3181e-08,  1.9214e-01, -5.9149e-09,
        -3.9338e-02, -5.2713e-07, -2.1981e-04,  7.2900e-02, -3.8369e-02,
        -4.4932e-05,  7.5099e-02, -1.3472e-08, -3.1447e-04,  8.1357e-09,
         1.1437e-01,  9.3692e-03, -7.1045e-02, -6.9547e-02, -6.9726e-02,
        -3.4896e-02,  6.4495e-02, -9.2940e-09, -3.4723e-10,  4.1066e-03,
        -4.1894e-07, -1.7745e-04,  7.6761e-02, -5.2190e-02, -6.4752e-06,
        -4.4998e-02, -8.7283e-02,  1.2624e-01, -1.5943e-12, -9.4853e-07,
        -9.8545e-04, -6.6598e-03,  1.5514e-08, -7.5054e-02,  1.6222e-01,
        -7.7785e-07,  6.0643e-01,  1.2436e-01, -8.0151e-08, -1.6522e-04,
        -7.1380e-07, -2.7780e-03, -2.8601e-02, -5.0590e-08, -9.5837e-06,
        -3.6097e-05,  8.9642e-13, -6.8829e-02, -1.6022e-07, -2.2818e-04,
        -4.1544e-02,  4.1202e-09, -8.1571e-03, -1.8370e-02,  5.4308e-09,
         9.4924e-14,  2.8194e-07, -5.1201e-02, -8.1606e-04, -1.1836e-02,
         1.6384e-04,  1.4597e-08, -6.6677e-02, -4.5446e-07, -6.5519e-03,
         3.1726e-08,  1.7536e-01, -4.7587e-02, -3.6604e-04, -7.3838e-02,
        -6.2786e-08, -4.7035e-02, -5.5577e-02, -5.7631e-05,  1.7534e-01,
        -3.6756e-07, -5.0833e-02, -2.5313e-03,  1.0416e-01, -1.4453e-01,
        -5.8090e-02,  7.1188e-06, -2.2711e-02,  6.3335e-08, -6.0371e-04,
        -4.1492e-03,  8.9772e-02, -6.4896e-05, -3.3783e-02, -3.2104e-01,
         1.5766e-07, -4.0562e-05, -3.6083e-03], device='cuda:0')), ('fcs.1.weight', tensor([[-8.6604e-05, -1.2018e-08, -1.3647e-02,  ..., -9.4294e-07,
         -5.3395e-05,  1.1523e-04],
        [ 1.0485e-06,  1.1577e-11, -3.7277e-05,  ...,  1.3031e-08,
         -2.8460e-07, -2.3214e-07],
        [-4.2089e-06,  1.0576e-10,  1.7491e-03,  ...,  1.0418e-07,
         -3.2633e-06,  4.8184e-06],
        ...,
        [-2.0640e-06, -1.0579e-10, -1.2310e-04,  ..., -9.6342e-09,
         -1.4868e-06,  6.0236e-07],
        [-4.7039e-06, -2.3370e-11, -3.5901e-05,  ..., -1.7107e-08,
         -2.8850e-07,  1.8793e-06],
        [ 5.9590e-07,  2.2706e-12,  1.6286e-05,  ...,  3.1049e-09,
          2.9312e-05, -3.2561e-07]], device='cuda:0')), ('fcs.1.bias', tensor([ 1.1722e-02, -2.6869e-03, -2.2564e-02, -4.8478e-03, -1.2841e-06,
         4.5468e-04, -4.6712e-03, -2.1548e-01, -2.3485e-01, -5.0437e-03,
         1.7325e-10, -1.3302e-02, -3.1285e-03, -2.2031e-04, -6.1407e-05,
        -7.9439e-04, -3.4960e-02, -5.7916e-10, -7.6788e-02,  3.3617e-10,
        -1.0169e-09, -2.3016e-09, -3.2193e-04,  3.8806e-03,  3.5365e-02,
        -3.2347e-07, -7.4112e-03, -9.5851e-02,  1.1019e-02, -1.6271e-03,
         2.6777e-01, -1.2209e-02, -6.9755e-02, -1.9452e-01, -2.0337e-03,
        -4.5099e-02,  7.3238e-04, -9.5928e-04, -4.0154e-02, -9.0847e-06,
        -7.4478e-05, -7.2388e-03, -3.4023e-04, -4.9784e-04, -6.0087e-05,
        -3.5812e-10, -2.1202e-01, -4.3187e-05,  5.7374e-10, -2.7165e-03,
        -2.7107e-02,  6.9741e-05, -1.4180e-03, -1.5825e-02, -8.2578e-02,
         1.4548e-01, -1.5356e-01, -6.4320e-03, -5.6333e-02, -8.2344e-03,
        -7.8357e-02, -1.8189e-02, -9.8769e-03, -1.2297e-09], device='cuda:0')), ('fcs.2.weight', tensor([[ 2.2007e-01, -2.1449e-03, -1.6830e-02, -1.2533e-02, -1.3640e-03,
          1.4396e-01, -8.6629e-03, -6.0668e-01,  5.2829e-03, -4.9817e-02,
          8.5673e-05, -3.7160e-02,  1.9570e-04,  4.8585e-02,  1.9191e-02,
         -2.9991e-01,  1.9889e-01, -2.8512e-04,  4.4726e-02,  1.1404e-04,
         -3.4033e-04, -8.1378e-04, -2.1096e-03,  6.9469e-02, -1.0132e-01,
          1.0897e-03,  8.2709e-02,  4.1719e-02, -4.9246e-02,  1.0145e-01,
         -2.0437e-02, -1.1470e-02,  5.0237e-04, -2.5786e-01, -1.1221e-01,
         -1.9309e-02,  2.7484e-02,  2.8693e-03, -1.6941e-02, -8.4388e-04,
         -2.8987e-03,  2.1753e-03,  8.0506e-03, -1.0380e-03, -3.2692e-04,
         -6.5528e-05,  2.3398e-01,  6.0158e-03,  4.2192e-04, -3.7122e-03,
          6.3288e-03, -1.3863e-02, -1.6959e-03, -3.0679e-02,  3.9764e-02,
         -8.0123e-03,  1.1623e-01,  3.0227e-02, -5.3813e-04,  2.0314e-03,
          1.4311e-02,  2.6467e-03,  1.1827e-03, -5.3385e-04]], device='cuda:0'))])
end of epoch 14: val_loss 0.8218139589714609, val_acc 0.756
trigger times: 1
end of epoch 15: val_loss 1.3564600174476245, val_acc 0.75
trigger times: 2
end of epoch 16: val_loss 0.41888042298503136, val_acc 0.786
trigger times: 3
end of epoch 17: val_loss 0.33970599261210377, val_acc 0.828
trigger times: 0
saving model weights...
Weights: OrderedDict([('fcs.0.weight', tensor([[ 8.8886e-02,  1.2491e-01, -5.9604e-03,  ...,  3.0372e-02,
         -1.2099e-01,  1.5257e-02],
        [-4.9646e-04,  4.6984e-05,  7.6047e-06,  ...,  5.1940e-05,
         -8.7499e-04, -4.2261e-05],
        [-1.0543e-01, -5.4213e-04, -1.4026e-03,  ...,  5.8266e-03,
         -1.2483e-01, -9.9559e-03],
        ...,
        [-1.1819e-04,  1.8452e-04,  9.1023e-07,  ...,  2.6479e-06,
         -1.4122e-04, -4.9944e-05],
        [-9.0868e-02, -1.5530e-02, -1.9178e-01,  ...,  2.8897e-02,
         -3.1896e-02, -3.0898e-02],
        [-7.3876e-04,  1.7579e-02, -6.9435e-04,  ...,  4.6432e-03,
         -6.8581e-04, -3.6490e-04]], device='cuda:0')), ('fcs.0.bias', tensor([-1.3836e-01, -1.6650e-03, -1.3641e-01, -2.6613e-01, -1.2189e-01,
         2.6237e-01, -1.1715e-02, -8.3896e-02, -4.9112e-05, -7.4081e-03,
         4.9804e-01,  3.9205e-06, -1.3361e-01, -6.3978e-02, -4.8053e-05,
        -7.2767e-06,  2.8962e-03, -2.0530e-06, -2.3498e-02, -1.3024e-01,
        -1.0435e-05, -1.2972e-02, -1.3933e-04, -2.1892e-04, -1.4148e-03,
        -3.8939e-03, -1.2425e-01, -4.1505e-02, -1.9172e-01, -3.7937e-05,
        -7.6549e-03, -2.9999e-02, -2.3360e-04, -8.0345e-02, -1.1461e-05,
        -9.0531e-08, -1.9047e-04, -3.2549e-01, -9.0266e-02, -2.3334e-03,
         8.2954e-07,  3.2714e-10, -6.4089e-04,  6.1677e-09, -1.6639e-01,
        -6.5418e-02,  8.3716e-07, -6.1633e-02, -7.1793e-04, -1.6843e-06,
        -6.2078e-02, -2.3403e-02, -6.2720e-04, -4.5474e-08,  1.6493e-01,
        -2.8695e-03,  1.0846e-06, -1.4062e-01, -2.2991e-01, -5.1402e-08,
        -2.5618e-03, -7.9080e-02,  3.1844e-01, -6.2711e-03, -1.2863e-02,
         7.1326e-02, -3.6347e-10,  2.9483e-01, -7.1551e-03, -2.3949e-05,
        -8.3859e-05,  9.9847e-01, -1.4281e-03, -1.8646e-04, -1.1356e-01,
        -4.0389e-02, -1.4363e-01, -3.3696e-02,  1.3319e-01,  4.8860e-01,
         8.0855e-08,  2.0574e-06, -1.0504e-06, -1.8740e-02,  3.1410e-03,
        -2.1075e-03, -6.4891e-06, -7.1069e-03,  3.8381e-04, -8.8254e-03,
        -8.4036e-02, -6.8938e-03,  2.1468e-06, -8.5991e-02,  1.1346e-01,
        -1.7797e-01, -1.7153e-02, -6.0369e-07, -1.5542e-07,  8.6889e-05,
        -1.6514e-07, -2.2528e-03, -2.2200e-01,  2.6255e-04, -2.6243e-02,
         9.3988e-08,  2.3577e-01,  1.8450e-01, -4.3160e-02, -2.8261e-05,
         1.2494e-01, -1.8328e-04, -1.1227e-06, -1.8722e-03, -1.1764e-03,
        -2.3766e-01, -1.1251e-02,  1.6951e-09, -2.2605e-01, -3.5325e-01,
         3.6558e-01,  7.0126e-02,  2.7531e-01, -9.6266e-02,  6.5147e-06,
        -1.0045e-04, -2.7460e-01, -5.8437e-04], device='cuda:0')), ('fcs.1.weight', tensor([[-1.2010e-04,  3.6135e-04,  4.6179e-03,  ...,  9.1282e-05,
          1.7844e-01, -2.3992e-02],
        [-4.8004e-04,  3.7949e-06,  2.9101e-06,  ...,  1.4772e-06,
         -5.5006e-05,  4.5826e-05],
        [-7.9448e-08,  1.2352e-06, -1.1850e-05,  ..., -1.8653e-07,
         -9.9118e-07,  4.9236e-06],
        ...,
        [-2.5578e-04, -2.7929e-06, -3.0841e-04,  ..., -8.9148e-07,
         -2.5841e-04, -8.3225e-07],
        [ 1.5780e-01,  7.9829e-05,  1.9151e-04,  ..., -6.7008e-07,
          3.3426e-01,  3.3343e-05],
        [-1.7324e-02,  3.9669e-06, -1.1263e-04,  ..., -1.8688e-07,
         -6.3411e-03,  3.7208e-05]], device='cuda:0')), ('fcs.1.bias', tensor([ 2.6537e-01, -8.2509e-04, -2.4088e-04, -7.6542e-07, -5.8000e-02,
        -9.9717e-02, -4.0601e-02, -2.1152e-04, -1.7204e-02, -1.1500e-02,
         1.0499e-02, -5.6304e-03, -7.4730e-02, -1.4036e-03, -2.1478e-03,
        -6.9533e-07,  5.9258e-08,  8.4253e-05, -1.3431e-02, -1.7768e-01,
        -2.6254e-01, -1.4078e-01, -2.4638e-02, -4.6527e-04, -8.9120e-04,
        -1.0141e-04,  4.3994e-03, -2.9298e-02, -7.0081e-05, -4.0829e-03,
        -5.8046e-05,  1.3684e-02, -8.5677e-03, -1.3838e-03, -1.4655e-01,
        -5.6592e-03, -2.6633e-01,  1.2696e-01,  1.3386e-02, -4.3998e-07,
        -5.9216e-04,  4.9363e-02, -1.1479e-03, -4.9923e-03, -1.6497e-01,
        -1.7284e-04,  1.0044e-01, -2.5655e-02, -8.6342e-02, -1.6211e-04,
        -1.3717e-01, -1.3070e-01, -1.2232e-02,  1.4444e-04, -2.3965e-04,
        -3.9155e-03, -1.2626e-02, -5.8755e-05, -2.3188e-03, -9.4519e-04,
        -1.5427e-04,  5.2522e-03, -4.9264e-02, -1.6321e-02], device='cuda:0')), ('fcs.2.weight', tensor([[-1.8459e-02,  8.2651e-03,  1.1042e-04, -6.8406e-04,  2.6617e-01,
         -1.9127e-02,  3.1603e-02, -5.2023e-03,  1.5042e-03,  3.3759e-02,
         -1.2878e-01,  2.3945e-02, -9.0486e-02, -3.4617e-02,  3.8940e-03,
         -1.4125e-01, -9.6991e-04, -1.3427e-01, -7.4066e-02,  4.4105e-02,
         -9.1661e-03, -1.2082e-01,  2.5568e-03,  5.3261e-03, -6.4483e-03,
          8.4726e-03, -2.6778e-01, -5.7200e-02, -1.5681e-01, -4.1634e-02,
          3.6097e-03, -7.8819e-02, -4.3317e-02, -1.1750e-03, -1.2117e-02,
          6.5958e-02, -2.0222e-01,  1.0596e-02,  3.6799e-02, -1.8267e-01,
          8.3671e-03, -1.7180e-02, -4.5488e-02, -8.1483e-03, -7.0057e-03,
          7.2629e-03, -2.4808e-03,  1.5292e-01, -1.2704e-01, -4.1609e-02,
         -4.5922e-02,  1.6523e-01, -6.0200e-03, -1.1396e-01, -1.6492e-01,
         -3.3945e-02,  3.3271e-03, -2.5976e-02,  3.3210e-03, -3.5189e-02,
         -3.9601e-02,  3.6941e-02,  7.3230e-03,  1.0534e-02]], device='cuda:0'))])
end of epoch 18: val_loss 0.4825667798273298, val_acc 0.792
trigger times: 1
end of epoch 19: val_loss 1.3118661630725472, val_acc 0.784
trigger times: 2
end of epoch 20: val_loss 0.49529381845565695, val_acc 0.814
trigger times: 3
end of epoch 21: val_loss 59.264749113855416, val_acc 0.804
trigger times: 4
end of epoch 22: val_loss 0.3857293989830787, val_acc 0.81
trigger times: 5
end of epoch 23: val_loss 0.3842611320957151, val_acc 0.79
trigger times: 6
end of epoch 24: val_loss 0.3383925968348453, val_acc 0.848
trigger times: 0
saving model weights...
Weights: OrderedDict([('fcs.0.weight', tensor([[-2.8565e-01, -4.4038e-02, -4.7213e-02,  ..., -9.4954e-02,
         -2.9580e-01,  3.1006e-01],
        [ 7.4906e-02,  1.2160e-02,  8.6122e-02,  ..., -5.2083e-02,
         -4.2947e-02, -5.2566e-03],
        [-7.7704e-03, -2.3776e-03,  1.4702e-04,  ..., -1.1362e-04,
         -1.0447e-02, -6.0128e-03],
        ...,
        [-2.9462e-01,  4.1890e-01,  1.8311e-02,  ...,  2.0321e-01,
         -4.9619e-01,  2.2065e-01],
        [ 3.6641e-01,  1.4166e-01,  7.1515e-02,  ...,  1.0211e-01,
          8.9530e-01,  4.1184e-01],
        [-4.5487e-02,  5.1562e-03, -7.6607e-04,  ...,  7.2254e-04,
         -5.2299e-02, -6.6623e-02]], device='cuda:0')), ('fcs.0.bias', tensor([-2.9910e-01, -1.2090e-01, -9.5823e-03, -1.2295e-01, -2.6721e-03,
        -6.3147e-02, -2.3337e-01,  4.6220e-01, -2.5051e-02, -2.5583e-04,
        -1.4736e-01, -1.2511e-05, -1.0308e-01,  4.4025e-01, -2.6589e-01,
        -8.6702e-04, -1.5785e-01, -3.0021e-01, -3.5007e-01, -2.3999e-02,
        -2.3210e-01, -6.3700e-02, -1.9186e-01, -1.5208e-01, -2.2781e-01,
         8.7278e-01, -1.6846e-02, -1.9546e-01, -9.1651e-02, -2.0435e-01,
         5.5028e-04, -3.2710e-03, -2.2782e-03, -4.8040e-02, -6.0131e-02,
        -2.5353e-02, -2.0269e-04, -1.6215e-04, -2.1912e-01, -1.2781e-01,
        -2.2205e-01, -9.6751e-03,  5.9119e-01,  4.0558e-04, -4.4176e-01,
        -6.7983e-03, -1.5197e-01,  2.7765e-01, -8.1878e-02, -3.9716e-03,
         3.3515e-08, -2.1993e-04, -1.9702e-01, -1.3405e-01, -1.0369e-02,
        -1.4582e-01,  5.6649e-01, -1.3662e-01, -1.7767e-01, -8.9094e-03,
        -2.0037e-01, -1.1239e-07, -3.4133e-02, -2.0722e-02, -7.8035e-02,
        -1.3241e-03, -4.9851e-02, -1.9597e-04, -1.1299e-01, -1.4858e-02,
         2.7268e-05,  1.4100e-01,  5.9498e-01, -1.3824e-04, -7.7899e-03,
         3.1304e-01,  1.4223e-05,  3.8009e-01, -3.5241e-02, -1.7393e-01,
        -2.0264e-01, -1.3177e-03, -6.1820e-02, -1.7068e-01, -3.9135e-01,
        -7.7701e-02, -4.4186e-04,  5.6042e-01, -1.4176e-01, -4.0381e-06,
        -1.8984e-01, -1.3525e-01,  1.2747e-06, -1.0560e-07, -1.8143e-05,
        -1.9508e-01, -2.4521e-01,  9.7996e-02, -1.0781e-02, -8.7208e-06,
        -8.7813e-02, -9.8087e-02, -8.7011e-05, -1.9325e-01, -1.9774e-01,
        -5.2833e-02, -1.7100e-02,  6.0312e-01, -2.1156e-01,  1.3846e-01,
        -1.8349e-01,  4.2068e-01,  4.4194e-02, -5.5353e-02, -5.3188e-01,
        -1.0222e-01,  6.7320e-01,  3.3312e-01,  2.5351e-01, -4.5607e-06,
         6.2171e-01,  2.8953e-01, -8.3955e-02, -1.2068e-01, -4.6803e-04,
        -2.4914e-01,  7.9662e-01, -5.5751e-02], device='cuda:0')), ('fcs.1.weight', tensor([[-3.3449e-02,  5.6207e-04, -1.4057e-05,  ...,  4.8121e-04,
         -1.4896e-01,  2.8472e-05],
        [ 1.0991e-01,  1.3068e-03,  1.9702e-02,  ...,  4.4626e-02,
         -3.9819e-01,  2.5832e-02],
        [ 6.8490e-05, -2.1720e-05, -4.8122e-06,  ...,  5.7962e-05,
          4.3231e-03,  7.9784e-07],
        ...,
        [ 4.8874e-01, -8.9040e-03,  7.3687e-03,  ...,  1.6651e-01,
         -3.7345e-01, -1.6027e-04],
        [-1.5212e-02, -1.2970e-01, -8.7360e-02,  ...,  4.1719e-05,
         -3.7516e-01, -2.2060e-05],
        [-2.5709e-03, -4.7471e-05,  5.5366e-06,  ...,  6.4875e-04,
         -1.1169e-01, -1.0901e-05]], device='cuda:0')), ('fcs.1.bias', tensor([-5.6555e-02, -1.2741e-03, -1.7786e-07, -4.0654e-02, -1.6634e-01,
        -6.4871e-02, -1.5849e-01, -7.0994e-02,  1.4019e-01, -1.1735e-02,
        -1.3133e-03, -4.8553e-02, -2.2151e-03,  7.7526e-05, -2.8966e-04,
        -7.2029e-02,  1.0735e-01, -9.3534e-02, -5.6345e-03, -1.7980e-01,
        -3.2014e-02, -2.4898e-01, -7.6185e-05, -5.9939e-02, -6.1825e-02,
        -9.8503e-02, -1.1954e-01, -1.1963e-01, -1.9155e-02,  2.1569e-01,
        -9.7171e-05, -1.6239e-03, -1.3176e-01, -3.0105e-03, -1.4532e-02,
        -1.7311e-02, -1.4707e-01,  6.2880e-02,  1.8620e-03, -2.1862e-02,
        -2.2530e-07, -1.6941e-05,  9.9463e-02,  1.6438e-01, -6.4714e-03,
        -3.0533e-01, -1.5880e-01, -1.8168e-03,  1.8387e-02, -1.0652e-02,
        -3.6875e-04,  1.7966e-02, -1.6548e-01, -1.2795e-02,  7.3693e-02,
        -9.0677e-02, -1.4665e-01,  9.3800e-02, -2.0719e-01, -2.9848e-02,
         2.9345e-04,  3.3951e-03, -1.3869e-02, -4.7960e-02], device='cuda:0')), ('fcs.2.weight', tensor([[-0.1164, -0.3456,  0.0080,  0.0030,  0.0020,  0.0514, -0.0392,  0.2372,
          0.0186, -0.0370, -0.0097, -0.0147, -0.0011, -0.1790, -0.0130, -0.1858,
          0.0116, -0.0023,  0.0010,  0.1695, -0.0052, -0.0222, -0.0033, -0.1173,
         -0.0074,  0.2709, -0.0379, -0.1514, -0.0680, -0.0016, -0.0786, -0.0018,
          0.0040, -0.1085, -0.0374, -0.0436, -0.1015, -0.1032, -0.1908, -0.0135,
          0.0006, -0.0528, -0.0233, -0.0479,  0.0504,  0.2077,  0.1770,  0.0024,
         -0.0115, -0.0084, -0.0095, -0.1653,  0.0900, -0.0318, -0.1333, -0.0458,
         -0.0162, -0.1243,  0.0224,  0.0822,  0.0016,  0.0261,  0.0215,  0.0366]],
       device='cuda:0'))])
end of epoch 25: val_loss 3.20358229251206, val_acc 0.724
trigger times: 1
end of epoch 26: val_loss 1.5270903684926724, val_acc 0.72
trigger times: 2
end of epoch 27: val_loss 0.5098955375240409, val_acc 0.834
trigger times: 3
end of epoch 28: val_loss 0.36295990841793774, val_acc 0.814
trigger times: 4
end of epoch 29: val_loss 0.35169800671049883, val_acc 0.836
trigger times: 5
end of epoch 30: val_loss 0.38853000878716837, val_acc 0.83
trigger times: 6
end of epoch 31: val_loss 0.42237820725493713, val_acc 0.802
trigger times: 7
end of epoch 32: val_loss 0.8134136485587493, val_acc 0.742
trigger times: 8
end of epoch 33: val_loss 1.4587517636306584, val_acc 0.27
trigger times: 9
end of epoch 34: val_loss 0.7624189070222858, val_acc 0.78
trigger times: 10
Early stopping.
0 -44.74117924273014 -238.56539389647227
1 -37.98792267590761 -226.82452825484978
2 -47.07796460390091 -226.2241731451399
3 -34.17608095705509 -208.89755486387574
4 -37.92117382586002 -196.9840755292238
5 -31.39347007870674 -194.4017457710484
6 -40.651759162545204 -193.75394353311003
7 -30.825407087802887 -173.38768743356906
8 -33.22723301500082 -172.73844575529262
9 -35.10379910469055 -172.5849598191294
10 -25.79005040973425 -148.80630048130243
11 -29.038083389401436 -146.54022994848935
12 -29.53846061974764 -144.9163601843784
13 -26.39529736340046 -144.5098799638122
14 -28.757945738732815 -129.52710350510273
15 -21.438257955014706 -119.6789138826375
16 -25.321875132620335 -119.53338183357056
17 -27.67503161728382 -115.00841352193844
18 -24.170256346464157 -113.49466461352053
19 -12.649283600971103 -107.45837168117659
20 -21.109066661447287 -105.49937100040788
21 -20.395127655938268 -101.9104943327425
22 -19.573852388188243 -101.66294130080523
23 -22.166760958731174 -98.89606860541423
24 -21.233932249248028 -95.1909937931514
25 -23.116456374526024 -93.31854913617367
26 -17.666141347959638 -85.41926577166943
27 -19.333686247467995 -83.18012153468804
28 -19.3900111541152 -79.47665068598401
29 -22.123380795121193 -77.34308621853297
30 -14.913925763219595 -60.56041622227008
31 -13.689289636909962 -58.68833689293549
32 -17.216462990269065 -22.79021187897909
33 -14.05655201850459 -19.65788926803626
34 -9.56730423355475 -16.74518768263467
35 -16.40162388375029 -13.719402302108403
36 -14.645687990356237 4.235189873860978
37 -17.5902525447309 5.0952806210809465
38 -14.656223656609654 10.178796790507759
39 -11.38252198183909 13.541055788508864
40 -16.869961286894977 14.989710929193077
41 -8.47381792915985 21.802029683432238
42 -20.909250289201736 31.12027905920427
43 -11.516167154535651 40.64550156746333
44 -12.122686984948814 40.69898986216935
45 -15.987788543105125 50.09032867204584
46 -15.067094116471708 57.290535515424786
47 -16.94684385880828 60.51441689036072
48 -17.309773958753794 62.587858111632386
49 -18.460202881135046 63.47489586756552
50 -14.928051984868944 65.395531990224
51 -11.77219225326553 68.71330703108626
52 -14.772258116863668 69.48459209048262
53 -6.872035161592066 72.16624272108386
54 -18.40645233914256 74.2233202149037
55 -17.596133332699537 79.16074531670823
56 -16.031321571674198 80.25553156558418
57 -16.981208568438888 87.50520028403979
58 -14.966021704487503 90.28646231697512
59 -11.506264240015298 90.72533900600311
60 -12.662788844667375 91.52552635781885
61 -17.34052589163184 91.95773979158345
62 -19.473409809172153 92.99221310223136
63 -18.139445084147155 94.14052712880752
64 -18.305000487715006 94.28590507273401
65 -17.7304453891702 95.24073532592021
66 -14.586310136131942 96.09581961281374
67 -7.611105525866151 96.50341248035636
68 -17.670162189751863 97.45820290396632
69 -6.613187304697931 97.90553231413178
70 -18.149743635207415 98.27346635731779
71 -15.436737466603518 98.35872828331676
72 -15.558174964040518 98.9255090371917
73 -16.13549246499315 99.09003071828721
74 -15.12588778603822 99.89253842063019
75 -14.942651915829629 100.07765055593329
76 -12.116336267441511 101.35869827851857
77 -18.145473033189774 103.56921378052652
78 -12.488375123590231 103.74194540937737
79 -14.130686214193702 104.00039883786899
80 -14.328217200934887 104.36031383612816
81 -15.620448532979935 104.79584301893571
82 -16.461169462185353 105.40349710769756
83 -12.151667277794331 105.60678192821229
84 -9.991987135261297 106.26867976298877
85 -14.084188191220164 106.37916921043517
86 -10.983401259407401 106.67969423997131
87 -14.018741387873888 106.81132709017433
88 -11.777055310085416 107.05410485829283
89 -14.75481659732759 107.44441498172971
90 -15.017312356736511 107.68792314282867
91 -8.604579530656338 107.72369032284489
92 -15.560896283015609 108.58631070626225
93 -13.496680634561926 108.79454915391223
94 -12.997344941832125 109.15712102315346
95 -10.638710176106542 109.71287331230647
96 -10.948262652847916 110.48639228144049
97 -12.649132646620274 111.4630258761226
98 -12.555679229553789 112.59201367677376
99 -15.182392340153456 113.4530990931055
100 -10.1969582317397 114.85996346749971
101 -13.74835443822667 115.04838323377467
102 -4.39579401910305 115.5646624637931
103 -16.276875825598836 115.77027450439896
104 -15.683722488582134 116.29805012422126
105 -11.455972451716661 116.38499266629886
106 -12.080114816781133 116.4198907102986
107 -14.626385616138577 117.08008835928221
108 -11.509864443913102 117.29357601720739
109 -8.919107131659985 118.29160885622866
110 -3.978677656967193 119.01062500757773
111 -11.599205480422825 120.85290512447664
112 -7.627557058818638 120.8902150231427
113 -11.763698239345104 121.40892075278066
114 -5.490183955989778 122.30522808413322
115 -7.220556989312172 129.13346806288703
116 -6.812076606787741 129.67718524437547
117 -11.138462940230966 129.79664443488912
118 -11.649713655002415 130.61780866873775
119 1.7071504178456962 131.40806576766226
train accuracy: 0.7995555555555556
validation accuracy: 0.78
test accuracy: 0.7382352941176471
