demo lengths 200
demos: (120, 200, 25)
demo_rewards: (120,)
[-238.5653939  -226.82452825 -226.22417315 -208.89755486 -196.98407553
 -194.40174577 -193.75394353 -173.38768743 -172.73844576 -172.58495982
 -148.80630048 -146.54022995 -144.91636018 -144.50987996 -129.52710351
 -119.67891388 -119.53338183 -115.00841352 -113.49466461 -107.45837168
 -105.499371   -101.91049433 -101.6629413   -98.89606861  -95.19099379
  -93.31854914  -85.41926577  -83.18012153  -79.47665069  -77.34308622
  -60.56041622  -58.68833689  -22.79021188  -19.65788927  -16.74518768
  -13.7194023     4.23518987    5.09528062   10.17879679   13.54105579
   14.98971093   21.80202968   31.12027906   40.64550157   40.69898986
   50.09032867   57.29053552   60.51441689   62.58785811   63.47489587
   65.39553199   68.71330703   69.48459209   72.16624272   74.22332021
   79.16074532   80.25553157   87.50520028   90.28646232   90.72533901
   91.52552636   91.95773979   92.9922131    94.14052713   94.28590507
   95.24073533   96.09581961   96.50341248   97.4582029    97.90553231
   98.27346636   98.35872828   98.92550904   99.09003072   99.89253842
  100.07765056  101.35869828  103.56921378  103.74194541  104.00039884
  104.36031384  104.79584302  105.40349711  105.60678193  106.26867976
  106.37916921  106.67969424  106.81132709  107.05410486  107.44441498
  107.68792314  107.72369032  108.58631071  108.79454915  109.15712102
  109.71287331  110.48639228  111.46302588  112.59201368  113.45309909
  114.85996347  115.04838323  115.56466246  115.7702745   116.29805012
  116.38499267  116.41989071  117.08008836  117.29357602  118.29160886
  119.01062501  120.85290512  120.89021502  121.40892075  122.30522808
  129.13346806  129.67718524  129.79664443  130.61780867  131.40806577]
maximum traj length 200
maximum traj length 200
num training_obs 4500
num training_labels 4500
num val_obs 500
num val_labels 500
num test_obs 7140
num test_labels 7140
device: cpu
end of epoch 0: val_loss 7.215948612623978, val_acc 0.808
trigger times: 0
saving model weights...
Weights: OrderedDict([('fc1.weight', tensor([[-7.9137e-03,  4.5938e-02,  5.4947e-04,  ..., -7.7590e-02,
         -1.0416e-02, -7.5839e-03],
        [ 1.1762e-03,  4.4262e-02,  1.4390e-04,  ..., -4.0365e-02,
         -1.1099e-03,  1.3474e-02],
        [ 3.2004e-01,  4.3276e-02,  2.4375e-01,  ...,  2.3856e-01,
          2.4981e-01, -1.6214e-01],
        ...,
        [-7.3342e-04, -5.0387e-03, -2.5027e-04,  ...,  7.5119e-04,
         -4.4586e-04, -3.1045e-04],
        [-1.9612e-01,  3.2868e-02, -1.8332e-01,  ...,  1.8622e-01,
         -1.9195e-01, -1.0548e-02],
        [-2.9897e-09, -1.7531e-08,  6.5932e-10,  ..., -5.4140e-09,
         -7.3680e-10,  6.6284e-09]])), ('fc1.bias', tensor([-7.7091e-03, -2.1623e-03,  3.1875e-01,  6.4006e-07,  3.9330e-15,
         3.3231e-06,  3.5159e-14, -6.9287e-05,  6.4835e-08, -3.5203e-05,
        -1.1700e-07, -4.6187e-04,  3.9764e-06, -3.9682e-14, -1.5388e-05,
        -1.6676e-19, -1.0277e-17, -7.5095e-07, -1.2863e-10, -7.7665e-05,
        -5.2900e-14,  4.9454e-01,  3.2297e-07, -2.3177e-08,  2.9552e-05,
        -5.7504e-02, -4.3479e-30,  7.0195e-08, -4.3609e-08, -8.0468e-09,
        -5.1143e-16,  2.5500e-06, -1.8293e-08,  5.3617e-05, -6.8692e-06,
        -4.9570e-02, -7.2550e-07,  7.3400e-11,  1.7010e-18, -3.3163e-07,
         5.3508e-07,  1.0926e-06,  1.3469e-25,  2.5344e-01, -2.2096e-02,
         5.0050e-13, -2.4975e-04, -1.7974e-13, -9.5958e-11, -2.9866e-05,
        -1.6180e-07, -1.0785e-06, -5.0334e-03, -3.8588e-01, -1.0143e-01,
        -2.4218e-01, -1.8628e-01,  3.2278e-06,  1.5081e-01, -6.0602e-05,
        -6.4122e-12, -5.6585e-03, -1.7786e-10, -1.0153e-02, -5.9705e-03,
         2.0804e-01, -1.0604e-06, -2.1377e-01, -1.6484e-03, -1.8263e-01,
        -2.5720e-02, -2.9019e-02, -5.9476e-05,  6.2957e-17, -3.7529e-16,
        -3.5759e-02, -1.9692e-01, -1.0250e-11, -6.5689e-24, -8.4314e-19,
         2.6090e-01, -4.1715e-09,  4.9346e-08,  2.7762e-07,  2.7848e-07,
        -8.0196e-15, -1.1974e-10,  1.9920e-07,  3.0445e-14, -6.8058e-04,
        -4.9580e-21, -2.1214e-07, -5.3617e-09,  3.6385e-07, -4.4642e-14,
        -2.0496e-10, -1.9647e-12, -2.2071e-05,  7.7242e-17,  2.8994e-11,
        -4.3425e-01, -1.2561e-09, -7.4979e-10, -8.3822e-07,  5.5617e-13,
        -3.8302e-12, -5.2473e-07, -1.6474e-17,  4.2826e-06,  3.6891e-12,
        -1.5090e-01,  1.9765e-01, -1.2396e-12,  7.8381e-08,  3.8668e-06,
        -3.5642e-05,  1.2299e-11, -1.0463e-05, -4.9768e-02,  3.4021e-01,
        -1.4365e-14, -1.0510e-02, -4.0728e-07, -7.2395e-07, -3.8390e-08,
        -3.1229e-04, -1.9439e-01, -1.0040e-09])), ('fc2.weight', tensor([[-2.6869e-03, -4.2371e-03,  1.1925e-01,  ...,  1.4389e-04,
         -9.3205e-03, -2.0424e-09],
        [ 3.9164e-05, -1.2383e-04, -1.3297e-03,  ...,  1.2450e-06,
         -1.2777e-04,  1.9044e-12],
        [ 2.5419e-04,  1.4993e-03, -3.8496e-01,  ...,  1.1466e-04,
         -7.5501e-04, -4.8309e-11],
        ...,
        [-5.0433e-05,  3.6932e-05, -6.2580e-02,  ..., -1.6319e-06,
         -6.1684e-05, -1.9583e-12],
        [ 4.5969e-06,  1.2849e-05, -2.3750e-04,  ...,  5.0472e-07,
          3.7799e-05,  2.2360e-12],
        [-2.6576e-02,  1.4174e-02, -3.2679e-01,  ..., -4.3913e-04,
          5.3251e-04, -3.6720e-09]])), ('fc2.bias', tensor([ 1.7477e-02, -1.6175e-02, -1.7548e-01, -3.1297e-02, -9.5694e-02,
        -6.3007e-02, -4.0239e-02, -1.4919e-01, -1.4453e-02,  1.1148e-01,
        -2.2291e-03,  2.0745e-02, -1.1012e-01, -1.6156e-01,  1.3602e-01,
        -2.6986e-01, -5.6814e-02, -6.3398e-02, -1.2645e-01, -4.6943e-02,
        -9.2657e-03, -3.1096e-02, -2.6890e-02, -9.2200e-02, -1.6776e-02,
        -1.7034e-02, -4.7403e-03, -4.5588e-02, -1.4986e-02, -5.7765e-03,
        -7.7322e-02, -1.5794e-02, -8.1273e-02, -8.4940e-02,  1.4579e-01,
         1.0153e-01, -5.6165e-02, -3.5155e-02, -4.7361e-03, -4.3973e-02,
        -1.7181e-01, -2.5642e-01, -1.2002e-01, -7.8156e-03, -1.6761e-03,
        -4.3632e-02,  1.4553e-01,  3.3973e-02, -1.6558e-01, -2.4090e-01,
        -9.6009e-02,  1.5371e-04, -1.3575e-02,  2.4584e-01, -2.3384e-02,
        -9.1039e-03,  1.0842e-01, -4.8394e-03, -1.1570e-02, -1.4710e-01,
         1.0724e-01, -2.9274e-02, -1.3427e-03, -1.6361e-01])), ('fc3.weight', tensor([[-3.1816e-02,  2.4973e-02, -2.1463e-01,  1.2049e-02, -4.8996e-02,
          2.1594e-02,  1.8931e-04,  1.3897e-01,  1.0207e-01, -6.3928e-02,
         -6.0579e-02, -8.2014e-02,  5.9183e-02, -2.7289e-02, -2.2162e-03,
          1.2150e-01,  9.4379e-02,  1.4563e-02,  8.0967e-03, -6.7687e-02,
         -4.0936e-02, -5.6938e-03,  1.6890e-02,  1.7595e-01,  1.2339e-01,
          3.9157e-03, -3.1716e-03,  1.7186e-02, -1.1642e-02, -4.6769e-03,
          7.6587e-02,  6.8027e-02,  1.8829e-01,  2.3701e-03, -2.3452e-02,
         -1.8273e-01, -1.7155e-01, -1.1688e-01,  2.7593e-02,  4.8439e-03,
         -1.4738e-02,  1.2874e-01,  3.7784e-02, -4.7779e-03,  4.8768e-02,
          3.4769e-02,  1.9307e-01,  4.7633e-02,  5.7151e-02,  4.2852e-04,
          8.3049e-02, -2.2903e-02, -1.5466e-01, -1.6218e-01, -9.0379e-02,
          8.5421e-03,  1.9046e-02, -1.2158e-02,  2.3656e-02,  4.7335e-02,
         -5.7613e-02, -3.7552e-02,  1.1376e-02,  1.4595e-01]]))])
end of epoch 1: val_loss 1.5983032768554986, val_acc 0.35
trigger times: 0
saving model weights...
Weights: OrderedDict([('fc1.weight', tensor([[-4.2835e-11, -1.8177e-11, -5.8788e-12,  ..., -1.9237e-11,
         -4.5827e-11, -1.8956e-12],
        [ 2.1858e-14, -3.9463e-11, -1.0994e-12,  ..., -1.9670e-11,
         -3.9449e-13, -1.9593e-11],
        [ 1.0517e-07,  3.4752e-06,  3.8089e-08,  ...,  1.0507e-07,
         -1.8366e-07, -5.8583e-06],
        ...,
        [ 1.8095e-03, -4.8125e-04,  2.5776e-04,  ..., -1.2092e-03,
          1.7909e-03, -4.5450e-03],
        [-3.6677e-04, -8.3942e-04,  5.4595e-06,  ...,  2.6455e-05,
         -3.1645e-04, -4.4123e-03],
        [ 6.3795e-04, -1.1040e-02, -2.0492e-05,  ...,  1.2380e-02,
          2.1097e-04, -1.6766e-03]])), ('fc1.bias', tensor([-5.3640e-11,  2.2483e-13, -3.1129e-07, -1.7637e-01,  4.4249e-01,
         6.3146e-02, -8.2889e-05,  1.4115e-04, -3.0268e-02, -5.0859e-05,
        -1.0580e-04, -4.5112e-12, -2.0184e-24,  2.0682e-07, -4.2084e-06,
         4.1215e-02, -1.7160e-07, -3.3415e-13, -4.6506e-02,  1.9215e-12,
        -4.0824e-03, -1.2904e-05, -2.6684e-01, -3.7781e-04, -3.3326e-05,
         5.7653e-17, -1.6697e-14,  1.0932e-07, -3.7425e-05, -6.5035e-03,
        -8.6511e-05,  1.0286e-08, -1.8317e-08, -1.1469e-27, -2.9666e-02,
        -2.7344e-11,  3.3975e-03, -3.0625e-01, -1.4919e-04,  2.9770e-05,
        -1.0824e-06, -4.0509e-04,  2.5488e-01, -1.8933e-03, -1.0726e-19,
         1.1916e-01, -5.6927e-26, -9.9123e-05, -1.7496e-07, -1.4176e-21,
        -3.7792e-06, -6.8974e-07,  4.8555e-29, -1.8344e-10, -4.3890e-10,
        -8.7357e-12, -7.9840e-04, -4.4450e-02, -1.2390e-06,  9.9645e-06,
        -4.7864e-02, -1.4544e-10, -1.3836e-09, -1.5557e-17, -1.2874e-04,
        -3.8809e-04, -4.6588e-04, -9.2917e-06, -2.0284e-09, -1.8603e-09,
        -1.0676e-09, -7.9148e-06,  3.1738e-03, -1.8194e-13,  1.7561e-10,
        -6.0392e-09, -6.7781e-07,  1.0169e-02,  1.1558e-13, -4.1363e-24,
        -5.1390e-03, -3.0671e-03, -1.2507e-14, -1.0601e-02, -5.3645e-06,
        -1.2797e-13, -1.9057e-03,  2.3022e-10, -1.2878e-03,  4.0318e-22,
         8.4117e-02, -2.8340e-02, -7.4547e-05, -5.6370e-02, -2.6469e-04,
        -2.8904e-02,  1.9679e-12, -7.8798e-06, -6.4428e-04, -7.3765e-04,
        -1.4734e-03,  1.9282e-01, -5.0122e-02, -8.6816e-06, -1.1147e-04,
        -8.8149e-06, -9.0179e-05,  4.0442e-12, -3.7631e-22, -1.1762e-04,
        -2.5948e-09, -6.9673e-02, -1.0853e-05, -4.0040e-15, -6.8402e-05,
        -4.2537e-05,  2.9068e-12, -3.6122e-07, -9.3766e-10, -6.3848e-04,
         7.6244e-08,  1.2010e-08,  5.2880e-04,  1.5165e-20, -6.7858e-04,
         1.9138e-03, -5.4113e-04,  5.0607e-04])), ('fc2.weight', tensor([[-1.0895e-11, -4.9309e-11, -1.3006e-07,  ..., -5.7833e-04,
         -6.4085e-03, -9.1398e-03],
        [-5.3972e-12, -1.0259e-12, -2.9310e-07,  ..., -2.9707e-03,
         -1.7518e-03, -1.2287e-03],
        [ 3.5372e-15, -4.9340e-14,  4.6086e-08,  ...,  2.5109e-06,
          5.3704e-07,  1.1844e-06],
        ...,
        [-1.8983e-13,  1.8105e-13,  7.1175e-09,  ...,  2.4404e-07,
         -9.0306e-07,  3.1571e-04],
        [-1.8609e-15, -1.1785e-14, -2.3041e-10,  ..., -5.1716e-07,
          3.3344e-08,  1.2172e-07],
        [ 4.2088e-13,  4.6462e-12,  1.9295e-07,  ...,  4.7740e-03,
          9.5373e-05,  1.4642e-03]])), ('fc2.bias', tensor([ 7.8550e-02,  1.5720e-01, -1.4872e-02, -3.1998e-03, -9.8988e-02,
         2.2135e-03,  3.3797e-02,  2.3516e-02, -4.8972e-02, -1.4270e-01,
        -1.6238e-02, -6.2278e-03, -1.4863e-01, -3.8469e-02, -1.7067e-01,
         4.9501e-02,  7.0384e-03, -3.0912e-02,  7.4669e-03, -4.1618e-03,
        -1.3356e-02,  2.4419e-02, -1.9154e-01, -9.4688e-03, -3.8936e-02,
         3.1086e-02, -1.9545e-01, -2.4049e-02, -5.3689e-03,  1.0214e-04,
        -1.2713e-04, -6.7187e-02, -1.9611e-02,  5.1228e-02,  2.2760e-02,
        -8.8572e-02, -9.4108e-02, -2.7369e-03, -1.2354e-01, -1.5251e-01,
         3.9637e-03, -1.5133e-01,  1.3384e-03, -1.8109e-02, -1.5653e-01,
        -1.4727e-01, -1.6166e-01,  1.0532e-01, -4.1251e-02, -4.8849e-03,
        -6.7432e-02, -1.1280e-02, -2.1278e-03, -5.6744e-02, -4.1336e-02,
        -3.4393e-03, -6.5586e-03, -8.8107e-03, -3.4923e-03, -6.9775e-02,
        -1.0206e-02, -2.1322e-02, -2.4410e-02, -1.1732e-01])), ('fc3.weight', tensor([[ 0.1210,  0.0547, -0.0125, -0.0330, -0.0625,  0.0187,  0.0173, -0.0551,
          0.0139,  0.1429,  0.0039, -0.0026, -0.1121, -0.0677, -0.1087, -0.0462,
          0.0102, -0.0318, -0.0632, -0.0145,  0.0013,  0.0023, -0.1347, -0.0126,
         -0.0717,  0.0023,  0.1007, -0.0095, -0.0050,  0.0008,  0.0057, -0.0527,
         -0.0227, -0.0641,  0.0475,  0.0593,  0.0447,  0.0127,  0.0555, -0.0348,
         -0.0039,  0.1470,  0.0088,  0.0034, -0.0789,  0.0047,  0.1224,  0.0089,
          0.0092, -0.0111, -0.0891, -0.0086,  0.0043,  0.0970,  0.0248, -0.0020,
          0.0115,  0.0183,  0.0028, -0.0929, -0.0086,  0.0479,  0.0006,  0.1516]]))])
end of epoch 2: val_loss 0.5750474277553328, val_acc 0.832
trigger times: 0
saving model weights...
Weights: OrderedDict([('fc1.weight', tensor([[-2.7637e-03, -6.2008e-03, -2.3942e-04,  ...,  1.0176e-04,
         -2.3636e-03, -1.1754e-03],
        [-1.4285e-05,  1.4936e-02,  4.4607e-05,  ...,  1.3392e-03,
         -1.0352e-04,  8.9503e-05],
        [-4.4400e-04,  6.6725e-03,  3.2099e-06,  ...,  2.0899e-03,
         -9.2170e-04,  1.0053e-03],
        ...,
        [-9.7534e-03,  4.2892e-02, -3.0496e-02,  ...,  8.4718e-02,
         -5.5413e-02,  1.7576e-04],
        [-1.5821e-04, -1.0216e-04, -1.0529e-04,  ..., -2.8756e-04,
         -5.2575e-05, -4.2477e-06],
        [-1.6032e-11,  1.3612e-12, -2.6284e-11,  ..., -1.8728e-11,
         -1.2993e-11, -5.6693e-11]])), ('fc1.bias', tensor([-2.3124e-03,  6.9497e-06, -2.1473e-03, -2.3663e-19,  3.9856e-11,
        -1.8324e-04, -1.7894e-19, -1.7938e-12, -1.3843e-06, -1.7280e-15,
        -3.4618e-07, -1.6012e-12,  3.0562e-05, -2.1584e-12,  1.4074e-05,
        -1.5696e-08, -3.2386e-04, -3.7045e-15,  1.0360e-09, -2.4231e-02,
         2.4804e-24, -4.2341e-06, -5.7504e-14,  2.1040e-08, -3.0794e-02,
         1.6423e-12, -4.3414e-03, -4.1520e-11, -1.7700e-01, -1.2378e-04,
        -2.2354e-11,  1.4376e-01, -8.1593e-07, -2.1471e-06,  1.8915e-23,
        -1.4658e-01, -3.7480e-05, -9.0148e-10,  1.0815e-13, -3.0229e-15,
        -1.8835e-04, -1.0615e-03,  2.2313e-12,  1.4602e-16,  2.4623e-14,
        -3.7625e-18,  1.2710e-12, -4.7213e-14,  6.7465e-10, -1.7996e-02,
        -8.6868e-02, -2.8036e-03, -4.0364e-15, -9.5808e-03,  9.1906e-11,
        -8.1192e-04, -8.7941e-08,  2.5073e-06, -5.2211e-07, -1.2092e-07,
        -1.1551e-02,  4.1758e-02, -4.1920e-08, -8.8972e-17, -9.7747e-06,
        -2.2446e-04, -3.6906e-09, -1.7590e-05, -6.8311e-03, -2.7503e-07,
        -4.1423e-03, -7.5709e-05, -6.9572e-04, -9.9359e-06, -6.3105e-04,
        -1.5262e-03, -2.1552e-01,  1.1285e-11, -6.6818e-03, -6.6834e-05,
        -6.3508e-14, -3.2954e-07, -7.4513e-08, -5.5583e-02,  1.2100e-06,
        -8.9335e-08, -1.7413e-17, -7.9694e-12, -2.6586e-14,  1.4183e-10,
         8.3166e-10, -8.2426e-17, -2.1210e-04, -5.9676e-07, -1.8517e-01,
        -1.3235e-14,  3.4396e-16, -1.4052e-01, -2.3189e-10, -1.8980e-03,
         1.7744e-16, -3.8994e-07, -1.2381e-12, -1.2677e-07,  1.6766e-01,
         1.4588e-04, -4.0131e-05,  5.9011e-08,  4.9692e-09,  5.3524e-22,
        -2.5603e-09,  8.0559e-02, -1.0396e-05, -1.0601e-11, -5.5272e-14,
         4.7849e-19, -2.9975e-10, -4.3910e-04, -4.1854e-03, -2.3957e-01,
        -4.8039e-02, -1.3197e-02, -1.1049e-03, -2.8355e-03, -1.0463e-13,
        -5.9539e-02,  4.4617e-06, -5.0400e-12])), ('fc2.weight', tensor([[ 4.7654e-07, -1.0237e-06, -7.4062e-07,  ..., -6.0216e-05,
          5.4677e-08, -2.0582e-12],
        [ 7.9238e-06, -3.4634e-05, -3.5555e-05,  ..., -1.9644e-04,
         -1.5889e-06, -1.3587e-12],
        [-1.2130e-03,  1.3329e-05,  1.8664e-04,  ..., -1.0198e-03,
         -3.4260e-06,  1.9162e-11],
        ...,
        [-4.2215e-07, -8.1872e-07, -1.1471e-06,  ...,  4.8436e-06,
          7.5227e-09,  2.7334e-14],
        [-5.1241e-07,  7.4616e-07,  7.5143e-05,  ...,  8.9183e-06,
          5.2202e-08,  6.4335e-13],
        [-7.6209e-03, -1.1887e-04,  5.0349e-04,  ...,  8.5581e-02,
          2.1902e-04,  7.8855e-11]])), ('fc2.bias', tensor([-6.3846e-05, -3.0961e-03,  5.2268e-03, -6.6138e-02, -8.6978e-02,
        -4.8468e-03,  1.0678e-03, -7.2924e-02, -1.4192e-03, -2.6781e-03,
         2.5424e-02, -8.9131e-02,  2.4345e-03,  1.7994e-02, -6.9293e-02,
        -4.1565e-03, -1.9049e-02,  3.6300e-02, -1.8207e-01,  5.9013e-02,
         1.6339e-01, -1.6020e-02,  2.8054e-02, -1.4320e-02, -1.0725e-02,
        -6.5137e-02, -1.2143e-02, -3.0604e-02, -1.0111e-01, -6.4730e-02,
        -1.0697e-01, -2.2589e-02, -9.7130e-02,  1.1224e-01, -1.2715e-02,
        -1.1724e-01,  9.2508e-02, -7.0630e-06, -1.1737e-02, -2.0124e-03,
        -1.3068e-02, -1.4152e-02, -9.6543e-02, -3.5209e-02,  8.7313e-03,
         3.1600e-02,  7.7546e-03, -1.5797e-02, -1.1803e-02, -4.8264e-03,
         1.6903e-02, -6.4528e-03, -3.6707e-02, -1.2982e-01, -1.0760e-01,
         1.4542e-01, -1.1269e-01, -9.0774e-02, -1.9747e-02, -7.9697e-03,
        -1.1535e-02, -2.5854e-03, -1.6273e-02,  1.8482e-01])), ('fc3.weight', tensor([[ 5.5388e-03, -5.0601e-02,  5.1063e-03, -9.3621e-02, -3.0516e-02,
         -1.1507e-02, -1.1056e-02,  4.6421e-02, -3.7710e-03, -4.1616e-03,
         -4.6673e-02,  3.0916e-02, -1.6533e-02,  8.9305e-04, -2.3945e-01,
         -4.5595e-03, -2.6030e-02,  6.1557e-03, -1.3087e-02, -4.1712e-02,
          1.6215e-01,  8.3558e-03, -7.3800e-06,  1.2048e-02,  3.6554e-02,
          1.6570e-02,  6.6936e-04, -1.6581e-02,  6.0666e-02,  3.7805e-02,
         -1.7427e-02,  1.5480e-03,  6.8947e-02, -1.1417e-01, -8.2287e-02,
         -3.9270e-02,  2.9152e-02,  1.4963e-05,  3.3992e-02,  1.9096e-03,
          7.5752e-02,  4.4877e-03, -4.2055e-02, -1.8835e-02,  1.0605e-01,
          4.2715e-04, -1.1869e-03,  4.4322e-02, -3.5028e-02,  3.2798e-03,
         -3.1173e-02, -1.6474e-02,  2.0942e-02,  5.8231e-02, -4.8426e-02,
         -2.3017e-02,  2.1398e-03, -1.4521e-02, -1.9926e-02, -4.3772e-02,
         -7.3298e-03,  2.1232e-03,  3.0556e-03,  1.0456e-01]]))])
end of epoch 3: val_loss 0.5805343661753868, val_acc 0.822
trigger times: 1
end of epoch 4: val_loss 0.40608222614388567, val_acc 0.81
trigger times: 0
saving model weights...
Weights: OrderedDict([('fc1.weight', tensor([[-3.6934e-06,  1.4713e-05,  4.9819e-07,  ...,  5.0444e-06,
         -1.6740e-06, -1.2360e-05],
        [-3.2308e-13,  6.2890e-11,  1.4606e-13,  ..., -7.7401e-13,
          1.4837e-12, -1.2052e-12],
        [-3.2346e-03,  1.0055e-02, -1.1696e-03,  ...,  6.7644e-03,
         -4.2211e-03, -2.2926e-03],
        ...,
        [-7.2583e-06, -5.3127e-06, -1.2834e-07,  ..., -7.4589e-06,
         -5.4405e-06, -5.3934e-06],
        [-6.1197e-10,  7.5944e-09, -4.2330e-10,  ...,  5.3430e-09,
         -2.4511e-10, -8.4110e-07],
        [-3.0234e-09,  7.6483e-08, -2.5139e-09,  ..., -4.2784e-09,
         -3.7375e-09, -1.3708e-09]])), ('fc1.bias', tensor([-4.3420e-06,  1.1355e-12, -3.0743e-03, -4.7012e-03, -9.1670e-19,
         2.8959e-02, -4.8589e-03, -3.8740e-04,  7.5672e-14,  2.4591e-15,
         6.2118e-13, -1.0514e-06,  3.3275e-02,  1.5779e-16, -6.4161e-07,
        -6.2793e-09, -5.5821e-03, -2.0478e-04,  4.4717e-05, -7.1909e-07,
        -2.5612e-03, -6.9803e-07, -5.2434e-23, -5.8589e-02, -1.7507e-09,
         1.7473e-17,  7.0926e-09, -3.6359e-02, -4.7062e-04,  3.6225e-02,
         3.8320e-02, -5.7851e-06,  6.5766e-14,  2.4412e-10, -2.1674e-05,
        -6.8233e-03, -3.0823e-03,  3.6151e-09, -1.6160e-09, -1.3604e-05,
        -1.4433e-10,  3.7241e-09,  1.3330e-10,  1.8211e-12, -1.1551e-08,
        -4.7738e-02,  2.1208e-10, -5.6749e-09, -4.0612e-03,  1.9956e-13,
         6.0497e-05, -4.0017e-02, -6.4454e-33,  4.0480e-14,  5.0232e-19,
        -3.3424e-02, -4.4049e-03, -1.8492e-06,  1.3531e-08, -2.5535e-10,
        -2.4421e-09, -1.5717e-02,  5.4070e-10, -1.0943e-13, -1.4323e-01,
        -3.3582e-02, -1.7292e-08, -6.4320e-11, -3.3875e-02,  3.2817e-19,
         3.9392e-12, -2.0315e-02,  5.3632e-17,  6.1279e-16, -4.6886e-03,
        -1.2394e-02, -2.9247e-02, -4.7746e-14,  9.9746e-19, -1.3935e-07,
         2.3826e-02,  2.4315e-07, -7.4902e-12, -2.1782e-07, -6.3253e-09,
        -1.0998e-04, -1.2962e-04, -7.2687e-12, -3.9288e-07,  1.5320e-24,
         1.5363e-10, -1.1994e-15, -9.8152e-03,  1.7718e-02, -3.0446e-04,
        -1.8162e-12, -2.6218e-03,  3.8012e-03, -1.1840e-03, -1.8884e-05,
         4.7120e-07,  1.7377e-17, -9.4442e-03, -4.9051e-23,  6.4435e-02,
        -2.6383e-05,  1.0075e-08, -1.9781e-11,  4.7088e-02,  5.1396e-02,
         2.7918e-14, -7.3858e-17, -1.5189e-15, -1.3216e-07, -1.1618e-02,
        -3.9278e-03, -1.2847e-02,  1.5880e-09, -2.3972e-01, -4.1462e-02,
         9.9135e-17, -7.0890e-06, -5.2642e-10, -2.5568e-02,  1.2354e-02,
        -5.4098e-06,  1.8209e-10, -3.9914e-09])), ('fc2.weight', tensor([[-2.4416e-07, -6.8763e-14,  2.7159e-04,  ..., -5.9258e-07,
          1.2390e-08,  2.6334e-09],
        [-1.6485e-06,  5.2556e-12, -4.1948e-05,  ..., -3.4849e-06,
         -1.8632e-08, -8.4962e-10],
        [-7.4741e-09, -1.4018e-14, -2.9848e-06,  ...,  1.0891e-08,
         -9.1723e-10, -3.2854e-12],
        ...,
        [-5.0323e-08,  9.2418e-14, -2.2872e-04,  ...,  1.1453e-08,
         -1.8265e-10, -3.6018e-10],
        [ 3.1654e-09, -1.5123e-14,  7.1714e-06,  ...,  2.3879e-08,
          4.0079e-11,  1.8538e-10],
        [ 1.1127e-08, -9.2401e-12, -3.4045e-05,  ..., -3.4115e-08,
         -3.8116e-10,  1.6024e-07]])), ('fc2.bias', tensor([ 2.9074e-04,  1.3941e-01, -1.3829e-04,  4.3364e-05, -5.0120e-02,
        -9.3777e-02, -2.6680e-03, -5.5554e-04, -4.4858e-02,  5.2831e-03,
         7.1870e-04,  7.1773e-05,  7.2122e-02, -1.8692e-02, -7.5571e-02,
        -2.3509e-04, -4.0268e-02, -1.0254e-05,  1.2403e-01, -1.5355e-03,
        -2.6751e-04,  5.0472e-02, -3.6697e-02, -1.4432e-03, -3.0830e-03,
        -6.0742e-04, -1.1164e-02, -1.5996e-03, -2.8940e-03,  1.9787e-03,
         1.0114e-01, -1.6086e-01,  7.4825e-03, -9.0995e-05, -2.7941e-04,
        -4.8004e-06, -3.2301e-05, -1.3726e-02, -4.1079e-02, -4.2464e-02,
         1.0757e-08, -9.6684e-02, -2.6347e-01, -1.3606e-02, -1.5379e-05,
        -1.7575e-03, -5.2414e-02,  1.3545e-01, -6.7808e-03, -4.8026e-04,
         3.7597e-03, -6.3050e-02,  2.5253e-02, -1.4215e-03, -5.1516e-02,
         2.1007e-03,  7.3628e-09, -1.2589e-04, -6.8011e-05, -6.6690e-05,
        -3.4825e-03, -1.4865e-03,  4.3215e-07,  1.4307e-05])), ('fc3.weight', tensor([[-7.9928e-03, -1.2103e-01,  1.1008e-03, -4.8025e-03, -1.3764e-03,
         -1.6070e-01,  1.2007e-02, -9.3305e-04,  3.0617e-02, -1.2419e-02,
          5.8749e-02, -1.6754e-01,  6.8131e-04,  1.6251e-02, -1.1033e-01,
         -2.4724e-03, -2.3661e-02, -6.6762e-03,  1.1517e-01, -7.0808e-03,
          3.4482e-03, -6.9268e-04, -7.7200e-02, -5.5479e-03,  2.3733e-02,
          3.7137e-02, -3.2304e-03, -7.3747e-02,  4.1058e-03, -1.0155e-02,
          7.6451e-02,  1.2152e-01, -4.5001e-03,  5.5784e-03,  1.1339e-01,
          1.8309e-02,  4.2322e-02,  6.5327e-02,  3.2337e-02,  8.7214e-02,
          1.2142e-01, -1.0555e-01, -4.3469e-02, -1.0594e-02,  1.3215e-03,
          8.8475e-02,  4.1717e-03, -2.3470e-02,  3.8597e-02,  2.9877e-03,
         -5.8436e-03, -1.3911e-01, -1.2662e-03,  6.1411e-02,  7.0871e-02,
         -6.5903e-05,  2.5092e-02,  5.1859e-04,  5.1637e-02,  7.4549e-02,
          8.7123e-02,  3.9471e-02, -8.0876e-03,  1.5533e-03]]))])
end of epoch 5: val_loss 2.4176463237116264, val_acc 0.596
trigger times: 1
end of epoch 6: val_loss 2.6851919218302447, val_acc 0.718
trigger times: 2
end of epoch 7: val_loss 1.522733432181601, val_acc 0.734
trigger times: 3
end of epoch 8: val_loss 0.516160681919042, val_acc 0.746
trigger times: 4
end of epoch 9: val_loss 0.6037225212945664, val_acc 0.8
trigger times: 5
end of epoch 10: val_loss 0.9578266502115503, val_acc 0.766
trigger times: 6
end of epoch 11: val_loss 0.45606882474537463, val_acc 0.826
trigger times: 7
end of epoch 12: val_loss 5.104527689814957, val_acc 0.766
trigger times: 8
end of epoch 13: val_loss 5.835168431286943, val_acc 0.748
trigger times: 9
end of epoch 14: val_loss 0.3770181764056026, val_acc 0.83
trigger times: 0
saving model weights...
Weights: OrderedDict([('fc1.weight', tensor([[-1.3301e-05, -1.4175e-03,  3.0824e-05,  ..., -1.2523e-03,
         -1.1772e-05, -1.9720e-03],
        [ 1.5812e-15,  1.2168e-15, -8.6102e-17,  ..., -2.4945e-16,
          1.6674e-15,  3.9273e-17],
        [-9.3785e-02, -2.6723e-02, -4.5343e-02,  ...,  3.3074e-03,
         -1.5276e-01, -3.0045e-01],
        ...,
        [ 1.8061e-10,  1.8314e-09,  3.4843e-10,  ...,  2.3304e-09,
          1.7583e-09, -4.8902e-09],
        [-4.4350e-07,  7.0175e-06,  2.0800e-07,  ..., -1.1132e-06,
         -1.0505e-06, -6.2363e-06],
        [ 2.3460e-11, -6.9149e-09, -6.3520e-11,  ..., -6.0569e-10,
         -4.3619e-10, -1.1066e-08]])), ('fc1.bias', tensor([-4.8608e-06,  1.7742e-15, -1.6766e-01, -3.4720e-04, -3.7451e-04,
         6.4395e-05, -1.1672e-08, -4.9670e-11,  7.3638e-09, -6.8596e-02,
        -8.6269e-05, -1.0470e-04, -4.1125e-03, -9.9622e-09, -8.2942e-03,
        -4.0334e-04,  3.0633e-11,  1.9214e-01, -4.5662e-02,  1.6238e-01,
         1.6626e-04, -1.4309e-19, -1.6842e-05, -6.6307e-05, -9.2193e-07,
        -3.6676e-08,  7.1889e-13, -6.0205e-03, -8.3317e-05,  1.4008e-15,
         2.6557e-02, -8.4815e-08,  1.0141e-01, -1.7170e-10,  1.3861e-02,
         6.3388e-14, -4.9538e-06, -4.3690e-08,  2.0659e-27, -4.5644e-02,
         3.6468e-14, -1.1388e-02, -2.6614e-03, -1.7571e-11, -9.3270e-22,
        -4.7882e-23, -1.3027e-08, -7.3945e-06, -6.2739e-03, -1.0897e-06,
        -2.4949e-09, -3.6910e-02, -1.6216e-01, -2.4358e-08, -5.4763e-03,
        -5.1325e-06, -4.1434e-16,  3.5242e-18,  2.8152e-07, -4.7758e-05,
        -7.7784e-08,  4.4876e-12, -3.6902e-05, -6.0396e-03,  8.8696e-12,
        -5.8025e-02, -3.6211e-06, -9.1528e-04, -1.1513e-04, -3.2089e-14,
        -1.0756e-02,  2.3060e-08, -6.3036e-06, -6.4331e-06,  1.1056e-11,
        -2.5099e-07, -2.5210e-04, -3.3901e-17, -2.0677e-04, -5.3237e-04,
        -2.4815e-07, -6.7042e-06,  4.1902e-10, -7.6601e-04, -2.6291e-02,
        -4.1711e-03, -1.5668e-08, -3.0890e-11, -6.7386e-06, -2.7817e-10,
        -6.9114e-11, -1.6631e-01, -1.4826e-04,  1.1169e-10, -1.0459e-02,
        -2.3734e-07, -1.6649e-06,  9.3028e-13,  7.7484e-10, -3.4503e-02,
        -2.3043e-02,  5.8049e-02, -3.4653e-05, -1.8169e-05, -7.4773e-07,
        -7.8343e-02, -7.0870e-06, -1.4501e-09, -1.6445e-10,  8.1021e-02,
        -1.3560e-01, -4.0392e-06,  4.8314e-02, -5.1389e-09,  1.0518e-05,
        -1.0954e-10, -1.6951e-07, -2.1633e-04,  6.9639e-10, -1.7572e-16,
        -1.2071e-09, -1.6309e-04, -3.6156e-05,  5.8827e-07,  6.9149e-12,
        -4.4743e-10, -1.6851e-06, -3.8539e-10])), ('fc2.weight', tensor([[ 1.6771e-04, -5.7877e-16, -9.0185e-02,  ...,  9.7741e-09,
         -2.6646e-06,  9.8738e-11],
        [ 3.3636e-07, -3.7805e-17, -4.1246e-03,  ..., -6.3509e-11,
          1.4336e-07,  3.2677e-11],
        [ 5.7881e-07,  3.1156e-18,  3.1126e-05,  ..., -1.8011e-10,
         -1.4271e-08,  9.9419e-13],
        ...,
        [ 2.1787e-06,  1.0561e-17, -3.5226e-03,  ..., -1.0020e-09,
          6.4263e-08, -1.6059e-11],
        [-2.6041e-06, -6.9992e-18,  1.2629e-02,  ...,  5.3513e-10,
          6.7550e-09,  1.3408e-11],
        [-3.1479e-07,  5.6861e-18,  1.9052e-03,  ...,  4.2513e-10,
          4.3072e-08,  9.8552e-12]])), ('fc2.bias', tensor([-6.8961e-02, -2.7392e-02, -1.6489e-02, -1.3859e-01, -8.5035e-06,
        -3.7786e-03, -1.7209e-02, -1.7568e-02, -4.9331e-04,  5.8827e-05,
        -7.3177e-02, -2.6088e-03, -2.3638e-02, -4.2377e-02,  1.4310e-02,
        -1.9066e-01,  1.5732e-01, -3.1176e-02,  8.8775e-04, -5.1272e-03,
        -1.8551e-03, -2.9407e-01,  2.1300e-01, -1.6531e-03, -1.8005e-03,
        -9.4474e-03, -9.8449e-03, -4.4043e-03,  2.3754e-03, -8.7499e-03,
        -5.6915e-03, -2.4177e-03,  8.6883e-03, -1.0052e-02, -4.1914e-02,
        -3.3445e-02, -6.9192e-02,  1.6454e-03, -1.2961e-01,  6.7971e-02,
        -8.5462e-04,  1.1735e-01, -7.5783e-03, -1.9085e-02,  1.4528e-01,
         9.9152e-03, -6.3988e-02, -4.1590e-03, -4.2372e-02, -1.4665e-02,
        -1.4104e-03, -4.6330e-02, -1.1015e-02, -1.2386e-02,  6.5542e-02,
        -8.7855e-02, -4.6587e-02, -1.1311e-02, -3.0950e-02,  2.5345e-02,
        -9.2701e-03, -3.9836e-03, -1.9866e-03, -2.0972e-02])), ('fc3.weight', tensor([[ 0.0987, -0.0160,  0.0099,  0.1506, -0.0013, -0.0596, -0.0006, -0.1688,
          0.0402, -0.2850,  0.0718, -0.0088, -0.0017,  0.0723,  0.0496, -0.0246,
          0.0744,  0.0137,  0.0570, -0.0652, -0.0045, -0.0990, -0.1182,  0.3018,
         -0.0269, -0.0427,  0.0103, -0.0404,  0.0484, -0.0346, -0.0089, -0.1658,
          0.0024, -0.0825,  0.1488,  0.0184,  0.0348,  0.0753, -0.1039, -0.0007,
          0.0651, -0.0228,  0.0176, -0.1834,  0.0019,  0.0030,  0.1080, -0.0151,
          0.0094,  0.0041, -0.0045, -0.0669, -0.0695,  0.0190,  0.0076, -0.0615,
          0.0191,  0.0073, -0.0214,  0.1118,  0.0012,  0.0417, -0.0225, -0.0156]]))])
end of epoch 15: val_loss 0.39434757763211564, val_acc 0.792
trigger times: 1
end of epoch 16: val_loss 0.391474752725102, val_acc 0.82
trigger times: 2
end of epoch 17: val_loss 0.6017270525196876, val_acc 0.808
trigger times: 3
end of epoch 18: val_loss 0.4581479136806447, val_acc 0.75
trigger times: 4
end of epoch 19: val_loss 0.9260609789885205, val_acc 0.712
trigger times: 5
end of epoch 20: val_loss 0.4720688853737633, val_acc 0.794
trigger times: 6
end of epoch 21: val_loss 18.98173345109548, val_acc 0.762
trigger times: 7
end of epoch 22: val_loss 0.41856779346475903, val_acc 0.812
trigger times: 8
end of epoch 23: val_loss 1.6833901336716743, val_acc 0.682
trigger times: 9
end of epoch 24: val_loss 12.912392256355208, val_acc 0.792
trigger times: 10
Early stopping.
0 -51.5099318921566 -238.56539389647227
1 -18.407812908291817 -226.82452825484978
2 -85.17809295654297 -226.2241731451399
3 79.48646698892117 -208.89755486387574
4 -7.459415256977081 -196.9840755292238
5 38.597132325172424 -194.4017457710484
6 -14.476753532886505 -193.75394353311003
7 81.8893029987812 -173.38768743356906
8 39.1889243721962 -172.73844575529262
9 76.20657978951931 -172.5849598191294
10 73.49626863002777 -148.80630048130243
11 -30.199546307325363 -146.54022994848935
12 31.417181313037872 -144.9163601843784
13 47.335009038448334 -144.5098799638122
14 9.537084817886353 -129.52710350510273
15 146.389467805624 -119.6789138826375
16 118.56863915920258 -119.53338183357056
17 37.302234172821045 -115.00841352193844
18 181.98987752199173 -113.49466461352053
19 181.59764033555984 -107.45837168117659
20 86.8145263493061 -105.49937100040788
21 120.35132366418839 -101.9104943327425
22 212.3370865881443 -101.66294130080523
23 236.73776867985725 -98.89606860541423
24 134.35182482004166 -95.1909937931514
25 108.97049635648727 -93.31854913617367
26 213.85048714280128 -85.41926577166943
27 252.58090022206306 -83.18012153468804
28 216.4446692764759 -79.47665068598401
29 206.96785044670105 -77.34308621853297
30 232.2894810438156 -60.56041622227008
31 318.59351167082787 -58.68833689293549
32 188.91402786970139 -22.79021187897909
33 182.79019483923912 -19.65788926803626
34 309.7309846878052 -16.74518768263467
35 235.65906736254692 -13.719402302108403
36 335.212385058403 4.235189873860978
37 254.7520156800747 5.0952806210809465
38 348.6028091907501 10.178796790507759
39 182.42957139015198 13.541055788508864
40 163.521369099617 14.989710929193077
41 456.499094247818 21.802029683432238
42 228.31108310818672 31.12027905920427
43 376.23669731616974 40.64550156746333
44 291.6312172114849 40.69898986216935
45 285.33329153060913 50.09032867204584
46 368.034609913826 57.290535515424786
47 174.5884445309639 60.51441689036072
48 258.2267880141735 62.587858111632386
49 255.86860769987106 63.47489586756552
50 234.89604845643044 65.395531990224
51 278.2935927808285 68.71330703108626
52 220.71521204710007 69.48459209048262
53 303.70526817440987 72.16624272108386
54 188.96801832318306 74.2233202149037
55 226.28040024638176 79.16074531670823
56 289.387951284647 80.25553156558418
57 237.49127209186554 87.50520028403979
58 248.10754945874214 90.28646231697512
59 292.116597622633 90.72533900600311
60 383.36288076639175 91.52552635781885
61 154.56797724962234 91.95773979158345
62 207.18246620893478 92.99221310223136
63 313.6475183367729 94.14052712880752
64 335.1581237912178 94.28590507273401
65 180.21472463011742 95.24073532592021
66 314.9197266101837 96.09581961281374
67 300.02506843209267 96.50341248035636
68 213.72482508420944 97.45820290396632
69 233.50754365324974 97.90553231413178
70 262.1167267560959 98.27346635731779
71 230.98294240236282 98.35872828331676
72 245.92670398950577 98.9255090371917
73 293.9269670844078 99.09003071828721
74 261.50591015815735 99.89253842063019
75 314.9301667511463 100.07765055593329
76 289.4188868999481 101.35869827851857
77 259.64703607559204 103.56921378052652
78 334.85603085160255 103.74194540937737
79 279.19733241200447 104.00039883786899
80 280.238683283329 104.36031383612816
81 279.2374829053879 104.79584301893571
82 286.7663311958313 105.40349710769756
83 335.27017802000046 105.60678192821229
84 217.3784807920456 106.26867976298877
85 315.8587121963501 106.37916921043517
86 402.7885973453522 106.67969423997131
87 265.6431911587715 106.81132709017433
88 254.87657663226128 107.05410485829283
89 261.41016536951065 107.44441498172971
90 251.2679991722107 107.68792314282867
91 183.01698166131973 107.72369032284489
92 299.53587394952774 108.58631070626225
93 194.3210497200489 108.79454915391223
94 314.214249253273 109.15712102315346
95 370.43246495723724 109.71287331230647
96 257.02512353658676 110.48639228144049
97 285.90717312693596 111.4630258761226
98 366.1162516474724 112.59201367677376
99 332.18250837922096 113.4530990931055
100 356.1970515847206 114.85996346749971
101 330.9353797137737 115.04838323377467
102 384.720725774765 115.5646624637931
103 304.8520904779434 115.77027450439896
104 274.69735476374626 116.29805012422126
105 336.4047700762749 116.38499266629886
106 305.3066265285015 116.4198907102986
107 273.2251629829407 117.08008835928221
108 354.1489715576172 117.29357601720739
109 297.3002230525017 118.29160885622866
110 293.85411751270294 119.01062500757773
111 305.3351135253906 120.85290512447664
112 417.27087795734406 120.8902150231427
113 385.2222795188427 121.40892075278066
114 427.78541672229767 122.30522808413322
115 366.0869777202606 129.13346806288703
116 393.1224298477173 129.67718524437547
117 317.7967281937599 129.79664443488912
118 292.84546488523483 130.61780866873775
119 502.17290776968 131.40806576766226
train accuracy: 0.7835555555555556
validation accuracy: 0.792
test accuracy: 0.7106442577030813
