demo lengths 200
demos: (120, 200, 25)
demo_rewards: (120,)
[-238.5653939  -226.82452825 -226.22417315 -208.89755486 -196.98407553
 -194.40174577 -193.75394353 -173.38768743 -172.73844576 -172.58495982
 -148.80630048 -146.54022995 -144.91636018 -144.50987996 -129.52710351
 -119.67891388 -119.53338183 -115.00841352 -113.49466461 -107.45837168
 -105.499371   -101.91049433 -101.6629413   -98.89606861  -95.19099379
  -93.31854914  -85.41926577  -83.18012153  -79.47665069  -77.34308622
  -60.56041622  -58.68833689  -22.79021188  -19.65788927  -16.74518768
  -13.7194023     4.23518987    5.09528062   10.17879679   13.54105579
   14.98971093   21.80202968   31.12027906   40.64550157   40.69898986
   50.09032867   57.29053552   60.51441689   62.58785811   63.47489587
   65.39553199   68.71330703   69.48459209   72.16624272   74.22332021
   79.16074532   80.25553157   87.50520028   90.28646232   90.72533901
   91.52552636   91.95773979   92.9922131    94.14052713   94.28590507
   95.24073533   96.09581961   96.50341248   97.4582029    97.90553231
   98.27346636   98.35872828   98.92550904   99.09003072   99.89253842
  100.07765056  101.35869828  103.56921378  103.74194541  104.00039884
  104.36031384  104.79584302  105.40349711  105.60678193  106.26867976
  106.37916921  106.67969424  106.81132709  107.05410486  107.44441498
  107.68792314  107.72369032  108.58631071  108.79454915  109.15712102
  109.71287331  110.48639228  111.46302588  112.59201368  113.45309909
  114.85996347  115.04838323  115.56466246  115.7702745   116.29805012
  116.38499267  116.41989071  117.08008836  117.29357602  118.29160886
  119.01062501  120.85290512  120.89021502  121.40892075  122.30522808
  129.13346806  129.67718524  129.79664443  130.61780867  131.40806577]
maximum traj length 200
maximum traj length 200
num training_obs 4500
num training_labels 4500
num val_obs 500
num val_labels 500
num test_obs 7140
num test_labels 7140
ModuleList(
  (0): Linear(in_features=25, out_features=128, bias=True)
  (1): Linear(in_features=128, out_features=64, bias=True)
  (2): Linear(in_features=64, out_features=1, bias=False)
)
Total number of parameters: 11648
Number of trainable paramters: 11648
device: cuda:0
end of epoch 0: val_loss 21.326650331683233, val_acc 0.672
trigger times: 0
saving model weights...
Weights: OrderedDict([('fcs.0.weight', tensor([[ 8.6228e-02,  9.2877e-02,  1.0132e-01,  ..., -3.8877e-01,
          8.5994e-02,  3.9620e-01],
        [ 7.5797e-04,  1.8607e-04, -2.4321e-05,  ...,  5.7821e-03,
         -2.8785e-04, -8.7606e-04],
        [-9.6488e-03,  1.1363e-02, -2.6130e-03,  ...,  1.8911e-03,
         -1.5107e-02, -1.5801e-02],
        ...,
        [-2.2139e-03,  1.8500e-03, -4.2442e-04,  ..., -2.8375e-04,
          1.5814e-03, -8.9986e-04],
        [ 1.3025e-01,  8.7365e-03,  1.3931e-01,  ..., -2.7306e-01,
          2.0307e-01,  6.1136e-02],
        [-3.5158e-05, -2.4871e-04,  1.1735e-05,  ..., -3.4095e-05,
         -1.6872e-05, -3.2414e-05]], device='cuda:0')), ('fcs.0.bias', tensor([-1.2098e-02, -2.6763e-04, -2.1132e-02, -4.4348e-03, -5.4167e-05,
        -8.2605e-03, -2.2480e-01,  2.6582e-01, -4.8365e-03, -5.8597e-04,
        -2.1520e-01, -6.1358e-02, -2.9083e-03, -4.5915e-04, -2.5724e-03,
        -1.0358e-03, -1.7751e-09, -2.9095e-04, -4.5183e-06, -2.4527e-02,
        -8.0025e-05, -6.0435e-02, -8.2700e-03, -1.2464e-03, -2.0248e-04,
         1.4389e-06, -2.7336e-04, -1.1968e-02, -1.4292e-02, -1.5409e-01,
         1.3702e-02, -1.6532e-04, -1.7282e-01,  7.6305e-06, -1.1653e-06,
        -4.1308e-05, -5.7634e-02, -1.1134e-01, -9.1937e-02, -3.0184e-02,
        -9.9648e-06, -2.4403e-06, -6.8004e-05, -1.4492e-03,  1.3511e-04,
         3.1168e-01, -9.4304e-03, -1.9212e-02,  4.4900e-09, -6.5476e-03,
         2.3074e-01, -1.1376e-06, -3.0272e-02, -5.0363e-02, -1.1910e-02,
        -6.1383e-05, -5.6001e-02, -6.9832e-06, -2.6525e-05, -8.8761e-05,
        -4.3702e-04, -7.2959e-04,  3.0843e-04, -2.9394e-03,  2.5452e-04,
         2.7721e-05,  1.5358e-04, -4.6613e-03,  1.6950e-01, -1.8997e-02,
        -8.5455e-02, -1.2954e-04, -6.6196e-02,  3.3810e-01, -2.4228e-01,
         1.0296e-01, -2.9229e-02,  7.3629e-02, -3.2148e-04,  3.6317e-01,
        -2.1398e-04, -7.1548e-04, -1.3539e-03, -2.1407e-03, -1.6278e-05,
         1.8484e-06, -1.8534e-04, -6.5898e-03, -2.5940e-01,  3.8733e-01,
         3.6013e-03, -1.5263e-02, -5.9042e-02, -4.5390e-02, -1.1822e-01,
        -1.7252e-05, -1.1394e-04, -7.1042e-02,  2.7328e-01, -8.4799e-03,
        -1.8685e-02,  1.9023e-01, -1.3847e-02,  9.1744e-09, -1.2267e-04,
         1.6454e-01, -2.7598e-02, -4.5020e-03, -7.2882e-06, -4.9653e-05,
        -3.0421e-02, -6.8069e-03, -1.2731e-04,  1.9033e-01,  3.1812e-01,
        -5.3477e-02, -6.3221e-05,  2.0661e-01, -2.3773e-02, -3.2137e-02,
        -1.7687e-09,  2.6859e-05, -7.4665e-05, -6.1319e-06, -1.5951e-01,
        -4.2516e-03,  3.3552e-01, -9.1773e-06], device='cuda:0')), ('fcs.1.weight', tensor([[ 7.1824e-03, -4.1148e-03,  1.5532e-04,  ...,  1.6558e-05,
         -3.4046e-01, -6.0285e-04],
        [-6.8332e-02, -3.0075e-05, -3.5676e-04,  ..., -1.6121e-05,
         -4.1294e-02,  1.0800e-06],
        [ 3.8011e-01, -3.9159e-05,  5.3419e-03,  ..., -1.5130e-03,
          8.4732e-02, -1.1713e-05],
        ...,
        [ 1.0424e-02, -2.0100e-04,  1.3945e-04,  ...,  1.5322e-05,
         -1.1930e-01, -4.8070e-07],
        [ 2.1941e-01, -1.7997e-02, -1.3845e-01,  ..., -2.0915e-02,
          2.6899e-01,  9.6612e-05],
        [-5.9854e-03, -7.4293e-06, -3.1545e-05,  ..., -4.5012e-06,
         -4.4820e-02,  1.3484e-07]], device='cuda:0')), ('fcs.1.bias', tensor([-1.6348e-01, -7.2370e-04,  1.5181e-01, -6.9027e-08, -1.1982e-02,
        -3.0328e-02, -1.7496e-01,  1.8312e-03, -1.9269e-02,  7.9209e-08,
         8.6079e-06, -4.9114e-03, -8.1713e-03, -1.5009e-03, -7.8385e-03,
        -8.2511e-06,  2.5889e-01, -1.4426e-01, -1.1739e-02, -1.2607e-02,
         7.9598e-02,  4.2835e-01,  3.9522e-02, -1.3734e-01,  8.2592e-03,
        -1.7031e-02, -5.2928e-07,  5.1261e-04,  3.2557e-02,  7.4242e-03,
        -2.3107e-04, -6.5343e-02, -1.4004e-02,  2.3124e-01, -3.9487e-02,
        -5.8716e-03, -9.2969e-03, -1.4156e-01, -2.8391e-04, -2.2603e-02,
         8.8803e-05, -4.1156e-03,  6.0942e-06, -2.3383e-07, -2.1489e-01,
        -1.7563e-01, -1.6589e-03, -7.4104e-03, -2.9674e-03, -2.2378e-02,
        -1.0840e-01, -2.3372e-01,  1.1814e-03, -1.8604e-02, -6.1824e-02,
         6.2579e-03, -1.3444e-06,  1.4803e-05, -7.4948e-02, -1.1657e-01,
        -8.4078e-05, -2.1801e-02, -3.5572e-03,  6.4634e-07], device='cuda:0')), ('fcs.2.weight', tensor([[-2.3165e-01,  8.6008e-02, -2.3257e-02, -3.9907e-02,  9.2324e-02,
          1.8873e-01,  2.0854e-01,  2.0072e-03, -9.1840e-02,  7.7956e-02,
         -1.8368e-01, -2.4338e-01,  2.2405e-02, -3.1507e-03, -1.4817e-01,
          8.7060e-03,  6.4490e-02, -1.5590e-01, -6.9490e-02,  4.8426e-03,
          3.1512e-02,  1.0638e-01,  1.5201e-01, -1.0411e-01,  3.1128e-03,
          8.6596e-02, -4.0163e-02, -2.5985e-01,  1.4865e-02, -1.4310e-02,
         -1.9026e-05, -6.8885e-02, -9.7711e-03,  1.3703e-01, -2.1332e-03,
          1.1933e-01, -4.4682e-02,  1.0531e-01,  3.3874e-03,  2.5227e-02,
         -7.7971e-02,  5.8032e-02,  1.3969e-02, -1.0415e-01, -3.7737e-02,
         -6.4186e-01,  5.1467e-02,  3.7593e-02,  5.1835e-02, -4.0905e-02,
         -2.9463e-02, -5.8515e-01,  1.7072e-01, -1.1637e-01, -1.6025e-02,
          1.5964e-03,  1.0421e-02,  2.2214e-01,  1.4674e-01, -1.2695e-01,
          1.1271e-03, -1.1666e-01,  4.4852e-01,  2.2924e-02]], device='cuda:0'))])
end of epoch 1: val_loss 0.32978824351963276, val_acc 0.85
trigger times: 0
saving model weights...
Weights: OrderedDict([('fcs.0.weight', tensor([[-8.8611e-02, -2.2116e-02, -2.4696e-02,  ..., -6.5705e-02,
         -9.3216e-02, -6.2587e-02],
        [-4.8168e-02, -7.7720e-02,  1.2949e-01,  ...,  7.6985e-02,
         -4.6645e-02,  1.7071e-01],
        [ 4.2873e-02,  3.6402e-02,  1.8075e-02,  ...,  7.0410e-02,
         -5.1512e-02, -1.6442e-02],
        ...,
        [-2.6462e-06,  1.2844e-06,  3.0641e-07,  ..., -2.2476e-06,
         -2.0880e-06, -1.4454e-06],
        [-7.3938e-02,  3.0885e-02,  9.7138e-02,  ..., -5.3330e-02,
         -4.9474e-02, -4.0531e-01],
        [-3.1286e-08, -2.3777e-07, -7.2144e-09,  ...,  3.2227e-08,
         -9.4857e-08, -2.3693e-07]], device='cuda:0')), ('fcs.0.bias', tensor([-4.7834e-02,  4.3268e-03, -7.7250e-02,  2.9225e-02, -2.8063e-10,
        -1.0562e-01, -3.3077e-05,  3.1346e-01,  8.9058e-02, -1.7984e-03,
        -2.6960e-02, -1.4656e-07, -1.5461e-02, -7.5961e-06, -1.0555e-01,
         4.9984e-07,  1.5230e-01,  1.6812e-04, -1.2567e-02, -2.2024e-01,
        -3.2824e-02, -4.0541e-03,  7.7008e-09, -1.9472e-06, -6.8221e-12,
        -1.3478e-01, -6.1738e-10,  2.8769e-01, -3.3624e-07, -1.0527e-01,
         3.6128e-01, -5.9725e-03, -8.5018e-02, -1.9000e-03, -1.8820e-04,
        -2.0048e-02, -9.3242e-02, -1.0708e-02, -5.0444e-02, -1.1040e-01,
        -3.7959e-02,  5.0548e-01, -1.8106e-05, -1.4715e-05, -1.1765e-01,
         2.4218e-01,  8.9774e-11, -2.3004e-02, -7.1924e-07, -1.6481e-03,
        -6.3276e-02,  7.6518e-06,  3.1430e-01, -9.7167e-07, -1.1159e-11,
        -1.2508e-01, -3.2609e-03, -2.1651e-01,  4.1825e-01, -1.1375e-01,
        -4.6206e-05, -8.4103e-03, -1.3443e-01, -4.3839e-09, -1.1332e-01,
        -1.2249e-07, -1.5163e-03, -3.9206e-02,  4.9615e-01,  2.3612e-02,
        -2.0824e-03, -5.2116e-03, -6.4130e-02,  3.1911e-01, -2.1828e-03,
         2.0008e-01, -8.2245e-07, -4.4763e-02, -2.9867e-04,  2.1638e-01,
         2.1544e-01, -4.5763e-13, -7.4956e-02, -1.9135e-05, -5.7673e-06,
         3.2770e-02, -3.6981e-03, -2.7945e-05, -7.1660e-02, -1.0480e-01,
        -1.4394e-07, -1.8265e-07, -2.1786e-10, -5.2625e-06, -7.2378e-03,
         1.2176e-02,  1.7662e-01, -1.4069e-01,  2.2083e-01, -2.6073e-03,
        -2.8515e-02, -7.1637e-02, -6.9625e-03, -1.1886e-06,  8.8192e-02,
        -2.8563e-03, -1.1525e-01, -2.1558e-12, -4.7382e-02, -7.2886e-03,
        -2.4670e-05, -1.8613e-01, -7.3357e-02,  2.0764e-01,  2.1362e-01,
        -2.0806e-08,  2.0978e-01,  4.6691e-01, -9.8860e-03, -1.2085e-02,
        -6.0784e-02, -1.4559e-06, -4.6652e-02, -1.3522e-01, -5.0722e-04,
        -5.0674e-06,  1.7407e-01, -1.6086e-07], device='cuda:0')), ('fcs.1.weight', tensor([[ 2.9566e-03,  1.3017e-01, -1.4353e-01,  ..., -1.1654e-05,
         -4.3552e-02,  3.1358e-09],
        [-3.1209e-04, -4.7691e-04, -3.3441e-05,  ..., -1.8258e-07,
          4.7741e-04,  5.9719e-10],
        [-2.5116e-02, -1.2721e-01, -1.5344e-05,  ..., -3.2357e-07,
          3.4634e-01,  1.7553e-10],
        ...,
        [-5.4483e-03,  2.6215e-04, -2.7696e-05,  ..., -1.1878e-08,
         -1.0565e-02, -8.9142e-11],
        [ 1.5886e-01, -2.3594e-01, -4.0394e-04,  ...,  2.1111e-07,
          9.5814e-02,  2.0984e-07],
        [ 3.0825e-03, -2.3527e-01, -8.0844e-02,  ..., -3.5139e-07,
          2.9017e-01,  5.3427e-09]], device='cuda:0')), ('fcs.1.bias', tensor([ 1.3937e-01, -8.2046e-09,  3.2243e-03, -1.6823e-02, -7.1484e-03,
        -5.6453e-02, -4.9956e-04, -2.4652e-09, -6.9629e-02, -1.6555e-02,
        -2.4070e-02, -3.9343e-02, -4.2767e-04, -8.7787e-05, -6.7288e-02,
        -1.7543e-01,  2.3077e-01, -8.3654e-04, -1.4597e-01, -5.9855e-03,
        -9.0777e-08, -1.2756e-01, -4.9478e-02, -4.5115e-02,  2.4305e-02,
        -8.6481e-02, -5.0163e-06,  2.1441e-03, -1.1388e-02, -2.3306e-03,
         2.5021e-04, -1.2430e-05, -1.9685e-01, -2.2941e-01, -3.6920e-02,
        -3.3127e-02, -6.2013e-06,  5.5304e-02, -2.4427e-03, -2.3354e-03,
        -3.2879e-03, -1.9739e-01, -2.1045e-02, -3.1827e-03, -1.0831e-07,
        -4.3487e-02, -9.9134e-06, -1.2291e-02, -1.4458e-02, -6.2829e-08,
         3.4334e-01, -5.1784e-02, -3.3034e-05, -1.1714e-04,  2.2597e-02,
        -1.2141e-04,  2.0357e-07, -1.0385e-04, -6.5059e-02, -1.6783e-02,
         9.5868e-02, -5.1715e-06, -3.1047e-02,  8.1800e-02], device='cuda:0')), ('fcs.2.weight', tensor([[ 0.0114, -0.0035, -0.0142,  0.0093, -0.0683, -0.0360,  0.0004, -0.0013,
         -0.0407,  0.0031, -0.0432, -0.0189, -0.0048, -0.0008, -0.1905, -0.0690,
          0.0100, -0.0020, -0.1416, -0.0179,  0.0134, -0.0264, -0.0004, -0.0143,
         -0.0008, -0.1505,  0.0124, -0.0042, -0.1294,  0.0371,  0.0012,  0.0012,
         -0.0187, -0.0910,  0.0009, -0.0072, -0.0033,  0.1966, -0.0627,  0.0817,
         -0.0586, -0.2117, -0.0515,  0.1656, -0.0014, -0.0695,  0.0369,  0.0243,
          0.0751, -0.0005, -0.0323, -0.2176,  0.0159,  0.0036, -0.0233,  0.0107,
          0.0665, -0.0056, -0.0150, -0.0065,  0.0107, -0.0010, -0.0257,  0.0228]],
       device='cuda:0'))])
end of epoch 2: val_loss 0.7892393694028227, val_acc 0.834
trigger times: 1
end of epoch 3: val_loss 0.3514919145871728, val_acc 0.836
trigger times: 2
end of epoch 4: val_loss 7.885174849440631, val_acc 0.788
trigger times: 3
end of epoch 5: val_loss 0.6678922221146739, val_acc 0.788
trigger times: 4
end of epoch 6: val_loss 4.34879361148695, val_acc 0.842
trigger times: 5
end of epoch 7: val_loss 10.090798023568865, val_acc 0.81
trigger times: 6
end of epoch 8: val_loss 0.5620927802997278, val_acc 0.842
trigger times: 7
end of epoch 9: val_loss 1.1141089007584168, val_acc 0.832
trigger times: 8
end of epoch 10: val_loss 0.3518932366040981, val_acc 0.846
trigger times: 9
end of epoch 11: val_loss 36.68194051411499, val_acc 0.716
trigger times: 10
Early stopping.
0 -654.2588823828846 -238.56539389647227
1 -478.4529509842396 -226.82452825484978
2 -607.5549798309803 -226.2241731451399
3 -499.7206407189369 -208.89755486387574
4 -541.1871394515038 -196.9840755292238
5 -166.84407826513052 -194.4017457710484
6 -761.781920671463 -193.75394353311003
7 -512.0709058046341 -173.38768743356906
8 -618.1791486740112 -172.73844575529262
9 -500.16002547740936 -172.5849598191294
10 -425.0351831614971 -148.80630048130243
11 -679.2887367010117 -146.54022994848935
12 -550.6053742170334 -144.9163601843784
13 -476.4789667725563 -144.5098799638122
14 -578.3244667053223 -129.52710350510273
15 -51.058796615339816 -119.6789138826375
16 -282.4732788205147 -119.53338183357056
17 -267.43398863077164 -115.00841352193844
18 -262.28280824422836 -113.49466461352053
19 50.62733897473663 -107.45837168117659
20 -279.96876142174006 -105.49937100040788
21 -42.54534651897848 -101.9104943327425
22 -143.93486830126494 -101.66294130080523
23 -13.387053240090609 -98.89606860541423
24 65.74128345306963 -95.1909937931514
25 -103.76134915743023 -93.31854913617367
26 97.08078801631927 -85.41926577166943
27 230.79490359220654 -83.18012153468804
28 -122.84592805523425 -79.47665068598401
29 -258.16505865659565 -77.34308621853297
30 254.95765184424818 -60.56041622227008
31 331.03571180440485 -58.68833689293549
32 -116.99643491022289 -22.79021187897909
33 383.58156207203865 -19.65788926803626
34 -78.98179549025372 -16.74518768263467
35 81.15917554777116 -13.719402302108403
36 122.67581287771463 4.235189873860978
37 -17.019194283522666 5.0952806210809465
38 28.83539612405002 10.178796790507759
39 -242.61321569234133 13.541055788508864
40 -77.19420756399632 14.989710929193077
41 -140.92894245963544 21.802029683432238
42 82.58162008691579 31.12027905920427
43 150.19894379377365 40.64550156746333
44 121.55891421902925 40.69898986216935
45 246.26723781228065 50.09032867204584
46 28.77374648861587 57.290535515424786
47 8.504499259404838 60.51441689036072
48 83.05917808413506 62.587858111632386
49 -56.15723261702806 63.47489586756552
50 42.79417052026838 65.395531990224
51 168.80300790071487 68.71330703108626
52 -148.2217628583312 69.48459209048262
53 203.92428623139858 72.16624272108386
54 143.0747604444623 74.2233202149037
55 15.902957214042544 79.16074531670823
56 38.5471251020208 80.25553156558418
57 -91.34884251654148 87.50520028403979
58 -153.53389263898134 90.28646231697512
59 37.820315700024366 90.72533900600311
60 -84.60366795770824 91.52552635781885
61 212.6314194574952 91.95773979158345
62 49.989910068921745 92.99221310223136
63 -140.86185310594738 94.14052712880752
64 38.22949156165123 94.28590507273401
65 6.945025937631726 95.24073532592021
66 236.50823044776917 96.09581961281374
67 89.96713450737298 96.50341248035636
68 8.275335841812193 97.45820290396632
69 87.8968465346843 97.90553231413178
70 -21.659028683789074 98.27346635731779
71 35.25292387790978 98.35872828331676
72 32.624554798938334 98.9255090371917
73 -162.95082322508097 99.09003071828721
74 206.99979481846094 99.89253842063019
75 -2.5445323223248124 100.07765055593329
76 17.648385278880596 101.35869827851857
77 199.7498598145321 103.56921378052652
78 36.078799368813634 103.74194540937737
79 -79.11217455007136 104.00039883786899
80 138.22715780884027 104.36031383612816
81 -46.77791505679488 104.79584301893571
82 123.69148841965944 105.40349710769756
83 336.0060143927112 105.60678192821229
84 -55.51676050294191 106.26867976298877
85 -42.40340175293386 106.37916921043517
86 330.9550615772605 106.67969423997131
87 227.06902785226703 106.81132709017433
88 325.5476323366165 107.05410485829283
89 279.54255121573806 107.44441498172971
90 15.870207539759576 107.68792314282867
91 202.22002992779016 107.72369032284489
92 63.77590298652649 108.58631070626225
93 236.54750756919384 108.79454915391223
94 -3.657233225181699 109.15712102315346
95 270.1931460527703 109.71287331230647
96 183.51864238735288 110.48639228144049
97 165.57697261869907 111.4630258761226
98 -54.119044326245785 112.59201367677376
99 55.838581051677465 113.4530990931055
100 239.98427943792194 114.85996346749971
101 129.98891066294163 115.04838323377467
102 67.80629230476916 115.5646624637931
103 120.65914766956121 115.77027450439896
104 226.91599035728723 116.29805012422126
105 227.94022343307734 116.38499266629886
106 28.166729078628123 116.4198907102986
107 160.7375377919525 117.08008835928221
108 316.15892431139946 117.29357601720739
109 64.65419876668602 118.29160885622866
110 221.09038889687508 119.01062500757773
111 253.56372287496924 120.85290512447664
112 133.0429784860462 120.8902150231427
113 241.73322539031506 121.40892075278066
114 54.77616988308728 122.30522808413322
115 227.87460218649358 129.13346806288703
116 253.23442717269063 129.67718524437547
117 409.6958377584815 129.79664443488912
118 219.53148547839373 130.61780866873775
119 372.0489464402199 131.40806576766226
train accuracy: 0.7493333333333333
validation accuracy: 0.716
test accuracy: 0.6824929971988796
