demo lengths 200
demos: (120, 200, 25)
demo_rewards: (120,)
[-238.5653939  -226.82452825 -226.22417315 -208.89755486 -196.98407553
 -194.40174577 -193.75394353 -173.38768743 -172.73844576 -172.58495982
 -148.80630048 -146.54022995 -144.91636018 -144.50987996 -129.52710351
 -119.67891388 -119.53338183 -115.00841352 -113.49466461 -107.45837168
 -105.499371   -101.91049433 -101.6629413   -98.89606861  -95.19099379
  -93.31854914  -85.41926577  -83.18012153  -79.47665069  -77.34308622
  -60.56041622  -58.68833689  -22.79021188  -19.65788927  -16.74518768
  -13.7194023     4.23518987    5.09528062   10.17879679   13.54105579
   14.98971093   21.80202968   31.12027906   40.64550157   40.69898986
   50.09032867   57.29053552   60.51441689   62.58785811   63.47489587
   65.39553199   68.71330703   69.48459209   72.16624272   74.22332021
   79.16074532   80.25553157   87.50520028   90.28646232   90.72533901
   91.52552636   91.95773979   92.9922131    94.14052713   94.28590507
   95.24073533   96.09581961   96.50341248   97.4582029    97.90553231
   98.27346636   98.35872828   98.92550904   99.09003072   99.89253842
  100.07765056  101.35869828  103.56921378  103.74194541  104.00039884
  104.36031384  104.79584302  105.40349711  105.60678193  106.26867976
  106.37916921  106.67969424  106.81132709  107.05410486  107.44441498
  107.68792314  107.72369032  108.58631071  108.79454915  109.15712102
  109.71287331  110.48639228  111.46302588  112.59201368  113.45309909
  114.85996347  115.04838323  115.56466246  115.7702745   116.29805012
  116.38499267  116.41989071  117.08008836  117.29357602  118.29160886
  119.01062501  120.85290512  120.89021502  121.40892075  122.30522808
  129.13346806  129.67718524  129.79664443  130.61780867  131.40806577]
maximum traj length 200
maximum traj length 200
num training_obs 4500
num training_labels 4500
num val_obs 500
num val_labels 500
num test_obs 7140
num test_labels 7140
device: cpu
end of epoch 0: val_loss 0.8885846763458003, val_acc 0.818
trigger times: 0
saving model weights...
Weights: OrderedDict([('fc1.weight', tensor([[-2.9566e-03, -3.7231e-03, -2.5145e-03,  ...,  5.6632e-04,
         -3.9687e-03,  2.5729e-05],
        [-3.3343e-09,  1.9188e-08,  8.2836e-10,  ...,  9.6024e-09,
         -4.2700e-09, -1.9965e-09],
        [-4.7065e-07, -7.0821e-06,  9.1117e-07,  ..., -1.0100e-06,
         -1.1534e-07, -1.7262e-06],
        ...,
        [ 1.3374e-23,  2.8503e-22,  8.2590e-24,  ...,  1.6070e-22,
          3.2476e-23,  3.3764e-24],
        [-6.6262e-18,  2.7749e-17,  3.2289e-17,  ..., -2.6181e-17,
         -5.8491e-18, -1.9689e-16],
        [-2.8396e-05,  1.6442e-04,  1.1574e-05,  ..., -8.7741e-06,
         -7.2483e-06, -7.3183e-05]])), ('fc1.bias', tensor([-4.4529e-03, -5.0836e-09,  9.8414e-08,  8.5854e-03, -1.3923e-03,
        -1.4046e-01,  3.7659e-15, -2.1226e-13,  2.8611e-08, -2.0432e-06,
         1.0383e-09, -1.1218e-18, -5.7030e-12, -4.9081e-06, -8.9501e-09,
         1.0373e-01,  7.0830e-06, -1.5209e-04, -1.0426e-05, -5.9765e-13,
         2.6801e-02,  7.2002e-15,  1.3378e-08, -2.0646e-02, -3.9493e-11,
        -4.8056e-02, -1.2821e-03,  9.5956e-11, -2.7292e-16, -1.8906e-02,
        -3.8969e-02, -2.9762e-04,  2.0709e-09, -6.3381e-04, -3.5333e-04,
         1.3904e-10, -7.3456e-07, -2.0817e-02, -2.4882e-05,  1.1020e-01,
         6.8452e-02, -3.5826e-05, -1.9885e-04, -9.6077e-02, -7.0083e-05,
        -1.0810e-13,  1.7722e-06, -7.2716e-05, -1.8329e-12,  2.3551e-10,
        -4.9831e-03,  7.9394e-02, -5.9611e-17, -1.6112e-07, -9.5933e-04,
         9.1774e-13,  4.2058e-07, -1.3258e-22, -2.2804e-16, -2.8370e-02,
         3.5188e-01, -2.3975e-09,  1.3871e-01, -4.0013e-04,  9.1313e-14,
         1.0161e-06, -1.2852e-08, -9.5967e-18, -1.9841e-02, -1.1617e-12,
         1.6624e-09, -6.4739e-07, -1.3580e-01,  7.5797e-02, -2.4084e-01,
        -1.0630e-03,  5.5519e-10,  2.4499e-08,  5.9196e-02, -2.8999e-09,
        -6.4517e-08, -4.7697e-03, -1.1635e-02, -3.7609e-02, -5.8193e-04,
         9.8562e-10, -4.7330e-17, -1.1440e-04, -1.1621e-01,  2.4120e-02,
        -1.5648e-11, -1.2502e-01,  6.0855e-05, -4.4352e-02,  1.1661e-04,
         5.8732e-12, -1.6035e-01, -2.1019e-03, -2.0323e-05,  6.1697e-11,
        -1.6285e-08, -3.4889e-16, -6.6778e-05, -6.0328e-04,  6.3769e-14,
        -3.9906e-17, -2.6858e-05,  3.9417e-08, -3.9209e-03,  1.9868e-11,
        -5.1019e-05,  1.3421e-01, -2.8438e-08, -2.4496e-23, -4.5529e-03,
         1.5994e-10,  1.1172e-13,  9.7092e-02,  5.6951e-16, -8.2299e-13,
         5.5676e-16, -1.5622e-09,  8.0401e-18, -7.4544e-05,  2.6930e-03,
         1.3000e-23, -6.9871e-19,  1.2311e-05])), ('fc2.weight', tensor([[-1.9036e-05,  1.9176e-10,  1.7757e-08,  ...,  5.2181e-25,
          2.9419e-19, -1.8813e-07],
        [ 6.9715e-07,  3.7943e-09,  1.5529e-09,  ..., -3.3451e-23,
          1.9664e-19,  1.5201e-06],
        [-2.4927e-06, -3.3075e-11, -5.1429e-09,  ..., -5.9957e-26,
          8.0834e-21,  1.6836e-09],
        ...,
        [ 2.3020e-05, -1.7501e-10, -3.5931e-08,  ..., -9.3503e-25,
         -2.9309e-19,  7.2272e-08],
        [ 3.3503e-03, -1.7510e-11, -4.2295e-09,  ..., -1.3236e-25,
          7.6667e-20, -3.7832e-10],
        [-2.5183e-05, -7.7933e-10, -9.6796e-07,  ...,  8.3304e-24,
         -6.3749e-19,  5.1167e-07]])), ('fc2.bias', tensor([-3.3672e-02, -8.2592e-02, -3.9557e-04, -3.3536e-02, -4.6905e-02,
        -1.2575e-02, -1.5918e-02, -5.6302e-02, -1.1341e-01,  4.4081e-02,
        -1.9576e-02, -1.4152e-01, -3.6106e-03, -7.2707e-02,  1.2254e-02,
        -4.4843e-04, -2.6819e-02, -2.1147e-02, -1.7918e-02, -8.1410e-02,
        -2.0699e-01, -2.2694e-01, -5.9597e-02, -2.4192e-02, -9.2762e-04,
         6.9160e-02, -4.0911e-02, -7.9570e-02, -1.8385e-03, -1.0552e-01,
        -4.9381e-03, -1.3802e-02, -5.3331e-02, -1.4976e-01, -8.0201e-03,
        -7.2243e-02,  1.1846e-01, -2.5136e-02, -3.5671e-03, -2.3903e-01,
        -2.1314e-02,  1.0559e-01, -2.9692e-02, -3.3990e-05,  2.6943e-02,
        -1.6728e-02,  1.2458e-01, -8.7072e-02, -1.7928e-02,  6.2215e-03,
        -4.3587e-02, -3.7148e-05, -1.2371e-01,  3.2476e-02, -7.3647e-02,
         1.3739e-01, -1.6536e-02,  7.5083e-02, -6.1938e-02,  2.0493e-02,
        -1.1098e-01, -3.7765e-04, -3.0699e-02, -3.6042e-03])), ('fc3.weight', tensor([[-0.0153, -0.0066,  0.0028,  0.0069, -0.0055, -0.1611, -0.1351, -0.0017,
          0.0693, -0.0237,  0.0186,  0.0354, -0.0415,  0.0069,  0.0264,  0.0014,
          0.0460, -0.0137,  0.1074, -0.0675,  0.0672, -0.1645,  0.0040, -0.0446,
          0.0271,  0.2341,  0.0582, -0.1532, -0.0964,  0.0215, -0.0159, -0.0115,
         -0.0692, -0.0663,  0.0017,  0.0671, -0.0934,  0.1053, -0.0187,  0.0608,
         -0.0045, -0.0057, -0.0029, -0.0610, -0.1148,  0.0320,  0.0212,  0.0055,
          0.0107, -0.2253,  0.0429,  0.0017, -0.0172,  0.0706, -0.0302, -0.0037,
         -0.1731, -0.0295, -0.0333, -0.0581, -0.1821,  0.0433,  0.0066,  0.0026]]))])
end of epoch 1: val_loss 0.759605710996784, val_acc 0.744
trigger times: 0
saving model weights...
Weights: OrderedDict([('fc1.weight', tensor([[ 3.7753e-15, -5.0268e-15, -9.2721e-17,  ..., -1.9061e-15,
          4.6837e-15,  2.1044e-15],
        [-2.6630e-06, -3.0659e-06,  4.2662e-08,  ...,  3.4646e-07,
         -3.3073e-05,  4.1471e-06],
        [ 9.0910e-06, -2.3159e-05,  4.8569e-07,  ..., -1.8364e-05,
          7.4496e-06,  2.7584e-05],
        ...,
        [-5.2219e-11, -6.1537e-10,  3.8954e-11,  ..., -2.6620e-10,
         -6.1887e-11, -9.9252e-11],
        [-3.0071e-04,  2.5271e-03,  1.1902e-05,  ..., -8.7293e-04,
         -3.2280e-04, -3.8401e-05],
        [-7.7368e-10,  1.2798e-09,  4.2461e-10,  ...,  2.2806e-09,
         -1.6082e-09, -1.2965e-08]])), ('fc1.bias', tensor([ 4.9763e-15, -4.2043e-05, -3.1019e-07, -5.8775e-05, -1.9764e-04,
        -6.7404e-07, -5.2945e-02, -1.3375e-02,  6.5076e-02, -8.9226e-04,
        -3.7789e-08, -3.7744e-04, -1.5860e-04, -1.1884e-04, -2.1213e-13,
        -3.1156e-02,  1.5126e-31, -4.7542e-08, -1.8137e-01, -2.5121e-04,
         6.8408e-02, -2.2041e-19, -2.1988e-04,  4.3435e-02, -1.9953e-09,
         1.5866e-12, -1.9558e-12, -1.3149e-06, -1.2269e-02,  3.5822e-12,
        -6.4690e-04,  3.5492e-29,  1.1127e-08, -5.8200e-04, -3.0879e-11,
        -6.7143e-13, -8.8283e-03, -8.7206e-10, -1.8048e-24, -3.3798e-09,
        -1.2914e-04,  1.7358e-03, -1.1706e-01, -5.9733e-09, -1.0908e-02,
         8.4439e-12, -4.3420e-03,  4.0803e-09, -2.3456e-09, -6.0227e-06,
        -7.2005e-03, -1.3063e-01, -6.9433e-13, -1.1024e-03, -1.9103e-03,
        -1.1175e-07,  2.8415e-08, -1.1021e-03, -1.1744e-02,  1.8361e-02,
         2.0135e-01, -1.7664e-03, -6.8674e-04, -4.1421e-30, -1.8490e-04,
         7.1369e-02, -3.1119e-02, -4.9405e-04, -1.5155e-18, -8.2696e-04,
        -3.4791e-02, -9.8290e-03, -5.7946e-07, -1.7975e-03, -1.1992e-03,
        -1.8798e-25, -2.9657e-05,  1.9328e-06, -3.1036e-06, -6.8718e-04,
         4.0444e-02, -1.2778e-19, -2.1920e-08,  3.5369e-03, -6.0307e-14,
        -1.7579e-09, -2.6613e-01, -7.8341e-02, -3.6049e-20, -1.8733e-03,
        -4.6920e-10,  1.2394e-12, -2.5024e-18,  2.9301e-20, -1.3157e-20,
        -1.0834e-18,  8.3899e-14, -7.2046e-13, -9.6535e-15,  2.1166e-06,
        -5.2923e-13, -1.0210e-04, -1.0606e-02,  4.8568e-25,  2.4805e-06,
        -6.0850e-03, -1.2239e-02, -2.6128e-09,  2.3062e-12, -7.6773e-04,
         3.6171e-09, -4.8340e-04, -1.5327e-18,  1.8324e-03, -2.6049e-15,
        -4.3710e-03, -2.5264e-14,  7.1735e-08, -2.0674e-05,  7.5114e-05,
        -1.2439e-06, -1.3165e-10, -4.8298e-02, -4.8314e-03,  2.3282e-06,
        -2.0695e-11, -2.6198e-04, -2.3856e-09])), ('fc2.weight', tensor([[-5.4469e-16,  3.7403e-05, -1.6143e-07,  ...,  3.7286e-10,
          6.7641e-05,  1.8488e-10],
        [-9.3817e-19,  3.0148e-08, -1.7047e-08,  ..., -3.9158e-12,
         -1.2712e-07,  7.7091e-13],
        [-2.3630e-15, -3.2268e-05,  8.6237e-06,  ...,  1.0053e-09,
          4.1503e-05,  1.2550e-10],
        ...,
        [-1.9649e-16, -8.2495e-06, -2.5503e-07,  ..., -1.6274e-10,
         -1.9796e-06, -1.5807e-10],
        [ 1.5059e-17,  6.4659e-06,  2.3421e-06,  ..., -2.2949e-09,
          1.3010e-05,  1.0465e-10],
        [ 2.5108e-18, -5.7026e-07, -3.0163e-08,  ...,  8.3400e-13,
         -3.7226e-07,  1.5940e-12]])), ('fc2.bias', tensor([ 1.6899e-01, -2.3815e-03,  2.7413e-02, -3.1108e-03,  4.7724e-02,
        -5.4427e-02, -7.5350e-02, -1.1708e-02,  1.6205e-01, -1.0505e-01,
        -6.4401e-03, -1.2881e-01, -9.0905e-02, -3.0225e-02,  9.6100e-02,
         1.0687e-02, -7.8065e-02, -1.8262e-03, -7.2280e-06, -1.0945e-02,
        -1.4367e-01, -1.1071e-03, -5.3012e-02, -2.5794e-02,  9.5722e-02,
        -4.4915e-03, -9.3264e-03,  1.0787e-01, -1.0802e-02,  1.5845e-01,
         2.6240e-02, -3.0119e-02, -2.5765e-02,  1.5538e-03, -4.0382e-02,
        -1.3278e-01,  4.8694e-02, -3.0540e-02, -1.3772e-01, -8.8156e-02,
         2.6447e-02, -2.5225e-02, -2.4535e-01, -2.9212e-02, -7.0286e-03,
        -7.4233e-02, -1.2858e-03, -4.2411e-02, -2.4230e-02, -1.2818e-02,
         1.6407e-01, -2.4215e-04, -1.9483e-02,  1.7626e-02, -1.9542e-03,
        -6.6850e-02, -1.1845e-02, -4.0807e-02, -1.3700e-02, -2.0135e-03,
        -1.8208e-02,  4.2043e-02, -2.1109e-01, -3.9827e-02])), ('fc3.weight', tensor([[-7.8419e-03,  3.0097e-03, -2.5217e-02, -3.9680e-03,  4.6117e-02,
          1.5149e-01,  3.8076e-02,  5.0231e-04, -2.2780e-03, -2.6946e-02,
          8.9211e-05,  1.7483e-02,  2.2837e-02, -1.1560e-02, -1.5814e-02,
         -1.5997e-01, -5.7533e-02,  3.2592e-02, -8.4792e-04, -1.6503e-02,
          6.3918e-02, -1.4742e-03,  2.8741e-02, -1.1307e-02,  1.0006e-02,
         -5.8468e-03,  1.6591e-02, -2.7365e-02,  1.5407e-03, -1.6026e-02,
          4.8988e-02,  7.7344e-03,  4.0312e-03,  4.4548e-02, -3.2071e-02,
         -5.9953e-02, -1.1899e-01, -3.9595e-03,  5.7392e-02, -9.8741e-02,
          1.0943e-02,  1.7077e-02, -5.3536e-02,  3.5191e-02,  3.5871e-02,
          1.1058e-02,  3.7358e-03,  3.9978e-02,  5.0139e-03,  3.2646e-03,
         -4.2716e-02,  3.8652e-03,  5.9098e-02, -4.4781e-02,  5.7160e-03,
          1.6379e-03, -1.0340e-02, -1.1249e-01,  4.6058e-03,  5.3332e-02,
          6.5923e-02, -4.4502e-02,  9.0119e-02,  1.0855e-02]]))])
end of epoch 2: val_loss 0.40843567834055966, val_acc 0.81
trigger times: 0
saving model weights...
Weights: OrderedDict([('fc1.weight', tensor([[-2.4422e-06,  1.1289e-04, -1.0723e-07,  ..., -3.3486e-06,
         -1.7240e-06, -1.1378e-04],
        [-7.7100e-21,  9.4320e-21, -4.0956e-21,  ...,  9.3735e-21,
         -1.1036e-20, -4.3462e-21],
        [ 3.8749e-11,  5.1862e-10, -1.7302e-11,  ...,  4.1555e-10,
          5.9599e-12, -1.3865e-10],
        ...,
        [ 1.2413e-02,  2.3422e-03,  5.0987e-03,  ...,  4.0039e-02,
         -1.5668e-02,  4.5856e-03],
        [ 7.1229e-09,  8.3418e-09, -5.1199e-10,  ...,  1.1766e-08,
         -3.4356e-09, -2.5131e-08],
        [-7.2375e-18,  3.7711e-17, -3.1177e-17,  ...,  5.6214e-17,
         -3.6616e-18, -4.6543e-17]])), ('fc1.bias', tensor([-1.2420e-06, -1.1633e-20,  2.5452e-11, -5.9132e-04, -1.7592e-13,
        -1.1135e-02,  1.7571e-14,  1.4699e-12,  2.1983e-07, -1.0092e-05,
        -2.2861e-08, -6.9920e-08, -9.4277e-08, -7.2550e-13, -9.5076e-09,
        -1.9995e-04, -1.9035e-14, -3.5396e-02, -2.3361e-05, -1.1516e-09,
        -4.7003e-04, -3.3708e-02, -2.3126e-14, -1.2819e-09, -1.4783e-05,
        -5.5168e-02, -1.4508e-05, -1.7114e-02, -3.0503e-05, -9.2378e-02,
         7.4838e-16,  1.9201e-11, -4.7550e-06, -6.3728e-05, -2.9232e-06,
         1.7313e-10, -8.5541e-02, -7.6907e-17, -1.6183e-04, -2.3375e-05,
         8.9296e-26, -3.9388e-06, -1.5961e-06,  7.9117e-13, -9.9267e-03,
         2.9760e-11, -1.1055e-01, -3.1408e-04, -5.3023e-14, -7.3045e-05,
        -1.4082e-22,  6.7345e-08,  1.7383e-14,  8.5861e-22,  7.6132e-12,
        -2.2370e-09, -7.2502e-03, -2.3232e-19, -2.5022e-16, -2.9303e-07,
         2.0677e-01, -4.6885e-19,  6.0320e-09, -2.7834e-06, -1.9418e-20,
        -5.4911e-07,  6.8937e-12, -8.9940e-03,  4.4343e-08, -1.6698e-13,
        -5.1353e-03, -2.5933e-03,  5.4291e-08, -3.1959e-19,  3.1712e-21,
        -6.8541e-02,  1.0654e-10,  5.1206e-18, -7.0644e-03, -3.1533e-03,
        -2.3310e-12,  3.2140e-06, -8.5240e-08, -1.3829e-16,  4.0771e-08,
         6.1593e-09, -2.2379e-03, -1.5636e-05, -1.4143e-02, -6.0265e-08,
        -4.0063e-10, -2.3054e-03,  1.8427e-06, -4.4458e-09, -2.6492e-03,
        -1.0419e-02,  1.3005e-08,  3.5266e-17, -3.0926e-06, -3.6874e-03,
        -1.3844e-15, -4.4463e-07, -1.6720e-02, -5.0865e-02, -1.1948e-07,
        -2.3937e-07, -3.3465e-05, -5.3430e-03, -4.3323e-04,  3.1135e-24,
        -7.5616e-03,  8.1832e-02, -2.5758e-16, -1.2018e-07,  4.1739e-13,
         8.9432e-17, -1.8218e-08,  5.8147e-05, -7.3240e-09,  1.3488e-05,
        -1.6322e-03, -7.7943e-02,  9.8136e-13, -8.4669e-04, -7.3620e-06,
        -1.3340e-02,  3.3964e-09,  3.4061e-18])), ('fc2.weight', tensor([[-1.8121e-06, -3.7167e-21, -5.9317e-10,  ..., -2.9397e-03,
          1.1237e-09,  3.0134e-16],
        [ 1.0147e-02, -1.0702e-23,  1.4450e-11,  ..., -6.0206e-03,
          8.3564e-11,  3.1522e-18],
        [-2.4767e-06, -1.0538e-20, -1.4990e-08,  ..., -5.2826e-03,
          2.9150e-08, -2.3843e-16],
        ...,
        [ 5.7538e-10, -4.5047e-24,  3.2786e-12,  ..., -3.2907e-04,
          8.2700e-12, -3.7807e-19],
        [ 1.8147e-08, -1.6286e-22,  3.0528e-12,  ..., -6.5690e-06,
          1.7619e-10, -7.4186e-18],
        [ 1.9680e-07,  1.8903e-22,  8.0724e-11,  ...,  6.3702e-04,
          2.9892e-10,  1.1407e-17]])), ('fc2.bias', tensor([ 3.6226e-02, -5.2250e-03,  1.4527e-01, -7.8776e-02,  5.7572e-02,
        -5.3705e-02, -1.1672e-01, -3.1043e-02, -8.3373e-02, -1.6936e-02,
        -1.9442e-02, -2.3690e-03, -3.5383e-04, -1.2919e-03, -5.7513e-05,
        -4.2420e-02, -1.9323e-03, -4.4658e-03, -2.9292e-03, -2.5632e-02,
        -5.7233e-02, -3.0049e-02, -5.2435e-05, -5.7654e-02, -1.0237e-03,
         2.4270e-02,  1.0546e-01, -6.7019e-03, -2.2854e-02, -4.8978e-03,
        -6.4762e-03,  2.8911e-03, -5.1243e-02, -1.7313e-02, -5.5212e-02,
        -1.0016e-01,  1.6781e-01, -3.0413e-02,  5.7227e-02, -5.8641e-03,
        -1.3315e-01, -1.9129e-03, -1.0918e-01, -2.5171e-03, -1.3550e-02,
        -1.1660e-02, -2.4402e-03, -6.9170e-02, -1.0615e-01,  7.8339e-04,
        -2.0435e-02, -8.9097e-02, -9.9326e-02, -2.9139e-03, -1.9763e-02,
        -7.0464e-02, -1.2484e-03, -1.1938e-04, -5.8945e-02, -1.3892e-02,
        -2.9893e-02, -2.4243e-03, -1.4638e-03, -4.6903e-02])), ('fc3.weight', tensor([[ 0.0323, -0.0007,  0.0218,  0.1109,  0.0464, -0.0435,  0.0617,  0.0118,
          0.0264,  0.0475,  0.0708,  0.0263, -0.0476,  0.0694,  0.0674, -0.0917,
         -0.0061, -0.1421,  0.0088, -0.0510, -0.0016,  0.0327,  0.0005,  0.0206,
         -0.0343,  0.0176, -0.0366,  0.0134, -0.0684, -0.0115, -0.0081, -0.0055,
         -0.0510, -0.0019,  0.0622,  0.0060, -0.1085,  0.1069,  0.0085, -0.0256,
         -0.0527,  0.0112,  0.0443,  0.0195,  0.0022, -0.0130, -0.0031, -0.0288,
         -0.1029, -0.0521, -0.0310,  0.0207,  0.0433,  0.0073, -0.0267, -0.1197,
          0.1203,  0.0131,  0.1599,  0.0627,  0.1106,  0.0036,  0.0645,  0.0827]]))])
end of epoch 3: val_loss 0.3786027074073208, val_acc 0.826
trigger times: 0
saving model weights...
Weights: OrderedDict([('fc1.weight', tensor([[ 1.7739e-01,  1.2400e-01,  5.9957e-02,  ..., -3.2477e-02,
          1.2467e-01,  1.9217e-01],
        [ 1.2346e-01,  9.8305e-02,  7.9559e-02,  ...,  5.1608e-02,
          1.9609e-01,  2.1864e-01],
        [-6.7997e-06,  6.4216e-05,  2.9158e-07,  ...,  3.1906e-05,
         -5.2348e-06, -2.4201e-07],
        ...,
        [ 2.1721e-14, -5.8856e-11, -3.7224e-14,  ..., -1.0130e-12,
          6.0045e-14,  3.5516e-13],
        [ 1.1824e-13,  2.7855e-13, -1.2316e-13,  ...,  5.9790e-13,
          1.2773e-13, -1.0578e-13],
        [ 7.2635e-05,  4.5821e-03,  1.7186e-05,  ...,  2.4740e-03,
          1.2635e-05, -3.1649e-05]])), ('fc1.bias', tensor([ 4.0029e-02,  1.0440e-01, -2.5053e-06,  7.4162e-17, -6.6835e-06,
        -1.5983e-07, -6.3443e-07, -1.2215e-05,  5.1377e-05, -5.7445e-07,
        -1.3007e-02, -3.4484e-07, -1.2443e-03, -1.0748e-08,  6.9950e-08,
         8.5157e-10, -2.7898e-11, -4.3221e-14, -5.0873e-15, -7.8049e-02,
        -3.0521e-06, -2.0516e-07, -4.9603e-04, -3.3427e-09,  3.0687e-15,
         1.2278e-14, -5.9108e-02, -4.9277e-18, -2.6587e-04, -4.6882e-11,
        -7.1593e-09, -1.4386e-03, -2.8450e-12,  1.3832e-08, -1.6999e-15,
         8.4618e-08,  1.5706e-01,  3.8066e-02,  6.8118e-26, -5.0098e-03,
         1.7050e-10,  1.4708e-04, -5.8390e-16, -1.6552e-12,  1.1736e-11,
        -9.5867e-06, -2.3146e-08, -1.8923e-10,  2.4098e-11, -3.6772e-08,
        -3.4572e-05, -1.2873e-09, -3.2913e-13, -2.1533e-04,  5.7793e-12,
        -7.1713e-04, -6.8024e-14, -3.5684e-25, -1.1291e-09,  3.2542e-06,
         1.9173e-02,  5.1097e-02, -6.3611e-03, -2.0911e-08, -4.3661e-03,
        -7.8013e-03, -2.7820e-06, -6.8010e-17, -2.6891e-12, -3.1662e-03,
        -6.5970e-22, -5.7064e-14, -2.4388e-03,  3.0433e-02, -9.7349e-05,
        -2.8877e-06, -3.7567e-07, -2.5556e-03, -1.9882e-03,  5.2141e-22,
        -2.0815e-07,  4.4215e-09, -2.0820e-06,  2.4464e-02, -2.9098e-08,
        -8.8601e-16, -1.3692e-08,  3.7789e-02, -1.0660e-03, -2.6080e-12,
        -3.2627e-02, -1.4615e-05,  7.4230e-10, -1.0643e-03, -2.5333e-05,
         3.3712e-13, -8.4806e-05, -4.0000e-04, -3.2768e-06, -2.3415e-15,
        -2.4248e-03, -8.5393e-15, -2.5832e-15, -7.5644e-13, -9.4175e-08,
        -9.1531e-02, -2.8651e-09, -7.7208e-08, -4.3118e-08, -8.0675e-10,
        -3.5338e-14, -4.3990e-04, -1.5097e-05, -4.3314e-04,  2.9319e-15,
         9.2702e-02,  2.9038e-08, -4.1971e-04, -1.1992e-02, -5.9068e-10,
        -4.1624e-14,  3.0365e-10, -3.3246e-14,  3.6389e-14,  4.7029e-18,
        -5.5022e-15, -9.6241e-15, -1.1634e-04])), ('fc2.weight', tensor([[ 7.5864e-02, -7.7805e-02,  3.2001e-06,  ..., -7.7654e-14,
          2.1967e-14, -3.0340e-06],
        [-6.2072e-03, -1.9350e-03, -4.0284e-08,  ...,  3.0299e-14,
          1.6736e-14, -2.3183e-08],
        [-2.6006e-03, -5.3890e-03,  1.2028e-07,  ..., -8.4842e-15,
         -4.1383e-14,  7.1441e-07],
        ...,
        [-3.2987e-02, -1.2551e-01,  5.1145e-06,  ...,  9.7568e-15,
          6.1640e-13, -2.8500e-06],
        [-1.0931e-01, -1.1673e-01, -5.5904e-06,  ..., -3.3736e-13,
         -1.4611e-12,  1.5517e-05],
        [ 2.3812e-05, -2.2552e-03, -1.7374e-07,  ...,  9.3448e-17,
          1.1316e-14,  6.6520e-08]])), ('fc2.bias', tensor([-4.1804e-04, -7.9643e-03, -2.0403e-03, -5.0355e-02, -2.3870e-02,
         6.3004e-03, -6.3611e-04,  3.6980e-02, -1.8067e-05, -7.2898e-02,
        -4.7598e-04,  7.9198e-02, -4.8209e-03, -5.3217e-08, -8.8987e-04,
        -1.0746e-03,  1.0405e-01, -4.2966e-04,  3.0807e-02, -2.3442e-04,
        -5.5234e-03, -3.2272e-02, -1.6824e-02, -1.0901e-02, -1.4283e-02,
        -1.0525e-01,  3.5503e-03, -8.8490e-05, -1.8736e-02,  1.9418e-02,
        -4.2151e-04,  1.3698e-03,  4.4811e-02, -2.8992e-04,  2.1860e-02,
        -8.2543e-03, -7.2817e-03, -8.1519e-03, -2.3442e-02,  1.3639e-02,
        -4.2952e-03, -8.4562e-03, -5.5775e-02, -7.3316e-03,  1.1990e-02,
        -6.7501e-04, -9.5065e-03, -4.3588e-03,  2.6826e-02, -3.0038e-03,
        -3.8361e-03,  4.7454e-02, -2.3218e-01, -9.2174e-03, -2.3663e-02,
        -4.0276e-02, -1.0169e-03, -6.0395e-02, -8.1709e-06, -2.2234e-04,
        -4.9574e-05, -1.4948e-01, -9.4202e-02, -1.4272e-02])), ('fc3.weight', tensor([[ 1.5339e-01, -9.2033e-04,  6.7230e-04, -8.2740e-02,  1.3966e-01,
          5.5726e-03, -1.3953e-03,  3.8699e-04,  3.4721e-04,  1.2852e-01,
         -1.1343e-03, -1.4290e-02, -3.7596e-02,  2.3169e-05, -4.0406e-02,
         -8.9453e-03,  1.5957e-03, -7.0596e-03,  5.2701e-02,  1.3754e-02,
         -3.5118e-02, -9.1113e-02, -1.1489e-02, -9.0906e-03,  1.2292e-01,
          1.2567e-01,  1.5825e-02, -1.3898e-03, -1.0120e-01,  2.1014e-03,
         -1.1878e-03,  4.9471e-03, -3.2074e-03,  6.7567e-03,  4.4568e-02,
          2.9070e-02, -5.0267e-02,  1.3460e-02, -7.3264e-02,  7.0215e-03,
         -2.6224e-04,  2.9596e-02, -1.2224e-01,  5.4032e-03,  1.9258e-02,
         -1.4902e-03,  6.7807e-02,  4.8316e-03, -9.2535e-05,  1.7823e-01,
          3.7708e-02,  2.0189e-02,  1.5087e-01,  6.3602e-02, -9.2500e-03,
         -4.8026e-02,  7.5659e-03, -2.4136e-02,  1.0573e-03,  6.4918e-04,
          1.1255e-01,  9.5139e-02, -6.4536e-02, -3.8137e-03]]))])
end of epoch 4: val_loss 0.40278770605530734, val_acc 0.798
trigger times: 1
end of epoch 5: val_loss 0.664777508954784, val_acc 0.74
trigger times: 2
end of epoch 6: val_loss 2.154941928070431, val_acc 0.698
trigger times: 3
end of epoch 7: val_loss 3.2622124642137096, val_acc 0.796
trigger times: 4
end of epoch 8: val_loss 0.49101807277423043, val_acc 0.784
trigger times: 5
end of epoch 9: val_loss 0.5692460600135318, val_acc 0.818
trigger times: 6
end of epoch 10: val_loss 0.6021117822877422, val_acc 0.708
trigger times: 7
end of epoch 11: val_loss 0.3712581545014182, val_acc 0.804
trigger times: 0
saving model weights...
Weights: OrderedDict([('fc1.weight', tensor([[-6.8684e-06,  2.2747e-04,  4.1167e-06,  ...,  1.9766e-05,
          7.2652e-06, -3.3492e-05],
        [-1.9233e-12,  5.0538e-11,  1.9120e-12,  ...,  1.0836e-11,
          5.7515e-12,  3.8556e-12],
        [-9.0173e-03, -2.9131e-02,  7.2976e-04,  ..., -4.5985e-03,
         -6.7493e-03,  6.3236e-04],
        ...,
        [ 1.2545e-08, -3.2512e-09, -2.1247e-08,  ..., -7.9388e-09,
          4.9582e-10, -2.8024e-05],
        [-2.7117e-04,  4.7821e-04, -1.5996e-06,  ...,  1.7101e-03,
         -9.9882e-05, -7.0737e-04],
        [ 7.5694e-22, -1.4170e-21, -1.0212e-22,  ..., -1.5879e-21,
         -1.6442e-22, -6.3375e-23]])), ('fc1.bias', tensor([ 8.5608e-06,  8.9123e-12, -2.6819e-03, -1.2806e-03,  6.6712e-12,
        -1.0435e-05,  8.6974e-12, -1.4302e-11, -1.0722e-28,  3.5438e-07,
         2.1595e-02, -2.0602e-02, -7.8728e-06, -1.2868e-07,  4.7113e-06,
        -1.5845e-06, -1.1439e-03, -3.8218e-08,  2.4079e-13, -1.1098e-03,
         6.8564e-08, -2.7015e-12,  4.3457e-05,  1.3589e-31, -1.0778e-03,
         4.4909e-06, -2.2833e-09, -9.7334e-03, -7.6594e-08, -3.3364e-04,
         3.5121e-08, -1.9730e-13, -4.4948e-04,  5.6830e-12,  9.0517e-29,
         1.9455e-26, -2.2617e-06, -2.1220e-15,  3.6702e-04, -1.0527e-08,
        -2.5512e-13, -4.8602e-05, -9.9979e-04,  3.4205e-10,  3.4767e-12,
        -7.8183e-03, -2.2399e-07, -1.0297e-13, -9.4641e-06, -7.8690e-08,
        -1.6142e-01, -6.2907e-03, -3.7878e-04,  1.9554e-01, -2.7025e-13,
        -5.5455e-05, -6.4930e-08,  2.1348e-12,  5.2940e-09, -3.7566e-18,
        -7.5356e-05, -5.5675e-06,  2.5039e-06, -6.5191e-07,  1.2529e-16,
         4.4268e-14, -6.6907e-06, -2.1058e-06,  1.0777e-01,  2.3351e-11,
        -8.2014e-24, -2.1914e-04, -8.5003e-04,  1.0298e-01, -5.8026e-07,
         1.5558e-07, -5.5189e-10, -2.4170e-04,  5.5998e-02, -4.9723e-04,
         3.6921e-13, -2.5509e-02,  6.0481e-09, -1.8120e-04, -3.5607e-04,
        -1.4542e-02, -9.6231e-02, -2.6242e-03, -5.4709e-13, -4.5761e-21,
        -2.7910e-05, -4.1656e-08,  1.2587e-08, -1.5184e-04, -9.1088e-08,
         2.2280e-08, -1.3709e-11,  2.2393e-04, -7.5474e-14,  4.2296e-10,
         2.5259e-10, -1.7074e-15, -6.1384e-17,  3.6707e-05, -3.5597e-02,
         1.0022e-11, -1.8457e-25, -5.3172e-07, -1.0477e-13,  1.4954e-11,
        -7.7446e-04, -1.4369e-06, -1.6012e-02,  3.7673e-01, -2.1907e-08,
        -3.5097e-06, -1.6608e-10, -6.4768e-03, -7.3331e-11,  1.7349e-06,
        -4.0109e-07, -3.9369e-05, -1.5056e-08,  4.1106e-21, -4.5632e-10,
         3.7022e-10, -5.3816e-05,  7.1208e-23])), ('fc2.weight', tensor([[-2.6188e-04,  3.6327e-14,  2.7744e-06,  ..., -8.6796e-10,
          4.9255e-04,  1.1858e-22],
        [ 1.6985e-07,  9.2714e-15, -1.8825e-05,  ...,  2.2663e-09,
         -4.4078e-05,  4.6789e-23],
        [ 2.9846e-05, -8.9349e-12, -4.5602e-02,  ..., -9.5616e-08,
         -4.2929e-05, -1.8940e-20],
        ...,
        [ 2.6901e-07, -1.6045e-12,  4.2355e-05,  ..., -1.1665e-10,
          6.7840e-07,  1.8607e-23],
        [-3.3547e-06,  4.3949e-13,  2.1738e-02,  ...,  2.0074e-08,
          4.3434e-05,  9.4355e-21],
        [ 3.3255e-09, -1.0230e-14, -8.0555e-04,  ..., -2.5658e-10,
          3.4163e-06,  1.3223e-22]])), ('fc2.bias', tensor([-1.1914e-02, -7.1579e-04,  9.5527e-02,  1.4502e-05, -2.4579e-02,
         1.0056e-01, -9.8152e-03, -3.2940e-03, -4.1581e-03,  6.3792e-04,
        -1.2012e-02, -4.9400e-05,  3.4191e-03,  2.3799e-04,  6.5832e-05,
        -5.4176e-02, -1.8113e-01, -1.7510e-04, -1.6035e-01, -9.0655e-03,
        -1.9311e-02, -1.9055e-02, -2.2065e-02, -1.0668e-03, -1.5765e-02,
        -2.7637e-03, -2.3938e-02, -5.9405e-04, -1.2373e-02, -1.2696e-02,
        -7.4142e-03, -3.4593e-03, -1.6538e-04, -7.1987e-03, -2.4806e-02,
        -4.1145e-03, -4.7605e-02, -1.0136e-04, -8.3891e-03, -1.8353e-03,
        -8.1842e-02, -5.8656e-03, -7.4635e-03, -8.7155e-04, -5.3229e-02,
        -2.2963e-04,  2.8221e-02, -1.7223e-03, -3.9158e-03, -4.5958e-03,
        -2.2991e-01, -9.2229e-03, -9.5329e-02, -8.4141e-03, -3.7551e-02,
        -5.5074e-02, -9.0767e-02,  2.3524e-03, -2.8870e-02, -1.9577e-02,
        -1.7772e-04,  3.0759e-03,  1.0571e-01, -1.2314e-02])), ('fc3.weight', tensor([[ 0.0267, -0.0003,  0.0798, -0.0069, -0.0079, -0.0089, -0.0006, -0.0261,
          0.0602, -0.0822,  0.0719,  0.0173,  0.0319, -0.0558,  0.0018, -0.0245,
          0.0164,  0.0045, -0.1237, -0.0240,  0.0054,  0.0250, -0.0096, -0.0075,
         -0.0712,  0.0154, -0.0887,  0.0432, -0.0026, -0.1981, -0.0023,  0.0427,
          0.0187,  0.1738,  0.0092, -0.0777,  0.0148,  0.0082,  0.1054, -0.0586,
         -0.0938,  0.0535, -0.0172,  0.0088,  0.0457,  0.0039,  0.0112, -0.0257,
          0.0085,  0.0138,  0.0274,  0.0278,  0.0367,  0.0219,  0.0579, -0.0149,
          0.0504, -0.0174, -0.0429, -0.0119, -0.1665,  0.0074, -0.0122,  0.0057]]))])
end of epoch 12: val_loss 0.37662766336072734, val_acc 0.824
trigger times: 1
end of epoch 13: val_loss 0.45574565003079276, val_acc 0.824
trigger times: 2
end of epoch 14: val_loss 0.4529975476914971, val_acc 0.788
trigger times: 3
end of epoch 15: val_loss 0.37259697998604635, val_acc 0.812
trigger times: 4
end of epoch 16: val_loss 0.378923818781356, val_acc 0.808
trigger times: 5
end of epoch 17: val_loss 22.941922429735545, val_acc 0.388
trigger times: 6
end of epoch 18: val_loss 0.3891268710831314, val_acc 0.796
trigger times: 7
end of epoch 19: val_loss 0.7209430448748463, val_acc 0.684
trigger times: 8
end of epoch 20: val_loss 0.8436836298104026, val_acc 0.676
trigger times: 9
end of epoch 21: val_loss 0.5016900124947876, val_acc 0.806
trigger times: 10
Early stopping.
0 -22.198414526879787 -238.56539389647227
1 -10.102842746768147 -226.82452825484978
2 -29.30327421007678 -226.2241731451399
3 -6.149395099841058 -208.89755486387574
4 -11.825974015984684 -196.9840755292238
5 -1.2988524222746491 -194.4017457710484
6 -15.027774225920439 -193.75394353311003
7 -2.381051645614207 -173.38768743356906
8 -6.703032928984612 -172.73844575529262
9 -3.258247089572251 -172.5849598191294
10 -0.3784767035394907 -148.80630048130243
11 -3.400409087538719 -146.54022994848935
12 -1.2664267555810511 -144.9163601843784
13 -4.3202447758521885 -144.5098799638122
14 -0.9027907778508961 -129.52710350510273
15 1.4191209920682013 -119.6789138826375
16 -0.22144470689818263 -119.53338183357056
17 0.2873101008590311 -115.00841352193844
18 1.9755334397777915 -113.49466461352053
19 8.883562754839659 -107.45837168117659
20 4.03959550592117 -105.49937100040788
21 3.363417522981763 -101.9104943327425
22 3.4795701187103987 -101.66294130080523
23 2.762236732058227 -98.89606860541423
24 4.12964239064604 -95.1909937931514
25 1.857498954050243 -93.31854913617367
26 4.935286513529718 -85.41926577166943
27 4.287781665567309 -83.18012153468804
28 4.02046959195286 -79.47665068598401
29 2.431238154415041 -77.34308621853297
30 6.219654815271497 -60.56041622227008
31 9.873145286459476 -58.68833689293549
32 5.9496250045485795 -22.79021187897909
33 8.045515617355704 -19.65788926803626
34 7.789873836096376 -16.74518768263467
35 7.459495112299919 -13.719402302108403
36 6.96983244875446 4.235189873860978
37 4.53601115103811 5.0952806210809465
38 8.567719892133027 10.178796790507759
39 6.139910602243617 13.541055788508864
40 5.271772099658847 14.989710929193077
41 10.277671167161316 21.802029683432238
42 5.140950837172568 31.12027905920427
43 9.991742447018623 40.64550156746333
44 8.40438662096858 40.69898986216935
45 7.518999807536602 50.09032867204584
46 6.38560663536191 57.290535515424786
47 6.035265707410872 60.51441689036072
48 5.841848507523537 62.587858111632386
49 5.125597327947617 63.47489586756552
50 6.325330461375415 65.395531990224
51 8.223078741692007 68.71330703108626
52 8.095164511352777 69.48459209048262
53 11.616146129556 72.16624272108386
54 5.139098787214607 74.2233202149037
55 5.713011654093862 79.16074531670823
56 7.612150254193693 80.25553156558418
57 6.0043677585199475 87.50520028403979
58 7.016577924136072 90.28646231697512
59 7.614732567686588 90.72533900600311
60 6.965827124658972 91.52552635781885
61 6.690388357266784 91.95773979158345
62 5.609609737992287 92.99221310223136
63 4.530877284705639 94.14052712880752
64 5.610091612674296 94.28590507273401
65 6.710720237810165 95.24073532592021
66 6.386509359814227 96.09581961281374
67 9.902437317185104 96.50341248035636
68 6.861050819046795 97.45820290396632
69 9.032811873592436 97.90553231413178
70 5.802469689399004 98.27346635731779
71 8.197576949372888 98.35872828331676
72 6.999843083322048 98.9255090371917
73 7.05410674167797 99.09003071828721
74 6.51521217264235 99.89253842063019
75 7.745820416603237 100.07765055593329
76 9.861393874045461 101.35869827851857
77 5.130873237736523 103.56921378052652
78 9.125928471796215 103.74194540937737
79 8.50619393447414 104.00039883786899
80 7.984699001535773 104.36031383612816
81 7.838209447916597 104.79584301893571
82 6.7801037058234215 105.40349710769756
83 9.324176150374115 105.60678192821229
84 8.197756639681756 106.26867976298877
85 6.907065550796688 106.37916921043517
86 10.804244907107204 106.67969423997131
87 8.50775856198743 106.81132709017433
88 8.830392254516482 107.05410485829283
89 7.775462116114795 107.44441498172971
90 7.481337969191372 107.68792314282867
91 9.857082735747099 107.72369032284489
92 7.603508830070496 108.58631070626225
93 7.808803590014577 108.79454915391223
94 9.578019016422331 109.15712102315346
95 8.65801548678428 109.71287331230647
96 10.632761322893202 110.48639228144049
97 8.845155562274158 111.4630258761226
98 8.591381578706205 112.59201367677376
99 7.40261650737375 113.4530990931055
100 9.365660758689046 114.85996346749971
101 9.116426065098494 115.04838323377467
102 10.183913336135447 115.5646624637931
103 7.077151637524366 115.77027450439896
104 7.873067450709641 116.29805012422126
105 8.759416172746569 116.38499266629886
106 8.327780567109585 116.4198907102986
107 7.131415872834623 117.08008835928221
108 9.145270795561373 117.29357601720739
109 8.903290991671383 118.29160885622866
110 11.765806121751666 119.01062500757773
111 7.493337069172412 120.85290512447664
112 11.608998205512762 120.8902150231427
113 10.08302574371919 121.40892075278066
114 10.489915391430259 122.30522808413322
115 13.482298369985074 129.13346806288703
116 12.442483908496797 129.67718524437547
117 10.651068613864481 129.79664443488912
118 9.503916352055967 130.61780866873775
119 15.661762825213373 131.40806576766226
train accuracy: 0.8037777777777778
validation accuracy: 0.806
test accuracy: 0.7711484593837535
