demo lengths 200
demos: (120, 200, 25)
demo_rewards: (120,)
[-238.5653939  -226.82452825 -226.22417315 -208.89755486 -196.98407553
 -194.40174577 -193.75394353 -173.38768743 -172.73844576 -172.58495982
 -148.80630048 -146.54022995 -144.91636018 -144.50987996 -129.52710351
 -119.67891388 -119.53338183 -115.00841352 -113.49466461 -107.45837168
 -105.499371   -101.91049433 -101.6629413   -98.89606861  -95.19099379
  -93.31854914  -85.41926577  -83.18012153  -79.47665069  -77.34308622
  -60.56041622  -58.68833689  -22.79021188  -19.65788927  -16.74518768
  -13.7194023     4.23518987    5.09528062   10.17879679   13.54105579
   14.98971093   21.80202968   31.12027906   40.64550157   40.69898986
   50.09032867   57.29053552   60.51441689   62.58785811   63.47489587
   65.39553199   68.71330703   69.48459209   72.16624272   74.22332021
   79.16074532   80.25553157   87.50520028   90.28646232   90.72533901
   91.52552636   91.95773979   92.9922131    94.14052713   94.28590507
   95.24073533   96.09581961   96.50341248   97.4582029    97.90553231
   98.27346636   98.35872828   98.92550904   99.09003072   99.89253842
  100.07765056  101.35869828  103.56921378  103.74194541  104.00039884
  104.36031384  104.79584302  105.40349711  105.60678193  106.26867976
  106.37916921  106.67969424  106.81132709  107.05410486  107.44441498
  107.68792314  107.72369032  108.58631071  108.79454915  109.15712102
  109.71287331  110.48639228  111.46302588  112.59201368  113.45309909
  114.85996347  115.04838323  115.56466246  115.7702745   116.29805012
  116.38499267  116.41989071  117.08008836  117.29357602  118.29160886
  119.01062501  120.85290512  120.89021502  121.40892075  122.30522808
  129.13346806  129.67718524  129.79664443  130.61780867  131.40806577]
maximum traj length 200
maximum traj length 200
num training_obs 4500
num training_labels 4500
num val_obs 500
num val_labels 500
num test_obs 7140
num test_labels 7140
device: cpu
end of epoch 0: val_loss 0.41445683197349503, val_acc 0.784
trigger times: 0
saving model weights...
Weights: OrderedDict([('fc1.weight', tensor([[-1.3551e-11,  3.9301e-08, -4.4450e-11,  ...,  3.1251e-08,
         -8.7193e-11, -3.1181e-09],
        [ 3.8465e-27, -2.0915e-26, -4.9888e-27,  ..., -3.2197e-27,
          5.3171e-27, -2.6687e-26],
        [ 1.5951e-15,  3.2348e-15,  4.0548e-15,  ...,  1.9501e-15,
          4.3615e-16, -2.2512e-16],
        ...,
        [-1.0471e-08,  4.4140e-08, -2.5527e-09,  ..., -3.3043e-09,
         -1.3045e-08, -1.4189e-08],
        [-1.0963e-03,  4.4730e-04, -3.5919e-06,  ..., -1.1239e-04,
         -2.5431e-04, -5.9288e-05],
        [ 8.1334e-14,  5.1617e-13, -1.1474e-12,  ..., -1.3797e-12,
          1.2627e-12, -1.9544e-12]])), ('fc1.bias', tensor([ 9.4147e-11,  1.5999e-27,  8.1320e-16, -4.2055e-06,  8.5125e-15,
        -6.1074e-12, -3.3807e-21, -4.6011e-03, -3.2466e-08, -4.4671e-13,
        -5.1633e-19, -1.6397e-04,  1.5003e-12,  1.5282e-01,  1.0011e-02,
        -2.8680e-12,  3.3015e-13, -2.1024e-06, -8.7822e-25, -2.5136e-17,
        -1.0880e-05, -1.9693e-04, -1.2017e-06, -6.4685e-14, -7.3342e-04,
         4.8506e-06, -5.7370e-08, -6.7163e-16,  4.1906e-08, -1.9260e-07,
         4.3385e-30,  4.8833e-05, -2.8652e-06, -5.0107e-06, -7.7761e-04,
        -6.6805e-08, -2.7936e-09, -4.4435e-07, -8.8467e-09,  1.0988e-01,
        -1.6312e-08, -1.0739e-02,  2.8337e-12,  5.4937e-23, -2.7809e-09,
        -2.9984e-14, -1.9083e-09, -4.2702e-03, -2.5864e-14, -4.6630e-12,
        -3.9751e-06, -1.1928e-02,  8.4742e-02, -5.7746e-08, -6.2328e-02,
        -7.2260e-18, -1.6144e-10, -8.2684e-17, -4.4899e-14, -3.5886e-04,
        -6.9007e-02, -7.8074e-05, -4.0973e-04, -4.6697e-19,  2.5210e-08,
        -1.3544e-04, -3.9016e-06,  3.2581e-25, -3.3659e-03, -1.1391e-06,
        -2.6614e-16, -5.7809e-02, -4.9021e-05, -9.7926e-07, -1.2310e-08,
         2.5882e-13,  1.6940e-07,  1.1926e-14, -1.8924e-02, -1.9288e-10,
        -7.7773e-06, -1.4497e-10, -1.7908e-01,  2.9630e-18, -3.2974e-12,
        -7.2724e-10, -6.4365e-12,  3.3482e-05, -8.0666e-17, -3.0165e-16,
        -8.2249e-20, -1.4637e-04, -1.0228e-09, -2.0608e-08,  6.0218e-12,
        -4.0276e-15, -8.3789e-07, -1.2819e-22, -4.2858e-03, -1.7536e-09,
        -3.2815e-04, -2.2685e-02,  3.3244e-19,  1.0419e-09, -2.2220e-03,
        -1.9087e-18,  7.2526e-12,  8.8201e-21,  2.6202e-08, -6.6948e-05,
        -2.0248e-02, -2.2791e-21, -3.8528e-07,  7.1956e-10, -1.3476e-02,
         9.0854e-03,  1.1616e-01, -4.8510e-05,  1.5269e-13, -2.0533e-04,
         3.9747e-13, -1.1714e-05, -1.0710e-01, -4.2319e-06, -1.2542e-05,
        -1.4784e-08, -6.4119e-04,  1.1715e-13])), ('fc2.weight', tensor([[-1.0373e-11, -2.5448e-28, -1.5192e-17,  ..., -4.0460e-10,
          8.9985e-07,  2.3953e-14],
        [-2.7276e-11,  3.1279e-28,  9.3886e-17,  ...,  3.8783e-10,
         -6.1078e-06, -2.4905e-13],
        [-8.6464e-12,  2.0167e-29,  2.2140e-18,  ...,  1.5207e-11,
         -2.3843e-06, -3.7102e-14],
        ...,
        [-7.1217e-10,  1.3454e-26,  7.9559e-15,  ...,  2.5569e-08,
         -3.2178e-04, -1.3913e-10],
        [ 3.2297e-10,  2.8644e-28,  5.1247e-17,  ...,  9.0379e-11,
         -4.4840e-06, -6.0825e-13],
        [ 7.0676e-10,  1.2614e-27, -1.2839e-17,  ...,  7.1949e-10,
          5.1332e-05, -7.6809e-13]])), ('fc2.bias', tensor([-2.5869e-02, -8.7459e-03, -1.8606e-02, -1.8123e-02, -1.4423e-02,
        -2.3613e-02,  2.4148e-07,  5.8544e-02, -2.4064e-02,  8.4194e-03,
        -7.1326e-02, -1.0141e-01, -7.6868e-02,  6.6509e-03, -7.1141e-02,
        -2.5870e-02, -3.6782e-03, -2.3236e-03, -1.0465e-02, -8.1071e-03,
        -2.4610e-03, -1.3836e-02, -1.2369e-02,  1.3077e-03, -7.3471e-02,
        -6.2909e-04, -2.0098e-03, -1.5734e-02, -4.0812e-03, -2.7082e-02,
        -5.1062e-03, -1.1766e-03, -1.9769e-02,  2.9451e-03,  1.1446e-02,
        -1.6078e-01, -5.9136e-03, -9.8935e-02, -6.4528e-02, -8.9059e-02,
        -3.7542e-03,  3.3283e-02, -4.4494e-02, -1.0508e-02, -5.6320e-03,
         1.0934e-03,  3.2104e-03,  2.1748e-02, -7.5679e-02, -1.9371e-02,
        -4.5657e-03, -5.3371e-03, -1.6132e-02, -2.3761e-04, -1.4836e-01,
        -9.8866e-04, -9.6573e-04, -9.3212e-03, -1.7880e-03, -3.6854e-02,
        -9.2592e-02,  1.7965e-01, -6.5964e-04, -2.6562e-01])), ('fc3.weight', tensor([[-1.4903e-02,  9.2116e-02,  1.1156e-02,  3.0353e-02,  5.6264e-02,
         -7.3938e-03, -1.2868e-05, -4.2631e-02,  2.9185e-02,  5.3353e-02,
         -9.5740e-02,  5.7338e-02,  1.2036e-01,  3.7700e-02,  9.5623e-03,
          1.2419e-02,  2.2083e-02,  1.1564e-02, -3.5809e-02,  3.9833e-02,
          1.3228e-01,  6.0904e-04, -9.1693e-03, -1.1866e-01, -1.1209e-01,
         -6.4616e-03,  1.7555e-02,  2.0928e-02, -8.5013e-02, -7.7457e-03,
         -3.0176e-02,  1.3616e-02,  3.2189e-02, -9.3511e-02,  5.3054e-03,
          7.8758e-02,  2.0630e-02, -7.2209e-02, -6.8927e-02, -2.6399e-02,
         -3.2895e-02,  4.0008e-03,  3.6325e-02, -5.2043e-02, -1.8951e-02,
          2.8103e-02,  1.2058e-03,  7.4024e-03, -5.1249e-03, -2.0343e-02,
          1.2186e-01, -1.1361e-03,  7.3097e-03,  8.8078e-04, -8.6639e-02,
          9.2358e-03,  1.1126e-03, -1.6674e-03,  8.0035e-02, -3.6383e-02,
          1.5624e-02,  1.1532e-01,  4.9944e-02, -3.9498e-02]]))])
end of epoch 1: val_loss 0.5384479462358945, val_acc 0.79
trigger times: 1
end of epoch 2: val_loss 0.37681282063112886, val_acc 0.828
trigger times: 0
saving model weights...
Weights: OrderedDict([('fc1.weight', tensor([[ 3.3461e-22, -5.0096e-22,  2.3174e-22,  ...,  1.1983e-21,
         -7.6035e-22, -3.0019e-21],
        [-2.5994e-05, -1.4346e-04, -9.7128e-06,  ..., -1.0850e-04,
         -2.4235e-05, -1.0538e-03],
        [ 1.1181e-13, -3.5713e-14,  3.0441e-14,  ...,  5.0055e-14,
          7.0178e-14, -2.3989e-13],
        ...,
        [-4.3191e-20, -7.5135e-20, -5.8901e-20,  ...,  1.7598e-20,
          7.6996e-21, -3.2411e-19],
        [-3.4362e-05,  1.7257e-05, -1.4296e-05,  ...,  2.5854e-05,
         -5.6478e-05, -1.2011e-05],
        [ 2.2697e-06, -1.7434e-04,  6.4132e-07,  ..., -3.9875e-05,
          1.5648e-06, -2.2430e-05]])), ('fc1.bias', tensor([ 3.3090e-23, -2.1192e-05,  2.8667e-14, -6.6425e-11, -1.1709e-18,
        -1.9255e-07, -2.8318e-03,  2.5347e-06,  9.6819e-11,  5.8767e-09,
        -7.0931e-02, -2.6075e-12, -7.3265e-06, -4.7055e-07, -9.0623e-06,
         6.3712e-28, -1.2807e-08, -4.2776e-12, -2.4875e-12, -2.3084e-07,
        -2.8601e-12,  1.8009e-02,  3.7160e-17, -2.3562e-02, -2.1380e-05,
        -4.5349e-02, -1.9609e-13, -1.1070e-02,  1.3176e-03, -6.0054e-15,
        -6.1091e-07, -1.1685e-06,  5.6308e-04, -1.0597e-07, -7.0089e-06,
         6.6550e-04, -3.2052e-05,  3.4511e-02, -4.0587e-21, -9.7997e-05,
         3.4711e-16, -2.1834e-05, -5.2643e-03, -1.8860e-10, -3.7480e-06,
         7.2862e-09,  3.0840e-15,  4.8963e-12, -4.6441e-03,  1.6009e-06,
         3.6546e-09, -8.9579e-03, -2.8179e-02,  2.7231e-17, -2.0275e-02,
         2.5580e-02,  3.3349e-14,  3.5550e-02, -2.8070e-08, -1.0304e-06,
        -6.9637e-09,  6.3939e-02,  4.7718e-15, -6.6798e-07,  4.1434e-04,
         8.5224e-02, -1.8234e-02, -3.7314e-04, -6.2083e-08, -6.1981e-04,
         6.7858e-02, -5.5492e-14,  2.9428e-11, -2.8608e-07,  6.5897e-13,
        -4.1159e-10, -1.6354e-08, -1.8179e-10,  3.5465e-10,  3.3030e-18,
        -1.3817e-09, -2.2715e-02, -4.2301e-03, -2.1477e-11, -3.3675e-03,
        -1.2726e-02, -1.2760e-08, -3.2218e-03,  1.1467e-05, -4.4622e-20,
         2.0777e-09, -1.9406e-06, -1.1934e-03, -1.8307e-10, -2.1899e-05,
         2.7805e-08, -2.2136e-18, -1.6438e-02,  8.5346e-19, -2.9774e-17,
        -8.7356e-07, -9.3438e-17, -6.4549e-02, -2.7621e-02,  6.0676e-03,
        -8.8793e-10, -7.7584e-03, -5.0572e-03, -2.5013e-04, -2.0261e-03,
        -3.3753e-11, -4.0143e-05, -1.2438e-14, -9.0827e-07, -3.2793e-07,
        -2.8374e-02,  5.2092e-13, -8.6292e-06, -1.7157e-05,  2.0452e-07,
        -3.4360e-06, -1.7719e-04, -1.0090e-07,  2.5799e-12, -9.0563e-04,
         3.7124e-20, -6.3943e-05,  4.8031e-08])), ('fc2.weight', tensor([[ 8.7145e-21, -8.6987e-07,  3.5923e-15,  ..., -1.7144e-21,
          1.5878e-06,  4.3981e-06],
        [-3.4776e-21, -4.0408e-07,  2.5675e-15,  ..., -5.1774e-21,
         -3.4602e-07,  1.4977e-06],
        [-8.2351e-22,  5.2250e-07, -1.2591e-15,  ..., -6.6582e-22,
         -4.1086e-08,  9.2116e-07],
        ...,
        [ 6.2854e-22,  1.3563e-06,  1.2499e-15,  ...,  1.2335e-21,
         -3.1580e-07,  1.7849e-07],
        [ 1.9490e-21,  4.6545e-06,  1.2895e-14,  ...,  3.7801e-21,
         -3.3006e-07,  8.0218e-06],
        [ 5.4437e-22, -8.0193e-07, -1.4934e-15,  ...,  7.2925e-22,
          3.1107e-08, -6.7801e-07]])), ('fc2.bias', tensor([-8.4913e-02, -8.6783e-06, -2.9395e-02,  3.2412e-03, -1.4067e-03,
        -4.0089e-02, -1.8283e-02, -2.4137e-01, -1.0830e-05, -2.5610e-02,
        -2.1139e-04, -1.3242e-02, -1.0055e-06, -1.5906e-02, -4.4604e-05,
        -5.5310e-04, -1.1387e-02, -3.1418e-06, -1.5310e-03, -1.1903e-01,
        -1.4208e-03, -2.1733e-02, -6.4568e-02, -4.3178e-07, -4.9385e-02,
         5.4482e-02, -2.8898e-02, -1.6280e-04, -1.6718e-03,  2.7755e-08,
        -1.0765e-01,  5.3859e-03, -3.8615e-03, -7.8790e-02, -2.7621e-02,
         7.6448e-02, -1.2024e-03, -1.9117e-03, -7.1158e-05, -1.5284e-02,
        -1.3913e-02, -9.0753e-03, -5.6870e-03, -3.7695e-02, -7.4566e-03,
         3.3065e-04, -1.7925e-04, -8.1292e-04, -1.0203e-01, -7.2768e-02,
        -3.7178e-02, -4.0831e-03, -2.3714e-05, -4.9447e-03, -3.2366e-02,
        -1.1708e-03, -1.2605e-03, -2.9686e-04,  5.4824e-05, -7.2370e-05,
         4.1470e-02, -9.0913e-06,  6.4590e-02, -6.4729e-03])), ('fc3.weight', tensor([[ 0.1528,  0.0579, -0.0283, -0.0549,  0.0050, -0.0505,  0.1091,  0.0488,
          0.0614, -0.0260,  0.0866,  0.0173,  0.0704, -0.0070,  0.0004,  0.0616,
          0.0623,  0.0019,  0.0084, -0.0028,  0.0137,  0.0253, -0.0184,  0.0109,
         -0.0476,  0.0148,  0.0485,  0.0299,  0.0073,  0.0034, -0.0855, -0.0017,
         -0.0135,  0.0083, -0.0033,  0.0778,  0.0078, -0.0066,  0.0065,  0.0491,
          0.0080, -0.0006,  0.0296, -0.0235, -0.0386,  0.0521,  0.0425,  0.0317,
          0.0172,  0.0641, -0.1087,  0.0352,  0.0104,  0.0291,  0.1004, -0.0162,
          0.0025,  0.0316,  0.1905, -0.0023,  0.0232,  0.0517,  0.0045, -0.0305]]))])
end of epoch 3: val_loss 1.1551728105598378, val_acc 0.63
trigger times: 1
end of epoch 4: val_loss 0.3792628559229879, val_acc 0.82
trigger times: 2
end of epoch 5: val_loss 1.3031145608460089, val_acc 0.728
trigger times: 3
end of epoch 6: val_loss 0.3706567001582662, val_acc 0.83
trigger times: 0
saving model weights...
Weights: OrderedDict([('fc1.weight', tensor([[ 1.3421e-07, -5.5173e-05,  7.7503e-08,  ..., -8.0449e-06,
         -8.2339e-08,  3.6300e-07],
        [-2.5022e-17,  2.8996e-17, -6.4025e-17,  ..., -2.4981e-17,
         -2.0557e-18, -1.7978e-16],
        [-4.2099e-02, -2.1220e-02, -2.0968e-02,  ...,  1.2544e-01,
          1.6251e-02, -1.1708e-01],
        ...,
        [-1.7369e-06,  1.3147e-05, -2.5654e-07,  ..., -4.0411e-08,
         -1.9248e-06, -1.1794e-06],
        [-1.2295e-15,  4.0803e-15,  8.2547e-17,  ..., -2.5514e-15,
         -1.4003e-15, -1.8808e-16],
        [ 8.6680e-09,  3.0907e-06, -1.8977e-08,  ...,  1.0175e-07,
         -6.3982e-09, -4.5257e-06]])), ('fc1.bias', tensor([-5.2059e-08,  3.4392e-17,  2.9209e-02,  3.9381e-12,  5.6674e-08,
        -7.5560e-07, -6.2434e-24,  4.3803e-12,  2.1961e-04, -4.8716e-02,
        -1.3760e-02, -6.4701e-04, -1.4964e-06,  5.1074e-12,  1.8247e-11,
        -1.2087e-09, -2.1870e-08,  1.5272e-05, -1.6421e-05,  2.1268e-07,
        -1.5584e-02,  3.0156e-13,  8.4831e-09,  5.7473e-10,  7.1148e-11,
        -1.6730e-04, -2.9944e-10, -1.6560e-03,  6.7451e-03, -2.6459e-10,
        -8.5740e-07, -1.4628e-11, -2.1693e-03, -1.3187e-02,  1.4817e-01,
         6.0280e-10, -1.7270e-09, -1.0525e-04,  8.9454e-12, -8.9353e-04,
         1.3169e-20, -7.4179e-10, -1.7095e-16, -8.8572e-03, -1.2835e-07,
        -4.7475e-15, -1.4107e-23, -4.0107e-04, -4.8443e-06,  2.9503e-02,
         1.8739e-07,  5.9233e-06,  2.3486e-13, -5.1130e-02, -1.0456e-11,
        -8.9340e-05, -8.6186e-03, -2.2101e-03, -3.1526e-03, -1.4572e-03,
        -4.7722e-05, -7.9051e-03, -1.3597e-13, -2.4266e-03,  2.7606e-08,
         9.7104e-03, -6.9275e-09, -1.0666e-04, -3.8456e-03,  3.8782e-11,
        -8.2997e-06,  3.0615e-02, -2.8900e-06, -1.6967e-03, -4.3360e-03,
        -2.3806e-12, -2.8563e-02, -1.9611e-02, -4.5862e-08, -2.0334e-08,
        -4.0586e-04, -1.6308e-02, -4.4329e-24, -1.5940e-21, -1.0387e-08,
        -4.2615e-07,  3.0737e-11, -1.1887e-07,  2.1261e-11,  5.4440e-11,
         4.5738e-18, -6.0821e-04, -5.0863e-16, -3.9072e-02,  3.3051e-14,
        -4.5904e-06, -5.2208e-08,  1.8678e-08, -2.2270e-02,  6.8680e-10,
        -3.0452e-02,  3.7761e-19, -1.7763e-02, -1.4644e-08,  7.3703e-10,
        -6.4369e-03,  2.6325e-18, -2.6161e-05, -1.7041e-01,  1.0624e-10,
        -1.6118e-08,  1.7873e-12, -3.2717e-15, -2.1572e-03, -3.3155e-08,
         1.6034e-10,  2.1558e-17, -1.7550e-08, -4.3677e-02, -1.0120e-02,
        -1.2382e-01, -2.0690e-09,  1.7550e-01, -6.9795e-13, -1.1947e-02,
        -2.0942e-06, -1.3958e-15,  8.8962e-08])), ('fc2.weight', tensor([[-8.2613e-08, -1.0756e-19, -1.0095e-02,  ...,  2.2342e-06,
         -2.4521e-17, -8.0942e-09],
        [ 4.3852e-08,  1.8149e-18,  3.9573e-02,  ..., -1.5314e-08,
          3.4214e-16,  1.3576e-08],
        [-1.3119e-05,  5.4675e-17,  6.4297e-02,  ...,  1.2409e-05,
         -7.9284e-15,  1.9288e-06],
        ...,
        [-6.5425e-08,  2.9902e-18, -1.4211e-02,  ...,  7.4759e-09,
         -5.9179e-18, -2.7995e-08],
        [-2.6356e-07,  1.9070e-19,  3.5141e-03,  ..., -1.6393e-07,
          4.1669e-17, -2.6005e-08],
        [-7.6517e-08,  1.1999e-19, -2.8291e-02,  ...,  7.3295e-08,
          4.3635e-17, -6.6862e-08]])), ('fc2.bias', tensor([ 6.2529e-03, -2.3647e-02,  1.8299e-01, -5.3928e-02, -1.0097e-03,
        -1.9265e-02, -3.7185e-02, -9.4794e-03, -2.4552e-03, -6.0739e-03,
        -4.1779e-02,  2.9018e-02, -8.0862e-03, -1.0252e-02, -1.1164e-02,
        -1.9348e-02, -1.6828e-02, -2.6316e-05, -1.0801e-02, -1.2672e-04,
         1.6455e-01, -1.2283e-01, -1.1756e-02, -2.4216e-02, -2.2154e-03,
        -2.2624e-03, -8.8683e-03, -9.2102e-02,  5.3210e-02,  4.4794e-02,
        -3.3864e-04, -3.8395e-03, -1.4712e-02, -3.1668e-03,  7.5478e-02,
        -5.3740e-03, -9.2534e-04, -1.6367e-02, -1.0583e-02, -3.0946e-02,
        -1.0048e-02, -4.0779e-02, -7.5432e-02, -1.4570e-02, -3.6272e-02,
        -3.3864e-02, -5.5031e-03, -2.3106e-02, -2.8505e-02, -6.5371e-02,
         4.2189e-02,  3.9087e-02,  5.6573e-03, -4.8081e-03, -8.5512e-02,
        -3.9575e-02, -5.0347e-02, -6.2413e-02, -1.1650e-02, -1.5312e-02,
        -1.1949e-03, -5.3531e-02, -4.8673e-02, -4.7257e-02])), ('fc3.weight', tensor([[-2.2740e-02,  3.1066e-02, -4.5833e-02, -8.4872e-03, -2.4922e-03,
         -5.4851e-02, -5.5634e-02, -1.3936e-01,  3.7879e-02, -1.8859e-02,
         -3.1316e-03,  1.6226e-02, -8.7263e-03, -6.8488e-02,  5.7359e-03,
         -2.7402e-02,  1.1213e-02,  7.4648e-02,  1.9600e-02, -9.3307e-05,
          5.8405e-02, -1.9267e-01, -1.0074e-02,  9.9491e-03,  4.1377e-03,
         -1.8600e-04,  2.7085e-03, -4.6464e-02, -1.8321e-03,  9.2137e-03,
          8.0199e-02,  1.6255e-02,  1.8247e-01, -5.5407e-02, -9.8594e-03,
          8.7640e-03, -3.9955e-02, -2.6575e-02, -2.2107e-02, -1.1321e-01,
         -1.1130e-03,  1.2553e-01, -1.0138e-01, -1.1402e-02, -2.4971e-02,
         -7.8965e-03,  6.6511e-03,  2.7510e-02, -1.2261e-02, -5.9929e-03,
         -7.0802e-03, -1.1869e-02,  3.1587e-03, -1.6551e-02,  5.6562e-02,
         -2.5574e-03,  2.6468e-02, -1.4436e-04, -5.1438e-03,  1.5884e-02,
         -3.7018e-02, -5.2496e-02, -4.8737e-02, -4.1216e-02]]))])
end of epoch 7: val_loss 0.6657838806534403, val_acc 0.774
trigger times: 1
end of epoch 8: val_loss 2.338600539468358, val_acc 0.796
trigger times: 2
end of epoch 9: val_loss 0.396006051255998, val_acc 0.804
trigger times: 3
end of epoch 10: val_loss 0.39561768164299427, val_acc 0.84
trigger times: 4
end of epoch 11: val_loss 0.39932373310645924, val_acc 0.808
trigger times: 5
end of epoch 12: val_loss 0.7931304577052001, val_acc 0.728
trigger times: 6
end of epoch 13: val_loss 0.3994248985852205, val_acc 0.816
trigger times: 7
end of epoch 14: val_loss 0.4721169906855898, val_acc 0.784
trigger times: 8
end of epoch 15: val_loss 0.4274188335069714, val_acc 0.808
trigger times: 9
end of epoch 16: val_loss 0.4239684282253768, val_acc 0.812
trigger times: 10
Early stopping.
0 8.810869976878166 -238.56539389647227
1 6.874199237674475 -226.82452825484978
2 5.667525291442871 -226.2241731451399
3 9.928448162972927 -208.89755486387574
4 7.566183188930154 -196.9840755292238
5 9.495485616847873 -194.4017457710484
6 6.50609764456749 -193.75394353311003
7 11.60131598636508 -173.38768743356906
8 7.13411770015955 -172.73844575529262
9 10.723952677100897 -172.5849598191294
10 12.636564880609512 -148.80630048130243
11 10.148857455700636 -146.54022994848935
12 11.171262044459581 -144.9163601843784
13 7.510263905860484 -144.5098799638122
14 11.583555094897747 -129.52710350510273
15 11.173728201538324 -119.6789138826375
16 10.758346550166607 -119.53338183357056
17 6.77152400650084 -115.00841352193844
18 12.076603952795267 -113.49466461352053
19 15.995898425579071 -107.45837168117659
20 11.28478641808033 -105.49937100040788
21 9.79406027123332 -101.9104943327425
22 13.316439554095268 -101.66294130080523
23 14.40415744856 -98.89606860541423
24 12.669023130089045 -95.1909937931514
25 11.359316889196634 -93.31854913617367
26 14.130497109144926 -85.41926577166943
27 12.71956229954958 -83.18012153468804
28 13.455024164170027 -79.47665068598401
29 11.632299799472094 -77.34308621853297
30 12.391002628952265 -60.56041622227008
31 14.813706956803799 -58.68833689293549
32 13.814373407512903 -22.79021187897909
33 14.102842669934034 -19.65788926803626
34 12.307170994579792 -16.74518768263467
35 13.09270804002881 -13.719402302108403
36 13.974847920238972 4.235189873860978
37 12.367801826447248 5.0952806210809465
38 14.2497290186584 10.178796790507759
39 12.199391093105078 13.541055788508864
40 12.201364360749722 14.989710929193077
41 15.163896135985851 21.802029683432238
42 15.779123038053513 31.12027905920427
43 16.58077934756875 40.64550156746333
44 14.116903498768806 40.69898986216935
45 16.609520137310028 50.09032867204584
46 13.914127454161644 57.290535515424786
47 14.674949530512094 60.51441689036072
48 15.432795532047749 62.587858111632386
49 13.127867344766855 63.47489586756552
50 15.198369421064854 65.395531990224
51 14.978797439485788 68.71330703108626
52 14.75509050488472 69.48459209048262
53 18.741842813789845 72.16624272108386
54 13.226147547364235 74.2233202149037
55 14.389704741537571 79.16074531670823
56 14.798172920942307 80.25553156558418
57 13.72145814076066 87.50520028403979
58 14.289415799081326 90.28646231697512
59 15.19944067299366 90.72533900600311
60 14.90714706107974 91.52552635781885
61 14.310643553733826 91.95773979158345
62 15.117439687252045 92.99221310223136
63 13.907199960201979 94.14052712880752
64 15.222819097340107 94.28590507273401
65 13.799287982285023 95.24073532592021
66 15.967149898409843 96.09581961281374
67 17.017020173370838 96.50341248035636
68 13.719813786447048 97.45820290396632
69 15.387097585946321 97.90553231413178
70 14.188136287033558 98.27346635731779
71 15.373909417539835 98.35872828331676
72 14.631130017340183 98.9255090371917
73 14.676555585116148 99.09003071828721
74 16.30349539965391 99.89253842063019
75 15.335369601845741 100.07765055593329
76 16.279583174735308 101.35869827851857
77 14.361524406820536 103.56921378052652
78 14.595629997551441 103.74194540937737
79 15.885674327611923 104.00039883786899
80 14.644381742924452 104.36031383612816
81 14.19638255611062 104.79584301893571
82 15.322194341570139 105.40349710769756
83 17.02165660634637 105.60678192821229
84 13.28819078207016 106.26867976298877
85 15.335879761725664 106.37916921043517
86 13.73838484287262 106.67969423997131
87 14.55847168341279 106.81132709017433
88 16.20763349160552 107.05410485829283
89 15.324017003178596 107.44441498172971
90 15.791890740394592 107.68792314282867
91 15.95428479090333 107.72369032284489
92 16.776851821690798 108.58631070626225
93 14.69134384766221 108.79454915391223
94 15.459307752549648 109.15712102315346
95 15.297411069273949 109.71287331230647
96 15.19765916839242 110.48639228144049
97 14.546524591743946 111.4630258761226
98 15.794196899980307 112.59201367677376
99 15.479044664651155 113.4530990931055
100 17.440308935940266 114.85996346749971
101 15.863282468169928 115.04838323377467
102 18.526397354900837 115.5646624637931
103 15.92228228226304 115.77027450439896
104 16.321396965533495 116.29805012422126
105 14.045882392674685 116.38499266629886
106 16.054942771792412 116.4198907102986
107 15.490388970822096 117.08008835928221
108 17.419548474252224 117.29357601720739
109 16.95199828967452 118.29160885622866
110 18.57191354036331 119.01062500757773
111 13.123498987406492 120.85290512447664
112 16.97039983794093 120.8902150231427
113 15.756989307701588 121.40892075278066
114 16.501656837761402 122.30522808413322
115 18.818090960383415 129.13346806288703
116 18.22431467846036 129.67718524437547
117 18.68312906473875 129.79664443488912
118 16.407891876995564 130.61780866873775
119 20.248248171061277 131.40806576766226
train accuracy: 0.7982222222222223
validation accuracy: 0.812
test accuracy: 0.8030812324929972
