demo lengths 200
demos: (120, 200, 25)
demo_rewards: (120,)
[-238.5653939  -226.82452825 -226.22417315 -208.89755486 -196.98407553
 -194.40174577 -193.75394353 -173.38768743 -172.73844576 -172.58495982
 -148.80630048 -146.54022995 -144.91636018 -144.50987996 -129.52710351
 -119.67891388 -119.53338183 -115.00841352 -113.49466461 -107.45837168
 -105.499371   -101.91049433 -101.6629413   -98.89606861  -95.19099379
  -93.31854914  -85.41926577  -83.18012153  -79.47665069  -77.34308622
  -60.56041622  -58.68833689  -22.79021188  -19.65788927  -16.74518768
  -13.7194023     4.23518987    5.09528062   10.17879679   13.54105579
   14.98971093   21.80202968   31.12027906   40.64550157   40.69898986
   50.09032867   57.29053552   60.51441689   62.58785811   63.47489587
   65.39553199   68.71330703   69.48459209   72.16624272   74.22332021
   79.16074532   80.25553157   87.50520028   90.28646232   90.72533901
   91.52552636   91.95773979   92.9922131    94.14052713   94.28590507
   95.24073533   96.09581961   96.50341248   97.4582029    97.90553231
   98.27346636   98.35872828   98.92550904   99.09003072   99.89253842
  100.07765056  101.35869828  103.56921378  103.74194541  104.00039884
  104.36031384  104.79584302  105.40349711  105.60678193  106.26867976
  106.37916921  106.67969424  106.81132709  107.05410486  107.44441498
  107.68792314  107.72369032  108.58631071  108.79454915  109.15712102
  109.71287331  110.48639228  111.46302588  112.59201368  113.45309909
  114.85996347  115.04838323  115.56466246  115.7702745   116.29805012
  116.38499267  116.41989071  117.08008836  117.29357602  118.29160886
  119.01062501  120.85290512  120.89021502  121.40892075  122.30522808
  129.13346806  129.67718524  129.79664443  130.61780867  131.40806577]
maximum traj length 200
maximum traj length 200
num training_obs 450
num training_labels 450
num val_obs 50
num val_labels 50
num test_obs 7140
num test_labels 7140
ModuleList(
  (0): Linear(in_features=25, out_features=128, bias=True)
  (1): Linear(in_features=128, out_features=64, bias=True)
  (2): Linear(in_features=64, out_features=1, bias=False)
)
Total number of parameters: 11648
Number of trainable paramters: 11648
device: cuda:0
end of epoch 0: val_loss 0.4122295753476395, val_acc 0.82
trigger times: 0
saving model weights...
Weights: OrderedDict([('fcs.0.weight', tensor([[ 0.0089,  0.1420,  0.0387,  ...,  0.1327, -0.0437,  0.0152],
        [-0.0790,  0.0587, -0.0759,  ..., -0.0707, -0.0975, -0.0224],
        [ 0.0409,  0.0519,  0.0404,  ..., -0.1456,  0.0024, -0.0367],
        ...,
        [-0.1442,  0.1453, -0.0724,  ...,  0.2509,  0.0805, -0.0331],
        [-0.0092,  0.0494,  0.1525,  ..., -0.1198, -0.1813, -0.0379],
        [ 0.0057, -0.0830,  0.1220,  ..., -0.0600,  0.0319, -0.0690]],
       device='cuda:0')), ('fcs.0.bias', tensor([-3.2525e-01, -2.7956e-01, -2.9480e-02,  4.5714e-02, -1.7176e-01,
         1.4229e-01, -8.7810e-02,  1.5859e-02, -4.7552e-02,  8.5370e-02,
        -6.3565e-02, -1.7332e-01,  1.2670e-01,  3.2346e-01, -4.2762e-02,
        -1.1571e-02,  2.5641e-01, -1.4616e-01, -7.0878e-02, -4.9698e-04,
         1.3447e-01, -8.0663e-03,  5.4642e-02,  8.2901e-02, -9.0276e-03,
        -1.3087e-01,  1.9592e-01, -1.2209e-02, -1.0315e-01, -4.0016e-02,
        -5.3743e-04, -3.0775e-02,  1.1361e-02, -9.8871e-02, -4.8967e-02,
        -1.0406e-01,  7.9455e-02, -4.6601e-02,  7.4717e-03, -1.8337e-02,
         1.5672e-01,  2.3017e-01,  3.1264e-02, -2.0330e-01,  1.3778e-01,
        -4.8128e-02, -1.3610e-01, -1.6646e-02,  1.0567e-01,  3.6540e-01,
        -1.2399e-01,  3.8672e-02, -8.8250e-03,  3.9282e-02, -5.7939e-02,
         8.5325e-02,  6.6487e-02,  6.3331e-02,  1.1501e-01, -5.7623e-02,
        -1.9034e-01,  1.2620e-01,  5.6093e-02,  4.5754e-02,  6.3482e-02,
        -2.1850e-01,  1.9497e-04,  1.0688e-01, -6.9270e-02,  2.8358e-02,
        -1.7775e-01,  4.5970e-02,  5.6191e-02, -1.2101e-01, -2.0754e-03,
        -2.4687e-03, -1.4141e-01, -3.4545e-02, -2.2861e-01, -1.1075e-01,
         1.1453e-01, -4.4408e-02, -9.6321e-02, -1.1334e-01, -9.7162e-02,
         3.5220e-02,  2.0455e-02, -1.1564e-01, -1.5405e-01, -8.2551e-04,
        -1.7509e-01,  2.8780e-01, -4.7926e-02,  6.3998e-02, -1.3942e-02,
        -9.7989e-02, -8.3263e-02, -1.5090e-02, -1.8966e-01, -5.4134e-02,
         1.3819e-01,  1.4987e-01,  1.8754e-02,  3.9651e-02,  2.4024e-01,
        -8.6054e-03, -5.9189e-04, -1.9223e-01,  7.4802e-02,  1.0070e-02,
        -4.2920e-02,  4.2830e-02, -2.6017e-02, -5.3783e-02, -8.5145e-02,
         1.8951e-01,  6.5499e-02, -4.0096e-02,  9.0530e-02, -5.5061e-02,
         9.3478e-02,  1.9478e-01, -9.8227e-02, -8.3860e-02,  1.8342e-01,
        -8.6857e-02, -1.3626e-01, -5.0045e-03], device='cuda:0')), ('fcs.1.weight', tensor([[ 4.1416e-02,  8.5630e-03,  3.0573e-03,  ...,  1.8090e-02,
         -1.7419e-02, -2.7606e-02],
        [ 2.1178e-02,  2.8226e-04,  6.6734e-04,  ...,  5.1937e-04,
         -1.6333e-05, -2.2162e-03],
        [-2.6597e-02, -2.6662e-02,  3.4903e-03,  ...,  5.8908e-02,
         -9.7119e-03, -3.2217e-02],
        ...,
        [-5.4165e-02, -4.9264e-02, -1.5868e-02,  ...,  7.2848e-02,
          4.0340e-02, -1.6124e-01],
        [ 9.3822e-02,  1.3380e-02,  3.5870e-02,  ...,  5.6937e-03,
          4.0335e-02,  1.4827e-01],
        [ 2.5212e-03,  9.3964e-06,  5.1626e-05,  ...,  2.7674e-05,
         -6.3401e-06, -2.4032e-04]], device='cuda:0')), ('fcs.1.bias', tensor([ 1.0214e-01,  4.6578e-04, -3.5846e-02, -5.3603e-02,  2.1250e-01,
        -7.6713e-02, -1.2462e-02, -2.7268e-02,  1.7586e-03,  6.1544e-02,
        -4.6262e-02, -1.2989e-02, -1.0772e-02,  1.5824e-03, -2.5921e-02,
         1.8805e-02,  1.3397e-02, -2.6016e-02,  3.0151e-03,  7.7701e-02,
        -5.0611e-02, -4.5841e-02, -9.3687e-02, -6.9113e-02,  6.0227e-02,
        -2.0812e-02, -1.6278e-02, -8.9436e-03,  8.6424e-02, -1.1149e-02,
         7.4895e-04, -8.7438e-02,  1.7772e-02, -4.0380e-02,  2.3593e-02,
        -1.1317e-01, -3.7014e-02, -1.3548e-01, -4.0190e-02,  6.0385e-02,
        -1.5246e-01, -2.9942e-02,  4.2929e-02,  8.6579e-04,  1.4849e-04,
         9.0834e-02,  4.5282e-03,  1.1972e-02, -5.1328e-02, -5.6856e-02,
        -1.8451e-02, -1.7030e-01, -6.1183e-02,  9.6609e-02, -1.0222e-01,
        -2.9590e-02, -3.4258e-02, -3.4007e-03, -1.1866e-01, -1.2933e-01,
        -6.5642e-02, -9.6527e-02, -2.1142e-01, -6.0260e-03], device='cuda:0')), ('fcs.2.weight', tensor([[ 0.0345,  0.0402, -0.0293,  0.0533, -0.0057,  0.0459,  0.0077,  0.0305,
          0.0049,  0.0033,  0.0874,  0.0143, -0.0020, -0.0080, -0.0047, -0.0033,
          0.0019, -0.0159, -0.0043, -0.0002,  0.0044,  0.0086, -0.0175, -0.0083,
         -0.0005,  0.0106,  0.0108,  0.0001, -0.0170,  0.0375,  0.0350,  0.0018,
          0.0012, -0.0539, -0.0209,  0.0339,  0.0760,  0.0405, -0.0171,  0.0068,
         -0.0435, -0.0758, -0.0106, -0.0105, -0.0226, -0.0080,  0.0199,  0.0550,
          0.0103,  0.0693,  0.0075,  0.0085,  0.0358, -0.0347,  0.0251, -0.0397,
         -0.0199,  0.0550,  0.0698, -0.0440,  0.0386,  0.0562, -0.0435,  0.0013]],
       device='cuda:0'))])
end of epoch 1: val_loss 0.4488973831359908, val_acc 0.76
trigger times: 1
end of epoch 2: val_loss 0.8265025000815533, val_acc 0.86
trigger times: 2
end of epoch 3: val_loss 0.3455094101766616, val_acc 0.84
trigger times: 0
saving model weights...
Weights: OrderedDict([('fcs.0.weight', tensor([[-1.4002e-02,  1.1493e-02, -1.5172e-04,  ...,  1.7772e-02,
         -1.1326e-02, -1.4648e-02],
        [-2.8143e-02,  1.2957e-02,  5.6968e-05,  ..., -6.9890e-03,
         -3.6224e-02, -1.6166e-03],
        [ 9.8967e-03,  4.7914e-03, -2.8469e-04,  ..., -1.0308e-02,
         -5.9443e-04, -1.2205e-03],
        ...,
        [-4.8921e-02,  8.8723e-02, -2.5241e-03,  ...,  8.4401e-02,
          3.3989e-02, -1.0341e-02],
        [-3.6469e-03,  1.8922e-02,  5.3056e-03,  ..., -1.1134e-02,
         -6.8119e-02,  6.6596e-04],
        [-5.6229e-02, -4.7457e-02, -7.3725e-02,  ..., -5.5631e-02,
          8.0839e-02, -2.6462e-01]], device='cuda:0')), ('fcs.0.bias', tensor([-1.8841e-02, -1.1299e-01, -1.0663e-02, -1.5554e-02, -2.8645e-02,
         1.8750e-01, -2.7199e-02, -2.0106e-02, -1.5059e-01,  1.2998e-02,
        -7.6607e-07,  4.2096e-02, -1.3354e-01,  2.5133e-01, -3.0887e-01,
        -6.5353e-02,  2.4559e-01, -6.6251e-02, -6.1527e-04, -2.8656e-04,
         6.1541e-02, -3.6822e-03,  2.0119e-01,  2.0794e-01, -9.7890e-04,
        -9.1355e-04, -2.1757e-02, -2.2264e-02, -1.3779e-02, -1.2452e-02,
         2.0036e-01, -5.6566e-03,  1.5859e-03, -8.1748e-03, -2.4547e-04,
        -8.4015e-02, -5.1052e-03,  8.8600e-02, -2.9106e-03, -2.0677e-01,
        -7.1259e-02, -1.1705e-01,  8.4305e-03, -3.1029e-02, -4.2414e-02,
         2.1482e-01, -1.5463e-01, -4.6968e-08,  8.1247e-02,  3.4168e-01,
        -1.0671e-01, -4.7568e-02,  8.6881e-02, -5.8679e-02, -1.0549e-01,
        -1.3550e-01,  3.6675e-02,  2.7517e-03,  2.3087e-01, -7.3809e-03,
         3.1999e-01,  1.4742e-01, -4.9645e-02, -4.1266e-06,  1.2923e-02,
        -4.6435e-02,  8.5325e-02,  2.2941e-01, -4.1918e-02, -8.4935e-03,
        -8.6190e-02,  4.3135e-03,  7.0059e-02, -2.1268e-02, -1.8470e-08,
        -8.7290e-02, -6.1493e-02, -2.9123e-02, -6.8826e-02, -2.9492e-02,
        -2.1140e-01, -5.4167e-02,  2.4975e-01, -1.0935e-01,  2.4521e-01,
         2.2796e-01,  1.5776e-01, -3.2349e-02, -6.1538e-02, -2.0237e-02,
        -1.4646e-02,  5.1532e-02, -1.1154e-01,  1.7177e-01, -6.9572e-03,
        -2.2076e-02, -1.5533e-02, -3.2265e-01, -8.9403e-02, -1.7296e-02,
         3.3016e-01,  1.7841e-01, -1.8222e-05,  2.2545e-04, -5.6530e-02,
        -1.3922e-03, -1.9802e-01, -8.5495e-02,  2.2048e-01, -3.1287e-02,
        -1.8900e-02,  6.5648e-03, -8.7191e-02, -1.1953e-02,  1.7004e-01,
        -9.3904e-02,  1.2792e-02, -8.5791e-02, -1.8232e-02,  2.4322e-01,
         1.5888e-01, -1.5343e-02, -5.0779e-03, -1.2307e-03, -5.7574e-02,
        -3.4825e-02, -5.2813e-02,  1.3409e-01], device='cuda:0')), ('fcs.1.weight', tensor([[ 2.3674e-02, -8.0820e-05,  5.6152e-05,  ...,  4.3862e-04,
          2.2883e-04, -2.9725e-01],
        [-1.4598e-05, -9.7206e-05, -1.5341e-05,  ..., -5.4179e-04,
         -3.9954e-04, -5.0501e-03],
        [ 9.6496e-07,  3.9739e-07, -2.3393e-06,  ...,  4.8395e-04,
         -8.5443e-04,  1.1973e-03],
        ...,
        [-8.6125e-06, -1.8932e-05, -2.1906e-04,  ...,  1.2608e-02,
          1.5913e-02, -4.9482e-02],
        [ 2.6090e-02,  1.7771e-05, -4.4585e-06,  ..., -4.9778e-04,
         -2.3095e-04,  2.3863e-02],
        [-1.1071e-05, -4.5167e-05,  3.7091e-05,  ...,  4.7291e-05,
          1.5335e-04, -3.8355e-02]], device='cuda:0')), ('fcs.1.bias', tensor([ 9.6644e-03,  1.2209e-01, -1.7269e-02, -5.6588e-02,  1.3064e-02,
        -2.2408e-02, -1.3993e-02, -6.7352e-02, -1.2123e-05,  4.4056e-03,
        -6.7973e-02, -6.6810e-03, -1.5608e-02, -3.0659e-02,  7.8158e-02,
        -3.2490e-02,  3.6247e-08, -1.4233e-03, -8.2600e-03, -9.8799e-03,
        -1.6545e-01, -1.6092e-01, -2.0761e-02, -1.0393e-03,  5.3148e-06,
        -4.8234e-05, -1.2162e-01, -5.5841e-03, -6.5649e-02, -8.1881e-02,
         1.3922e-01, -3.4402e-02, -5.8098e-03, -9.0095e-02, -2.8703e-03,
        -2.8228e-02, -8.4971e-03, -6.3139e-02, -2.9780e-02, -1.6320e-02,
        -8.7477e-02, -1.9307e-02,  2.0855e-02, -3.3566e-02, -4.7199e-02,
         1.0097e-02,  1.2625e-03, -1.2618e-02, -1.2769e-05, -1.2793e-01,
         5.7270e-01, -1.0623e-02, -3.4262e-02,  3.1521e-01, -3.3051e-02,
        -9.1703e-02, -1.3212e-03, -8.6327e-03, -6.4843e-02, -8.8395e-02,
        -1.4745e-04, -4.5412e-02, -5.9990e-03, -8.5352e-02], device='cuda:0')), ('fcs.2.weight', tensor([[ 1.0911e-01, -4.1690e-02, -3.6506e-03, -1.8942e-02, -2.8707e-03,
          1.3606e-01,  8.1631e-03, -5.9332e-03,  8.2058e-04, -1.0612e-03,
         -1.1849e-01,  1.8700e-02, -2.3368e-02, -8.9344e-03, -4.0498e-02,
         -5.3120e-02, -2.1362e-03,  1.6825e-01,  9.9625e-06,  5.4724e-03,
         -4.7751e-02, -2.9810e-02, -1.3221e-02,  3.7513e-04, -2.1676e-03,
         -1.6578e-01, -3.9390e-02,  4.8779e-03, -5.6876e-02,  2.4927e-02,
         -6.6320e-02, -6.9899e-03, -1.9269e-03,  1.3019e-02, -2.0613e-02,
          3.7315e-03,  2.2214e-02,  1.2450e-02,  2.8413e-04, -4.9486e-02,
          1.6075e-03, -5.1946e-02,  3.2265e-03,  1.6243e-02,  1.8978e-01,
          1.9128e-03,  5.0313e-03, -3.1006e-02,  4.0019e-02, -7.3642e-03,
          3.3539e-02, -2.7557e-02,  2.8076e-02, -1.6837e-02, -1.9682e-05,
          7.0435e-03,  3.9437e-03,  5.0101e-02,  4.4190e-02, -2.5429e-02,
          3.3492e-02,  2.2624e-02, -2.5575e-02,  1.8608e-02]], device='cuda:0'))])
end of epoch 4: val_loss 0.3383706418694396, val_acc 0.88
trigger times: 0
saving model weights...
Weights: OrderedDict([('fcs.0.weight', tensor([[-1.3170e-03,  4.0990e-03,  5.7716e-04,  ...,  8.1388e-03,
          1.8537e-04, -1.0423e-02],
        [-1.5670e-02,  4.8572e-03,  1.0866e-04,  ..., -1.8847e-03,
         -2.0392e-02, -7.1608e-04],
        [ 4.5453e-03,  8.3466e-04,  3.3538e-06,  ..., -2.3646e-03,
         -2.1195e-04, -1.8303e-04],
        ...,
        [-2.6133e-02,  6.7177e-02, -2.6716e-04,  ...,  4.4623e-02,
          1.9931e-02, -5.2828e-03],
        [-1.9915e-03,  9.8288e-03,  7.5691e-04,  ..., -3.0898e-03,
         -3.8078e-02, -4.1423e-05],
        [ 6.0648e-02, -5.3791e-02,  1.9992e-02,  ...,  3.4003e-04,
          2.6776e-01, -2.6264e-01]], device='cuda:0')), ('fcs.0.bias', tensor([-1.0866e-03, -6.6430e-02, -5.3136e-03, -4.6619e-03, -1.0033e-02,
         2.8000e-01, -1.3206e-02, -6.8011e-03, -7.7928e-02,  4.6197e-03,
         6.0913e-09, -9.3974e-02, -6.9456e-02,  2.5603e-01, -1.8659e-01,
        -4.2968e-02,  1.9765e-01, -4.0697e-02, -2.4282e-05, -4.3535e-04,
         4.0927e-02, -2.1806e-03,  1.4271e-01,  1.8704e-01, -7.3952e-02,
         3.6955e-05, -1.7198e-02, -5.9499e-03, -1.6442e-01, -1.2629e-03,
        -1.7071e-01, -1.9628e-05,  6.2729e-04, -1.8195e-03, -5.1194e-06,
        -3.6520e-02, -8.3087e-04, -8.2228e-02, -3.1727e-04, -1.7466e-01,
        -3.5007e-02, -7.7283e-02,  4.5981e-03, -1.5440e-02, -2.2662e-02,
         4.3379e-02, -8.2003e-02,  9.6622e-08,  7.4833e-02,  2.4832e-01,
        -6.9746e-02, -1.7105e-02,  1.7656e-01, -3.0496e-02, -5.5074e-02,
        -1.1334e-01,  2.5760e-02,  4.1363e-04,  2.3050e-01, -1.7465e-03,
         3.2172e-01,  5.2429e-02, -2.7629e-02, -9.3880e-06,  5.3034e-03,
        -2.5521e-02, -7.3653e-02,  2.7283e-01, -2.1920e-02, -5.3111e-04,
        -5.6251e-02,  1.1088e-03,  1.5536e-01, -7.0770e-03, -7.1384e-05,
        -1.5103e-01, -3.7104e-02, -1.1449e-02, -2.9397e-02, -1.3019e-02,
        -1.8225e-01, -1.5735e-02,  2.7917e-01, -6.0449e-02,  2.6061e-01,
         2.5280e-01,  1.6107e-01, -1.5360e-02, -3.6217e-02, -8.0705e-03,
        -3.0167e-03,  4.5709e-02, -6.4655e-02,  3.7083e-01, -4.7533e-03,
        -8.6500e-03, -5.3346e-03, -2.5328e-01, -5.0710e-02, -8.6095e-03,
         2.2408e-01, -4.1668e-02,  2.5669e-07,  2.1909e-05, -4.4368e-02,
        -5.2686e-05, -1.5357e-01, -5.1151e-02,  2.4600e-01, -7.7229e-03,
        -2.5145e-03,  2.5041e-03, -8.7058e-02, -7.0792e-03,  7.6241e-02,
        -3.9212e-02,  4.9255e-03, -4.5097e-02, -6.1015e-03,  1.2193e-01,
         8.7769e-02, -7.7387e-03, -2.7697e-03, -4.6728e-05, -1.7344e-02,
        -2.0656e-02, -2.9915e-02,  3.1215e-01], device='cuda:0')), ('fcs.1.weight', tensor([[ 1.6376e-02, -1.3085e-04,  3.7400e-05,  ...,  1.7284e-04,
         -7.1033e-05, -2.7318e-01],
        [ 3.9476e-05,  1.0177e-04,  2.5614e-06,  ..., -7.5190e-05,
          8.9507e-05, -1.9514e-04],
        [ 6.4177e-06, -3.5400e-07, -1.4182e-07,  ...,  2.3414e-05,
         -2.1198e-04,  1.2161e-03],
        ...,
        [ 6.9240e-06,  2.7164e-06, -1.7035e-05,  ...,  4.4615e-03,
          9.1916e-03, -2.6351e-02],
        [ 1.1973e-02,  5.3670e-05,  2.1608e-06,  ..., -3.2707e-05,
          6.0793e-05, -1.7257e-03],
        [-4.0985e-05, -3.3115e-05, -1.3037e-05,  ...,  9.8829e-05,
         -3.3182e-05, -1.4641e-02]], device='cuda:0')), ('fcs.1.bias', tensor([ 7.9265e-03,  8.7332e-02, -5.8346e-03, -1.9465e-02,  3.9815e-03,
        -3.4792e-03, -5.5278e-03, -3.7043e-02, -2.5658e-06,  9.2089e-04,
        -4.1297e-02, -4.5598e-03, -1.0795e-02, -1.2850e-02,  5.4627e-02,
        -1.9959e-02, -8.0290e-09, -7.7349e-04,  2.4386e-02, -2.7215e-03,
        -1.1745e-01, -1.0317e-01, -8.5323e-03, -4.5022e-02,  2.5568e-07,
        -5.2446e-07, -9.4804e-02, -4.2249e-03, -3.9188e-02, -3.4079e-02,
        -3.2984e-02, -7.0750e-03, -2.5969e-03, -5.0605e-02, -3.9559e-04,
        -1.2446e-02, -7.3065e-03, -3.2831e-01, -2.3789e-02, -1.2070e-02,
        -3.6518e-02, -1.4924e-02,  1.7430e-02, -1.7181e-02, -9.0917e-03,
         2.6058e-03,  5.9468e-04, -4.1365e-03, -2.1306e-03, -1.0527e-01,
         5.3326e-01, -1.9443e-03, -2.4371e-02,  1.5322e-01, -1.6997e-02,
        -5.6301e-02, -6.3677e-05, -1.0313e-02, -1.2809e-02, -7.0705e-02,
        -6.0910e-07, -2.8377e-02, -3.3970e-02, -4.2339e-02], device='cuda:0')), ('fcs.2.weight', tensor([[ 1.1149e-01, -4.4223e-02, -2.8081e-03, -2.2089e-02, -1.7472e-03,
          8.2589e-02, -1.2254e-02, -3.8504e-03,  2.7386e-04, -1.8740e-03,
         -1.1155e-01,  2.1784e-02, -2.4517e-02, -9.7731e-03, -4.2892e-02,
         -5.3592e-02, -2.4073e-03,  1.5370e-01,  1.4276e-02,  6.1360e-03,
         -5.4529e-02, -2.5488e-02, -1.3820e-02,  3.1879e-02, -2.7708e-03,
         -1.7476e-01, -4.1062e-02,  6.0474e-03, -5.8999e-02,  2.3894e-02,
         -5.6494e-02, -6.0409e-03, -6.3556e-04,  3.0808e-03, -2.1845e-02,
         -1.2107e-04,  7.0231e-03, -1.7997e-01, -2.0278e-04, -5.1889e-02,
          3.7166e-03, -5.5522e-02,  4.3714e-03,  1.5996e-02,  1.7849e-01,
          1.9061e-03,  3.3407e-03, -3.7693e-02,  3.6506e-02, -1.1315e-02,
          6.0174e-02, -2.6856e-02,  2.6978e-02,  1.3606e-02, -1.6661e-04,
          3.0311e-03,  2.7582e-03,  5.1779e-02,  4.9600e-02, -2.4669e-02,
          3.2058e-02,  1.8417e-02, -2.4811e-02,  1.5820e-02]], device='cuda:0'))])
end of epoch 5: val_loss 4.243967480630963, val_acc 0.8
trigger times: 1
end of epoch 6: val_loss 0.4360294638839423, val_acc 0.86
trigger times: 2
end of epoch 7: val_loss 0.3939224846940488, val_acc 0.78
trigger times: 3
end of epoch 8: val_loss 0.4170039535987439, val_acc 0.8
trigger times: 4
end of epoch 9: val_loss 3.890746276690662, val_acc 0.74
trigger times: 5
end of epoch 10: val_loss 6.113458786187434, val_acc 0.76
trigger times: 6
end of epoch 11: val_loss 0.3757658340759734, val_acc 0.84
trigger times: 7
end of epoch 12: val_loss 0.35457539934664967, val_acc 0.8
trigger times: 8
end of epoch 13: val_loss 0.36884329263881227, val_acc 0.82
trigger times: 9
end of epoch 14: val_loss 0.37916311824547505, val_acc 0.8
trigger times: 10
Early stopping.
0 -51.05145005136728 -238.56539389647227
1 -49.54986444115639 -226.82452825484978
2 -55.46996070444584 -226.2241731451399
3 -43.522596918046474 -208.89755486387574
4 -46.080943152308464 -196.9840755292238
5 -36.1686209961772 -194.4017457710484
6 -48.29091435670853 -193.75394353311003
7 -38.898971885442734 -173.38768743356906
8 -40.689884930849075 -172.73844575529262
9 -36.20174711942673 -172.5849598191294
10 -29.67582930624485 -148.80630048130243
11 -31.32510957866907 -146.54022994848935
12 -31.63325734436512 -144.9163601843784
13 -27.01223197579384 -144.5098799638122
14 -24.840674854815006 -129.52710350510273
15 -24.461618468165398 -119.6789138826375
16 -27.68909066170454 -119.53338183357056
17 -28.83176350593567 -115.00841352193844
18 -21.620792888104916 -113.49466461352053
19 -14.236949503421783 -107.45837168117659
20 -17.482730481773615 -105.49937100040788
21 -19.82962827757001 -101.9104943327425
22 -21.67453346401453 -101.66294130080523
23 -23.132626812905073 -98.89606860541423
24 -17.47571335732937 -95.1909937931514
25 -23.25818369537592 -93.31854913617367
26 -18.279229141771793 -85.41926577166943
27 -19.64365489780903 -83.18012153468804
28 -19.152592305094004 -79.47665068598401
29 -22.63395681977272 -77.34308621853297
30 -15.696439817547798 -60.56041622227008
31 -16.114846682175994 -58.68833689293549
32 -19.047863382846117 -22.79021187897909
33 -13.916365429759026 -19.65788926803626
34 -13.578315146267414 -16.74518768263467
35 -15.957653235644102 -13.719402302108403
36 -17.055799681693316 4.235189873860978
37 -18.826091412454844 5.0952806210809465
38 -14.164327938109636 10.178796790507759
39 -17.583483166992664 13.541055788508864
40 -19.092323184013367 14.989710929193077
41 -18.532162629067898 21.802029683432238
42 -19.8918419778347 31.12027905920427
43 -17.094772981479764 40.64550156746333
44 -13.634613491594791 40.69898986216935
45 -16.39576832577586 50.09032867204584
46 -16.00976437330246 57.290535515424786
47 -16.61211570352316 60.51441689036072
48 -16.358392909169197 62.587858111632386
49 -19.145433519035578 63.47489586756552
50 -16.36541583761573 65.395531990224
51 -15.52488967962563 68.71330703108626
52 -14.567006692290306 69.48459209048262
53 -14.651730321347713 72.16624272108386
54 -18.074104852974415 74.2233202149037
55 -22.227279324783012 79.16074531670823
56 -18.033393397927284 80.25553156558418
57 -20.747162302955985 87.50520028403979
58 -17.919323291629553 90.28646231697512
59 -18.870188251137733 90.72533900600311
60 -19.46691247075796 91.52552635781885
61 -15.874684147536755 91.95773979158345
62 -20.05370493233204 92.99221310223136
63 -19.916477859020233 94.14052712880752
64 -18.899307008832693 94.28590507273401
65 -18.348382283002138 95.24073532592021
66 -17.973746770934667 96.09581961281374
67 -16.349443241022527 96.50341248035636
68 -16.80455319583416 97.45820290396632
69 -16.615973263978958 97.90553231413178
70 -18.562059994786978 98.27346635731779
71 -18.349527303129435 98.35872828331676
72 -18.274749662727118 98.9255090371917
73 -17.162300426512957 99.09003071828721
74 -16.147346254438162 99.89253842063019
75 -17.362215865403414 100.07765055593329
76 -15.31524171307683 101.35869827851857
77 -18.52758714556694 103.56921378052652
78 -15.622062560170889 103.74194540937737
79 -15.938974555581808 104.00039883786899
80 -17.342958001419902 104.36031383612816
81 -16.696958664804697 104.79584301893571
82 -16.876618899405003 105.40349710769756
83 -16.146376598626375 105.60678192821229
84 -15.332676956895739 106.26867976298877
85 -16.85908129811287 106.37916921043517
86 -15.665127538144588 106.67969423997131
87 -15.411493899766356 106.81132709017433
88 -14.94157836586237 107.05410485829283
89 -15.366462152451277 107.44441498172971
90 -16.089921113103628 107.68792314282867
91 -14.604076007381082 107.72369032284489
92 -16.28273594006896 108.58631070626225
93 -15.10680179297924 108.79454915391223
94 -15.179320573806763 109.15712102315346
95 -15.18037690431811 109.71287331230647
96 -14.537086513824761 110.48639228144049
97 -14.89867596141994 111.4630258761226
98 -15.68710358813405 112.59201367677376
99 -17.74299392104149 113.4530990931055
100 -14.842550914734602 114.85996346749971
101 -15.619061902165413 115.04838323377467
102 -14.730833265930414 115.5646624637931
103 -16.876877430826426 115.77027450439896
104 -16.096023119986057 116.29805012422126
105 -13.397521257400513 116.38499266629886
106 -15.480350263416767 116.4198907102986
107 -14.737265355885029 117.08008835928221
108 -15.310038061346859 117.29357601720739
109 -15.12796687707305 118.29160885622866
110 -13.319591803010553 119.01062500757773
111 -13.692762766033411 120.85290512447664
112 -13.589748127385974 120.8902150231427
113 -14.01365790143609 121.40892075278066
114 -14.608642730861902 122.30522808413322
115 -12.848645001649857 129.13346806288703
116 -12.513033729046583 129.67718524437547
117 -13.933172293007374 129.79664443488912
118 -13.475524060428143 130.61780866873775
119 -11.798233088105917 131.40806576766226
train accuracy: 0.8688888888888889
validation accuracy: 0.8
test accuracy: 0.7365546218487395
