demo lengths 200
demos: (120, 200, 25)
demo_rewards: (120,)
[-238.5653939  -226.82452825 -226.22417315 -208.89755486 -196.98407553
 -194.40174577 -193.75394353 -173.38768743 -172.73844576 -172.58495982
 -148.80630048 -146.54022995 -144.91636018 -144.50987996 -129.52710351
 -119.67891388 -119.53338183 -115.00841352 -113.49466461 -107.45837168
 -105.499371   -101.91049433 -101.6629413   -98.89606861  -95.19099379
  -93.31854914  -85.41926577  -83.18012153  -79.47665069  -77.34308622
  -60.56041622  -58.68833689  -22.79021188  -19.65788927  -16.74518768
  -13.7194023     4.23518987    5.09528062   10.17879679   13.54105579
   14.98971093   21.80202968   31.12027906   40.64550157   40.69898986
   50.09032867   57.29053552   60.51441689   62.58785811   63.47489587
   65.39553199   68.71330703   69.48459209   72.16624272   74.22332021
   79.16074532   80.25553157   87.50520028   90.28646232   90.72533901
   91.52552636   91.95773979   92.9922131    94.14052713   94.28590507
   95.24073533   96.09581961   96.50341248   97.4582029    97.90553231
   98.27346636   98.35872828   98.92550904   99.09003072   99.89253842
  100.07765056  101.35869828  103.56921378  103.74194541  104.00039884
  104.36031384  104.79584302  105.40349711  105.60678193  106.26867976
  106.37916921  106.67969424  106.81132709  107.05410486  107.44441498
  107.68792314  107.72369032  108.58631071  108.79454915  109.15712102
  109.71287331  110.48639228  111.46302588  112.59201368  113.45309909
  114.85996347  115.04838323  115.56466246  115.7702745   116.29805012
  116.38499267  116.41989071  117.08008836  117.29357602  118.29160886
  119.01062501  120.85290512  120.89021502  121.40892075  122.30522808
  129.13346806  129.67718524  129.79664443  130.61780867  131.40806577]
maximum traj length 200
maximum traj length 200
num training_obs 450
num training_labels 450
num val_obs 50
num val_labels 50
num test_obs 7140
num test_labels 7140
ModuleList(
  (0): Linear(in_features=25, out_features=128, bias=True)
  (1): Linear(in_features=128, out_features=64, bias=True)
  (2): Linear(in_features=64, out_features=1, bias=False)
)
Total number of parameters: 11648
Number of trainable paramters: 11648
device: cuda:0
end of epoch 0: val_loss 0.36210830264320065, val_acc 0.78
trigger times: 0
saving model weights...
Weights: OrderedDict([('fcs.0.weight', tensor([[-1.3992e-04,  3.1939e-04, -1.3029e-04,  ..., -1.8325e-04,
         -2.1707e-04, -2.3686e-02],
        [-3.5705e-02,  4.2348e-02,  1.4449e-02,  ..., -1.1290e-02,
          9.5173e-03, -6.2081e-02],
        [-4.5075e-02, -1.6084e-02,  1.8808e-01,  ...,  1.6868e-01,
          1.2089e-01,  1.1905e-01],
        ...,
        [-1.9658e-01, -1.5946e-01, -1.3532e-01,  ..., -1.1420e-01,
         -5.2518e-03, -1.4353e-01],
        [ 5.7349e-02,  1.4445e-01, -5.5213e-02,  ...,  8.1014e-03,
         -2.3072e-02, -1.3672e-02],
        [ 5.9999e-02, -3.4373e-03,  6.7399e-02,  ...,  2.0118e-01,
          6.1719e-02,  7.4856e-02]], device='cuda:0')), ('fcs.0.bias', tensor([-1.0601e-04,  1.8860e-01,  1.8862e-01, -5.4658e-02, -7.3697e-02,
        -4.9307e-02,  3.7905e-02,  1.7254e-01, -8.0549e-02,  5.4478e-02,
        -2.2890e-01, -3.4718e-02, -1.0552e-01, -1.5041e-01,  9.5365e-02,
        -4.8855e-02, -1.5243e-01,  5.5478e-05,  1.3214e-01, -7.0154e-02,
        -2.2489e-01,  2.2206e-01, -1.6872e-01, -9.5564e-02,  2.0396e-01,
         2.4475e-02, -5.4532e-02, -1.7701e-01, -1.0595e-01, -5.2708e-02,
         5.2820e-02,  1.1658e-01,  1.1256e-02, -5.0761e-02,  5.1849e-02,
        -1.0982e-01, -1.5424e-02,  2.6477e-01,  1.1529e-01, -4.1613e-02,
        -1.1455e-02,  1.8562e-01, -9.2794e-02,  5.8426e-02, -1.3515e-02,
         7.5316e-02, -1.2257e-01,  1.9252e-02, -1.4412e-01, -1.4180e-01,
        -3.9906e-02, -5.8138e-02, -7.9366e-02, -4.5325e-02, -5.5857e-03,
         1.1424e-01, -4.0850e-02, -1.9323e-02, -3.3413e-02, -8.6093e-02,
         1.2419e-01, -6.0847e-02, -4.7309e-04,  3.4325e-02,  7.3163e-02,
        -5.0859e-04, -1.2730e-01, -7.6537e-02,  2.5001e-03, -2.0054e-01,
        -5.1403e-02, -1.4069e-01, -1.0373e-01, -1.2040e-01,  4.3642e-02,
         1.8380e-01,  5.6858e-02, -7.2820e-02, -1.3195e-02,  1.6417e-01,
         1.2309e-01, -3.6736e-02,  1.2910e-03,  9.8285e-03,  4.7882e-02,
         1.7953e-01,  9.1519e-02, -8.7991e-05,  9.4459e-03, -3.4817e-03,
        -1.3087e-01, -1.9157e-02, -1.4264e-01, -4.1106e-02, -4.0877e-02,
        -6.9063e-02, -7.1677e-02, -3.4430e-02, -5.3267e-02, -8.9133e-05,
        -1.1438e-01,  1.0488e-01, -1.3692e-02,  4.0650e-02, -4.5272e-05,
        -2.1348e-01, -4.8810e-02,  2.6751e-02,  9.0632e-02,  2.0011e-02,
         1.4377e-02,  9.9429e-02,  5.4455e-02, -1.1082e-01,  6.0092e-02,
         1.6927e-01, -4.3729e-02,  1.8026e-01, -2.0380e-04, -8.5646e-02,
         4.9342e-03, -1.2485e-03, -5.7602e-02, -1.4721e-01, -1.1828e-05,
        -1.7881e-02, -1.0926e-01,  1.1931e-02], device='cuda:0')), ('fcs.1.weight', tensor([[-3.4529e-06, -1.1074e-01, -8.1719e-02,  ...,  1.5946e-02,
          7.0617e-02,  3.1898e-02],
        [-1.2272e-05, -1.2496e-02, -8.2331e-03,  ...,  6.8193e-03,
          4.5474e-06, -1.1305e-03],
        [-6.0414e-06, -1.0080e-01,  2.0517e-02,  ..., -1.4338e-02,
          3.8661e-02,  8.6056e-02],
        ...,
        [-5.5434e-05, -9.5196e-02, -3.8018e-02,  ...,  4.6003e-02,
         -3.6231e-04, -1.1309e-02],
        [-2.0877e-05,  3.1757e-02, -1.2193e-01,  ...,  5.6158e-02,
         -2.2855e-03, -2.0725e-02],
        [-7.6672e-05, -3.1625e-02, -1.8779e-02,  ...,  2.2987e-02,
          6.9725e-03, -2.3295e-02]], device='cuda:0')), ('fcs.1.bias', tensor([-1.1689e-01, -1.8506e-02, -8.3824e-02, -2.4551e-02,  4.3361e-02,
        -5.7787e-02, -2.6115e-02,  6.8135e-03, -2.2318e-02, -8.9604e-02,
        -3.3947e-02, -4.0662e-02, -2.0085e-02, -1.7463e-02, -1.0498e-02,
        -4.1783e-03, -1.3077e-02, -3.1567e-02, -2.0620e-02, -1.1302e-01,
         5.9782e-02, -1.2874e-02, -3.5063e-02, -3.4874e-02, -7.1354e-06,
        -5.7148e-02,  1.5720e-02,  9.0456e-02, -4.9986e-02, -7.8980e-02,
         2.7009e-01, -3.4778e-02,  4.6637e-02, -3.2375e-02, -2.3177e-02,
        -9.5662e-02,  1.5755e-03, -4.0854e-02,  8.3817e-02, -3.5036e-02,
         1.1399e-02,  1.3248e-03, -1.2105e-01, -5.6012e-02,  8.7810e-02,
        -8.4873e-02, -1.4764e-01, -3.7524e-03, -9.5774e-02, -2.7768e-02,
        -1.1230e-01, -9.9372e-02, -4.5637e-02, -1.6075e-02, -4.1169e-02,
        -8.1364e-02, -1.2292e-01, -7.9471e-02, -5.0827e-02, -7.5561e-03,
        -6.3978e-02,  2.2731e-02, -3.3693e-03, -9.3855e-02], device='cuda:0')), ('fcs.2.weight', tensor([[-0.0110, -0.0058, -0.0031,  0.0055, -0.0297,  0.0017, -0.0482,  0.0356,
          0.0389,  0.0403, -0.0199, -0.0037,  0.0236, -0.0220,  0.0142, -0.0111,
         -0.0238,  0.0403,  0.0055,  0.0058,  0.0124,  0.0028,  0.0654,  0.0076,
         -0.0115,  0.0153, -0.0179, -0.0199,  0.0193, -0.0237,  0.0012,  0.0285,
          0.0110,  0.0284,  0.0566, -0.1052, -0.0031,  0.0249, -0.0102,  0.0470,
          0.0076,  0.0075,  0.0127,  0.1544,  0.0344,  0.0016,  0.0325, -0.0168,
         -0.0047,  0.0643, -0.0203, -0.0576, -0.0291, -0.0254,  0.0503,  0.0307,
         -0.0090, -0.0567,  0.0406, -0.0318,  0.0138, -0.0185, -0.0290, -0.0508]],
       device='cuda:0'))])
end of epoch 1: val_loss 1.3921633146164305, val_acc 0.88
trigger times: 1
end of epoch 2: val_loss 0.34152263076262274, val_acc 0.92
trigger times: 0
saving model weights...
Weights: OrderedDict([('fcs.0.weight', tensor([[ 0.0328,  0.0653, -0.1819,  ...,  0.0012, -0.1453, -0.0661],
        [-0.3127,  0.0110,  0.0718,  ..., -0.0038, -0.2862, -0.0496],
        [-0.1009,  0.0549, -0.0085,  ...,  0.2037, -0.0521,  0.0068],
        ...,
        [-0.0528, -0.0934, -0.0442,  ..., -0.1077, -0.0597, -0.0282],
        [ 0.1407,  0.0627,  0.1587,  ...,  0.1138, -0.0271,  0.2397],
        [ 0.0150, -0.0014,  0.0064,  ...,  0.1192,  0.0111, -0.0020]],
       device='cuda:0')), ('fcs.0.bias', tensor([ 1.0735e-01, -8.1212e-02, -6.7694e-03, -4.9687e-02, -5.1017e-03,
        -2.1710e-02,  7.6955e-03, -5.2589e-02, -1.0812e-03,  3.1995e-02,
        -5.5171e-02, -8.8515e-03, -2.4733e-01, -8.5413e-02, -1.2065e-01,
        -1.6501e-02, -1.1134e-01,  5.4492e-02, -7.0890e-04, -2.1999e-02,
        -1.1184e-01,  7.6899e-02, -7.2775e-02, -1.8017e-01, -3.5178e-02,
        -3.3662e-02, -1.2646e-02, -6.5353e-02, -5.7978e-02, -1.3524e-01,
        -7.3033e-02, -1.8832e-02, -3.8042e-03, -6.4804e-04,  5.0956e-01,
        -4.2462e-02, -5.8326e-03,  2.0739e-01, -9.4876e-02, -3.9992e-05,
        -1.5318e-01,  1.4090e-01, -5.3219e-02,  2.5307e-01, -5.0095e-02,
         2.1105e-01, -2.5976e-01, -8.1054e-06,  2.1171e-01, -7.3547e-02,
         3.3289e-01, -3.2694e-02, -3.2783e-02, -3.8501e-02, -2.3007e-01,
        -2.2216e-02, -3.5166e-02, -3.1607e-02, -9.0680e-02, -1.1622e-02,
        -2.2741e-02, -1.2246e-03, -1.4577e-02, -3.2250e-02,  6.7087e-01,
         8.1854e-01, -2.0068e-01,  3.4938e-01, -5.3023e-02, -1.1919e-01,
        -4.0120e-01, -9.8583e-02, -3.3913e-02, -1.1750e-01,  1.9627e-03,
        -1.1908e-02,  2.6120e-02, -2.0183e-01, -1.0783e-01, -9.3207e-02,
        -1.4830e-01, -1.8800e-02,  1.6878e-03, -9.4163e-02,  4.9509e-03,
         2.0982e-02, -4.6695e-02, -1.1839e-03, -1.3041e-01,  2.4413e-01,
        -4.2097e-03, -1.4081e-02, -2.8227e-01, -1.0402e-02, -1.6150e-01,
        -2.0257e-01, -3.9542e-02, -1.8176e-01, -4.1900e-02,  7.1626e-01,
        -2.0222e-02,  1.9486e-03, -1.1231e-01,  2.4315e-02, -2.5107e-02,
        -1.5951e-01, -1.3426e-02, -7.3170e-02, -7.6599e-03,  5.7192e-03,
        -1.9742e-01, -1.5087e-02,  1.2513e-02, -6.5776e-02, -1.9107e-01,
        -2.8200e-02, -6.0491e-02, -2.1168e-03, -4.7927e-02, -1.8499e-01,
         1.8021e-03, -2.6009e-02, -5.3688e-02, -2.2291e-02, -5.9899e-02,
        -6.3978e-02, -2.1688e-01, -5.0426e-03], device='cuda:0')), ('fcs.1.weight', tensor([[-2.4501e-04, -7.8484e-02, -5.0259e-02,  ...,  9.2808e-03,
          1.0799e-02,  1.7640e-02],
        [-5.0611e-02, -7.3587e-03, -5.6321e-05,  ...,  5.7241e-02,
          6.5111e-03, -9.8945e-05],
        [ 8.5294e-03, -4.8815e-02,  1.7310e-02,  ..., -6.2949e-03,
          1.9528e-01,  3.8400e-02],
        ...,
        [-1.7418e-01,  1.8888e-02, -2.3329e-02,  ...,  1.6877e-02,
         -1.9315e-01, -9.7219e-03],
        [-1.2675e-01, -4.7031e-03, -6.9582e-02,  ...,  4.1234e-02,
          1.6490e-03, -1.5079e-02],
        [-9.5498e-02, -6.6751e-02, -4.9158e-03,  ..., -5.4856e-05,
         -5.0149e-03, -9.5192e-03]], device='cuda:0')), ('fcs.1.bias', tensor([-0.0770, -0.0944,  0.0194, -0.0006,  0.0101, -0.0342,  0.1238, -0.0061,
         0.0285,  0.0315,  0.1430, -0.0318, -0.0158,  0.0074, -0.0017, -0.0134,
        -0.0035, -0.1833,  0.0139, -0.0652,  0.0021, -0.0723, -0.0544,  0.2958,
         0.3300, -0.0123, -0.0785, -0.1071, -0.1162,  0.0794, -0.0255, -0.1284,
         0.0811, -0.2398, -0.0488, -0.2275,  0.1684, -0.1268,  0.1964, -0.2740,
         0.0237, -0.0286, -0.0827, -0.1466, -0.0240,  0.0278, -0.0786, -0.0734,
         0.1897, -0.0968, -0.1091, -0.0681, -0.0330, -0.1304, -0.0150, -0.2755,
        -0.0554, -0.1294, -0.3747, -0.1023, -0.0157,  0.2827, -0.0350, -0.0872],
       device='cuda:0')), ('fcs.2.weight', tensor([[-0.0090, -0.0392,  0.0903,  0.0003, -0.0277,  0.0007,  0.0079, -0.0049,
          0.0453, -0.0157,  0.0105,  0.0057, -0.1093, -0.0534,  0.0100,  0.1067,
         -0.0161, -0.0072,  0.0079,  0.0008, -0.0085, -0.0012, -0.0011,  0.2157,
         -0.0017,  0.0044,  0.0275, -0.1252,  0.0120, -0.0300,  0.0317,  0.0343,
          0.0301, -0.2690,  0.0033,  0.0841, -0.0818,  0.2484,  0.0341, -0.0200,
          0.0179, -0.0041, -0.0815,  0.1543,  0.0844,  0.0502,  0.0079, -0.0531,
         -0.0510, -0.0160,  0.0249, -0.0699, -0.0007, -0.0616, -0.0303, -0.0912,
         -0.0027, -0.0435, -0.0141,  0.0007,  0.0182, -0.0151, -0.0057,  0.0180]],
       device='cuda:0'))])
end of epoch 3: val_loss 0.2067255917795262, val_acc 0.92
trigger times: 0
saving model weights...
Weights: OrderedDict([('fcs.0.weight', tensor([[ 0.0284,  0.0598, -0.1195,  ...,  0.0004, -0.1248, -0.0566],
        [-0.2383,  0.0094,  0.0351,  ..., -0.0040, -0.2162, -0.0391],
        [-0.0669,  0.0416, -0.0018,  ...,  0.1526, -0.0276,  0.0048],
        ...,
        [-0.0343, -0.0791, -0.0156,  ..., -0.0922, -0.0362, -0.0123],
        [ 0.1188,  0.0574,  0.1069,  ...,  0.1046, -0.0245,  0.1711],
        [ 0.0070, -0.0009,  0.0009,  ...,  0.0768,  0.0043, -0.0012]],
       device='cuda:0')), ('fcs.0.bias', tensor([ 9.2247e-02, -6.1789e-02, -3.8338e-03, -3.4162e-02, -2.7322e-04,
        -1.1734e-02,  6.4605e-04, -2.2094e-02, -2.2268e-05,  2.1578e-02,
        -1.7503e-02, -2.4278e-03, -2.2525e-01, -5.1569e-02, -8.5129e-02,
        -6.4713e-03, -8.6748e-02, -1.4070e-01, -3.0735e-03, -9.0771e-03,
        -7.0141e-02,  5.4798e-02, -3.9953e-02, -7.9641e-02, -2.0197e-02,
        -1.4611e-02, -2.6811e-03, -2.7919e-02, -3.4488e-02, -1.1716e-01,
        -3.9701e-02, -1.6131e-02, -6.3267e-05,  2.1272e-06,  4.7702e-01,
        -2.1353e-02, -2.6848e-03,  1.9053e-01, -7.0844e-02,  6.5732e-08,
        -6.1541e-02,  1.0770e-01, -3.4634e-02,  3.8475e-01, -2.0638e-02,
        -1.1242e-01, -1.9991e-01, -5.3333e-05,  1.9589e-01, -4.3140e-02,
         1.6444e-01, -1.1264e-02, -1.5991e-02, -4.6340e-04, -2.0771e-01,
        -9.6042e-03, -2.9683e-02, -4.1264e-03, -4.1522e-02, -8.1461e-04,
        -1.6751e-02, -3.2013e-05, -7.7079e-05, -1.5063e-02,  5.8690e-01,
         7.1068e-01, -1.7757e-01,  2.4233e-01, -3.7872e-02, -6.4148e-02,
        -3.5290e-01, -7.3566e-02, -1.3867e-02, -6.1141e-02,  1.5124e-03,
        -4.1109e-03,  1.3885e-02, -1.4462e-01, -4.8959e-02, -7.5297e-02,
        -1.3692e-01, -8.8596e-03,  8.9163e-04, -5.0165e-02,  9.6783e-04,
         1.2193e-02, -3.9598e-02, -1.3152e-05, -9.1453e-02,  4.2014e-01,
        -2.6395e-04, -5.2814e-03, -2.4200e-01, -3.5248e-03, -9.6636e-02,
        -1.4614e-01, -2.4024e-02, -1.6193e-01, -5.6264e-03,  6.6347e-01,
        -4.3574e-03,  1.2852e-03, -6.5977e-02,  1.5987e-02, -6.0007e-03,
        -1.2607e-01, -1.4155e-03, -3.5022e-02, -3.6535e-03,  3.9113e-03,
        -1.7180e-01, -1.2538e-02,  8.8309e-03, -4.2140e-02, -1.4575e-01,
        -1.6653e-02, -5.2685e-02, -8.0401e-04, -9.8629e-03, -1.2046e-01,
         7.2445e-04, -5.2462e-03, -9.8154e-03, -3.8066e-03, -5.0069e-02,
        -2.6925e-02, -1.9327e-01, -1.0667e-03], device='cuda:0')), ('fcs.1.weight', tensor([[-4.5823e-05, -5.9524e-02, -3.3779e-02,  ...,  5.9316e-03,
          1.7177e-03,  1.0933e-02],
        [-4.0114e-02, -5.4366e-03,  3.1758e-05,  ...,  4.0117e-02,
         -1.3676e-02,  6.9312e-06],
        [ 8.6644e-05, -2.5732e-02,  9.1539e-03,  ..., -3.0826e-03,
          1.2287e-01,  1.7398e-02],
        ...,
        [-1.6019e-01,  8.6953e-03, -4.5350e-03,  ...,  6.8390e-03,
         -1.7101e-01, -3.6144e-03],
        [-6.7365e-02, -3.7936e-03, -4.4033e-02,  ...,  3.2616e-02,
         -6.7664e-04, -1.1748e-02],
        [-5.9467e-02, -2.5297e-02, -1.6863e-03,  ..., -8.2733e-06,
          1.5503e-05, -4.7646e-03]], device='cuda:0')), ('fcs.1.bias', tensor([-0.0549, -0.0335,  0.0154, -0.1102,  0.0070, -0.0208,  0.0732, -0.2243,
         0.0043,  0.0059,  0.1313, -0.0246, -0.0066,  0.0019, -0.1398, -0.0116,
        -0.0069, -0.1340, -0.0317, -0.0393,  0.0006, -0.0464, -0.0436,  0.2729,
         0.2846, -0.0163, -0.0321, -0.0985, -0.0571,  0.0602, -0.0177, -0.0909,
         0.1146, -0.0947, -0.0166, -0.2032, -0.0335, -0.0832,  0.1151, -0.2422,
        -0.0685, -0.0059, -0.0503, -0.0867, -0.0983,  0.0252, -0.0516, -0.0286,
         0.1814, -0.0534, -0.0303, -0.0306, -0.0149, -0.1170, -0.0056, -0.1661,
        -0.0218, -0.0826, -0.3076, -0.0293, -0.0270,  0.2047, -0.0241, -0.0577],
       device='cuda:0')), ('fcs.2.weight', tensor([[-8.0544e-03, -4.1098e-02,  8.8193e-02,  1.0703e-01, -2.6388e-02,
          1.4836e-04,  6.4293e-03, -6.0848e-02,  3.4774e-02, -1.7399e-02,
          4.9797e-02,  4.0455e-03, -1.0651e-01, -5.3144e-02,  3.3619e-04,
          1.0518e-01, -1.5994e-02, -8.0508e-03, -2.8541e-03,  1.7611e-04,
         -9.2426e-03, -4.6826e-04, -2.4764e-03,  2.1243e-01, -4.8454e-03,
          6.3818e-04,  2.5237e-02, -1.2907e-01,  1.0251e-02, -3.4035e-02,
          2.7481e-02,  3.2129e-02,  1.2401e-02, -2.8759e-01,  2.0360e-04,
          7.4214e-02, -1.9624e-02,  2.4404e-01, -3.8077e-03, -2.2148e-02,
         -2.6875e-02, -6.5460e-04, -6.0629e-02,  1.3747e-01,  2.2338e-02,
          5.1484e-02, -7.5003e-03, -5.0845e-02, -2.5626e-02, -6.7620e-03,
          1.7764e-02, -6.2680e-02, -4.1222e-04, -6.2429e-02, -3.1357e-02,
         -9.2741e-02, -2.4125e-03, -3.7076e-02, -1.7395e-02, -7.8076e-04,
          1.4351e-02, -1.1349e-02, -5.5653e-03,  3.1318e-03]], device='cuda:0'))])
end of epoch 4: val_loss 0.45625965822666276, val_acc 0.78
trigger times: 1
end of epoch 5: val_loss 0.33800735290535155, val_acc 0.84
trigger times: 2
end of epoch 6: val_loss 0.8325065468457286, val_acc 0.78
trigger times: 3
end of epoch 7: val_loss 0.15897859795626446, val_acc 0.94
trigger times: 0
saving model weights...
Weights: OrderedDict([('fcs.0.weight', tensor([[ 1.1387e-02,  2.1027e-02, -3.9378e-03,  ..., -3.7679e-03,
         -3.5876e-02, -1.7614e-02],
        [-2.7842e-02,  7.9602e-03, -5.1984e-04,  ...,  1.0145e-03,
         -2.4250e-02, -6.7406e-03],
        [-2.0753e-03,  4.2828e-03,  9.0844e-05,  ...,  1.5133e-02,
          8.1992e-05,  5.7558e-04],
        ...,
        [-9.5515e-03, -1.5976e-02, -1.7458e-03,  ..., -2.5220e-02,
         -9.1528e-03, -2.0346e-02],
        [ 1.6146e-02,  3.7145e-02,  1.8950e-03,  ...,  5.4902e-02,
         -1.8247e-02,  8.8071e-03],
        [ 5.8322e-05, -3.6886e-04,  3.3198e-05,  ...,  2.1123e-03,
          5.0666e-05, -9.7857e-05]], device='cuda:0')), ('fcs.0.bias', tensor([ 2.8316e-02, -7.3577e-03, -7.6395e-05, -1.6008e-01, -3.3100e-01,
         1.8446e-01, -6.9136e-05, -1.4834e-04, -1.7871e-01, -2.9416e-03,
        -2.9425e-03, -1.2574e-01, -1.0810e-01, -3.1838e-01, -2.1246e-02,
        -1.8772e-01, -4.9936e-02, -2.3177e-01, -7.8023e-03, -2.6524e-01,
        -1.5366e-01, -6.8800e-02, -4.1087e-01,  4.7764e-02, -2.2514e-04,
        -2.1055e-02, -9.6129e-03, -1.8770e-04, -1.0366e-03,  4.0918e-01,
        -1.0436e-02, -6.9693e-03,  7.0776e-04, -8.0219e-02,  5.4139e-01,
        -4.2096e-01, -1.9208e-02,  1.6616e-01, -7.3607e-03, -1.9440e-03,
        -2.4685e-02,  1.5034e-02, -3.0946e-01,  6.7780e-01, -6.2487e-03,
        -1.9511e-02, -2.5556e-02, -5.2894e-01, -4.3897e-01, -2.1388e-01,
         1.3563e-01, -9.0019e-03, -2.9611e-04, -1.0803e-01, -3.4337e-01,
        -1.5313e-04, -7.8300e-03, -3.1987e-01, -4.2126e-02, -3.0588e-01,
        -9.9963e-04, -1.4489e-01, -2.8189e-01, -8.7405e-05,  3.7520e-01,
         3.7919e-01, -6.7021e-02, -2.5937e-01, -1.0358e-02,  2.0394e-03,
        -1.2726e-01, -8.5064e-03,  1.4406e-01, -4.4661e-04, -2.3351e-04,
        -1.2349e-02, -7.5531e-02, -1.0387e-02, -3.0870e-02, -1.5632e-02,
        -1.5272e-01, -1.7462e-03, -1.5459e-04, -3.8099e-03, -2.6760e-01,
         2.5043e-04, -1.3766e-02, -4.0371e-02,  7.8304e-02,  9.3796e-03,
        -4.5660e-02, -1.2225e-03, -7.2724e-02, -1.3817e-02, -2.7483e-03,
        -1.5482e-02,  3.9786e-02, -1.4719e-01, -3.7073e-01,  5.7665e-01,
        -4.3880e-02, -2.1655e-02, -1.0481e-03,  1.5616e-04, -1.2016e-02,
        -6.5410e-02, -3.6287e-01, -2.3198e-04, -1.1601e-04, -4.4074e-04,
        -8.7300e-02, -4.9127e-03,  6.2395e-04, -4.4576e-03,  4.2216e-01,
        -7.8123e-04, -2.6762e-01,  3.4973e-05, -6.6592e-03, -1.0244e-02,
        -1.2742e-01, -1.0763e-06, -5.0921e-02, -5.2555e-02, -1.8064e-03,
        -4.3177e-03, -8.5947e-02,  1.2161e-05], device='cuda:0')), ('fcs.1.weight', tensor([[ 3.4542e-04, -5.5289e-03, -1.4834e-03,  ...,  9.8218e-05,
         -1.5951e-04,  2.4534e-04],
        [-6.2472e-03, -1.9833e-04, -4.5130e-06,  ...,  2.4692e-03,
         -1.2204e-04, -8.5576e-07],
        [ 3.4149e-04, -1.3652e-04,  1.0539e-04,  ...,  8.0140e-05,
          3.4966e-03,  3.9094e-05],
        ...,
        [-8.5223e-02,  3.7274e-03,  4.5252e-04,  ...,  2.8309e-05,
         -5.7707e-02, -6.3705e-05],
        [ 7.5090e-04, -6.4602e-04, -3.7069e-04,  ...,  5.3725e-03,
          1.8243e-03, -1.4107e-03],
        [-1.3345e-03, -4.0392e-05,  4.2735e-06,  ..., -1.4326e-05,
         -1.8718e-04, -1.2350e-05]], device='cuda:0')), ('fcs.1.bias', tensor([-7.7996e-02, -3.0847e-02, -1.8510e-02, -3.1366e-02, -3.3462e-02,
        -3.9500e-01, -3.7374e-03, -6.6953e-02, -1.4521e-02, -2.2378e-08,
        -6.7816e-04, -2.6948e-03, -1.6442e-02, -4.2452e-02, -8.1675e-03,
        -5.6654e-02, -2.7566e-01,  2.5736e-01, -7.4201e-03,  2.5588e-01,
        -4.0501e-03, -5.4136e-03, -1.7031e-02,  1.2261e-01,  5.7457e-02,
        -1.7848e-09, -9.9572e-02, -5.1225e-02, -2.4896e-01, -9.6128e-02,
        -9.5776e-04, -6.2768e-02,  1.6959e-02, -3.9645e-01,  1.4092e-01,
        -8.3534e-02, -1.3408e-03, -3.4453e-02, -1.1506e-01, -9.0463e-02,
        -1.8102e-02, -1.1319e-02, -1.3192e-01, -2.5515e-02, -2.6165e-02,
        -2.9157e-01, -8.0699e-02,  1.8557e-01, -8.1093e-02, -4.9938e-02,
        -1.4696e-04, -1.0278e-01, -4.3416e-02, -5.5904e-02, -1.9121e-06,
         2.0175e-01,  7.7036e-02, -1.1699e-01, -6.4907e-02, -4.4710e-01,
        -2.4531e-01,  1.2918e-01, -2.4841e-01, -8.8101e-03], device='cuda:0')), ('fcs.2.weight', tensor([[ 2.3912e-02, -6.2672e-03,  7.5953e-02,  6.7689e-02,  2.8756e-02,
         -2.3284e-02,  2.6240e-03, -3.2417e-02,  2.0624e-02, -1.3427e-02,
         -1.7899e-01, -7.5923e-04, -2.8220e-02,  6.3312e-02,  2.1852e-02,
          1.3319e-02, -1.1257e-01,  3.1179e-02, -6.8503e-03, -1.0968e-02,
         -8.1345e-03, -2.0531e-02, -2.9142e-02,  1.9453e-01, -9.4491e-03,
         -6.8972e-05,  3.0501e-02, -8.9228e-02, -1.9170e-02, -4.2914e-02,
          7.2162e-05,  1.6049e-02,  9.8152e-03, -4.5537e-02,  2.2987e-03,
          2.8706e-02, -2.9838e-03,  8.3415e-02, -2.3152e-03,  3.1956e-03,
         -2.0957e-02, -2.3162e-02,  2.9033e-02, -1.8524e-02,  2.7804e-02,
          1.3914e-02, -3.3631e-02,  1.7657e-02, -5.7248e-02,  1.3697e-02,
          2.2721e-03,  9.4114e-02,  2.7917e-01, -5.6918e-02, -2.8914e-02,
         -2.4700e-02,  2.3650e-02, -4.5937e-03,  4.5942e-03, -2.6256e-03,
          2.7935e-02,  2.6003e-02,  2.5999e-02, -1.0026e-02]], device='cuda:0'))])
end of epoch 8: val_loss 21.95366447661864, val_acc 0.42
trigger times: 1
end of epoch 9: val_loss 1.079463058201436, val_acc 0.86
trigger times: 2
end of epoch 10: val_loss 0.27111533480057914, val_acc 0.86
trigger times: 3
end of epoch 11: val_loss 0.18592009532268647, val_acc 0.96
trigger times: 4
end of epoch 12: val_loss 0.18621966466561163, val_acc 0.86
trigger times: 5
end of epoch 13: val_loss 0.3014297086526972, val_acc 0.82
trigger times: 6
end of epoch 14: val_loss 0.18921918035145593, val_acc 0.9
trigger times: 7
end of epoch 15: val_loss 0.4556364689061593, val_acc 0.8
trigger times: 8
end of epoch 16: val_loss 0.8034221074780764, val_acc 0.9
trigger times: 9
end of epoch 17: val_loss 3.919541547071109, val_acc 0.6
trigger times: 10
Early stopping.
0 -204.46305394172668 -238.56539389647227
1 -188.22384583950043 -226.82452825484978
2 -189.64673173427582 -226.2241731451399
3 -211.50579696893692 -208.89755486387574
4 -204.00194382667542 -196.9840755292238
5 -187.1238539814949 -194.4017457710484
6 -199.9077461361885 -193.75394353311003
7 -214.43274199962616 -173.38768743356906
8 -205.0747429728508 -172.73844575529262
9 -187.46568208932877 -172.5849598191294
10 -203.74992197752 -148.80630048130243
11 -198.53383868932724 -146.54022994848935
12 -210.8638888001442 -144.9163601843784
13 -166.36068665981293 -144.5098799638122
14 -194.40251874923706 -129.52710350510273
15 -168.33844083547592 -119.6789138826375
16 -178.37475526332855 -119.53338183357056
17 -164.91367000341415 -115.00841352193844
18 -185.61081385612488 -113.49466461352053
19 -162.4618578851223 -107.45837168117659
20 -152.46402996778488 -105.49937100040788
21 -151.32321691513062 -101.9104943327425
22 -178.2830130457878 -101.66294130080523
23 -185.62629652023315 -98.89606860541423
24 -158.41536676883698 -95.1909937931514
25 -173.29772651195526 -93.31854913617367
26 -154.61913186311722 -85.41926577166943
27 -158.87906777858734 -83.18012153468804
28 -182.16159373521805 -79.47665068598401
29 -188.366095662117 -77.34308621853297
30 -149.54720011353493 -60.56041622227008
31 -135.08712293207645 -58.68833689293549
32 -155.6696453690529 -22.79021187897909
33 -130.11552315950394 -19.65788926803626
34 -136.8874250650406 -16.74518768263467
35 -142.11496025323868 -13.719402302108403
36 -167.76981393247843 4.235189873860978
37 -163.83431911468506 5.0952806210809465
38 -158.1127792596817 10.178796790507759
39 -149.94634836912155 13.541055788508864
40 -140.40535387396812 14.989710929193077
41 -163.81224858760834 21.802029683432238
42 -164.437834918499 31.12027905920427
43 -156.1211508512497 40.64550156746333
44 -123.15868690609932 40.69898986216935
45 -170.7627564072609 50.09032867204584
46 -162.50772887468338 57.290535515424786
47 -178.66104370355606 60.51441689036072
48 -179.990868806839 62.587858111632386
49 -154.061947286129 63.47489586756552
50 -154.09256786108017 65.395531990224
51 -154.61281106621027 68.71330703108626
52 -158.71084237098694 69.48459209048262
53 -154.35901683568954 72.16624272108386
54 -153.35115087032318 74.2233202149037
55 -159.64778992533684 79.16074531670823
56 -167.4519339799881 80.25553156558418
57 -157.27199584245682 87.50520028403979
58 -156.7710783481598 90.28646231697512
59 -159.1596633195877 90.72533900600311
60 -166.37926119565964 91.52552635781885
61 -155.84399622678757 91.95773979158345
62 -175.5238101184368 92.99221310223136
63 -180.11802685260773 94.14052712880752
64 -173.65820676088333 94.28590507273401
65 -158.53063237667084 95.24073532592021
66 -166.50979427993298 96.09581961281374
67 -159.61541348695755 96.50341248035636
68 -144.7779666185379 97.45820290396632
69 -143.73219519853592 97.90553231413178
70 -164.65595096349716 98.27346635731779
71 -157.44585564732552 98.35872828331676
72 -154.34902846813202 98.9255090371917
73 -165.9911676645279 99.09003071828721
74 -174.20489358901978 99.89253842063019
75 -160.75256752967834 100.07765055593329
76 -164.75610342621803 101.35869827851857
77 -162.43588668107986 103.56921378052652
78 -156.39272701740265 103.74194540937737
79 -171.76690584421158 104.00039883786899
80 -147.49268892407417 104.36031383612816
81 -167.5726741850376 104.79584301893571
82 -166.15834194421768 105.40349710769756
83 -155.39776480197906 105.60678192821229
84 -136.74459007382393 106.26867976298877
85 -182.28616344928741 106.37916921043517
86 -139.2536484003067 106.67969423997131
87 -151.7071207910776 106.81132709017433
88 -148.99947357177734 107.05410485829283
89 -155.95501777529716 107.44441498172971
90 -173.18747544288635 107.68792314282867
91 -136.88004517555237 107.72369032284489
92 -178.7044833600521 108.58631070626225
93 -146.01589916087687 108.79454915391223
94 -152.0258221924305 109.15712102315346
95 -145.2696255594492 109.71287331230647
96 -140.1395367383957 110.48639228144049
97 -146.82537069916725 111.4630258761226
98 -170.95873337984085 112.59201367677376
99 -166.2891652584076 113.4530990931055
100 -172.31844705343246 114.85996346749971
101 -162.62561285495758 115.04838323377467
102 -166.7758051753044 115.5646624637931
103 -170.39272809028625 115.77027450439896
104 -170.14617294073105 116.29805012422126
105 -135.93251487612724 116.38499266629886
106 -159.5848440527916 116.4198907102986
107 -170.0946832895279 117.08008835928221
108 -168.4296774379909 117.29357601720739
109 -165.0084677040577 118.29160885622866
110 -159.94335182383657 119.01062500757773
111 -132.3719909787178 120.85290512447664
112 -150.15843787789345 120.8902150231427
113 -152.47354578971863 121.40892075278066
114 -168.065867125988 122.30522808413322
115 -153.2492592036724 129.13346806288703
116 -143.13993427157402 129.67718524437547
117 -153.3730046749115 129.79664443488912
118 -150.0623317360878 130.61780866873775
119 -135.8620370030403 131.40806576766226
train accuracy: 0.6377777777777778
validation accuracy: 0.6
test accuracy: 0.5666666666666667
