demo lengths 200
demos: (120, 200, 25)
demo_rewards: (120,)
[-238.5653939  -226.82452825 -226.22417315 -208.89755486 -196.98407553
 -194.40174577 -193.75394353 -173.38768743 -172.73844576 -172.58495982
 -148.80630048 -146.54022995 -144.91636018 -144.50987996 -129.52710351
 -119.67891388 -119.53338183 -115.00841352 -113.49466461 -107.45837168
 -105.499371   -101.91049433 -101.6629413   -98.89606861  -95.19099379
  -93.31854914  -85.41926577  -83.18012153  -79.47665069  -77.34308622
  -60.56041622  -58.68833689  -22.79021188  -19.65788927  -16.74518768
  -13.7194023     4.23518987    5.09528062   10.17879679   13.54105579
   14.98971093   21.80202968   31.12027906   40.64550157   40.69898986
   50.09032867   57.29053552   60.51441689   62.58785811   63.47489587
   65.39553199   68.71330703   69.48459209   72.16624272   74.22332021
   79.16074532   80.25553157   87.50520028   90.28646232   90.72533901
   91.52552636   91.95773979   92.9922131    94.14052713   94.28590507
   95.24073533   96.09581961   96.50341248   97.4582029    97.90553231
   98.27346636   98.35872828   98.92550904   99.09003072   99.89253842
  100.07765056  101.35869828  103.56921378  103.74194541  104.00039884
  104.36031384  104.79584302  105.40349711  105.60678193  106.26867976
  106.37916921  106.67969424  106.81132709  107.05410486  107.44441498
  107.68792314  107.72369032  108.58631071  108.79454915  109.15712102
  109.71287331  110.48639228  111.46302588  112.59201368  113.45309909
  114.85996347  115.04838323  115.56466246  115.7702745   116.29805012
  116.38499267  116.41989071  117.08008836  117.29357602  118.29160886
  119.01062501  120.85290512  120.89021502  121.40892075  122.30522808
  129.13346806  129.67718524  129.79664443  130.61780867  131.40806577]
maximum traj length 200
maximum traj length 200
num training_obs 45
num training_labels 45
num val_obs 5
num val_labels 5
num test_obs 7140
num test_labels 7140
ModuleList(
  (0): Linear(in_features=25, out_features=128, bias=True)
  (1): Linear(in_features=128, out_features=64, bias=True)
  (2): Linear(in_features=64, out_features=1, bias=False)
)
Total number of parameters: 11648
Number of trainable paramters: 11648
device: cuda:0
end of epoch 0: val_loss 1.412937524850713, val_acc 0.6
trigger times: 0
saving model weights...
Weights: OrderedDict([('fcs.0.weight', tensor([[-0.0486,  0.1370, -0.1522,  ...,  0.0298,  0.0874,  0.0223],
        [ 0.1362,  0.2350, -0.1169,  ...,  0.1706,  0.0355,  0.1053],
        [ 0.1326,  0.1467,  0.1585,  ..., -0.0057,  0.1326,  0.2155],
        ...,
        [-0.1441,  0.0715, -0.1167,  ...,  0.0988, -0.1786, -0.0852],
        [-0.0780,  0.0226, -0.1533,  ..., -0.0572, -0.1682,  0.0653],
        [-0.2288,  0.0278, -0.0686,  ...,  0.1079, -0.0726, -0.0729]],
       device='cuda:0')), ('fcs.0.bias', tensor([-1.2419e-01, -5.9939e-03, -6.0565e-02, -2.2346e-01, -2.6806e-01,
         8.8064e-03, -1.0785e-01, -6.4153e-04,  2.9064e-02,  9.0953e-02,
         1.4205e-01,  1.0374e-01, -2.1083e-01,  3.9669e-02, -2.5498e-02,
        -2.4582e-02,  1.4723e-02,  5.4508e-02,  7.3629e-02,  5.7198e-02,
        -6.1415e-02,  2.0418e-01,  1.5190e-01,  1.4187e-01, -3.9941e-02,
        -7.0786e-02, -2.2874e-02,  8.3325e-02,  1.0290e-01,  1.5677e-01,
         8.9396e-02, -5.9785e-02,  1.6800e-01, -1.0856e-01,  6.4250e-02,
        -1.4495e-01,  8.7681e-02,  6.9400e-05,  1.2565e-01, -2.3374e-02,
        -1.1938e-02, -1.0389e-01,  9.0255e-02,  1.6731e-01,  1.3771e-01,
        -2.3754e-01, -2.2472e-01,  4.8412e-02, -9.6792e-02,  1.7316e-01,
         7.6791e-02, -1.5851e-03, -1.4480e-01, -2.5746e-01,  1.1024e-02,
         6.9149e-02, -3.3343e-02, -8.1405e-02, -1.8129e-01, -7.1738e-02,
         2.9199e-02, -6.9287e-02, -7.6144e-02, -1.9225e-02,  1.1124e-01,
         1.1322e-01, -1.7821e-01, -7.3633e-03,  9.5599e-04, -1.7481e-02,
        -8.5565e-02,  3.1290e-02, -2.5424e-02, -1.7883e-01, -2.9856e-01,
        -2.0880e-01, -1.0493e-01,  1.3115e-01, -4.6227e-02,  6.0324e-02,
         6.3377e-02,  6.4895e-02, -1.6320e-01,  2.7879e-01, -1.6877e-01,
        -1.7192e-02,  1.5962e-02, -1.4823e-01,  4.6858e-02, -1.1985e-01,
         2.1751e-01,  1.4242e-01,  6.7193e-02, -2.0881e-02,  2.6544e-01,
         9.9794e-02, -2.3402e-01,  9.2479e-03, -1.8869e-01,  1.6303e-01,
        -1.1654e-01, -6.9627e-02, -1.6114e-01, -1.4954e-01,  3.5034e-02,
         2.0611e-01, -9.5257e-02, -6.1848e-02,  1.2635e-01,  7.2646e-02,
        -8.3115e-02,  2.9701e-01,  1.1288e-01,  1.8345e-01, -2.5498e-02,
        -2.0017e-01, -3.3783e-03,  1.2931e-01, -2.0719e-02, -7.7554e-02,
         2.9323e-02, -2.2006e-01,  7.2202e-02,  1.3448e-01, -9.1922e-03,
        -3.8224e-02,  3.7425e-02, -1.4500e-01], device='cuda:0')), ('fcs.1.weight', tensor([[-4.7165e-02, -7.9829e-02,  3.5886e-02,  ..., -1.5379e-02,
          2.7031e-02, -2.8872e-02],
        [-3.9359e-05, -1.0094e-02, -2.7092e-02,  ...,  1.3255e-03,
          9.4161e-04, -2.8276e-02],
        [-7.9033e-03, -9.8935e-02, -5.0511e-02,  ..., -1.3680e-02,
         -2.9065e-02,  2.0817e-02],
        ...,
        [-2.9905e-02, -7.9919e-02, -1.5240e-02,  ...,  1.1782e-02,
         -2.7267e-02, -1.8627e-02],
        [-3.7719e-02,  5.5238e-02, -8.0195e-02,  ...,  1.2989e-02,
          3.4154e-02, -8.6335e-03],
        [-1.6349e-03, -9.4628e-03, -5.2723e-02,  ...,  2.6659e-03,
          7.0269e-03, -4.7011e-02]], device='cuda:0')), ('fcs.1.bias', tensor([-0.0293,  0.0048, -0.0433, -0.0369,  0.0504, -0.0531,  0.1052,  0.0401,
        -0.0806, -0.1015,  0.0112, -0.0023, -0.0834,  0.0185,  0.0029, -0.0339,
         0.1257, -0.0738, -0.0532,  0.0416, -0.0838, -0.0358, -0.0500,  0.0966,
        -0.0134,  0.0407, -0.0212,  0.0782, -0.0213, -0.0590,  0.1372, -0.0167,
        -0.0149, -0.0293, -0.0493, -0.0526, -0.1354, -0.0083, -0.0312, -0.0101,
         0.0322, -0.0740, -0.0460, -0.0011,  0.0007,  0.0927,  0.0646, -0.0607,
        -0.0432,  0.0090,  0.0870, -0.0033, -0.0580, -0.0295, -0.0430, -0.0780,
        -0.0432,  0.0331,  0.1287, -0.0213, -0.0143, -0.0703,  0.0554, -0.0692],
       device='cuda:0')), ('fcs.2.weight', tensor([[ 0.0210,  0.0026, -0.0039, -0.0380,  0.0180, -0.0501, -0.0439,  0.0112,
          0.0320,  0.0205, -0.0018,  0.0130, -0.0126,  0.0730,  0.0286, -0.0068,
          0.0559, -0.1131, -0.0014, -0.0046,  0.0171, -0.0057, -0.0358, -0.0090,
         -0.0007, -0.0127, -0.0296,  0.0237,  0.0097, -0.0782, -0.0007, -0.0221,
         -0.0176,  0.0359, -0.0302, -0.0205, -0.0557,  0.0075,  0.0975, -0.0009,
          0.0013, -0.0016, -0.0587, -0.0015, -0.0200,  0.0059, -0.0220,  0.0045,
          0.0244,  0.0420, -0.0334,  0.0220, -0.0382, -0.0185, -0.0221,  0.0354,
         -0.0313, -0.0383,  0.0014,  0.0265, -0.0178, -0.0643, -0.0206, -0.0514]],
       device='cuda:0'))])
end of epoch 1: val_loss 0.5417370118200779, val_acc 0.8
trigger times: 0
saving model weights...
Weights: OrderedDict([('fcs.0.weight', tensor([[-0.0468,  0.0918, -0.0787,  ...,  0.0051,  0.0713, -0.0410],
        [ 0.1456,  0.2336, -0.1014,  ...,  0.1656,  0.0581,  0.1103],
        [ 0.1157,  0.1066,  0.1357,  ...,  0.0004,  0.0995,  0.1595],
        ...,
        [-0.1442,  0.0567, -0.1135,  ...,  0.0928, -0.1785, -0.0271],
        [-0.0851,  0.0304, -0.0430,  ..., -0.0140, -0.1675,  0.0475],
        [-0.2237,  0.0295, -0.0603,  ...,  0.0874, -0.0702, -0.0031]],
       device='cuda:0')), ('fcs.0.bias', tensor([-0.1114,  0.0209, -0.0938, -0.2166, -0.2633,  0.1699, -0.1078, -0.0532,
         0.0295,  0.0900,  0.0760,  0.0955, -0.1875,  0.0404, -0.0057, -0.0473,
         0.0153,  0.0811,  0.0717,  0.0623, -0.0143,  0.1711,  0.1441,  0.1225,
         0.0721, -0.0752, -0.0197,  0.0761,  0.0966,  0.1866,  0.0521, -0.0651,
         0.1354, -0.0593,  0.0623, -0.1199,  0.0564, -0.0021,  0.1233,  0.1194,
         0.0065, -0.0991,  0.0553,  0.1837,  0.1349, -0.2353, -0.2241,  0.0460,
        -0.0954,  0.2023,  0.0154,  0.0716, -0.1370, -0.2310, -0.0035,  0.0680,
        -0.0474,  0.0118, -0.1817, -0.0762, -0.0104, -0.1207, -0.0311, -0.0035,
         0.0828,  0.0810, -0.1696,  0.0665, -0.0036, -0.0111, -0.0866,  0.0318,
         0.1564, -0.1690, -0.2922, -0.1442, -0.1052,  0.1321, -0.0392, -0.0007,
         0.0109,  0.0625, -0.1643,  0.2434, -0.1755, -0.0226,  0.0089, -0.1476,
         0.0322, -0.0553,  0.1785,  0.1277,  0.1109, -0.0216,  0.2665,  0.1106,
        -0.2514, -0.0088, -0.1235,  0.1703, -0.0766, -0.0713, -0.1612, -0.1121,
         0.0070,  0.2432, -0.0902, -0.0579,  0.0572,  0.0691, -0.0826,  0.3253,
         0.0814,  0.1240, -0.0254, -0.1483, -0.0022,  0.1239, -0.0087,  0.0041,
         0.0115, -0.2204,  0.0703,  0.1262, -0.0165, -0.0392,  0.0048, -0.1406],
       device='cuda:0')), ('fcs.1.weight', tensor([[ 0.0006, -0.1086,  0.0290,  ..., -0.0139,  0.0272, -0.0288],
        [-0.0016, -0.0753, -0.0852,  ...,  0.0054, -0.0482,  0.0120],
        [ 0.0007, -0.0482, -0.0457,  ..., -0.0005, -0.0239,  0.0171],
        ...,
        [-0.0121, -0.0317, -0.0157,  ..., -0.0002, -0.0257, -0.0184],
        [-0.0179,  0.0549, -0.0836,  ...,  0.0150,  0.0267, -0.0088],
        [ 0.0009,  0.0091, -0.0492,  ..., -0.0005,  0.0053, -0.0045]],
       device='cuda:0')), ('fcs.1.bias', tensor([-0.0849, -0.0798, -0.0411, -0.0358,  0.0427, -0.0537,  0.0989,  0.0844,
        -0.0586, -0.0656,  0.0097, -0.0041, -0.0837,  0.1009,  0.0022, -0.0251,
         0.1257, -0.0744, -0.0536,  0.0415, -0.0849, -0.1664, -0.0461,  0.0931,
        -0.0006,  0.0395, -0.0233, -0.0228,  0.0312, -0.0614,  0.1283, -0.0173,
        -0.0595, -0.0293, -0.1243, -0.0528, -0.1348, -0.0215, -0.0323, -0.0816,
         0.0322, -0.0761, -0.0467, -0.1127, -0.1902,  0.0923,  0.0548, -0.0519,
        -0.0470, -0.0618,  0.0383, -0.0741, -0.0553, -0.0266, -0.0430, -0.0758,
        -0.0394, -0.0233,  0.1139, -0.0222, -0.0359, -0.0701,  0.0531, -0.0532],
       device='cuda:0')), ('fcs.2.weight', tensor([[-1.3071e-03,  4.4402e-02,  8.7734e-03, -1.3547e-02, -6.6366e-03,
         -7.6742e-03, -5.7280e-02, -6.0907e-02,  3.3012e-02,  1.3428e-02,
          4.4667e-03,  2.3050e-02,  2.9186e-02, -5.5122e-02,  3.3902e-02,
          5.7367e-03,  2.4886e-02, -1.1390e-01, -1.0024e-03, -1.1043e-02,
          1.7024e-02, -3.2963e-02,  8.1915e-03, -2.9047e-02, -2.6437e-02,
         -1.2509e-02, -3.5100e-02, -1.4938e-02,  1.5582e-02, -7.6648e-02,
         -1.1996e-02, -1.0583e-02,  1.3797e-02,  4.2022e-02,  2.4997e-02,
         -2.6964e-03, -5.5551e-02, -3.6963e-02,  1.0225e-01, -6.1603e-02,
         -6.5645e-03, -7.7061e-05, -5.8184e-02,  8.3633e-03, -2.0765e-02,
          1.4832e-02, -2.7830e-02,  1.5408e-02,  2.7812e-02,  4.7169e-02,
          6.0995e-03, -6.9524e-02, -8.6296e-03, -9.8937e-03, -2.0443e-02,
          3.5775e-02, -1.4675e-02,  6.3650e-03,  1.7319e-03,  2.6491e-02,
         -4.2670e-02, -5.6226e-02, -2.7212e-02, -8.7347e-03]], device='cuda:0'))])
end of epoch 2: val_loss 1.8170211471631774, val_acc 0.6
trigger times: 1
end of epoch 3: val_loss 2.0036728803999706, val_acc 0.6
trigger times: 2
end of epoch 4: val_loss 0.8097773782908917, val_acc 0.6
trigger times: 3
end of epoch 5: val_loss 0.9952947448240593, val_acc 0.8
trigger times: 4
end of epoch 6: val_loss 1.0978351781415767, val_acc 0.6
trigger times: 5
end of epoch 7: val_loss 1.0142921538208611, val_acc 0.6
trigger times: 6
end of epoch 8: val_loss 1.1679763734100335, val_acc 0.6
trigger times: 7
end of epoch 9: val_loss 0.6607523025944829, val_acc 0.6
trigger times: 8
end of epoch 10: val_loss 1.086676166485995, val_acc 0.4
trigger times: 9
end of epoch 11: val_loss 2.164622724056244, val_acc 0.6
trigger times: 10
Early stopping.
0 -110.00933110713959 -238.56539389647227
1 -92.36507171392441 -226.82452825484978
2 -104.4780185520649 -226.2241731451399
3 -114.54883873462677 -208.89755486387574
4 -100.41894146800041 -196.9840755292238
5 -78.47674596309662 -194.4017457710484
6 -111.75165429711342 -193.75394353311003
7 -108.61900860071182 -173.38768743356906
8 -93.46546649932861 -172.73844575529262
9 -114.52251583337784 -172.5849598191294
10 -98.31249904632568 -148.80630048130243
11 -77.57788759469986 -146.54022994848935
12 -96.56444737315178 -144.9163601843784
13 -44.85390707850456 -144.5098799638122
14 -92.0485634803772 -129.52710350510273
15 -61.65357047319412 -119.6789138826375
16 -78.58485886454582 -119.53338183357056
17 -47.2550063431263 -115.00841352193844
18 -85.69443348050117 -113.49466461352053
19 -36.15593743510544 -107.45837168117659
20 -41.219727016985416 -105.49937100040788
21 -43.086714781820774 -101.9104943327425
22 -91.62123630940914 -101.66294130080523
23 -84.71284361183643 -98.89606860541423
24 -43.571366265416145 -95.1909937931514
25 -65.82704944908619 -93.31854913617367
26 -49.18690446764231 -85.41926577166943
27 -53.934146121144295 -83.18012153468804
28 -94.11585572361946 -79.47665068598401
29 -86.89646926522255 -77.34308621853297
30 -37.94134107232094 -60.56041622227008
31 -22.199344146996737 -58.68833689293549
32 -50.69463449763134 -22.79021187897909
33 -9.375276288425084 -19.65788926803626
34 -16.72385019820649 -16.74518768263467
35 -26.504192776978016 -13.719402302108403
36 -61.47892631217837 4.235189873860978
37 -68.57724671810865 5.0952806210809465
38 -42.025012128055096 10.178796790507759
39 -35.46035679616034 13.541055788508864
40 -27.96641438547522 14.989710929193077
41 -59.22534562647343 21.802029683432238
42 -79.35591941699386 31.12027905920427
43 -55.61415535956621 40.64550156746333
44 -7.686797238886356 40.69898986216935
45 -65.74642423260957 50.09032867204584
46 -59.238270938396454 57.290535515424786
47 -72.24939447641373 60.51441689036072
48 -85.45652710646391 62.587858111632386
49 -45.3733282010071 63.47489586756552
50 -47.65214917808771 65.395531990224
51 -42.36269297171384 68.71330703108626
52 -39.41462215501815 69.48459209048262
53 -43.29455258138478 72.16624272108386
54 -47.14432386122644 74.2233202149037
55 -63.09398700296879 79.16074531670823
56 -61.30349556263536 80.25553156558418
57 -50.99919680180028 87.50520028403979
58 -39.78858172753826 90.28646231697512
59 -54.98847686126828 90.72533900600311
60 -66.09544910490513 91.52552635781885
61 -44.59131758031435 91.95773979158345
62 -85.96513510495424 92.99221310223136
63 -88.33638226985931 94.14052712880752
64 -75.79273422062397 94.28590507273401
65 -41.89997934550047 95.24073532592021
66 -74.27496742457151 96.09581961281374
67 -48.08128100633621 96.50341248035636
68 -29.144468497484922 97.45820290396632
69 -30.768210500478745 97.90553231413178
70 -61.97315752878785 98.27346635731779
71 -45.61677160859108 98.35872828331676
72 -44.838984690606594 98.9255090371917
73 -52.14850375056267 99.09003071828721
74 -71.78771581500769 99.89253842063019
75 -47.276465468108654 100.07765055593329
76 -37.68408261204604 101.35869827851857
77 -71.21996891498566 103.56921378052652
78 -40.36970655992627 103.74194540937737
79 -49.964935187250376 104.00039883786899
80 -40.89515380933881 104.36031383612816
81 -51.70478068292141 104.79584301893571
82 -60.49526644684374 105.40349710769756
83 -46.23848253488541 105.60678192821229
84 -22.177305152639747 106.26867976298877
85 -84.69164064526558 106.37916921043517
86 -20.717269240878522 106.67969423997131
87 -32.001134254038334 106.81132709017433
88 -31.786769039928913 107.05410485829283
89 -41.96433071512729 107.44441498172971
90 -60.668194591999054 107.68792314282867
91 -20.723233313299716 107.72369032284489
92 -79.18247112259269 108.58631070626225
93 -25.80218225903809 108.79454915391223
94 -25.76598764397204 109.15712102315346
95 -29.081818483769894 109.71287331230647
96 -18.398232877254486 110.48639228144049
97 -27.914911277592182 111.4630258761226
98 -58.11281268671155 112.59201367677376
99 -68.2981926407665 113.4530990931055
100 -68.2272080257535 114.85996346749971
101 -54.21056880056858 115.04838323377467
102 -65.05620613694191 115.5646624637931
103 -80.66990282200277 115.77027450439896
104 -66.17563666030765 116.29805012422126
105 -8.823814192786813 116.38499266629886
106 -50.87426224723458 116.4198907102986
107 -58.85033328831196 117.08008835928221
108 -69.30516573227942 117.29357601720739
109 -61.29152715951204 118.29160885622866
110 -40.591236010193825 119.01062500757773
111 -16.316372647881508 120.85290512447664
112 -27.219835720956326 120.8902150231427
113 -30.34745919983834 121.40892075278066
114 -67.16781056299806 122.30522808413322
115 -24.27034294605255 129.13346806288703
116 -10.712829142343253 129.67718524437547
117 -33.017304758541286 129.79664443488912
118 -28.241040969267488 130.61780866873775
119 -0.3991293450817466 131.40806576766226
train accuracy: 0.6
validation accuracy: 0.6
test accuracy: 0.5689075630252101
