demo lengths 200
demos: (120, 200, 25)
demo_rewards: (120,)
[-238.5653939  -226.82452825 -226.22417315 -208.89755486 -196.98407553
 -194.40174577 -193.75394353 -173.38768743 -172.73844576 -172.58495982
 -148.80630048 -146.54022995 -144.91636018 -144.50987996 -129.52710351
 -119.67891388 -119.53338183 -115.00841352 -113.49466461 -107.45837168
 -105.499371   -101.91049433 -101.6629413   -98.89606861  -95.19099379
  -93.31854914  -85.41926577  -83.18012153  -79.47665069  -77.34308622
  -60.56041622  -58.68833689  -22.79021188  -19.65788927  -16.74518768
  -13.7194023     4.23518987    5.09528062   10.17879679   13.54105579
   14.98971093   21.80202968   31.12027906   40.64550157   40.69898986
   50.09032867   57.29053552   60.51441689   62.58785811   63.47489587
   65.39553199   68.71330703   69.48459209   72.16624272   74.22332021
   79.16074532   80.25553157   87.50520028   90.28646232   90.72533901
   91.52552636   91.95773979   92.9922131    94.14052713   94.28590507
   95.24073533   96.09581961   96.50341248   97.4582029    97.90553231
   98.27346636   98.35872828   98.92550904   99.09003072   99.89253842
  100.07765056  101.35869828  103.56921378  103.74194541  104.00039884
  104.36031384  104.79584302  105.40349711  105.60678193  106.26867976
  106.37916921  106.67969424  106.81132709  107.05410486  107.44441498
  107.68792314  107.72369032  108.58631071  108.79454915  109.15712102
  109.71287331  110.48639228  111.46302588  112.59201368  113.45309909
  114.85996347  115.04838323  115.56466246  115.7702745   116.29805012
  116.38499267  116.41989071  117.08008836  117.29357602  118.29160886
  119.01062501  120.85290512  120.89021502  121.40892075  122.30522808
  129.13346806  129.67718524  129.79664443  130.61780867  131.40806577]
maximum traj length 200
maximum traj length 200
num training_obs 45
num training_labels 45
num val_obs 5
num val_labels 5
num test_obs 7140
num test_labels 7140
ModuleList(
  (0): Linear(in_features=25, out_features=128, bias=True)
  (1): Linear(in_features=128, out_features=64, bias=True)
  (2): Linear(in_features=64, out_features=1, bias=False)
)
Total number of parameters: 11648
Number of trainable paramters: 11648
device: cuda:0
end of epoch 0: val_loss 0.8199113823910011, val_acc 0.6
trigger times: 0
saving model weights...
Weights: OrderedDict([('fcs.0.weight', tensor([[ 0.0742, -0.0669, -0.0485,  ..., -0.0915, -0.0936, -0.0268],
        [ 0.0102,  0.0928,  0.0956,  ...,  0.0985, -0.0164, -0.1365],
        [-0.2794, -0.0563,  0.0125,  ...,  0.1123, -0.0684,  0.0624],
        ...,
        [-0.1405, -0.0905, -0.0741,  ..., -0.1506,  0.0535, -0.0956],
        [ 0.0960,  0.1598, -0.0807,  ..., -0.0170,  0.0007, -0.1540],
        [ 0.0211, -0.0723,  0.0991,  ...,  0.2466,  0.0962, -0.0206]],
       device='cuda:0')), ('fcs.0.bias', tensor([-0.0733,  0.1836,  0.0693, -0.0259, -0.1958, -0.0275,  0.0431,  0.2403,
        -0.1689,  0.1054, -0.1973, -0.0171, -0.0704, -0.1283,  0.0490, -0.0723,
        -0.2291, -0.0622,  0.2124, -0.0900, -0.0495,  0.2354, -0.2417, -0.0515,
         0.2285,  0.0222, -0.0128, -0.2044,  0.0084, -0.1287,  0.0408,  0.2904,
         0.0368, -0.1318,  0.1585, -0.0669, -0.0288,  0.2415, -0.0260, -0.0935,
         0.0448,  0.0400, -0.0727,  0.1866, -0.0657,  0.1759, -0.1812,  0.0003,
        -0.1630, -0.0368, -0.0258,  0.0410, -0.0576, -0.0704, -0.1287,  0.2223,
        -0.0758,  0.0609,  0.0157,  0.0324, -0.0156, -0.1033, -0.0442,  0.0532,
         0.2258, -0.0389, -0.0906, -0.1541,  0.0230, -0.1344, -0.1404, -0.1691,
        -0.0067, -0.1282,  0.0918,  0.1995,  0.0639, -0.2130, -0.0222,  0.1967,
         0.0214, -0.0256,  0.1205, -0.0623,  0.0708,  0.2287,  0.0134, -0.0902,
         0.1328,  0.1020, -0.1127,  0.0515, -0.1865, -0.0200, -0.1938, -0.0912,
        -0.0526, -0.0552, -0.1532,  0.0147, -0.1604,  0.2164, -0.0711,  0.2072,
        -0.0310, -0.1101, -0.0022,  0.0169, -0.0244,  0.0328, -0.2425, -0.0823,
         0.0493, -0.1160, -0.0368,  0.1027, -0.1873,  0.2390, -0.2241, -0.0211,
         0.0197,  0.0103, -0.1826, -0.1140, -0.0714, -0.0063, -0.0935,  0.0707],
       device='cuda:0')), ('fcs.1.weight', tensor([[ 0.0027,  0.0205, -0.1176,  ...,  0.0228, -0.0146, -0.0547],
        [ 0.0440, -0.0573, -0.0604,  ...,  0.0519,  0.0686,  0.0290],
        [-0.0871,  0.0512,  0.0686,  ...,  0.0629, -0.0005,  0.0904],
        ...,
        [-0.0549, -0.0130, -0.0399,  ...,  0.0102,  0.0085,  0.0655],
        [ 0.0017,  0.0135, -0.0455,  ...,  0.0083, -0.0157, -0.0071],
        [ 0.0121, -0.0589, -0.0173,  ..., -0.1385,  0.0132, -0.0260]],
       device='cuda:0')), ('fcs.1.bias', tensor([-0.1213,  0.0099,  0.0081,  0.0755,  0.1345, -0.0871, -0.0307, -0.0455,
        -0.0240, -0.0078, -0.0839,  0.0493,  0.1219, -0.1057,  0.1139, -0.0644,
         0.0621, -0.0325,  0.0662, -0.1460, -0.0199, -0.0633,  0.0308, -0.0341,
        -0.1124, -0.0081,  0.0997,  0.1345, -0.1133, -0.0002,  0.0486, -0.1103,
         0.0109, -0.0446, -0.0307, -0.0452,  0.0917, -0.0458,  0.0533,  0.1037,
         0.0597,  0.0974, -0.1355, -0.0380,  0.1013, -0.0474,  0.0416,  0.1575,
         0.1038, -0.0445,  0.0926,  0.0026,  0.0030, -0.1291,  0.0545,  0.0224,
         0.0225, -0.0955,  0.0181, -0.0388, -0.0158,  0.0533,  0.0785, -0.1031],
       device='cuda:0')), ('fcs.2.weight', tensor([[ 0.0162,  0.0642,  0.0077, -0.0125, -0.0543, -0.0500, -0.0549, -0.0345,
          0.0954,  0.0646, -0.0114, -0.0303,  0.0673, -0.0407, -0.0452,  0.0022,
         -0.0631,  0.0090,  0.0439, -0.0448,  0.0196, -0.0299,  0.0003, -0.0410,
         -0.0363, -0.0076,  0.0500, -0.0239, -0.0018, -0.0023, -0.0172,  0.0335,
          0.0205,  0.0109,  0.0942, -0.0770,  0.0177, -0.0528,  0.0447, -0.0279,
          0.0350, -0.0262,  0.0251,  0.1002, -0.0127, -0.0395, -0.0241, -0.0203,
         -0.0228,  0.0071, -0.0424, -0.0262, -0.0033, -0.0890,  0.0578, -0.0036,
          0.0413, -0.0113,  0.0228, -0.0201,  0.0324, -0.0176, -0.0459, -0.0632]],
       device='cuda:0'))])
end of epoch 1: val_loss 0.14928438104388989, val_acc 1.0
trigger times: 0
saving model weights...
Weights: OrderedDict([('fcs.0.weight', tensor([[ 7.1671e-02, -6.4833e-02, -4.8869e-02,  ..., -7.8071e-02,
         -9.4657e-02, -2.9931e-02],
        [ 4.5489e-02,  8.6803e-02,  1.1179e-01,  ...,  9.3989e-02,
          5.6064e-04, -1.3579e-01],
        [-2.7206e-01, -5.7647e-02,  1.1285e-02,  ...,  1.0528e-01,
         -6.7048e-02,  7.4121e-02],
        ...,
        [-1.3813e-01, -1.0047e-01, -6.3498e-02,  ..., -1.6576e-01,
          4.7092e-02, -6.1679e-02],
        [ 9.3458e-02,  1.5774e-01, -7.9516e-02,  ..., -1.5635e-02,
         -2.7194e-04, -1.2713e-01],
        [ 1.9896e-02, -7.0203e-02,  9.5176e-02,  ...,  2.3952e-01,
          9.3135e-02, -1.3041e-02]], device='cuda:0')), ('fcs.0.bias', tensor([-7.4508e-02,  1.9885e-01,  6.8440e-02, -1.0264e-02, -1.6195e-01,
        -2.8273e-02,  3.9927e-02,  1.9352e-01, -7.0852e-02,  1.0319e-01,
        -1.8577e-01, -1.6762e-02, -4.9801e-02, -1.2816e-01,  5.7579e-02,
        -7.2858e-02, -1.9946e-01, -1.3420e-02,  2.2482e-01, -9.1936e-02,
        -5.1707e-02,  2.7643e-01, -2.3355e-01, -4.4935e-02,  2.5857e-01,
         2.1367e-02, -3.4368e-02, -2.0562e-01,  1.4766e-02, -1.5630e-01,
         7.9770e-02,  2.7970e-01,  3.4476e-02, -1.2040e-01,  1.6534e-01,
        -5.6807e-02, -3.3942e-03,  2.3825e-01, -2.3853e-02, -9.3120e-02,
         1.9634e-02,  3.8624e-02, -7.2437e-02,  1.8970e-01, -4.4184e-02,
         1.7526e-01, -1.8388e-01, -4.6048e-03, -1.6593e-01, -4.1525e-02,
        -1.4752e-04,  5.0409e-02, -1.0094e-01, -1.5198e-02, -1.5321e-01,
         2.0494e-01, -8.0948e-02,  7.0304e-02, -1.8090e-02,  2.8513e-02,
        -1.5990e-02, -1.0286e-01, -3.1811e-02, -1.4658e-02,  2.1612e-01,
        -3.7063e-03, -9.5773e-02, -1.5214e-01,  1.3366e-03, -1.0484e-01,
        -1.4890e-01, -1.4735e-01, -4.3913e-03, -1.3786e-01,  1.0585e-01,
         2.2872e-01,  6.1114e-02, -2.0972e-01, -2.5752e-02,  1.7689e-01,
         1.8714e-02, -3.1564e-02,  1.2147e-01, -6.1251e-02,  6.6140e-02,
         1.9976e-01,  1.2434e-02, -8.6693e-02,  1.4930e-01,  9.5285e-02,
        -1.0751e-01, -4.7317e-02, -1.8747e-01, -2.2237e-02, -1.9117e-01,
        -8.1874e-02, -5.2776e-02, -6.3355e-02, -1.3587e-01, -6.0442e-02,
        -1.5599e-01,  2.0426e-01, -7.8431e-02,  2.4890e-01,  2.8160e-04,
        -1.1576e-01,  6.7157e-02,  2.4227e-02, -2.5097e-02,  1.6579e-02,
        -2.3854e-01, -9.0262e-02,  4.5336e-02, -1.1983e-01, -3.9023e-02,
         5.1092e-02, -1.9280e-01,  2.2091e-01, -2.1643e-01, -2.8254e-02,
         2.4346e-02,  6.0785e-02, -1.7915e-01, -8.7288e-02, -7.1123e-02,
        -1.4800e-02, -9.3180e-02,  6.8407e-02], device='cuda:0')), ('fcs.1.weight', tensor([[-0.0002,  0.0036, -0.0872,  ..., -0.0055,  0.0011, -0.0450],
        [ 0.0942, -0.1865, -0.0219,  ..., -0.0107,  0.1084,  0.0643],
        [-0.0283,  0.0846,  0.0760,  ...,  0.0331, -0.0019,  0.0741],
        ...,
        [-0.0362,  0.0105, -0.0372,  ..., -0.0126,  0.0006,  0.0415],
        [-0.0009,  0.0302, -0.0472,  ..., -0.0060, -0.0251, -0.0060],
        [ 0.0062, -0.0584, -0.0178,  ..., -0.1255,  0.0125, -0.0266]],
       device='cuda:0')), ('fcs.1.bias', tensor([-0.0900, -0.1276,  0.0275,  0.0731,  0.1478, -0.0913, -0.0283, -0.0244,
        -0.0232, -0.1252, -0.0860,  0.0636,  0.1230, -0.0968,  0.0750, -0.0646,
         0.1424, -0.0434,  0.0677, -0.1492, -0.0770, -0.0622,  0.0319, -0.0343,
        -0.0964,  0.0190, -0.0173,  0.1348, -0.1132,  0.0004,  0.0269, -0.1106,
         0.0115, -0.0374, -0.0336, -0.0461,  0.0921, -0.0429, -0.0600,  0.1199,
         0.0590,  0.0871, -0.1353, -0.0403,  0.1022, -0.0421,  0.0580,  0.1787,
         0.1181, -0.0467,  0.1051,  0.0192,  0.0128, -0.1261,  0.0528,  0.0130,
         0.0213, -0.1035,  0.0150, -0.0206, -0.0151,  0.0498,  0.1146, -0.1036],
       device='cuda:0')), ('fcs.2.weight', tensor([[-0.0014,  0.0618,  0.0110, -0.0079, -0.0256, -0.0537, -0.0430,  0.0009,
          0.0424,  0.0271, -0.0077, -0.0113,  0.0426, -0.0339, -0.0130, -0.0031,
         -0.0412,  0.0302,  0.0220, -0.0443, -0.0194, -0.0319, -0.0252, -0.0493,
         -0.0011,  0.0061, -0.0089, -0.0047,  0.0011, -0.0136, -0.0055,  0.0305,
         -0.0024, -0.0227,  0.0860, -0.0606, -0.0270, -0.0268,  0.0133,  0.0014,
          0.0370, -0.0096,  0.0235,  0.0963, -0.0161, -0.0413, -0.0104, -0.0119,
         -0.0021,  0.0023, -0.0191,  0.0161,  0.0198, -0.0679,  0.0291,  0.0042,
          0.0150, -0.0013,  0.0143,  0.0012,  0.0147,  0.0021, -0.0031, -0.0635]],
       device='cuda:0'))])
end of epoch 2: val_loss 0.19035490549867973, val_acc 1.0
trigger times: 1
end of epoch 3: val_loss 0.08534432816104527, val_acc 1.0
trigger times: 0
saving model weights...
Weights: OrderedDict([('fcs.0.weight', tensor([[ 0.0698, -0.0477, -0.0431,  ..., -0.0381, -0.0924, -0.0271],
        [ 0.0309,  0.0923,  0.1223,  ...,  0.1025, -0.0126, -0.1368],
        [-0.2562, -0.0546,  0.0067,  ...,  0.0967, -0.0650,  0.0635],
        ...,
        [-0.1319, -0.1084, -0.0660,  ..., -0.1727,  0.0474, -0.1301],
        [ 0.0891,  0.1487, -0.0744,  ..., -0.0148, -0.0004, -0.0738],
        [ 0.0185, -0.0640,  0.0857,  ...,  0.2210,  0.0875, -0.0017]],
       device='cuda:0')), ('fcs.0.bias', tensor([-7.2787e-02,  1.9044e-01,  6.5172e-02, -7.2382e-03, -9.1503e-02,
        -3.2789e-02,  3.4707e-02,  1.9011e-01, -4.3370e-03,  1.0006e-01,
        -1.5207e-01, -1.4926e-02, -4.8772e-02, -1.2223e-01,  5.6885e-02,
        -5.8514e-02, -1.3152e-01, -1.4652e-02,  2.1661e-01, -9.1013e-02,
        -5.2785e-02,  2.6674e-01, -1.9975e-01, -5.1689e-02,  2.5277e-01,
         2.1604e-02, -2.4643e-02, -2.0353e-01,  1.4870e-02, -1.5501e-01,
         7.8610e-02,  2.7187e-01,  3.2265e-02, -8.2186e-02,  1.5607e-01,
        -3.4169e-02, -1.2730e-03,  2.2837e-01, -1.8599e-02, -8.3020e-02,
         1.8666e-02,  3.6819e-02, -6.9916e-02,  1.8697e-01, -4.4014e-02,
         1.4926e-01, -1.8311e-01, -2.1378e-03, -1.6511e-01, -4.4575e-02,
         3.9546e-05,  4.7224e-02, -1.0017e-01,  8.9002e-05, -1.5629e-01,
         1.9829e-01, -7.6111e-02,  6.6210e-02, -1.6447e-02,  2.6707e-02,
        -1.5402e-02, -9.8627e-02, -8.9226e-03, -1.9303e-02,  2.1135e-01,
         4.8562e-04, -9.3574e-02, -1.4181e-01, -3.8913e-05, -1.0143e-01,
        -1.4650e-01, -8.6792e-02, -3.6259e-03, -1.3638e-01,  9.7736e-02,
         2.2351e-01,  5.7354e-02, -1.9735e-01, -2.4916e-02,  1.7159e-01,
         1.8768e-02, -3.1482e-02,  1.1744e-01, -6.0615e-02,  5.8038e-02,
         1.9177e-01,  1.1884e-02, -7.5466e-02,  1.4401e-01,  8.6738e-02,
        -1.0701e-01, -5.0068e-02, -1.8516e-01, -2.2056e-02, -1.7911e-01,
        -8.1541e-02, -5.0684e-02, -6.2226e-02, -9.3928e-02, -5.8705e-02,
        -1.4063e-01,  1.9650e-01, -7.6465e-02,  2.2609e-01, -1.5877e-05,
        -1.1515e-01,  4.8475e-02,  2.3462e-02, -2.3621e-02,  1.5656e-02,
        -2.2446e-01, -8.9822e-02,  4.2191e-02, -9.5914e-02, -3.8584e-02,
         4.7718e-02, -1.8678e-01,  2.1660e-01, -1.9569e-01, -3.2541e-02,
         5.5328e-03,  5.1459e-02, -1.6426e-01, -8.5191e-02, -6.7792e-02,
        -1.4680e-02, -8.9646e-02,  6.4927e-02], device='cuda:0')), ('fcs.1.weight', tensor([[ 4.4106e-05,  5.6532e-04, -3.5458e-02,  ..., -6.0317e-04,
          9.6066e-06, -2.4386e-02],
        [ 3.3467e-02, -1.8673e-01, -1.2409e-02,  ..., -1.2091e-02,
          1.4573e-02,  1.6363e-02],
        [-3.8884e-03,  4.6768e-02,  5.5445e-02,  ...,  5.0382e-03,
         -1.4251e-03,  1.6958e-02],
        ...,
        [-3.4619e-04, -8.4156e-03, -3.3776e-02,  ..., -2.6026e-02,
          1.7200e-03, -1.6910e-03],
        [-1.1740e-03,  3.3692e-02, -4.2486e-02,  ..., -2.1589e-02,
         -7.7548e-03, -2.9427e-03],
        [ 5.3530e-04, -5.6338e-02, -1.7551e-02,  ..., -7.5346e-02,
          1.2304e-02, -2.6285e-02]], device='cuda:0')), ('fcs.1.bias', tensor([-3.6379e-02, -1.2851e-01,  2.6266e-02,  1.0974e-01,  1.4577e-01,
        -8.8300e-02, -2.0722e-02, -2.6728e-03, -2.2783e-02, -1.1653e-01,
        -8.5214e-02,  5.6134e-02,  1.2146e-01, -7.3065e-02, -6.6927e-02,
        -6.3378e-02,  1.2878e-01, -3.4691e-02,  6.7065e-02, -1.3627e-01,
        -4.0261e-02, -5.2341e-02,  3.0341e-02, -2.9854e-02, -6.0230e-02,
         3.9778e-02, -1.9203e-02,  1.3369e-01, -1.1091e-01, -1.7399e-05,
        -3.4629e-02, -1.0953e-01,  1.1099e-02, -1.8677e-02, -3.3890e-02,
        -4.3877e-02,  8.8539e-02, -3.3997e-02, -5.5709e-02,  1.1848e-01,
         5.9915e-02,  7.1021e-02, -1.3286e-01, -4.0180e-02,  1.0026e-01,
        -2.6491e-02,  5.7226e-02,  1.6093e-01,  1.1099e-01, -4.6364e-02,
         9.9827e-02,  1.9080e-02,  7.8661e-03, -1.1576e-01,  4.4006e-02,
         1.8883e-03,  2.0795e-02, -1.0101e-01,  1.2888e-02, -2.0737e-03,
        -1.1767e-02,  3.7100e-02,  9.1009e-02, -1.0310e-01], device='cuda:0')), ('fcs.2.weight', tensor([[-0.0008,  0.0617,  0.0164,  0.0163, -0.0161, -0.0527, -0.0338, -0.0016,
          0.0251,  0.0263, -0.0096, -0.0094,  0.0282, -0.0275, -0.0025, -0.0039,
         -0.0291,  0.0598,  0.0186, -0.0434, -0.0084, -0.0321,  0.0013, -0.0475,
         -0.0067, -0.0039, -0.0098, -0.0085, -0.0007,  0.0094,  0.0150,  0.0302,
          0.0114, -0.0131,  0.0794, -0.0572, -0.0011,  0.0027,  0.0124,  0.0054,
          0.0362, -0.0069,  0.0228,  0.0966,  0.0030, -0.0399,  0.0014, -0.0022,
         -0.0076,  0.0035,  0.0010, -0.0104, -0.0084, -0.0512,  0.0229, -0.0055,
          0.0061,  0.0056,  0.0128, -0.0004, -0.0025, -0.0036, -0.0287, -0.0611]],
       device='cuda:0'))])
end of epoch 4: val_loss 0.056667801085654904, val_acc 1.0
trigger times: 0
saving model weights...
Weights: OrderedDict([('fcs.0.weight', tensor([[ 0.0686, -0.0388, -0.0394,  ..., -0.0237, -0.0910, -0.0255],
        [ 0.0302,  0.0909,  0.1193,  ...,  0.1005, -0.0099, -0.1379],
        [-0.2472, -0.0530,  0.0035,  ...,  0.0910, -0.0639,  0.0595],
        ...,
        [-0.1310, -0.1095, -0.0685,  ..., -0.1715,  0.0474, -0.1318],
        [ 0.0865,  0.1431, -0.0716,  ..., -0.0143, -0.0003, -0.0514],
        [ 0.0177, -0.0607,  0.0803,  ...,  0.2098,  0.0841, -0.0006]],
       device='cuda:0')), ('fcs.0.bias', tensor([-7.1712e-02,  1.9142e-01,  6.2942e-02,  1.3868e-04, -6.3473e-02,
        -3.2732e-02,  3.0818e-02,  1.8647e-01,  1.0849e-04,  1.0005e-01,
        -1.3398e-01, -1.3856e-02, -4.8527e-02, -1.1865e-01,  5.7897e-02,
        -5.1156e-02, -1.0108e-01, -1.1421e-03,  2.1175e-01, -9.0413e-02,
        -5.6850e-02,  2.6256e-01, -1.8064e-01, -4.9673e-02,  2.5483e-01,
         2.0931e-02, -1.9866e-02, -2.0222e-01,  1.6935e-02, -1.5278e-01,
         8.2535e-02,  2.6534e-01,  3.0997e-02, -6.7106e-02,  1.4694e-01,
        -1.6639e-02, -8.1208e-04,  2.2453e-01, -1.5675e-02, -6.8101e-02,
         1.8129e-02,  3.6320e-02, -6.8376e-02,  1.8486e-01, -4.5078e-02,
         1.4139e-01, -1.8243e-01, -1.1339e-03, -1.6428e-01, -4.3071e-02,
         5.8957e-05,  4.2189e-02, -9.8838e-02,  5.8183e-06, -1.5527e-01,
         1.9675e-01, -7.3265e-02,  7.1161e-02, -2.0436e-02,  2.6328e-02,
        -1.4984e-02, -9.6081e-02, -3.7795e-03, -4.1959e-02,  2.0840e-01,
         1.5452e-04, -7.9440e-02, -1.3564e-01, -5.6103e-06, -1.0420e-01,
        -1.4646e-01, -6.1942e-02, -2.8764e-03, -1.3065e-01,  9.9388e-02,
         2.2697e-01,  5.5134e-02, -1.9002e-01, -2.4313e-02,  1.6137e-01,
         1.8624e-02, -3.0505e-02,  1.1993e-01, -5.9933e-02,  5.3649e-02,
         1.8850e-01,  1.1547e-02, -6.9210e-02,  1.4943e-01,  8.1818e-02,
        -1.0630e-01, -4.9279e-02, -1.8372e-01, -2.1927e-02, -1.7195e-01,
        -7.8234e-02, -4.9414e-02, -6.1580e-02, -7.4360e-02, -5.6529e-02,
        -1.3175e-01,  1.9069e-01, -7.3293e-02,  1.9819e-01,  3.7121e-05,
        -1.1375e-01, -3.5601e-02,  2.2796e-02, -2.2618e-02,  1.4866e-02,
        -2.1604e-01, -8.9483e-02,  4.3404e-02, -8.1525e-02, -3.8307e-02,
         4.2693e-02, -1.8071e-01,  2.1472e-01, -1.8364e-01, -3.1862e-02,
         8.7439e-03,  5.2927e-02, -1.5556e-01, -7.6572e-02, -6.5830e-02,
        -1.5952e-02, -8.7465e-02,  6.2846e-02], device='cuda:0')), ('fcs.1.weight', tensor([[-6.3216e-06, -1.5043e-03, -1.9837e-02,  ..., -5.3445e-04,
          5.9989e-08, -1.6506e-02],
        [ 1.6859e-02, -1.8563e-01, -8.9648e-03,  ..., -1.2029e-02,
          3.5125e-03,  6.5652e-03],
        [-3.7651e-03,  5.0833e-02,  5.1609e-02,  ...,  1.0768e-03,
         -1.4568e-03,  5.5097e-03],
        ...,
        [-6.7504e-04, -4.7617e-03, -3.3551e-02,  ..., -1.5495e-02,
          2.4953e-03, -6.1556e-04],
        [-1.5633e-03,  4.0039e-02, -4.0611e-02,  ..., -2.2406e-02,
         -7.8621e-03, -3.8350e-03],
        [-6.4244e-05, -5.5077e-02, -1.7373e-02,  ..., -5.2653e-02,
          1.2176e-02, -2.6102e-02]], device='cuda:0')), ('fcs.1.bias', tensor([-0.0203, -0.1279,  0.0254,  0.1030,  0.1458, -0.0865, -0.0170, -0.0006,
        -0.0225, -0.1104, -0.0847,  0.0518,  0.1205, -0.0612, -0.0469, -0.0626,
         0.1323, -0.0253,  0.0667, -0.1287, -0.0229, -0.0469,  0.0294, -0.0274,
        -0.0447,  0.0512, -0.0186,  0.1328, -0.1095,  0.0017, -0.0332, -0.1089,
         0.0109, -0.0120, -0.0335, -0.0425,  0.0864, -0.0294, -0.0522,  0.1175,
        -0.0184,  0.0709, -0.1313, -0.0401,  0.0990, -0.0197,  0.0566,  0.1508,
         0.1066, -0.0461,  0.0975,  0.0189,  0.0023, -0.1097,  0.0392,  0.0005,
         0.0205, -0.0996,  0.0118, -0.0009, -0.0100,  0.0308,  0.0831, -0.1028],
       device='cuda:0')), ('fcs.2.weight', tensor([[-3.2857e-04,  6.1734e-02,  1.0315e-02, -2.7743e-02, -2.8985e-02,
         -5.1831e-02, -3.0951e-02,  3.6801e-04,  2.8853e-02,  2.6286e-02,
         -1.1088e-02, -5.1758e-03,  3.5043e-02, -2.5181e-02, -3.1814e-03,
         -3.3784e-03, -3.8015e-02,  5.7635e-02,  2.8856e-02, -4.3152e-02,
         -6.1212e-03, -3.2316e-02, -3.7680e-03, -4.6774e-02, -8.3523e-03,
         -1.3059e-02, -9.9297e-03, -8.1202e-03,  3.5800e-04, -6.6606e-03,
          1.4788e-02,  2.9711e-02,  1.3388e-03, -1.0784e-02,  6.9928e-02,
         -5.3927e-02,  6.2324e-03,  6.9823e-03,  1.2371e-02,  4.5456e-05,
          3.2052e-02, -1.5166e-02,  2.2262e-02,  9.6630e-02, -2.7124e-03,
         -3.9258e-02,  1.9465e-03, -9.7783e-03, -5.2407e-03,  4.1291e-03,
         -1.2755e-02, -8.1553e-03, -5.0519e-03, -4.2560e-02,  2.1268e-02,
         -3.3307e-03,  1.4383e-03,  5.8101e-03,  1.2062e-02, -2.4365e-04,
         -3.9512e-03, -8.6850e-03, -1.8080e-02, -5.8748e-02]], device='cuda:0'))])
end of epoch 5: val_loss 0.38731173053383827, val_acc 0.8
trigger times: 1
end of epoch 6: val_loss 0.6845027916133404, val_acc 0.4
trigger times: 2
end of epoch 7: val_loss 0.006875453874090454, val_acc 1.0
trigger times: 0
saving model weights...
Weights: OrderedDict([('fcs.0.weight', tensor([[ 0.0645, -0.0251, -0.0296,  ..., -0.0124, -0.0861, -0.0228],
        [-0.0337,  0.0646,  0.1509,  ...,  0.0814, -0.0174, -0.1609],
        [-0.2201, -0.0492, -0.0050,  ...,  0.0721, -0.0627,  0.0068],
        ...,
        [-0.1359, -0.1318, -0.0688,  ..., -0.2053,  0.0437, -0.1724],
        [ 0.0786,  0.1223, -0.0615,  ..., -0.0123,  0.0005, -0.0109],
        [ 0.0152, -0.0501,  0.0626,  ...,  0.1722,  0.0729, -0.0073]],
       device='cuda:0')), ('fcs.0.bias', tensor([-6.7945e-02,  2.0356e-01,  5.3000e-02, -1.4417e-02, -1.5757e-02,
        -3.4837e-02,  1.2969e-02,  1.9377e-01, -5.3893e-02,  1.0982e-01,
        -8.4139e-02, -1.0442e-02, -1.8278e-02, -1.0598e-01,  1.9776e-02,
        -3.1536e-02, -3.8115e-02, -1.4735e-01,  1.8918e-01, -8.8312e-02,
        -5.5532e-02,  1.9618e-01, -1.2461e-01, -8.1760e-02,  2.2765e-01,
         3.4274e-02, -8.9793e-03, -1.9748e-01,  1.0563e-01, -1.5581e-01,
         9.9825e-02,  2.4010e-01,  2.6560e-02, -7.4979e-02,  2.0526e-01,
        -2.8556e-03, -1.6324e-01,  2.3762e-01, -8.8993e-03, -6.2001e-02,
         1.6881e-02,  3.4180e-02, -6.2895e-02,  1.7081e-01, -3.5363e-02,
         8.8360e-02, -1.7480e-01, -1.7498e-04, -1.5812e-01, -5.4159e-02,
         1.7599e-04,  3.9591e-02, -8.9642e-02, -1.0155e-01, -1.4326e-01,
         1.8359e-01, -6.3599e-02,  7.1901e-02, -8.5331e-03,  1.9465e-02,
        -1.3644e-02, -8.7257e-02, -1.5439e-04, -3.7744e-02,  2.1688e-01,
         2.2133e-01, -6.3869e-02, -1.1559e-01,  3.0122e-01, -7.3445e-02,
        -1.3284e-01, -1.8156e-02, -1.3693e-02, -8.6344e-02,  8.8288e-02,
         2.3335e-01,  4.7743e-02, -1.6502e-01, -2.2032e-02,  1.3478e-01,
         1.7602e-02, -2.7053e-02,  1.0909e-01, -6.3927e-02,  7.8231e-03,
         1.7150e-01,  1.0496e-02, -5.0409e-02,  1.1856e-01,  6.5640e-02,
        -9.9348e-02, -4.6278e-02, -1.7851e-01, -2.1505e-02, -1.4751e-01,
        -7.5112e-02, -4.5003e-02, -5.6715e-02, -3.0951e-02, -4.9309e-02,
        -1.0327e-01,  1.6960e-01, -5.2397e-02,  1.9777e-01,  1.2936e-05,
        -1.1482e-01,  1.1674e-01, -5.2264e-03, -1.9844e-02,  8.2300e-03,
        -1.8739e-01, -8.8271e-02,  5.2120e-02, -6.1053e-02, -3.7299e-02,
         7.3067e-02, -1.6552e-01,  2.0312e-01, -1.4546e-01,  9.7161e-03,
         3.2219e-02,  9.0334e-02, -1.2684e-01, -7.7116e-02, -5.8945e-02,
        -1.9819e-02, -7.9709e-02,  5.5700e-02], device='cuda:0')), ('fcs.1.weight', tensor([[ 1.0734e-01, -7.2906e-02,  1.3306e-02,  ...,  3.9637e-02,
          5.7752e-02,  1.6018e-03],
        [ 1.1696e-03, -1.8169e-01, -2.6854e-03,  ..., -1.1632e-02,
         -1.2708e-04, -2.9958e-05],
        [-1.1044e-02,  4.6286e-02,  2.6969e-02,  ..., -1.1969e-02,
         -4.0071e-04,  7.9228e-03],
        ...,
        [-1.9846e-02,  1.7628e-02, -3.5970e-02,  ...,  9.7851e-02,
         -2.0189e-02, -4.8103e-02],
        [-9.0304e-03,  6.4387e-02, -3.5754e-02,  ..., -2.9985e-02,
         -1.5662e-02, -7.6158e-03],
        [ 1.8269e-04, -5.0465e-02, -1.6719e-02,  ..., -2.1963e-02,
          1.1711e-02, -2.5437e-02]], device='cuda:0')), ('fcs.1.bias', tensor([-0.1234, -0.1256,  0.0224,  0.2145,  0.1903, -0.0800, -0.0082, -0.1457,
        -0.0216, -0.0903, -0.0828,  0.0384,  0.1169, -0.0316, -0.0823, -0.0599,
         0.2816, -0.2224,  0.0653, -0.1041, -0.0026, -0.0314,  0.0819, -0.0198,
        -0.0146,  0.0707, -0.0166,  0.1300, -0.1045,  0.0219, -0.0262, -0.1064,
        -0.0207, -0.0022,  0.0026, -0.0379,  0.0274, -0.0014, -0.0410,  0.1139,
        -0.0178, -0.0240, -0.1259, -0.0397,  0.0946, -0.0066,  0.0545,  0.1686,
         0.0892, -0.0457,  0.1120,  0.0182,  0.0883, -0.0900, -0.1277, -0.0892,
         0.0479, -0.0945,  0.0084, -0.0344, -0.0056,  0.0412,  0.2829, -0.1016],
       device='cuda:0')), ('fcs.2.weight', tensor([[ 0.1376,  0.0621,  0.0116, -0.0017, -0.0056, -0.0474, -0.0267, -0.0566,
          0.0226,  0.0267, -0.0240,  0.0057,  0.0671, -0.0310,  0.0002, -0.0071,
         -0.0292, -0.0518,  0.0251, -0.0420, -0.0075, -0.0364, -0.0071, -0.0430,
         -0.0262,  0.0162, -0.0104,  0.0402, -0.0008, -0.0204,  0.0140,  0.0218,
          0.0203, -0.0088, -0.0063, -0.0731, -0.0205,  0.1426,  0.0123,  0.0337,
          0.0269, -0.0107,  0.0189,  0.0984,  0.0173, -0.0381,  0.0037,  0.0101,
          0.0019, -0.0003,  0.0231,  0.0488,  0.0423, -0.0219,  0.0160, -0.0101,
          0.0291, -0.0048,  0.0050, -0.0478, -0.0058, -0.0051, -0.0156, -0.0625]],
       device='cuda:0'))])
end of epoch 8: val_loss 0.006632840330530599, val_acc 1.0
trigger times: 0
saving model weights...
Weights: OrderedDict([('fcs.0.weight', tensor([[ 0.0627, -0.0172, -0.0266,  ..., -0.0121, -0.0843, -0.0225],
        [-0.0500,  0.0751,  0.1602,  ...,  0.0756, -0.0171, -0.1576],
        [-0.2081, -0.0458, -0.0031,  ...,  0.0663, -0.0604,  0.0048],
        ...,
        [-0.1654, -0.1473, -0.0820,  ..., -0.1930, -0.0108, -0.2627],
        [ 0.0755,  0.1157, -0.0583,  ..., -0.0114,  0.0005, -0.0059],
        [ 0.0135, -0.0457,  0.0568,  ...,  0.1579,  0.0688, -0.0141]],
       device='cuda:0')), ('fcs.0.bias', tensor([-6.6531e-02,  2.0578e-01,  5.1147e-02, -1.1967e-02, -9.1994e-03,
        -3.3425e-02,  1.7502e-02,  1.8971e-01, -3.0727e-02,  1.0420e-01,
        -6.9782e-02, -9.4530e-03, -1.9001e-02, -1.0148e-01,  1.7781e-02,
        -2.5890e-02, -2.5813e-02, -2.6042e-01,  2.0218e-01, -8.7506e-02,
        -5.6650e-02,  2.0071e-01, -1.0790e-01, -7.2973e-02,  2.1933e-01,
         3.4780e-02, -6.6855e-03, -1.9567e-01,  1.1658e-01, -1.1554e-01,
         8.9431e-02,  2.0232e-01,  2.4898e-02, -5.6172e-02,  1.8446e-01,
        -1.1420e-03, -1.4036e-01,  2.2484e-01, -7.3220e-03, -1.5198e-01,
         1.6562e-02,  3.3480e-02, -6.0908e-02,  1.7241e-01, -3.5593e-02,
         8.6944e-02, -1.7730e-01, -2.6499e-04, -1.5779e-01, -3.5856e-03,
         2.1317e-01,  3.8279e-02, -8.5661e-02, -8.1690e-02, -1.4181e-01,
         1.7491e-01, -6.0071e-02,  6.5872e-02, -6.2087e-03,  1.8629e-02,
        -1.3218e-02, -8.4063e-02,  6.7035e-02, -3.6215e-02,  2.2043e-01,
         1.9653e-01, -1.1426e-01, -1.0873e-01,  2.8736e-01, -7.1209e-02,
        -1.3097e-01, -1.1195e-02, -2.3467e-02, -8.7023e-02,  6.8258e-02,
         2.3792e-01,  4.5244e-02, -1.5616e-01, -2.1151e-02,  1.2100e-01,
         1.7304e-02, -2.3931e-02,  9.4151e-02, -6.2063e-02,  4.2401e-03,
         1.7861e-01,  9.9415e-03, -4.4632e-02,  1.3135e-01,  6.0188e-02,
        -9.4790e-02, -4.5192e-02, -1.7650e-01, -2.1324e-02, -1.3903e-01,
        -7.1083e-02, -5.1242e-02, -3.8821e-02, -2.1890e-02, -4.6765e-02,
        -9.4000e-02,  1.6058e-01, -4.1499e-02,  6.9449e-02, -1.9040e-03,
        -1.1471e-01,  1.5271e-01, -1.0472e-02, -1.9041e-02,  7.6114e-03,
        -1.7893e-01, -8.7760e-02,  4.9212e-02, -4.9741e-02, -3.6904e-02,
         6.3986e-02, -1.5879e-01,  1.9845e-01, -1.3298e-01,  9.7520e-03,
        -3.5336e-02,  6.5093e-02, -1.1713e-01, -8.2498e-02, -5.6438e-02,
        -7.8508e-02, -7.6968e-02,  5.3126e-02], device='cuda:0')), ('fcs.1.weight', tensor([[ 1.0579e-02, -1.2002e-01,  1.1183e-02,  ...,  2.8673e-02,
         -9.8735e-05,  3.1687e-03],
        [ 2.7606e-04, -1.7990e-01, -1.7013e-03,  ..., -1.1511e-02,
          1.3191e-04,  1.7082e-04],
        [-5.5761e-03,  3.0686e-02,  2.3154e-02,  ..., -5.8145e-03,
         -6.3999e-04, -5.9106e-03],
        ...,
        [ 8.8199e-03,  4.6157e-02, -3.1066e-02,  ...,  1.1876e-01,
          2.5757e-02,  3.9384e-02],
        [-5.9950e-03,  6.5541e-02, -3.3392e-02,  ..., -3.6595e-02,
         -3.6607e-03, -5.7790e-03],
        [ 1.3197e-04, -4.9332e-02, -1.6459e-02,  ..., -1.3469e-02,
          1.1537e-02, -2.5183e-02]], device='cuda:0')), ('fcs.1.bias', tensor([-0.1727, -0.1247,  0.0214,  0.2114,  0.1935, -0.0776, -0.0062, -0.1266,
        -0.0212, -0.0835, -0.0821, -0.1194,  0.1155, -0.0244, -0.0711, -0.0589,
         0.2995, -0.1968,  0.0647, -0.0958, -0.1098, -0.0268,  0.0850, -0.0175,
        -0.0094,  0.1118, -0.0159,  0.1288, -0.1026,  0.0328, -0.0239, -0.1055,
        -0.0493, -0.0011,  0.0034, -0.0362,  0.0264, -0.0120, -0.0373,  0.1125,
        -0.0173, -0.2313, -0.1238, -0.0395,  0.0929, -0.0042,  0.0537,  0.1877,
         0.0785, -0.0454,  0.0609,  0.0180, -0.0208, -0.0833, -0.1280, -0.0524,
         0.0500, -0.0921,  0.0073,  0.0629, -0.0422,  0.0318,  0.2887, -0.1012],
       device='cuda:0')), ('fcs.2.weight', tensor([[ 1.7648e-01,  6.0690e-02,  8.4431e-03,  1.2883e-02, -3.3429e-03,
         -4.5954e-02, -1.2517e-02, -5.7142e-02,  7.3123e-03,  2.5922e-02,
         -2.3582e-02,  1.5604e-02,  2.7259e-02, -7.9173e-03,  2.6136e-04,
         -3.8232e-03, -1.3526e-02, -5.8614e-02, -1.7325e-04, -4.1306e-02,
          1.3256e-01, -3.3799e-02,  2.0978e-02, -3.8559e-02,  5.9886e-03,
          6.3898e-04, -1.0258e-02, -1.3662e-02, -3.5929e-03,  6.5263e-03,
          1.3926e-02,  2.0329e-02,  2.3407e-02,  1.2097e-03,  1.8930e-02,
         -4.9143e-02, -2.0741e-02, -4.6792e-03,  1.1612e-02,  2.9000e-03,
          2.6016e-02,  1.0078e-02,  1.7524e-02,  9.7503e-02, -3.9586e-03,
         -3.5053e-02,  7.2288e-03,  9.5770e-04,  6.7445e-03, -8.1047e-04,
         -1.8267e-02, -1.1795e-02, -2.3411e-02, -4.2031e-03,  1.2689e-02,
         -1.0090e-02,  5.8872e-03, -4.5548e-03,  3.2007e-03,  1.1714e-01,
          9.6919e-02,  2.2381e-03, -5.3126e-03, -5.6171e-02]], device='cuda:0'))])
end of epoch 9: val_loss 4.663674545288086, val_acc 0.8
trigger times: 1
end of epoch 10: val_loss 0.02996597425371874, val_acc 1.0
trigger times: 2
end of epoch 11: val_loss 1.0043216519057752, val_acc 0.6
trigger times: 3
end of epoch 12: val_loss 0.12137039443477989, val_acc 1.0
trigger times: 4
end of epoch 13: val_loss 0.16938635627739132, val_acc 1.0
trigger times: 5
end of epoch 14: val_loss 0.09073891147891118, val_acc 1.0
trigger times: 6
end of epoch 15: val_loss 0.1356366409920156, val_acc 1.0
trigger times: 7
end of epoch 16: val_loss 0.15598013898852514, val_acc 1.0
trigger times: 8
end of epoch 17: val_loss 0.11881639726634603, val_acc 1.0
trigger times: 9
end of epoch 18: val_loss 0.10346463080059039, val_acc 1.0
trigger times: 10
Early stopping.
0 -16.872576657682657 -238.56539389647227
1 -14.770538434386253 -226.82452825484978
2 -15.75744303315878 -226.2241731451399
3 -15.596807483583689 -208.89755486387574
4 -12.37754925712943 -196.9840755292238
5 -14.901696838438511 -194.4017457710484
6 -12.344467218965292 -193.75394353311003
7 -11.454670876264572 -173.38768743356906
8 -9.874442018568516 -172.73844575529262
9 -10.19458919391036 -172.5849598191294
10 -9.299642149358988 -148.80630048130243
11 -5.501774996519089 -146.54022994848935
12 -9.30780865997076 -144.9163601843784
13 -6.638712866231799 -144.5098799638122
14 -3.2302957011852413 -129.52710350510273
15 -4.188723478466272 -119.6789138826375
16 -5.956823458429426 -119.53338183357056
17 -7.665892029181123 -115.00841352193844
18 -3.9575829757377505 -113.49466461352053
19 -2.0560428302851506 -107.45837168117659
20 -4.729724548757076 -105.49937100040788
21 -4.893458070000634 -101.9104943327425
22 -2.8073926607030444 -101.66294130080523
23 -6.351513395085931 -98.89606860541423
24 -4.843437845818698 -95.1909937931514
25 -5.46299178339541 -93.31854913617367
26 -2.554505003383383 -85.41926577166943
27 -3.437488760740962 -83.18012153468804
28 -3.38858239678666 -79.47665068598401
29 -5.082834475208074 -77.34308621853297
30 -1.1790054939920083 -60.56041622227008
31 -0.5720113542629406 -58.68833689293549
32 -2.8494588910834864 -22.79021187897909
33 -1.4785899314447306 -19.65788926803626
34 -0.0798129538889043 -16.74518768263467
35 -1.2475232910946943 -13.719402302108403
36 -2.3360287647810765 4.235189873860978
37 -2.203681403247174 5.0952806210809465
38 -1.0737943660933524 10.178796790507759
39 -0.9663268022122793 13.541055788508864
40 -1.531954993668478 14.989710929193077
41 0.03868887317366898 21.802029683432238
42 -2.657155955384951 31.12027905920427
43 0.4465414717560634 40.64550156746333
44 -0.7335433950647712 40.69898986216935
45 -2.428518294065725 50.09032867204584
46 -1.8902516254456714 57.290535515424786
47 -1.8032619649311528 60.51441689036072
48 -1.6958578367484733 62.587858111632386
49 -4.263539802632295 63.47489586756552
50 -0.6236208693007939 65.395531990224
51 -0.793706116382964 68.71330703108626
52 -0.6093996504787356 69.48459209048262
53 1.7634151934180409 72.16624272108386
54 -2.228556740039494 74.2233202149037
55 -2.4546911659417674 79.16074531670823
56 -0.9737484052311629 80.25553156558418
57 -1.91590769845061 87.50520028403979
58 -1.3201979179284535 90.28646231697512
59 -0.9442755343625322 90.72533900600311
60 -1.7558581762714311 91.52552635781885
61 -2.583214547485113 91.95773979158345
62 -4.209048727760091 92.99221310223136
63 -3.154561570903752 94.14052712880752
64 -2.921506183571182 94.28590507273401
65 -1.3103757739299908 95.24073532592021
66 -2.1751714991405606 96.09581961281374
67 -0.1773067862377502 96.50341248035636
68 -1.5318069025524892 97.45820290396632
69 0.3856591677176766 97.90553231413178
70 -2.749628131452482 98.27346635731779
71 -1.3296986550558358 98.35872828331676
72 -1.0497023622738197 98.9255090371917
73 -1.1803318141610362 99.09003071828721
74 -2.7021789040300064 99.89253842063019
75 -1.0370526812621392 100.07765055593329
76 -1.8888297542580403 101.35869827851857
77 -2.916139939217828 103.56921378052652
78 -0.9499738028389402 103.74194540937737
79 -0.6475597740500234 104.00039883786899
80 -0.8678899198421277 104.36031383612816
81 -2.0906956471153535 104.79584301893571
82 -1.2710355289164 105.40349710769756
83 -0.9336468174587935 105.60678192821229
84 -0.7074301920947619 106.26867976298877
85 -1.852918492455501 106.37916921043517
86 -0.255215868819505 106.67969423997131
87 -2.0392960520111956 106.81132709017433
88 -1.2998889204463921 107.05410485829283
89 -1.3117307964130305 107.44441498172971
90 -1.2394764115451835 107.68792314282867
91 0.27985130838351324 107.72369032284489
92 -2.1193487189593725 108.58631070626225
93 -0.6445997513365 108.79454915391223
94 -0.7197652684990317 109.15712102315346
95 -0.9289744307752699 109.71287331230647
96 0.6367171060992405 110.48639228144049
97 -0.21408747689565644 111.4630258761226
98 -1.0674848791095428 112.59201367677376
99 -0.22113334306050092 113.4530990931055
100 -1.208237078099046 114.85996346749971
101 -0.3341346905217506 115.04838323377467
102 0.7334811571054161 115.5646624637931
103 -1.0510269362130202 115.77027450439896
104 -1.824914023920428 116.29805012422126
105 -0.8456957628950477 116.38499266629886
106 0.21582575869979337 116.4198907102986
107 -1.66712282365188 117.08008835928221
108 -0.9272039128700271 117.29357601720739
109 0.40074338752310723 118.29160885622866
110 1.1019246220821515 119.01062500757773
111 -0.6414968345779926 120.85290512447664
112 0.2821412377525121 120.8902150231427
113 -0.7525007163640112 121.40892075278066
114 0.8109813551418483 122.30522808413322
115 1.8865121359704062 129.13346806288703
116 1.4453498597140424 129.67718524437547
117 0.18559323868248612 129.79664443488912
118 -0.6866433478426188 130.61780866873775
119 2.4149776371195912 131.40806576766226
train accuracy: 0.8888888888888888
validation accuracy: 1.0
test accuracy: 0.7792717086834734
