demo lengths 200
demos: (120, 200, 25)
demo_rewards: (120,)
[-238.5653939  -226.82452825 -226.22417315 -208.89755486 -196.98407553
 -194.40174577 -193.75394353 -173.38768743 -172.73844576 -172.58495982
 -148.80630048 -146.54022995 -144.91636018 -144.50987996 -129.52710351
 -119.67891388 -119.53338183 -115.00841352 -113.49466461 -107.45837168
 -105.499371   -101.91049433 -101.6629413   -98.89606861  -95.19099379
  -93.31854914  -85.41926577  -83.18012153  -79.47665069  -77.34308622
  -60.56041622  -58.68833689  -22.79021188  -19.65788927  -16.74518768
  -13.7194023     4.23518987    5.09528062   10.17879679   13.54105579
   14.98971093   21.80202968   31.12027906   40.64550157   40.69898986
   50.09032867   57.29053552   60.51441689   62.58785811   63.47489587
   65.39553199   68.71330703   69.48459209   72.16624272   74.22332021
   79.16074532   80.25553157   87.50520028   90.28646232   90.72533901
   91.52552636   91.95773979   92.9922131    94.14052713   94.28590507
   95.24073533   96.09581961   96.50341248   97.4582029    97.90553231
   98.27346636   98.35872828   98.92550904   99.09003072   99.89253842
  100.07765056  101.35869828  103.56921378  103.74194541  104.00039884
  104.36031384  104.79584302  105.40349711  105.60678193  106.26867976
  106.37916921  106.67969424  106.81132709  107.05410486  107.44441498
  107.68792314  107.72369032  108.58631071  108.79454915  109.15712102
  109.71287331  110.48639228  111.46302588  112.59201368  113.45309909
  114.85996347  115.04838323  115.56466246  115.7702745   116.29805012
  116.38499267  116.41989071  117.08008836  117.29357602  118.29160886
  119.01062501  120.85290512  120.89021502  121.40892075  122.30522808
  129.13346806  129.67718524  129.79664443  130.61780867  131.40806577]
maximum traj length 200
maximum traj length 200
num training_obs 45
num training_labels 45
num val_obs 5
num val_labels 5
num test_obs 7140
num test_labels 7140
ModuleList(
  (0): Linear(in_features=25, out_features=128, bias=True)
  (1): Linear(in_features=128, out_features=64, bias=True)
  (2): Linear(in_features=64, out_features=1, bias=False)
)
Total number of parameters: 11648
Number of trainable paramters: 11648
device: cuda:0
end of epoch 0: val_loss 2.041472442448139, val_acc 0.4
trigger times: 0
saving model weights...
Weights: OrderedDict([('fcs.0.weight', tensor([[-0.0067, -0.0810,  0.0020,  ..., -0.0624,  0.0732, -0.0035],
        [ 0.1305, -0.0228, -0.1627,  ...,  0.0843,  0.0780,  0.0016],
        [ 0.1835,  0.0575,  0.1014,  ..., -0.1105,  0.0688,  0.0068],
        ...,
        [-0.1882,  0.2004, -0.0586,  ...,  0.1333,  0.0988,  0.0092],
        [ 0.1225,  0.1582,  0.1645,  ..., -0.1724, -0.1692, -0.1041],
        [ 0.0039, -0.1242,  0.1047,  ...,  0.0295,  0.0348, -0.0196]],
       device='cuda:0')), ('fcs.0.bias', tensor([ 4.2938e-02, -1.1636e-01,  1.2595e-02,  5.8935e-02,  3.4327e-02,
         1.6326e-01, -3.4288e-02,  1.8622e-01, -7.2883e-02,  9.3471e-02,
        -2.1284e-02, -2.3564e-01,  6.0433e-04,  2.2268e-01, -3.1917e-02,
        -4.2940e-02,  1.8985e-01, -1.4075e-01, -2.3059e-02,  5.0541e-02,
         5.3399e-02,  6.1774e-03, -1.0270e-01,  4.6668e-02,  5.3949e-02,
        -7.0648e-03,  1.2721e-01,  3.0189e-03, -1.5116e-01, -1.0784e-01,
        -2.1973e-02, -4.8282e-02,  1.2122e-01, -7.3888e-02,  3.8487e-02,
        -1.9665e-01,  2.2375e-02, -4.8411e-02, -1.6123e-02,  1.4595e-01,
         1.7515e-01, -4.1879e-02,  7.7591e-02, -1.8260e-01,  2.3703e-01,
         2.2574e-01, -7.7989e-02, -1.0553e-01,  2.5669e-01,  8.2422e-02,
        -2.4138e-01,  3.2374e-02, -1.2734e-01, -2.2436e-04, -1.9988e-01,
         8.8506e-02,  8.4109e-02,  8.4637e-02,  1.9453e-01,  1.5238e-02,
        -1.5292e-01,  1.3991e-01,  7.9627e-02, -2.6858e-02,  9.2925e-03,
         5.4252e-02,  1.4960e-02,  1.1135e-01, -6.6317e-02,  5.8844e-02,
        -5.6067e-02,  3.9594e-02,  5.8307e-03, -4.4444e-02,  8.8279e-02,
        -5.3451e-02,  2.3607e-02, -2.2338e-01, -9.7581e-02,  5.5535e-02,
        -6.1481e-02, -3.7389e-02, -9.3953e-02, -1.2424e-01, -5.7234e-02,
         1.1724e-01, -1.0065e-01, -8.9156e-02, -4.5455e-02,  5.9409e-02,
        -2.4392e-01,  1.8259e-02, -1.0974e-01,  3.3793e-03,  7.9027e-02,
        -8.2770e-03,  1.0295e-01, -1.5549e-02, -4.7458e-02,  2.2430e-02,
         1.4545e-01,  3.7071e-03,  6.9754e-02,  9.8311e-02,  1.6487e-01,
        -7.9876e-02, -1.3335e-01, -5.6698e-02, -6.8360e-02, -8.3430e-02,
        -8.5985e-02,  3.6756e-02,  1.3725e-01,  5.6965e-02,  2.2240e-02,
        -6.6945e-02,  6.7063e-02, -2.2882e-01, -1.6406e-02,  1.4407e-01,
        -5.2054e-02,  1.0644e-01,  2.6111e-03, -1.3115e-01, -5.0301e-02,
        -1.2169e-01, -1.0321e-01,  4.1658e-02], device='cuda:0')), ('fcs.1.weight', tensor([[ 0.0034, -0.0828, -0.0237,  ..., -0.0296,  0.1185, -0.0852],
        [-0.0175,  0.1760, -0.0910,  ...,  0.0428, -0.0055, -0.0230],
        [ 0.0403, -0.0199,  0.0293,  ...,  0.0381,  0.0684,  0.0226],
        ...,
        [ 0.0163, -0.0809, -0.0118,  ...,  0.0300,  0.0278, -0.1451],
        [-0.0026, -0.1078,  0.0086,  ..., -0.0477, -0.0078, -0.0533],
        [ 0.0805,  0.0665, -0.1009,  ..., -0.0116, -0.0005, -0.1136]],
       device='cuda:0')), ('fcs.1.bias', tensor([-0.0845,  0.0347,  0.0331, -0.0642,  0.0515, -0.0012, -0.0442, -0.0651,
         0.0158,  0.0789,  0.0007,  0.0230,  0.0513, -0.0897,  0.0016, -0.0842,
         0.0945,  0.0062,  0.0030,  0.0328, -0.0445, -0.0468, -0.0012, -0.0023,
         0.0129,  0.0602,  0.0423, -0.0635,  0.0574,  0.0011, -0.0438,  0.0326,
         0.0061, -0.0923,  0.0587, -0.0684, -0.0281,  0.0508, -0.0960,  0.0935,
         0.0012, -0.0423,  0.0576, -0.1241,  0.0016, -0.0043,  0.0061,  0.0921,
        -0.0233, -0.0079, -0.0047, -0.0948, -0.1081,  0.0165, -0.0737,  0.0046,
         0.0279, -0.0536,  0.0004, -0.0750, -0.0677, -0.0529, -0.1287, -0.0323],
       device='cuda:0')), ('fcs.2.weight', tensor([[ 0.0862, -0.0082,  0.0053,  0.0010,  0.0337, -0.0048,  0.0191,  0.0011,
         -0.0037, -0.0295,  0.0027,  0.0142,  0.0587,  0.0166, -0.0027,  0.0478,
         -0.0334, -0.0946, -0.0046, -0.0565, -0.0337, -0.0438, -0.0187,  0.0354,
         -0.0288, -0.0199,  0.0108, -0.0380, -0.0882, -0.0221,  0.0417, -0.0311,
         -0.0657,  0.0261, -0.0439, -0.0216,  0.0385, -0.0034, -0.0898, -0.0734,
         -0.0024,  0.0128, -0.0164,  0.0398, -0.0556, -0.0734, -0.0087,  0.0028,
          0.0194,  0.0650, -0.0115, -0.0260, -0.0316, -0.0832,  0.0154, -0.0371,
         -0.1097,  0.0093, -0.0049, -0.0949, -0.0528,  0.0597, -0.0199, -0.0263]],
       device='cuda:0'))])
end of epoch 1: val_loss 0.9626118940882179, val_acc 0.8
trigger times: 0
saving model weights...
Weights: OrderedDict([('fcs.0.weight', tensor([[-0.0060, -0.0307,  0.0100,  ..., -0.0337,  0.0545, -0.0395],
        [ 0.1059, -0.0459, -0.2202,  ...,  0.0475,  0.0543, -0.0963],
        [ 0.2628,  0.0681,  0.1701,  ..., -0.0781,  0.1516,  0.0869],
        ...,
        [-0.1891,  0.1994, -0.0572,  ...,  0.1301,  0.0957,  0.0087],
        [ 0.1124,  0.1553,  0.1566,  ..., -0.1718, -0.1809, -0.1009],
        [ 0.0014, -0.1167,  0.0984,  ...,  0.0282,  0.0357, -0.0339]],
       device='cuda:0')), ('fcs.0.bias', tensor([ 0.0337, -0.1510,  0.0994,  0.0456,  0.0300,  0.2029, -0.0385,  0.2517,
        -0.0728,  0.0919,  0.0437, -0.2313,  0.0399,  0.2518, -0.0309, -0.1244,
         0.0939, -0.0571,  0.0008,  0.0251,  0.0496,  0.0039, -0.1036,  0.0416,
         0.0802, -0.0600,  0.1369,  0.0080, -0.1415, -0.0369, -0.0114, -0.0472,
         0.0616, -0.0752,  0.0370, -0.1522, -0.0398, -0.0665, -0.0017,  0.2508,
         0.0883, -0.0482,  0.0730, -0.1011,  0.2523,  0.1961, -0.0812, -0.1154,
         0.1427,  0.0754, -0.2355,  0.0691, -0.0446,  0.0890, -0.1995, -0.0063,
         0.0804,  0.0776,  0.2370,  0.0098, -0.1331,  0.1955,  0.0743, -0.0145,
        -0.0060,  0.0548, -0.0005,  0.1063, -0.0146,  0.0477,  0.0046,  0.0363,
         0.0011, -0.0505,  0.0653, -0.0395,  0.0222, -0.2226, -0.1637,  0.0575,
        -0.0268, -0.0042, -0.1233, -0.1328, -0.0934,  0.1073, -0.0806, -0.0982,
        -0.0627,  0.0690, -0.2303,  0.0073, -0.0972,  0.0342,  0.0693, -0.0168,
         0.1213, -0.0198, -0.0968,  0.0162,  0.1350,  0.0112,  0.0489,  0.0763,
         0.1844, -0.0151, -0.1329, -0.1627, -0.0899, -0.0885, -0.0885,  0.0229,
         0.0948,  0.0554,  0.0210, -0.0013,  0.0249, -0.2280, -0.0525,  0.2492,
        -0.0283,  0.1062,  0.0202, -0.1316, -0.0505, -0.1227, -0.1155,  0.0380],
       device='cuda:0')), ('fcs.1.weight', tensor([[ 0.0027, -0.0807, -0.0062,  ..., -0.0245,  0.0776, -0.0641],
        [ 0.0040,  0.1515, -0.1102,  ...,  0.0420, -0.0114, -0.0633],
        [ 0.0010, -0.0353,  0.0242,  ...,  0.0363,  0.0613, -0.0019],
        ...,
        [ 0.0105, -0.0819, -0.0224,  ...,  0.0288,  0.0268, -0.1454],
        [-0.0005, -0.0995, -0.0028,  ..., -0.0116, -0.0032, -0.0508],
        [ 0.0354,  0.0539, -0.1175,  ..., -0.0111, -0.0171, -0.1286]],
       device='cuda:0')), ('fcs.1.bias', tensor([-6.1338e-02, -5.7145e-02,  1.8466e-02, -4.0514e-02,  5.0569e-02,
        -2.0320e-03, -5.8380e-02, -6.6583e-02,  8.0270e-03,  4.7679e-02,
         7.6666e-02,  2.2089e-02,  6.5401e-02, -8.5962e-02, -8.5950e-02,
        -1.1803e-01,  8.9502e-02, -3.6742e-02, -5.4629e-04,  5.4054e-02,
        -5.6280e-02, -3.4141e-02,  2.2372e-04, -2.0573e-04,  7.9301e-03,
        -9.4857e-03,  3.7991e-02, -6.1719e-02,  1.5035e-01,  5.9625e-04,
        -4.1217e-02,  9.5506e-02,  4.6656e-03, -8.0602e-02,  4.4423e-02,
        -6.0576e-02,  1.2655e-02,  2.9121e-02, -9.6527e-02,  6.7997e-02,
         3.3547e-04, -4.2886e-02,  5.7631e-03, -1.0633e-01,  8.3449e-04,
        -8.0112e-02,  2.0314e-03,  8.2721e-02, -1.1314e-01, -2.3909e-03,
        -8.0625e-02, -9.6337e-02, -1.0325e-01,  1.2255e-02, -7.1880e-02,
        -1.7274e-04, -4.6236e-02, -6.7699e-02,  4.7091e-05, -7.2115e-02,
        -5.1457e-02, -5.4002e-02, -1.2297e-01, -4.7309e-02], device='cuda:0')), ('fcs.2.weight', tensor([[ 0.0933, -0.0017, -0.0065,  0.0014,  0.0343,  0.0008,  0.0229, -0.0040,
          0.0096, -0.0286, -0.0067,  0.0011,  0.0425,  0.0164,  0.0342,  0.0383,
         -0.0252, -0.0986, -0.0040, -0.0011, -0.0277, -0.0510, -0.0181,  0.0351,
         -0.0283,  0.0371, -0.0030, -0.0397, -0.0874, -0.0204,  0.0009, -0.0251,
         -0.0643,  0.0301, -0.0350,  0.0029,  0.0182, -0.0032, -0.0868, -0.0742,
         -0.0024,  0.0187,  0.0262,  0.0355, -0.0422, -0.0420,  0.0435,  0.0039,
          0.0027,  0.0353,  0.0080, -0.0169, -0.0177, -0.0838,  0.0216, -0.0364,
         -0.0409,  0.0058, -0.0117, -0.0874, -0.0471,  0.0563, -0.0134, -0.0153]],
       device='cuda:0'))])
end of epoch 2: val_loss 0.8558426219969973, val_acc 0.8
trigger times: 0
saving model weights...
Weights: OrderedDict([('fcs.0.weight', tensor([[-0.0049, -0.0181,  0.0030,  ..., -0.0156,  0.0369, -0.0287],
        [ 0.1129, -0.0008, -0.2064,  ...,  0.0557,  0.0698, -0.1247],
        [ 0.2587,  0.0636,  0.1518,  ..., -0.0672,  0.1463,  0.0863],
        ...,
        [-0.1868,  0.1973, -0.0559,  ...,  0.1284,  0.0940,  0.0023],
        [ 0.1112,  0.1540,  0.1525,  ..., -0.1703, -0.1798, -0.0991],
        [-0.0079, -0.0968,  0.0938,  ...,  0.0333,  0.0268, -0.0502]],
       device='cuda:0')), ('fcs.0.bias', tensor([ 2.3840e-02, -1.3521e-01,  9.5813e-02,  4.3983e-02,  3.5172e-02,
         2.0214e-01, -3.4940e-02,  2.4727e-01, -7.1403e-02,  9.0833e-02,
         4.6114e-02, -2.0759e-01,  4.6465e-02,  2.3661e-01, -9.1858e-03,
        -1.1490e-01,  6.6905e-02, -1.3851e-02,  1.4465e-01,  2.3835e-02,
         4.8013e-02,  7.3598e-03, -1.0290e-01,  4.1352e-02,  8.3073e-02,
        -5.3716e-02,  1.0978e-01,  2.0501e-02, -1.2771e-01, -3.6446e-02,
        -1.2538e-02, -3.1923e-02,  3.7010e-03, -7.2954e-02,  3.4793e-02,
        -1.4820e-01, -3.9539e-02, -6.1479e-02,  1.2783e-04,  2.6333e-01,
         8.5240e-02, -4.7929e-02,  7.1768e-02, -4.5975e-02,  2.5894e-01,
         1.5680e-01, -8.6059e-02, -1.1481e-01,  1.4838e-01,  6.5509e-02,
        -2.2458e-01,  5.3428e-02, -2.6113e-02,  1.2308e-01, -1.9814e-01,
        -1.9125e-02,  7.9080e-02,  7.3043e-02,  2.4816e-01,  2.9890e-02,
        -1.2139e-01,  1.9075e-01,  6.9636e-02,  1.1686e-03, -2.0979e-03,
         4.7690e-02, -1.8688e-02,  1.0234e-01,  1.7615e-02,  3.7580e-02,
        -2.6768e-03,  3.5871e-02, -7.8027e-04, -9.4541e-02,  1.0803e-01,
        -4.5375e-02,  2.0362e-02, -2.1855e-01, -2.0310e-01,  3.7460e-02,
        -3.2352e-03, -2.7738e-02, -1.1151e-01, -1.2945e-01, -8.9817e-02,
         1.0742e-01, -6.6472e-02, -1.4087e-01, -6.2194e-02,  3.8525e-02,
        -2.1259e-01,  5.7122e-03, -1.0199e-01,  4.0931e-02,  5.9794e-02,
        -2.3708e-03,  1.1285e-01,  1.0831e-03, -1.1535e-01,  1.2779e-02,
         1.2521e-01,  5.6156e-02,  5.1369e-02,  7.4936e-02,  1.7692e-01,
         1.0857e-03, -1.3068e-01, -1.6302e-01, -8.9093e-02, -8.7059e-02,
        -8.7560e-02,  2.2520e-02,  5.0767e-02,  3.9274e-02,  1.6362e-02,
         4.6019e-02,  1.7785e-02, -2.2502e-01, -1.5960e-02,  2.6952e-01,
        -2.3170e-02,  9.9743e-02,  1.9656e-02, -1.3120e-01, -4.5407e-02,
        -1.2153e-01, -1.1492e-01,  1.4398e-02], device='cuda:0')), ('fcs.1.weight', tensor([[ 1.4175e-03, -5.1217e-02,  6.5480e-04,  ..., -2.0154e-02,
          4.3299e-02, -3.0055e-02],
        [ 1.5171e-03,  1.3522e-01, -1.1206e-01,  ...,  4.1245e-02,
         -1.1319e-02, -6.9945e-02],
        [ 3.4307e-03, -4.2916e-02,  1.2278e-02,  ...,  3.5670e-02,
          6.0368e-02, -6.6818e-03],
        ...,
        [ 4.9635e-03, -8.0937e-02, -1.8516e-02,  ...,  2.8488e-02,
          2.6465e-02, -1.4416e-01],
        [ 6.7859e-05, -9.0448e-02, -3.5676e-03,  ..., -8.5552e-04,
         -5.3352e-04, -4.7071e-02],
        [ 6.9580e-03,  5.2969e-02, -1.1544e-01,  ..., -1.0224e-02,
         -1.7035e-02, -1.2716e-01]], device='cuda:0')), ('fcs.1.bias', tensor([-3.9066e-02, -8.5095e-02,  7.8556e-03, -5.5337e-02,  5.0411e-02,
        -2.0281e-03, -5.6743e-02, -5.9715e-02,  7.8126e-03,  2.3393e-02,
         1.0033e-01,  2.1993e-02,  6.4117e-02, -8.0190e-02, -5.2075e-02,
        -1.1338e-01,  1.0101e-01, -3.0574e-02, -2.0433e-05,  5.7443e-02,
        -5.1668e-02, -6.5423e-02, -4.0202e-06, -9.6396e-07,  4.9827e-03,
        -1.0238e-02,  3.7037e-02, -5.6526e-02,  2.0429e-01,  4.1365e-05,
        -4.0012e-02,  8.8385e-02,  2.6549e-03, -6.6650e-02,  4.3783e-02,
        -5.0858e-02, -7.7850e-02,  6.5010e-03, -9.6195e-02,  4.3374e-02,
        -2.4744e-05, -4.2642e-02,  4.9017e-03, -8.5214e-02,  7.4351e-04,
        -8.0284e-02, -7.5931e-02,  7.3822e-02, -6.3629e-02, -1.8429e-01,
        -7.9174e-02, -9.5409e-02, -9.6212e-02,  7.4755e-03, -6.8565e-02,
         8.3394e-03, -4.6946e-02, -6.6635e-02, -6.9312e-05, -6.7680e-02,
        -3.4862e-02, -5.3819e-02, -1.1479e-01, -4.7011e-02], device='cuda:0')), ('fcs.2.weight', tensor([[ 0.0618, -0.0090, -0.0112,  0.0016,  0.0349,  0.0018,  0.0232, -0.0034,
          0.0069, -0.0287,  0.0050,  0.0040,  0.0338,  0.0089,  0.0074,  0.0381,
         -0.0087, -0.0819, -0.0049, -0.0147, -0.0206, -0.0372, -0.0180,  0.0338,
         -0.0286,  0.0384, -0.0018, -0.0383,  0.0093, -0.0212,  0.0114,  0.0066,
         -0.0643,  0.0113, -0.0354, -0.0068, -0.0081, -0.0036, -0.0851, -0.0735,
         -0.0034,  0.0192,  0.0272,  0.0079, -0.0227, -0.0405, -0.0481,  0.0026,
         -0.0145,  0.0049,  0.0074, -0.0142, -0.0115, -0.0841,  0.0153, -0.0368,
         -0.0391,  0.0046,  0.0061, -0.0689, -0.0399,  0.0560, -0.0093, -0.0147]],
       device='cuda:0'))])
end of epoch 3: val_loss 0.6876625130651519, val_acc 0.8
trigger times: 0
saving model weights...
Weights: OrderedDict([('fcs.0.weight', tensor([[-0.0033, -0.0048,  0.0003,  ..., -0.0055,  0.0239, -0.0175],
        [ 0.1124,  0.0021, -0.1947,  ...,  0.0617,  0.0663, -0.1229],
        [ 0.2554,  0.0612,  0.1437,  ..., -0.0546,  0.1414,  0.0823],
        ...,
        [-0.1837,  0.1949, -0.0543,  ...,  0.1264,  0.0926,  0.0008],
        [ 0.1099,  0.1526,  0.1479,  ..., -0.1685, -0.1782, -0.0964],
        [-0.0070, -0.0929,  0.0913,  ...,  0.0405,  0.0157, -0.0558]],
       device='cuda:0')), ('fcs.0.bias', tensor([ 1.6185e-02, -1.3217e-01,  9.4010e-02,  4.2147e-02,  4.0695e-02,
         1.9870e-01, -3.0880e-02,  2.4021e-01, -6.9791e-02,  8.9476e-02,
         4.3152e-02, -1.9534e-01,  3.9844e-02,  2.2932e-01, -1.3044e-03,
        -1.0271e-01,  6.5305e-02, -1.9144e-03,  9.0581e-03,  2.2644e-02,
         4.6193e-02,  8.0377e-03, -1.0224e-01,  4.0690e-02,  8.5147e-02,
        -4.3650e-02,  9.6790e-02,  2.6600e-02, -1.1204e-01,  9.7981e-03,
        -9.9905e-03, -1.9366e-02,  1.9347e-02, -7.0293e-02,  3.1916e-02,
        -1.4622e-01, -3.7970e-02, -5.6245e-02,  1.3229e-04,  2.5832e-01,
         8.9584e-02, -4.7521e-02,  7.0411e-02, -1.6628e-02,  2.5731e-01,
         1.3868e-01, -7.9151e-02, -1.1145e-01,  1.5809e-01,  5.8275e-02,
        -2.1347e-01,  6.1332e-02, -4.5668e-03,  9.5058e-02, -1.9645e-01,
        -1.8677e-02,  7.7361e-02,  7.1362e-02,  2.5111e-01,  3.4998e-02,
        -1.1069e-01,  1.8005e-01,  6.4629e-02,  1.2182e-04, -9.6048e-04,
         5.0342e-02, -6.6347e-03,  1.0158e-01,  3.3354e-02,  2.8139e-02,
         6.1637e-04,  3.5399e-02, -1.4826e-03, -9.4430e-02,  1.1924e-01,
        -4.0389e-02,  1.9453e-02, -2.1368e-01, -2.0199e-01,  3.1139e-02,
        -5.0473e-03, -3.2419e-04, -1.0538e-01, -1.2541e-01, -7.6522e-02,
         1.0523e-01, -4.1713e-02, -1.4028e-01, -6.1430e-02,  2.1644e-02,
        -1.9109e-01,  5.5004e-03, -9.4426e-02,  3.6413e-02,  6.5604e-02,
         9.6787e-03,  1.0697e-01,  9.5682e-03, -9.4198e-02,  9.5171e-03,
         1.2489e-01,  5.9061e-02,  5.7447e-02,  7.3486e-02,  1.7495e-01,
         8.2523e-05, -1.2796e-01, -1.5420e-01, -8.7753e-02, -8.6135e-02,
        -8.5706e-02,  2.2283e-02,  4.8081e-02,  3.5667e-02,  1.3958e-02,
        -1.0151e-01,  1.6144e-02, -2.2143e-01, -4.1626e-02,  2.6660e-01,
        -1.1013e-02,  8.7618e-02,  1.3858e-02, -1.3081e-01, -3.9580e-02,
        -1.1973e-01, -1.1396e-01,  1.0923e-02], device='cuda:0')), ('fcs.1.weight', tensor([[ 1.2579e-03, -3.7929e-02, -8.4140e-02,  ..., -1.5692e-02,
          2.1757e-02, -2.6588e-02],
        [-1.5732e-04,  1.2856e-01, -1.0943e-01,  ...,  4.0247e-02,
         -1.1130e-02, -6.7981e-02],
        [-1.1651e-03, -3.3561e-02,  5.3828e-03,  ...,  3.4640e-02,
          5.9483e-02, -1.2670e-02],
        ...,
        [ 1.9308e-03, -8.0271e-02, -1.3398e-02,  ...,  2.8157e-02,
          2.6058e-02, -1.4266e-01],
        [-3.3610e-05, -7.9980e-02, -5.4462e-03,  ...,  5.3061e-05,
         -2.8534e-05, -4.3078e-02],
        [ 5.5658e-04,  5.2248e-02, -1.1279e-01,  ..., -9.2804e-03,
         -1.6746e-02, -1.2527e-01]], device='cuda:0')), ('fcs.1.bias', tensor([-9.4914e-02, -7.5685e-02,  2.6469e-03, -1.0375e-01,  5.0235e-02,
        -2.0120e-03, -5.4606e-02, -5.2295e-02,  7.6677e-03,  9.5874e-03,
         9.0472e-02,  2.1892e-02,  6.2401e-02, -7.3757e-02, -2.6683e-02,
        -1.0753e-01,  1.0486e-01,  2.7984e-02, -3.0998e-06,  5.7902e-02,
        -4.6424e-02, -2.8185e-02, -2.4995e-06, -1.6044e-06,  2.8366e-03,
        -9.9134e-03,  1.3700e-02, -5.0829e-02,  2.0016e-01, -6.8960e-06,
        -3.8636e-02,  8.3815e-02,  1.3156e-03, -5.2973e-02,  4.3223e-02,
        -4.1176e-02, -7.0050e-02,  6.8626e-04, -9.5788e-02,  2.4983e-02,
         3.4153e-06, -4.2340e-02,  4.7457e-03, -6.5186e-02,  6.5562e-04,
        -7.9111e-02, -5.4301e-02,  6.4398e-02,  1.3391e-03, -1.8178e-01,
        -7.5486e-02, -9.4275e-02, -8.8378e-02,  4.0823e-03, -6.4779e-02,
         1.8791e-01, -4.6550e-02, -6.5174e-02, -5.7292e-06, -6.2706e-02,
         1.2282e-01, -5.3584e-02, -1.0568e-01, -4.6442e-02], device='cuda:0')), ('fcs.2.weight', tensor([[ 0.0036, -0.0091, -0.0047, -0.0103,  0.0353,  0.0028,  0.0232, -0.0034,
          0.0062, -0.0285,  0.0033,  0.0052,  0.0263,  0.0054,  0.0047,  0.0378,
         -0.0035, -0.0845, -0.0051, -0.0116, -0.0189, -0.0363, -0.0177,  0.0333,
         -0.0284,  0.0385, -0.0039, -0.0378,  0.0155, -0.0207, -0.0005,  0.0060,
         -0.0642,  0.0053, -0.0352, -0.0017, -0.0101, -0.0038, -0.0849, -0.0731,
         -0.0037,  0.0193,  0.0273,  0.0056, -0.0204, -0.0402, -0.0443,  0.0022,
          0.0002,  0.0037,  0.0075, -0.0115, -0.0130, -0.0838,  0.0073,  0.0257,
         -0.0393,  0.0043, -0.0027, -0.0621,  0.0053,  0.0555, -0.0074, -0.0148]],
       device='cuda:0'))])
end of epoch 4: val_loss 0.7468480779505626, val_acc 0.8
trigger times: 1
end of epoch 5: val_loss 1.3027918405539822, val_acc 0.8
trigger times: 2
end of epoch 6: val_loss 1.3706462994807225, val_acc 0.8
trigger times: 3
end of epoch 7: val_loss 0.9613910382380709, val_acc 0.8
trigger times: 4
end of epoch 8: val_loss 3.4603995203971865, val_acc 0.4
trigger times: 5
end of epoch 9: val_loss 3.8888556003570556, val_acc 0.6
trigger times: 6
end of epoch 10: val_loss 11.834588623046875, val_acc 0.8
trigger times: 7
end of epoch 11: val_loss 0.701312741633501, val_acc 0.8
trigger times: 8
end of epoch 12: val_loss 6.52689208984375, val_acc 0.8
trigger times: 9
end of epoch 13: val_loss 3.1607179640734104, val_acc 0.8
trigger times: 10
Early stopping.
0 -499.5676587820053 -238.56539389647227
1 -437.75920617580414 -226.82452825484978
2 -529.7739582061768 -226.2241731451399
3 -437.0086193084717 -208.89755486387574
4 -467.52029943466187 -196.9840755292238
5 -383.65755665302277 -194.4017457710484
6 -446.81338369846344 -193.75394353311003
7 -385.5523124933243 -173.38768743356906
8 -393.8423581123352 -172.73844575529262
9 -435.352680683136 -172.5849598191294
10 -377.1529538631439 -148.80630048130243
11 -400.7471112012863 -146.54022994848935
12 -392.86916851997375 -144.9163601843784
13 -363.77669632434845 -144.5098799638122
14 -353.217587351799 -129.52710350510273
15 -344.2571940422058 -119.6789138826375
16 -398.3823093175888 -119.53338183357056
17 -389.32332503795624 -115.00841352193844
18 -365.41669595241547 -113.49466461352053
19 -277.4859134629369 -107.45837168117659
20 -332.8404748570174 -105.49937100040788
21 -345.42937844991684 -101.9104943327425
22 -269.29979218542576 -101.66294130080523
23 -339.460884955246 -98.89606860541423
24 -328.8434261083603 -95.1909937931514
25 -342.80393958091736 -93.31854913617367
26 -313.1462234556675 -85.41926577166943
27 -371.35837268829346 -83.18012153468804
28 -269.0412974823266 -79.47665068598401
29 -303.9304121732712 -77.34308621853297
30 -329.36843483150005 -60.56041622227008
31 -314.0669921319932 -58.68833689293549
32 -296.2589598558843 -22.79021187897909
33 -312.1500202701427 -19.65788926803626
34 -257.7071561869234 -16.74518768263467
35 -329.2246129736304 -13.719402302108403
36 -303.87515652924776 4.235189873860978
37 -308.46089052129537 5.0952806210809465
38 -310.8764732219279 10.178796790507759
39 -318.6648315452039 13.541055788508864
40 -316.3832777617499 14.989710929193077
41 -268.82232679007575 21.802029683432238
42 -301.66311727976426 31.12027905920427
43 -252.94677310297266 40.64550156746333
44 -289.48431377112865 40.69898986216935
45 -283.19085840368643 50.09032867204584
46 -316.64001050964 57.290535515424786
47 -273.6217364971526 60.51441689036072
48 -248.0986227337271 62.587858111632386
49 -315.3911959081888 63.47489586756552
50 -258.95995944039896 65.395531990224
51 -261.57220433978364 68.71330703108626
52 -262.24408032000065 69.48459209048262
53 -239.90006484091282 72.16624272108386
54 -326.24553287401795 74.2233202149037
55 -350.93816003389657 79.16074531670823
56 -274.49651568057016 80.25553156558418
57 -332.275355104357 87.50520028403979
58 -288.76396523602307 90.28646231697512
59 -318.4319567820057 90.72533900600311
60 -298.8511891812086 91.52552635781885
61 -300.15352154150605 91.95773979158345
62 -278.7565927654505 92.99221310223136
63 -285.1044075489044 94.14052712880752
64 -309.2970020920038 94.28590507273401
65 -310.68113482696936 95.24073532592021
66 -317.250147940591 96.09581961281374
67 -299.14115432137623 96.50341248035636
68 -334.46840044576675 97.45820290396632
69 -312.93750987993553 97.90553231413178
70 -314.6208506980911 98.27346635731779
71 -293.89618607377633 98.35872828331676
72 -296.80093208514154 98.9255090371917
73 -289.98421522509307 99.09003071828721
74 -288.7826871164143 99.89253842063019
75 -291.7047883756459 100.07765055593329
76 -278.39566732244566 101.35869827851857
77 -312.6387454625219 103.56921378052652
78 -310.48588863387704 103.74194540937737
79 -256.6982338852249 104.00039883786899
80 -323.07449996843934 104.36031383612816
81 -295.47024574689567 104.79584301893571
82 -293.51327624265105 105.40349710769756
83 -295.7837960664183 105.60678192821229
84 -311.00621281564236 106.26867976298877
85 -264.47849761415273 106.37916921043517
86 -300.6319299363531 106.67969423997131
87 -313.6556878630072 106.81132709017433
88 -294.0645857527852 107.05410485829283
89 -309.44798013195395 107.44441498172971
90 -276.95723455026746 107.68792314282867
91 -293.3291720300913 107.72369032284489
92 -262.0670716892928 108.58631070626225
93 -306.087541451212 108.79454915391223
94 -266.8225146625191 109.15712102315346
95 -290.4572528223507 109.71287331230647
96 -295.03533829189837 110.48639228144049
97 -312.53709198720753 111.4630258761226
98 -253.3489322871901 112.59201367677376
99 -255.1520331944339 113.4530990931055
100 -259.8957115630619 114.85996346749971
101 -273.6035726624541 115.04838323377467
102 -244.45617118105292 115.5646624637931
103 -250.8671926036477 115.77027450439896
104 -269.115753442049 116.29805012422126
105 -287.83226117677987 116.38499266629886
106 -270.2977139018476 116.4198907102986
107 -281.7529340647161 117.08008835928221
108 -255.14323333930224 117.29357601720739
109 -265.49809910170734 118.29160885622866
110 -248.37573293596506 119.01062500757773
111 -288.2940067462623 120.85290512447664
112 -250.2001722548157 120.8902150231427
113 -273.53159658703953 121.40892075278066
114 -244.6575096086599 122.30522808413322
115 -240.54421969875693 129.13346806288703
116 -223.3140912083909 129.67718524437547
117 -232.64640978677198 129.79664443488912
118 -239.05733718164265 130.61780866873775
119 -196.70568824233487 131.40806576766226
train accuracy: 0.8888888888888888
validation accuracy: 0.8
test accuracy: 0.7735294117647059
