demo lengths 200
demos: (60, 200, 25)
demo_rewards: (60,)
[-226.2241731451399, -196.9840755292238, -194.4017457710484, -193.75394353311003, -172.5849598191294, -144.9163601843784, -144.5098799638122, -119.6789138826375, -119.53338183357056, -107.45837168117659, -105.49937100040788, -95.1909937931514, -85.41926577166943, -77.34308621853297, -60.56041622227008, -19.65788926803626, -16.74518768263467, -13.719402302108403, 10.178796790507759, 31.12027905920427, 40.69898986216935, 50.09032867204584, 57.290535515424786, 60.51441689036072, 63.47489586756552, 65.395531990224, 68.71330703108626, 74.2233202149037, 79.16074531670823, 87.50520028403979, 90.28646231697512, 91.95773979158345, 95.24073532592021, 96.09581961281374, 96.50341248035636, 97.90553231413178, 98.27346635731779, 98.35872828331676, 99.89253842063019, 104.00039883786899, 104.79584301893571, 105.40349710769756, 106.26867976298877, 106.37916921043517, 106.67969423997131, 107.68792314282867, 107.72369032284489, 108.79454915391223, 109.15712102315346, 109.71287331230647, 111.4630258761226, 112.59201367677376, 113.4530990931055, 114.85996346749971, 115.04838323377467, 115.77027450439896, 116.29805012422126, 116.38499266629886, 119.01062500757773, 129.79664443488912]
maximum traj length 200
num training_obs 1593
num training_labels 1593
num val_obs 177
num val_labels 177
device: cuda:0
Early stopping.
Trained Weights: OrderedDict([('fc1.weight', tensor([[-0.0196,  0.0216, -0.0152,  ...,  0.0473,  0.0643,  0.0007],
        [-0.0211,  0.0611, -0.0283,  ..., -0.0433, -0.0383,  0.1422],
        [ 0.0349,  0.0699,  0.0232,  ..., -0.0202,  0.0014, -0.0173],
        ...,
        [-0.0536,  0.0898,  0.0121,  ...,  0.0456,  0.1665,  0.0234],
        [ 0.0228,  0.1435,  0.0601,  ..., -0.1072, -0.1553, -0.0013],
        [ 0.0198, -0.0978,  0.1740,  ...,  0.0068,  0.0482, -0.0406]],
       device='cuda:0')), ('fc1.bias', tensor([ 3.2230e-02, -1.5040e-01, -2.8387e-02,  2.6622e-01, -1.3138e-01,
         9.2250e-02,  7.0194e-03,  1.9049e-01, -1.9088e-04,  1.8650e-01,
        -9.1741e-02, -1.9016e-01, -1.1180e-01,  1.2055e-01, -8.7549e-02,
         1.8969e-04,  7.0012e-02, -1.3762e-01, -1.1425e-02, -5.2295e-02,
         1.4837e-01,  9.1084e-02, -3.3237e-02,  2.5411e-02,  9.9608e-02,
        -1.4948e-01,  9.8196e-02,  2.0327e-02,  3.2127e-03, -4.1336e-02,
         4.9694e-02,  9.5772e-03,  4.5346e-02, -4.6232e-02, -2.9075e-03,
        -6.5861e-02, -3.2118e-02, -3.1279e-02, -1.4632e-02,  5.6885e-02,
         2.2318e-01,  1.7794e-02,  7.3622e-02, -1.5545e-01,  2.1505e-02,
         1.8749e-01, -1.2219e-01, -8.1092e-02,  1.5816e-01,  1.0782e-01,
        -8.6775e-02,  8.1947e-02, -1.0550e-01, -7.1833e-02, -1.1851e-01,
        -3.8151e-02,  9.8471e-02,  1.0360e-01,  1.5604e-01, -5.3286e-02,
        -1.0918e-01,  1.8349e-01,  5.3403e-02, -7.2289e-02,  2.8321e-02,
         1.2564e-02,  3.5026e-02,  4.0409e-02,  4.5142e-02,  7.1833e-03,
        -1.2918e-01,  2.2542e-01,  7.1025e-02, -2.0051e-02, -6.1514e-02,
        -2.2888e-03, -9.0813e-03, -1.0538e-01, -7.7049e-03,  1.3403e-01,
        -8.1534e-02, -1.1768e-01, -8.9177e-02,  1.0978e-01,  1.2684e-03,
         1.5216e-01, -1.3666e-01, -1.2535e-01, -8.2749e-02,  3.9401e-02,
        -1.2200e-01,  5.1863e-02, -1.7923e-01, -3.0257e-02, -2.6422e-02,
        -7.3104e-02,  1.3899e-01, -4.5062e-02, -1.9060e-01, -6.4416e-03,
         9.7767e-02,  8.1132e-02,  4.3196e-02,  1.5579e-01,  2.8116e-02,
        -3.0512e-02, -3.4876e-02, -1.0151e-01,  7.3375e-02, -3.1477e-02,
        -2.8512e-02,  1.4999e-01,  1.5073e-03, -8.8510e-02,  3.9434e-02,
        -7.3610e-02,  1.1795e-01, -2.0256e-01, -1.2637e-02, -1.6990e-02,
        -6.0041e-02,  9.2441e-02,  7.0340e-02, -7.4411e-02, -5.3230e-02,
        -1.6491e-02, -1.2013e-01,  5.0582e-02], device='cuda:0')), ('fc2.weight', tensor([[-0.0156, -0.0387,  0.0073,  ..., -0.0909,  0.0816, -0.1221],
        [ 0.0357, -0.0465,  0.0280,  ..., -0.0535,  0.0214, -0.0329],
        [ 0.0045, -0.0619,  0.0039,  ...,  0.0422,  0.0394, -0.0685],
        ...,
        [-0.0024, -0.0501, -0.0004,  ...,  0.0591,  0.0321, -0.0924],
        [ 0.0005,  0.0060, -0.0006,  ...,  0.0006, -0.0023, -0.0076],
        [ 0.0091,  0.0008, -0.0023,  ...,  0.0089,  0.0115, -0.0049]],
       device='cuda:0')), ('fc2.bias', tensor([-0.1256, -0.0502,  0.0379, -0.0646,  0.1208,  0.0514, -0.0548,  0.0585,
         0.0238, -0.0076, -0.0081,  0.0635, -0.0030, -0.0555, -0.0671,  0.0043,
         0.0883, -0.0474, -0.0661, -0.0028, -0.0390,  0.0141, -0.0205, -0.0350,
         0.0915, -0.0223,  0.1188, -0.0261,  0.0618,  0.0618, -0.0198, -0.0913,
        -0.0961, -0.0980, -0.0511, -0.0755, -0.0350, -0.0329, -0.0622,  0.0739,
         0.0324, -0.0731,  0.0116, -0.0129,  0.0157, -0.0396,  0.0033,  0.1264,
        -0.0454, -0.0147,  0.0266, -0.0478, -0.0385,  0.0488, -0.0248,  0.0973,
        -0.0267, -0.0034, -0.0010, -0.0725,  0.0431, -0.0852, -0.0399, -0.0208],
       device='cuda:0')), ('fc3.weight', tensor([[ 0.0675,  0.0330, -0.0478,  0.0225, -0.0148,  0.0133,  0.0007,  0.0083,
         -0.0316,  0.0170,  0.0052, -0.0022,  0.0023,  0.0148, -0.0205, -0.0072,
         -0.0656,  0.0303,  0.0117, -0.0065, -0.0053, -0.0107, -0.0186,  0.0518,
         -0.0281,  0.1273, -0.0294,  0.0581, -0.0490, -0.0240, -0.0145, -0.0151,
         -0.0233, -0.0194, -0.0142, -0.0244, -0.0027,  0.0217, -0.0558, -0.0348,
         -0.0312,  0.0114,  0.0769, -0.0089, -0.0322, -0.0512,  0.0165, -0.0113,
          0.0299, -0.0426, -0.0309, -0.0401, -0.0525, -0.0412, -0.0644, -0.0323,
         -0.0241, -0.0211, -0.0022,  0.0076, -0.0269,  0.0182,  0.0050, -0.0510]],
       device='cuda:0'))])
0 -152.81449341773987 -226.2241731451399
1 -132.70224457979202 -196.9840755292238
2 -143.69788151979446 -194.4017457710484
3 -145.7006540298462 -193.75394353311003
4 -138.86101180315018 -172.5849598191294
5 -133.8204305768013 -144.9163601843784
6 -131.109508395195 -144.5098799638122
7 -111.5539939403534 -119.6789138826375
8 -125.99344712495804 -119.53338183357056
9 -97.97319709509611 -107.45837168117659
10 -121.3225539624691 -105.49937100040788
11 -119.14104759693146 -95.1909937931514
12 -109.93117668479681 -85.41926577166943
13 -128.00742256641388 -77.34308621853297
14 -98.92286722362041 -60.56041622227008
15 -93.43011770397425 -19.65788926803626
16 -96.73777354470803 -16.74518768263467
17 -114.8610559515655 -13.719402302108403
18 -123.27592051029205 10.178796790507759
19 -118.52009274438024 31.12027905920427
20 -102.23077064752579 40.69898986216935
21 -106.54799439758062 50.09032867204584
22 -122.31275747716427 57.290535515424786
23 -98.6482950784266 60.51441689036072
24 -123.65248194336891 63.47489586756552
25 -94.76948116719723 65.395531990224
26 -93.60764520987868 68.71330703108626
27 -111.01802077144384 74.2233202149037
28 -122.37972360476851 79.16074531670823
29 -122.82665085047483 87.50520028403979
30 -113.2372070401907 90.28646231697512
31 -103.60206197202206 91.95773979158345
32 -107.87335228559095 95.24073532592021
33 -114.40939582884312 96.09581961281374
34 -103.7308705970645 96.50341248035636
35 -98.1691092280671 97.90553231413178
36 -120.49990566866472 98.27346635731779
37 -106.89051469042897 98.35872828331676
38 -101.73006267100573 99.89253842063019
39 -105.2000337857753 104.00039883786899
40 -116.15843896567822 104.79584301893571
41 -110.98846851289272 105.40349710769756
42 -106.94794265180826 106.26867976298877
43 -107.35932463407516 106.37916921043517
44 -102.07880732044578 106.67969423997131
45 -105.7605163436383 107.68792314282867
46 -89.9622067885648 107.72369032284489
47 -94.9573374055326 108.79454915391223
48 -107.2975776810199 109.15712102315346
49 -100.64797870442271 109.71287331230647
50 -102.59320588037372 111.4630258761226
51 -108.97924543172121 112.59201367677376
52 -105.74011845327914 113.4530990931055
53 -100.13365889340639 114.85996346749971
54 -107.19055373966694 115.04838323377467
55 -109.0695087313652 115.77027450439896
56 -104.32253365963697 116.29805012422126
57 -100.31918511516415 116.38499266629886
58 -83.11586466431618 119.01062500757773
59 -85.74758234620094 129.79664443488912
train accuracy: 0.7106089139987445
validation accuracy: 0.6892655367231638
