demo lengths 200
demos: (60, 200, 25)
demo_rewards: (60,)
[-226.2241731451399, -196.9840755292238, -194.4017457710484, -193.75394353311003, -172.5849598191294, -144.9163601843784, -144.5098799638122, -119.6789138826375, -119.53338183357056, -107.45837168117659, -105.49937100040788, -95.1909937931514, -85.41926577166943, -77.34308621853297, -60.56041622227008, -19.65788926803626, -16.74518768263467, -13.719402302108403, 10.178796790507759, 31.12027905920427, 40.69898986216935, 50.09032867204584, 57.290535515424786, 60.51441689036072, 63.47489586756552, 65.395531990224, 68.71330703108626, 74.2233202149037, 79.16074531670823, 87.50520028403979, 90.28646231697512, 91.95773979158345, 95.24073532592021, 96.09581961281374, 96.50341248035636, 97.90553231413178, 98.27346635731779, 98.35872828331676, 99.89253842063019, 104.00039883786899, 104.79584301893571, 105.40349710769756, 106.26867976298877, 106.37916921043517, 106.67969423997131, 107.68792314282867, 107.72369032284489, 108.79454915391223, 109.15712102315346, 109.71287331230647, 111.4630258761226, 112.59201367677376, 113.4530990931055, 114.85996346749971, 115.04838323377467, 115.77027450439896, 116.29805012422126, 116.38499266629886, 119.01062500757773, 129.79664443488912]
maximum traj length 200
num training_obs 1593
num training_labels 1593
num val_obs 177
num val_labels 177
device: cuda:0
Early stopping.
Trained Weights: OrderedDict([('fc1.weight', tensor([[ 0.0282, -0.0165,  0.0057,  ..., -0.0346, -0.0515,  0.1162],
        [-0.0075,  0.0986,  0.0342,  ...,  0.0884, -0.0313, -0.1522],
        [-0.1582, -0.0861,  0.0090,  ...,  0.1413,  0.1259, -0.0325],
        ...,
        [ 0.0489,  0.0390,  0.0268,  ...,  0.0348,  0.0404,  0.0400],
        [ 0.1124,  0.0818, -0.0323,  ..., -0.0670,  0.0198,  0.0993],
        [ 0.0698, -0.1318, -0.0066,  ...,  0.2049,  0.1869,  0.1110]],
       device='cuda:0')), ('fc1.bias', tensor([-0.0569,  0.1513,  0.2126,  0.0389, -0.1808,  0.0728,  0.1799,  0.1072,
        -0.1690,  0.1719, -0.0639, -0.0303, -0.0112, -0.0490, -0.1136,  0.0581,
        -0.0146,  0.0589,  0.1043,  0.0422,  0.0093,  0.0067,  0.0298, -0.0295,
         0.2009, -0.0119,  0.0350, -0.0060, -0.1174, -0.1572,  0.0845,  0.1614,
         0.0782, -0.1241,  0.0237, -0.0195, -0.0244,  0.2345, -0.0339, -0.1223,
        -0.0499, -0.0022, -0.0389, -0.0185,  0.0062,  0.1533,  0.0392, -0.0136,
        -0.1167, -0.1111, -0.0272, -0.0462, -0.0916, -0.1204, -0.1648,  0.2146,
         0.1012,  0.0453, -0.1774,  0.0496,  0.0485,  0.0572, -0.0483, -0.0478,
         0.1148, -0.0938, -0.0873, -0.0628,  0.1274, -0.0518,  0.0085, -0.0059,
         0.0421, -0.1481, -0.0249,  0.1672,  0.0735, -0.1915, -0.0333,  0.0213,
        -0.0159,  0.1195,  0.1182, -0.0298,  0.0412,  0.1944,  0.1535, -0.0703,
         0.0245,  0.0333, -0.1427, -0.0206, -0.0207,  0.0450, -0.0629, -0.0540,
        -0.0640,  0.0619, -0.0359, -0.0065, -0.0367,  0.0872, -0.0062,  0.1533,
        -0.0388, -0.1622, -0.0287, -0.0454, -0.0556, -0.0238, -0.0857,  0.0495,
         0.0130, -0.0782,  0.1661, -0.0125, -0.1471,  0.0815, -0.1530, -0.1446,
        -0.0007,  0.0212, -0.0201, -0.0587,  0.0687,  0.0263, -0.0662,  0.1505],
       device='cuda:0')), ('fc2.weight', tensor([[ 0.0015, -0.0284, -0.0684,  ...,  0.0038, -0.0316, -0.0594],
        [ 0.0539, -0.0386,  0.0303,  ...,  0.0082,  0.0485,  0.0144],
        [ 0.0440,  0.0515,  0.0331,  ...,  0.0171,  0.0304,  0.0761],
        ...,
        [ 0.0023, -0.0145, -0.0342,  ...,  0.0052, -0.0006, -0.0403],
        [-0.0044, -0.0326, -0.0583,  ...,  0.0034, -0.0501, -0.0699],
        [-0.0349,  0.0949,  0.0832,  ...,  0.0303,  0.0192,  0.0508]],
       device='cuda:0')), ('fc2.bias', tensor([-0.1272,  0.0002, -0.0209,  0.0431,  0.1273, -0.0635,  0.0109, -0.0156,
        -0.0015, -0.0247,  0.0159, -0.0477,  0.0324, -0.0199, -0.0118, -0.0576,
         0.0127, -0.0777, -0.0223, -0.1038, -0.0248,  0.0022, -0.0243,  0.0091,
         0.0159,  0.0139, -0.0148,  0.0081,  0.0044, -0.0635, -0.0322,  0.0502,
        -0.0241, -0.0016,  0.0784, -0.0865,  0.0088, -0.0114,  0.0175, -0.0184,
         0.0555,  0.0429,  0.0030,  0.0357, -0.0469, -0.0413,  0.0033,  0.0756,
         0.0068,  0.0593, -0.0136,  0.1025, -0.0198, -0.0409,  0.0445, -0.0022,
        -0.0130, -0.0591, -0.0193,  0.0128,  0.0273, -0.0518, -0.0242,  0.0127],
       device='cuda:0')), ('fc3.weight', tensor([[ 0.0183,  0.0316,  0.0234, -0.0361, -0.1762,  0.0843, -0.0603, -0.0400,
          0.1114, -0.0285, -0.0813,  0.0814,  0.0185, -0.0283,  0.0026,  0.0153,
         -0.0925,  0.0037,  0.0554, -0.0168,  0.0146,  0.0420,  0.0101,  0.0541,
         -0.0486, -0.1155, -0.0199,  0.0022,  0.0281,  0.0077,  0.0467,  0.0101,
         -0.0318, -0.0012,  0.0485, -0.0265, -0.0289,  0.0376, -0.0758,  0.0250,
         -0.0323,  0.0872,  0.0315,  0.0938,  0.0150,  0.0358,  0.0317, -0.1013,
         -0.0070,  0.0622,  0.0128, -0.0315, -0.0555, -0.1027,  0.0391, -0.0379,
         -0.0138,  0.0337, -0.0537, -0.0027,  0.0242,  0.0071,  0.0319, -0.0461]],
       device='cuda:0'))])
0 -387.95291018486023 -226.2241731451399
1 -298.48098850250244 -196.9840755292238
2 -338.3931533098221 -194.4017457710484
3 -331.3487550020218 -193.75394353311003
4 -272.4366499185562 -172.5849598191294
5 -260.9946714043617 -144.9163601843784
6 -334.8296957015991 -144.5098799638122
7 -272.2796114683151 -119.6789138826375
8 -288.620010137558 -119.53338183357056
9 -202.10631926823407 -107.45837168117659
10 -298.39906668663025 -105.49937100040788
11 -290.9172739982605 -95.1909937931514
12 -249.79873761162162 -85.41926577166943
13 -234.93699365854263 -77.34308621853297
14 -245.55545961298048 -60.56041622227008
15 -243.70469683781266 -19.65788926803626
16 -231.4442536700517 -16.74518768263467
17 -278.3554774187505 -13.719402302108403
18 -249.670323677361 10.178796790507759
19 -228.86890809237957 31.12027905920427
20 -258.04044649749994 40.69898986216935
21 -198.97993098013103 50.09032867204584
22 -258.8216825425625 57.290535515424786
23 -179.64838264882565 60.51441689036072
24 -284.0982310026884 63.47489586756552
25 -202.94727249629796 65.395531990224
26 -206.41465640626848 68.71330703108626
27 -268.35379461944103 74.2233202149037
28 -274.28129636496305 79.16074531670823
29 -283.173093393445 87.50520028403979
30 -250.59991281665862 90.28646231697512
31 -241.2173632234335 91.95773979158345
32 -249.06575783528388 95.24073532592021
33 -233.65823255479336 96.09581961281374
34 -226.08220741152763 96.50341248035636
35 -247.51075933873653 97.90553231413178
36 -251.02282742410898 98.27346635731779
37 -234.63856880553067 98.35872828331676
38 -198.08390718698502 99.89253842063019
39 -199.7001150250435 104.00039883786899
40 -226.3653735909611 104.79584301893571
41 -229.24044427275658 105.40349710769756
42 -266.86260771751404 106.26867976298877
43 -170.60286951810122 106.37916921043517
44 -231.62177406996489 106.67969423997131
45 -203.95587269961834 107.68792314282867
46 -226.42214707285166 107.72369032284489
47 -235.11756448447704 108.79454915391223
48 -232.65822769887745 109.15712102315346
49 -234.93942850083113 109.71287331230647
50 -249.17299728095531 111.4630258761226
51 -195.0233719497919 112.59201367677376
52 -200.44064845889807 113.4530990931055
53 -169.52031709253788 114.85996346749971
54 -206.9228621572256 115.04838323377467
55 -185.39232164621353 115.77027450439896
56 -189.69680723175406 116.29805012422126
57 -237.88580442219973 116.38499266629886
58 -164.645093023777 119.01062500757773
59 -164.98715925216675 129.79664443488912
train accuracy: 0.7520401757689893
validation accuracy: 0.7627118644067796
