demo lengths 200
demos: (60, 200, 25)
demo_rewards: (60,)
[-226.2241731451399, -196.9840755292238, -194.4017457710484, -193.75394353311003, -172.5849598191294, -144.9163601843784, -144.5098799638122, -119.6789138826375, -119.53338183357056, -107.45837168117659, -105.49937100040788, -95.1909937931514, -85.41926577166943, -77.34308621853297, -60.56041622227008, -19.65788926803626, -16.74518768263467, -13.719402302108403, 10.178796790507759, 31.12027905920427, 40.69898986216935, 50.09032867204584, 57.290535515424786, 60.51441689036072, 63.47489586756552, 65.395531990224, 68.71330703108626, 74.2233202149037, 79.16074531670823, 87.50520028403979, 90.28646231697512, 91.95773979158345, 95.24073532592021, 96.09581961281374, 96.50341248035636, 97.90553231413178, 98.27346635731779, 98.35872828331676, 99.89253842063019, 104.00039883786899, 104.79584301893571, 105.40349710769756, 106.26867976298877, 106.37916921043517, 106.67969423997131, 107.68792314282867, 107.72369032284489, 108.79454915391223, 109.15712102315346, 109.71287331230647, 111.4630258761226, 112.59201367677376, 113.4530990931055, 114.85996346749971, 115.04838323377467, 115.77027450439896, 116.29805012422126, 116.38499266629886, 119.01062500757773, 129.79664443488912]
maximum traj length 200
num training_obs 1593
num training_labels 1593
num val_obs 177
num val_labels 177
device: cuda:0
Early stopping.
Trained Weights: OrderedDict([('fc1.weight', tensor([[-0.0357,  0.0025,  0.0021,  ...,  0.0038, -0.0567, -0.0081],
        [-0.0064,  0.0013, -0.0014,  ...,  0.0025, -0.0043,  0.0009],
        [ 0.0977,  0.0901,  0.0336,  ...,  0.1023, -0.0125,  0.1126],
        ...,
        [-0.1110, -0.0513,  0.0539,  ..., -0.0734, -0.0963, -0.1408],
        [-0.0265,  0.0014, -0.0014,  ..., -0.0017, -0.0622,  0.0201],
        [-0.1826,  0.0606, -0.0085,  ..., -0.0120, -0.0436, -0.0023]],
       device='cuda:0')), ('fc1.bias', tensor([-3.6774e-02, -5.4455e-03, -1.0757e-01, -2.2219e-01, -1.6414e-01,
        -3.7061e-02, -8.6600e-02,  7.3811e-02, -9.6763e-02,  5.0609e-02,
         6.2433e-02,  9.1983e-02, -1.2705e-01, -8.0632e-02, -7.8733e-02,
        -8.2361e-03,  1.0169e-01,  8.2593e-02,  4.3805e-02, -2.9127e-02,
         6.7952e-02,  1.5566e-01,  4.1781e-02, -9.8858e-02,  6.8644e-04,
         1.7329e-02, -5.0504e-03,  9.2637e-02,  2.2100e-01, -7.8246e-03,
        -2.8103e-02, -1.8720e-02, -4.7176e-02,  2.5285e-02, -2.5355e-04,
         4.7334e-02, -8.2047e-02,  2.1706e-01,  9.4869e-02,  8.2729e-02,
        -5.5238e-02,  1.3648e-01,  9.9232e-02, -2.1405e-02,  1.6181e-01,
        -2.0111e-01, -2.3876e-02,  1.7475e-01,  1.6288e-02, -1.8673e-02,
         2.3452e-02, -1.3842e-02, -6.6276e-02, -1.5064e-01,  9.9331e-02,
         4.3153e-02, -4.8192e-02, -7.9637e-02, -1.6189e-01,  6.9342e-02,
        -8.3998e-03, -1.4558e-01,  8.9409e-04, -3.7789e-04,  6.1393e-02,
        -6.8594e-03, -1.3098e-01, -5.4255e-02, -3.1287e-02, -1.3540e-02,
        -1.3381e-01, -6.8412e-02, -2.3575e-02, -3.6610e-02, -6.5639e-02,
         1.5806e-01,  8.0456e-02, -2.6000e-02, -1.5571e-01, -6.6339e-02,
        -3.7938e-02,  1.8538e-01, -1.4494e-01,  8.7822e-02, -1.8904e-01,
        -5.8961e-02, -1.0886e-01, -1.0731e-01,  8.2496e-02,  8.7663e-02,
         1.9941e-01,  2.7226e-01, -2.2439e-02,  9.3886e-02,  7.0367e-02,
         6.1673e-02, -1.1371e-01,  1.0407e-01, -3.3153e-03,  2.0704e-01,
        -1.5963e-02, -6.3755e-02, -4.6437e-02,  6.5381e-02, -5.7164e-02,
         9.8501e-02, -3.0213e-03, -1.4337e-02,  1.0311e-01,  1.7092e-01,
        -9.4046e-04,  9.9149e-02, -5.3460e-02,  5.1118e-02, -8.2109e-02,
        -1.4133e-02, -1.1296e-01,  1.0526e-01, -5.3033e-02, -4.9550e-03,
        -6.6112e-04, -2.0504e-01,  5.8929e-04,  1.7606e-02, -1.5268e-02,
        -1.1468e-01,  8.9890e-03, -9.9873e-02], device='cuda:0')), ('fc2.weight', tensor([[-4.4163e-04, -8.8946e-04,  3.9597e-02,  ...,  2.8933e-03,
          4.9227e-03,  2.6850e-02],
        [ 1.5743e-03,  1.0632e-04,  5.8158e-03,  ...,  4.5892e-03,
         -3.0747e-03,  1.7113e-03],
        [-1.2043e-03,  6.1326e-06,  1.0334e-01,  ..., -1.3939e-02,
          2.6638e-04,  5.1486e-02],
        ...,
        [ 1.3745e-04, -4.2820e-04,  1.0131e-01,  ..., -2.1225e-03,
          2.7740e-04,  4.6781e-02],
        [-1.6110e-03, -1.0136e-03, -5.4220e-02,  ..., -2.3329e-02,
          1.7166e-02,  4.1607e-02],
        [-1.1013e-03,  9.5876e-04, -2.9534e-02,  ...,  1.0671e-02,
          1.4247e-03,  1.2647e-03]], device='cuda:0')), ('fc2.bias', tensor([-0.0801, -0.0546, -0.1057,  0.0011, -0.0304,  0.0428, -0.0105,  0.0379,
        -0.1032, -0.0183,  0.0032, -0.0771, -0.0604, -0.0493,  0.0484, -0.0805,
         0.0047, -0.0410, -0.0473, -0.0074, -0.0384,  0.1579, -0.0197,  0.0005,
         0.0983, -0.0286, -0.1196, -0.0735, -0.0975, -0.0686,  0.0055,  0.0600,
        -0.0081, -0.0797, -0.0347, -0.0267, -0.0653, -0.0361, -0.0269, -0.0983,
        -0.0069, -0.0617,  0.0386,  0.0520, -0.0125, -0.0018, -0.0307, -0.0022,
         0.0266, -0.0216,  0.0292,  0.0161,  0.0137, -0.0224, -0.0080, -0.0080,
        -0.0190, -0.0908,  0.0156, -0.0068,  0.0032, -0.0182,  0.0143, -0.1170],
       device='cuda:0')), ('fc3.weight', tensor([[-0.0131, -0.0105, -0.0281,  0.0446,  0.0329, -0.0263, -0.0347, -0.0131,
          0.0898, -0.0665,  0.0887,  0.0043, -0.0643, -0.0128,  0.0039,  0.0138,
         -0.0185, -0.0188,  0.0846,  0.0189,  0.0757, -0.0493, -0.0040, -0.0041,
         -0.0021,  0.0617, -0.0557, -0.0541, -0.0213, -0.1028,  0.0006, -0.0102,
          0.0140,  0.0055,  0.0221, -0.0431, -0.0287, -0.0489,  0.0340,  0.0006,
         -0.0452, -0.0414, -0.0436,  0.0668, -0.0240, -0.0429,  0.0029, -0.0355,
         -0.0004, -0.0180, -0.0143, -0.0501,  0.0001, -0.0145, -0.0286, -0.0462,
         -0.0108,  0.0505, -0.0015,  0.0356,  0.0248, -0.0402, -0.0041, -0.0303]],
       device='cuda:0'))])
0 -34.29915504157543 -226.2241731451399
1 -30.325847014784813 -196.9840755292238
2 -35.767792001366615 -194.4017457710484
3 -32.90469586849213 -193.75394353311003
4 -30.354736000299454 -172.5849598191294
5 -34.79968382418156 -144.9163601843784
6 -29.369396775960922 -144.5098799638122
7 -21.081290386617184 -119.6789138826375
8 -28.182933375239372 -119.53338183357056
9 -20.027356820181012 -107.45837168117659
10 -23.686297859065235 -105.49937100040788
11 -26.84547045081854 -95.1909937931514
12 -21.709631353616714 -85.41926577166943
13 -26.35444585978985 -77.34308621853297
14 -17.740702129900455 -60.56041622227008
15 -18.802681704051793 -19.65788926803626
16 -14.789216432720423 -16.74518768263467
17 -19.879051227122545 -13.719402302108403
18 -18.911274010315537 10.178796790507759
19 -19.422328043729067 31.12027905920427
20 -16.18653046619147 40.69898986216935
21 -18.279615934938192 50.09032867204584
22 -18.468827860429883 57.290535515424786
23 -18.650438703596592 60.51441689036072
24 -22.942291792482138 63.47489586756552
25 -16.0718754150148 65.395531990224
26 -14.75969340838492 68.71330703108626
27 -20.702156590297818 74.2233202149037
28 -19.155132457613945 79.16074531670823
29 -19.49080348946154 87.50520028403979
30 -18.396904064837145 90.28646231697512
31 -19.554908206686378 91.95773979158345
32 -18.49555760109797 95.24073532592021
33 -16.486315885558724 96.09581961281374
34 -13.60674128640676 96.50341248035636
35 -13.875995047390461 97.90553231413178
36 -20.938025874551386 98.27346635731779
37 -16.826039232313633 98.35872828331676
38 -18.668070850428194 99.89253842063019
39 -15.856653301976621 104.00039883786899
40 -18.864426286891103 104.79584301893571
41 -16.793952035717666 105.40349710769756
42 -18.007436528801918 106.26867976298877
43 -15.888650879263878 106.37916921043517
44 -11.155068967025727 106.67969423997131
45 -17.551429361104965 107.68792314282867
46 -14.731645539402962 107.72369032284489
47 -16.88852562289685 108.79454915391223
48 -15.696218956261873 109.15712102315346
49 -13.854743449483067 109.71287331230647
50 -14.935602057725191 111.4630258761226
51 -15.727818176150322 112.59201367677376
52 -12.178707669023424 113.4530990931055
53 -14.677250681445003 114.85996346749971
54 -13.724804054945707 115.04838323377467
55 -14.515870698029175 115.77027450439896
56 -16.96396549977362 116.29805012422126
57 -15.878731647739187 116.38499266629886
58 -10.789015974849463 119.01062500757773
59 -12.097173981775995 129.79664443488912
train accuracy: 0.8217200251098556
validation accuracy: 0.7966101694915254
