demo lengths 200
demos: (120, 200, 3)
demo_rewards: (120,)
[-191.10004521 -189.05007017 -187.50220085 -180.24009179 -171.96137924
 -169.38170168 -167.87631268 -164.27567046 -163.76742237 -156.07868959
 -155.22804552 -145.29002069 -142.8665728  -142.75441848 -136.98962801
 -132.4813577  -130.98347157 -118.24362226 -117.38411415 -116.97382686
 -115.06704102 -112.47832646 -103.24187681  -99.7422753   -98.18526662
  -88.94674758  -85.88346862  -79.38307722  -79.25112655  -73.50697856
  -72.69803192  -71.37326168  -68.27187815  -65.42298163  -65.35816021
  -49.31867416  -17.32544162   -4.37451128   -0.4258659     9.10814675
   17.73263018   40.64550157   41.11774839   48.64917674   52.5026004
   52.54502853   59.52827492   63.45606317   66.31570759   67.13050508
   72.16624272   79.16074532   84.19837606   89.30707154   90.26988507
   90.28646232   90.32667007   91.18021498   92.38187518   92.67153902
   93.69474939   93.8611286    95.24073533   95.36301018   96.09581961
   97.90553231   98.07644231   98.35872828   98.5733471    98.77895391
   99.10163704   99.47183808  101.36707045  102.70820969  103.61971442
  104.00039884  104.94014609  105.28448326  105.60678193  106.95774051
  107.03525723  107.05410486  107.36477417  107.72369032  107.78006758
  107.99397436  108.08910889  108.09776529  108.24033507  109.15712102
  109.71287331  110.25063891  110.45880856  110.48639228  111.92877272
  112.2946742   112.73910566  112.98274531  113.8461648   114.8461224
  115.08707834  115.41025719  115.56466246  115.87882503  116.51927592
  116.69939038  117.18809855  117.29357602  117.43241924  119.84073496
  122.74776107  124.10172315  124.42382576  124.4817957   125.25908938
  125.30457668  125.43458549  129.13346806  129.67718524  131.40806577]
maximum traj length 200
num training_obs 40
num training_labels 40
num val_obs 5
num val_labels 5
device: cpu
end of epoch 0: val_loss 1.8775768041610719, val_acc 0.6
trigger times: 0
saving model weights...
Weights: OrderedDict([('fc1.weight', tensor([[ 4.9869e-02,  1.2275e-02, -1.2889e-01],
        [-1.9588e-01,  3.6830e-02, -3.6007e-02],
        [ 3.8375e-02,  1.5003e-01, -7.5821e-03],
        [ 2.3800e-02,  9.0751e-03,  3.6745e-03],
        [-1.9312e-01, -5.1717e-02,  2.3083e-02],
        [ 6.0802e-02, -1.3179e-02,  5.7506e-02],
        [-7.4190e-02,  3.0012e-02, -3.3423e-02],
        [ 3.6527e-01, -1.0163e-02,  1.0346e-01],
        [ 1.4008e-02, -4.4715e-03,  1.8546e-01],
        [-1.7931e-01, -3.8233e-02,  4.3565e-03],
        [ 2.4025e-02,  1.4878e-01, -4.5776e-02],
        [-2.6160e-01, -6.2572e-02, -1.9705e-01],
        [-2.3833e-01,  1.9241e-01,  3.5418e-02],
        [ 5.4872e-02, -1.3999e-02,  9.9321e-03],
        [ 1.0027e-02, -1.8227e-01, -7.8263e-02],
        [-1.8517e-01,  1.0422e-01,  1.2757e-02],
        [-2.7277e-01,  1.9175e-02,  8.0752e-02],
        [ 4.1458e-01, -5.9280e-04,  3.3702e-03],
        [ 2.0328e-01, -2.2610e-02,  1.7706e-03],
        [-2.6257e-01, -5.9716e-02, -1.5392e-02],
        [ 1.3679e-01, -1.9485e-02, -1.4853e-02],
        [-1.6448e-02,  2.8665e-02, -3.7801e-04],
        [-3.3979e-02,  8.9031e-03,  1.1543e-01],
        [ 2.1436e-01, -1.0174e-01,  1.4130e-02],
        [ 8.8768e-04,  1.6164e-01,  1.8425e-01],
        [ 3.6886e-01, -1.6973e-02, -1.6756e-01],
        [ 7.7554e-03, -3.6167e-02, -1.8121e-01],
        [ 5.0440e-01,  1.9014e-01, -2.1522e-01],
        [ 1.7963e-02,  1.6830e-03,  7.5046e-03],
        [ 1.6852e-02,  6.2830e-03, -2.3893e-02],
        [ 1.6223e-02,  5.5779e-02,  1.5210e-01],
        [-2.2867e-02, -2.1099e-01, -4.6140e-02],
        [ 2.7078e-01, -1.4117e-02, -1.0515e-01],
        [-1.8374e-02,  2.2887e-01,  5.9686e-02],
        [ 5.2829e-03,  1.8285e-02, -1.9166e-01],
        [-5.9541e-02, -8.8368e-02, -1.0844e-01],
        [ 2.4399e-02, -9.1173e-03,  1.1737e-02],
        [ 4.9217e-02, -3.0114e-02,  1.9508e-01],
        [ 3.8003e-01, -1.3660e-01,  2.5347e-02],
        [ 7.2476e-02, -1.2797e-02,  1.5859e-02],
        [ 2.1678e-01, -1.5961e-02,  6.2822e-03],
        [-1.2905e-02, -1.9516e-01, -2.4037e-02],
        [ 1.3038e-03,  1.1090e-02,  2.1209e-02],
        [-1.2701e-01, -5.5735e-03,  5.6312e-03],
        [-5.2742e-02,  9.8303e-03,  7.4012e-02],
        [ 1.7193e-02,  1.7869e-02, -4.9095e-03],
        [ 8.3929e-03,  7.9486e-02,  1.9044e-01],
        [ 2.3965e-01,  2.2739e-01, -7.0095e-03],
        [-2.9812e-01,  2.0971e-02,  7.6412e-02],
        [-2.8202e-02,  7.1681e-03, -9.8952e-02],
        [-1.8469e-01, -1.3645e-01, -7.3264e-03],
        [ 1.9803e-01,  4.2825e-03, -1.9777e-01],
        [ 1.0421e-01, -1.0714e-01,  3.3956e-02],
        [ 2.3922e-02, -9.1168e-03, -9.0138e-03],
        [-3.2131e-01, -1.4546e-01, -2.1861e-02],
        [-8.5868e-04,  1.6756e-02, -2.4554e-02],
        [-1.6301e-01, -2.3382e-03,  1.5410e-01],
        [ 2.4217e-02,  1.7675e-01, -2.4451e-02],
        [-1.6500e-01,  6.2295e-02,  2.0386e-03],
        [-6.4769e-02,  1.3616e-01, -1.3560e-01],
        [-5.2686e-03, -6.8247e-03,  7.4426e-02],
        [ 5.2232e-02, -2.0101e-02, -3.5428e-03],
        [-1.0760e-04, -5.1123e-03, -1.2650e-01],
        [ 2.2517e-01,  1.3231e-01,  7.7830e-02],
        [-6.8447e-02, -2.7764e-03, -7.0599e-02],
        [-6.3741e-03, -2.0146e-02, -2.2998e-02],
        [-3.1807e-01,  2.1085e-02, -1.2828e-02],
        [ 2.1224e-01, -9.4783e-02, -8.0228e-02],
        [-1.3184e-01,  8.3808e-02,  1.1214e-02],
        [ 3.2819e-01, -3.5017e-02,  1.3197e-02],
        [ 7.4578e-04, -8.6120e-03, -6.1888e-04],
        [-1.5138e-01,  7.0239e-03, -1.3718e-02],
        [-1.2048e-01, -4.0266e-04,  1.1691e-01],
        [-3.1873e-01,  1.4121e-02,  2.2081e-01],
        [-2.4460e-02,  2.0177e-03, -1.4803e-01],
        [ 2.9277e-01, -7.4014e-02,  2.6547e-02],
        [ 2.2395e-02, -6.2480e-03,  2.1190e-03],
        [ 2.5355e-01, -9.0176e-03,  1.8638e-01],
        [ 1.5448e-01, -4.0061e-02, -5.1509e-03],
        [-6.8714e-02,  2.1240e-02, -1.5735e-02],
        [ 1.4367e-01,  9.5309e-02,  3.5386e-02],
        [-4.1033e-02,  6.1591e-02, -1.9934e-01],
        [ 3.8598e-01, -1.2817e-01,  3.9971e-03],
        [-9.7883e-03, -1.6848e-03,  2.1704e-03],
        [ 1.2715e-01,  1.4704e-02, -2.4465e-02],
        [ 2.4716e-02, -2.1183e-01, -1.5064e-02],
        [ 3.4412e-03, -5.3489e-02, -3.5992e-02],
        [ 3.3979e-01,  5.5384e-02,  1.7160e-01],
        [ 7.4644e-02,  1.2470e-02,  2.6098e-02],
        [ 8.9612e-02,  1.2078e-01, -9.3432e-03],
        [-9.5570e-02,  2.7107e-02, -1.8837e-01],
        [ 7.3155e-03, -1.2387e-02, -1.6062e-01],
        [ 1.5102e-01, -4.6301e-02,  3.9357e-03],
        [ 5.6254e-02, -1.8229e-02, -4.8493e-02],
        [-1.1776e-01,  1.1998e-01,  8.8353e-03],
        [ 2.5598e-01,  1.3013e-02, -6.7892e-03],
        [ 1.0780e-03,  2.0178e-03, -3.0058e-02],
        [-2.2720e-02, -1.4821e-02,  4.0250e-04],
        [-1.6967e-04, -3.2752e-02,  6.4757e-02],
        [-1.6938e-01, -2.0499e-02,  1.2554e-02],
        [ 5.0412e-03, -7.2418e-03,  6.8355e-04],
        [ 3.8609e-02, -2.7251e-02, -8.3376e-02],
        [ 9.8751e-02, -7.8284e-03,  1.4318e-03],
        [-1.0328e-01, -1.2446e-01, -1.1465e-02],
        [ 7.6471e-02,  1.3241e-02, -1.2946e-02],
        [ 3.4366e-01, -4.5566e-04,  2.9668e-03],
        [ 2.0891e-01,  1.7061e-03,  7.5472e-03],
        [ 9.6435e-02, -1.0828e-01,  3.3241e-02],
        [ 2.5848e-01,  2.1059e-01,  1.1533e-01],
        [ 1.9026e-03, -5.3356e-03,  9.7049e-03],
        [-3.5197e-01, -1.4368e-01,  2.9529e-01],
        [ 1.4869e-01, -6.5027e-02, -3.0686e-03],
        [ 1.0288e-01,  2.1166e-01,  1.6218e-01],
        [ 4.4967e-01, -3.3127e-03,  2.4109e-02],
        [ 2.2704e-01,  4.9047e-03, -2.1414e-02],
        [ 2.0284e-01,  2.5987e-02,  9.4667e-02],
        [-4.4301e-02, -1.9032e-02,  2.3728e-02],
        [ 1.0275e-01, -2.1239e-02, -2.6338e-04],
        [ 2.7393e-02,  4.4617e-02, -9.6504e-03],
        [ 2.0876e-01, -6.8820e-02,  1.5847e-02],
        [-1.3345e-01, -2.0903e-01, -1.3666e-01],
        [ 1.6736e-01,  1.9015e-02,  1.9707e-01],
        [ 4.4653e-01, -1.6151e-01, -5.8950e-02],
        [-1.2342e-01, -4.6551e-02,  9.4517e-02],
        [-8.9995e-02,  1.4920e-02, -1.9862e-01],
        [-1.6085e-01,  1.7917e-01,  1.1908e-01],
        [ 2.7707e-01,  1.3019e-01,  1.7700e-01],
        [-6.4189e-02,  2.6012e-02,  1.5396e-01]])), ('fc1.bias', tensor([ 0.2048,  0.4106,  0.1875,  0.3284,  0.0174,  0.1167,  0.0993, -0.1874,
        -0.0367, -0.0173, -0.1018,  0.2563,  0.3785, -0.0081, -0.0209,  0.3454,
         0.1277,  0.0069, -0.1132,  0.4114, -0.0175, -0.0941,  0.3154,  0.2235,
         0.0031,  0.1406, -0.0176, -0.0115,  0.3570, -0.0246, -0.1173,  0.0317,
        -0.0924, -0.0197, -0.0056,  0.3862,  0.0118, -0.0530,  0.0342,  0.2798,
         0.0540, -0.1707, -0.0138, -0.0882,  0.0081,  0.1112, -0.0780,  0.0970,
         0.3151, -0.0199, -0.0533, -0.2184,  0.0195, -0.0966,  0.3154, -0.1683,
        -0.1966, -0.2009,  0.0175,  0.1456, -0.1901,  0.4020,  0.0271,  0.1234,
        -0.0214, -0.1648,  0.3449,  0.2746,  0.4264,  0.1648, -0.0502,  0.3112,
         0.0320,  0.1983, -0.1175, -0.1057, -0.2087, -0.1646,  0.0581, -0.1073,
         0.1748,  0.0530, -0.0013, -0.0576, -0.1026,  0.0278,  0.1046,  0.5189,
         0.3041, -0.1087,  0.2161, -0.2088, -0.1416,  0.2369, -0.0167,  0.1026,
        -0.0703,  0.0029, -0.1254,  0.0236, -0.0150,  0.3106,  0.0540,  0.1191,
        -0.0434, -0.1099, -0.0637,  0.0276,  0.0209, -0.0687,  0.2758, -0.0679,
        -0.1297, -0.2329,  0.2054,  0.3652, -0.1755,  0.0746,  0.1855,  0.2014,
         0.3591, -0.0863,  0.2080,  0.0449,  0.0227,  0.1188, -0.1790,  0.3105])), ('fc2.weight', tensor([[-0.0026, -0.0084, -0.0050,  ..., -0.0015, -0.0072, -0.0010],
        [-0.0003, -0.0085, -0.0004,  ..., -0.0005,  0.0093,  0.0023],
        [-0.0034, -0.0554, -0.0185,  ..., -0.0105, -0.0512, -0.0158],
        ...,
        [-0.0162, -0.0622, -0.0149,  ...,  0.0109, -0.0180, -0.0688],
        [-0.0135,  0.0161, -0.0270,  ..., -0.0129,  0.0780, -0.0092],
        [-0.0276,  0.0240, -0.0444,  ..., -0.0529,  0.0831,  0.0013]])), ('fc2.bias', tensor([-0.0103,  0.0003, -0.0217, -0.0089, -0.0010, -0.0735, -0.1234, -0.0085,
        -0.0066, -0.0067,  0.0146,  0.1030, -0.0014,  0.0207,  0.0018, -0.0293,
         0.0285, -0.0056, -0.0160,  0.0264, -0.0076, -0.0125, -0.0076, -0.0033,
        -0.0046,  0.0076,  0.0040,  0.0062,  0.0070, -0.0275, -0.0675, -0.0035,
        -0.0104,  0.0156, -0.0064,  0.0177,  0.0180,  0.0144, -0.0028, -0.0009,
        -0.0174,  0.0130, -0.0009,  0.1126, -0.0002, -0.0087,  0.0530,  0.0091,
        -0.0035,  0.0053,  0.0077, -0.0087,  0.0003, -0.0128, -0.0765,  0.0063,
        -0.0119, -0.0046,  0.0016, -0.0465, -0.0097,  0.0006,  0.0002, -0.0054])), ('fc3.weight', tensor([[ 0.0025, -0.0526, -0.0024,  0.0037,  0.0091, -0.0286,  0.0394,  0.0020,
          0.0408, -0.1404,  0.0174, -0.1122,  0.0508, -0.0808,  0.0123, -0.0834,
         -0.1331,  0.0889, -0.0100, -0.1082,  0.0050,  0.0022,  0.0155, -0.0161,
         -0.0165, -0.1094,  0.0172,  0.0285,  0.0067, -0.1083, -0.1577,  0.0078,
         -0.0065, -0.0828, -0.0075,  0.1356,  0.1364,  0.0089,  0.0332, -0.0363,
         -0.0483,  0.1664, -0.0152,  0.1046, -0.0067, -0.0179,  0.0080,  0.0120,
         -0.1417, -0.0231, -0.0376, -0.1143,  0.0040, -0.0219,  0.0223,  0.0475,
          0.0260, -0.1388,  0.0427,  0.0934, -0.0003, -0.0519, -0.0202, -0.0308]]))])
end of epoch 1: val_loss 0.5039873383599115, val_acc 0.8
trigger times: 0
saving model weights...
Weights: OrderedDict([('fc1.weight', tensor([[ 4.4559e-02,  4.9244e-02, -5.9596e-02],
        [-7.3256e-02,  1.0303e-01, -9.6260e-02],
        [ 2.4124e-02,  8.4831e-02, -7.8011e-02],
        [-2.8660e-02, -2.5172e-02,  4.0043e-02],
        [-2.2851e-02,  3.3349e-02, -4.4914e-03],
        [ 2.6739e-02, -2.8193e-02,  1.2378e-03],
        [ 2.2431e-03,  5.2359e-02, -3.5247e-03],
        [ 2.7445e-01, -2.8466e-03,  7.0682e-02],
        [-1.7802e-02, -5.6330e-02,  5.6929e-02],
        [-3.6920e-02,  1.9421e-02, -1.2853e-02],
        [-1.5454e-02,  3.2413e-02, -3.0624e-02],
        [-1.6175e-01,  7.2123e-02, -1.2876e-01],
        [-1.6762e-01,  1.7263e-01, -5.8802e-02],
        [ 2.0302e-03, -6.0192e-03,  6.6971e-02],
        [ 6.1892e-02, -1.8347e-02,  6.3156e-04],
        [-1.0350e-01,  1.0428e-01, -6.1904e-02],
        [-2.2576e-01,  6.8616e-02, -1.5673e-02],
        [ 2.7563e-01, -4.6044e-02,  6.4272e-02],
        [ 3.6912e-02,  7.3788e-03,  3.0007e-04],
        [-1.2569e-01,  4.8927e-02, -8.3217e-02],
        [ 4.2885e-02,  3.7407e-03,  2.0287e-02],
        [ 3.3782e-05, -5.7838e-03,  2.3928e-04],
        [-2.4376e-02,  2.9523e-02,  1.0588e-02],
        [ 7.1691e-02, -1.5421e-02,  7.3000e-02],
        [-2.2292e-02, -7.5075e-04,  2.7085e-02],
        [ 2.3179e-01, -5.8056e-02, -3.2843e-02],
        [-6.1286e-02,  1.2536e-02, -1.7958e-02],
        [ 3.8692e-01,  6.8581e-02, -8.6290e-03],
        [-1.8067e-02, -1.3832e-02,  2.4974e-02],
        [-3.6122e-03, -2.0494e-03,  4.5270e-03],
        [-4.8770e-03, -4.7746e-03,  2.3853e-04],
        [ 2.0297e-02, -3.1175e-02, -5.9419e-03],
        [ 1.7368e-01,  1.3160e-03,  5.0043e-03],
        [-3.8404e-03,  7.9357e-02, -1.6050e-02],
        [-3.2897e-02, -1.4302e-02, -2.2328e-02],
        [-3.4534e-02,  6.2393e-02, -5.0028e-02],
        [ 1.9455e-02,  7.9994e-04, -7.5444e-03],
        [-8.0215e-04, -2.3146e-02,  7.2399e-02],
        [ 2.6845e-01, -6.7847e-04,  8.6047e-02],
        [ 4.8684e-02, -7.1778e-03, -1.2659e-02],
        [ 1.1587e-01, -5.7040e-02,  7.1316e-02],
        [ 2.6962e-03, -2.3883e-02,  5.5887e-03],
        [ 1.9974e-02,  7.3840e-03,  2.9147e-04],
        [-5.5318e-04,  2.0436e-03,  1.0323e-03],
        [ 3.4744e-03,  3.2525e-03, -9.4661e-03],
        [ 3.6274e-02,  5.2716e-02, -4.4371e-02],
        [ 7.6843e-02, -1.2606e-02,  2.1470e-02],
        [ 1.3961e-01,  8.9393e-02,  3.5445e-02],
        [-1.7601e-01,  8.5789e-02, -3.2731e-02],
        [-4.7379e-04, -1.1599e-03,  5.9827e-03],
        [-2.3355e-02, -1.1096e-03, -5.8424e-03],
        [ 1.1945e-01, -1.1792e-03, -2.5021e-02],
        [ 2.3811e-02,  1.5839e-02,  9.4082e-02],
        [-4.0782e-03, -2.0606e-03, -1.5638e-03],
        [-1.8665e-01,  3.7587e-02, -8.2030e-02],
        [-1.7120e-05, -3.4518e-03,  2.6810e-03],
        [-1.0731e-02, -6.4773e-04,  4.7613e-03],
        [-3.6648e-03,  5.3454e-02,  9.5797e-04],
        [ 1.4829e-02,  3.3417e-02, -5.3361e-02],
        [ 1.1057e-02,  1.4563e-01, -7.1517e-02],
        [ 3.7241e-04, -1.3627e-03, -8.5247e-03],
        [ 2.7408e-03, -3.9070e-02,  2.0551e-02],
        [-2.0574e-02, -3.3908e-03,  5.0980e-04],
        [ 1.0360e-01,  2.7695e-02,  9.2675e-02],
        [ 8.8651e-03,  1.6430e-04,  8.7360e-03],
        [ 1.8982e-03,  5.1488e-03,  4.9164e-04],
        [-1.9514e-01,  1.0182e-01, -8.6719e-02],
        [ 7.9300e-02, -8.5744e-03,  1.2981e-02],
        [-3.3668e-02,  1.1442e-01, -6.9249e-02],
        [ 2.1769e-01, -7.2376e-02,  7.8292e-02],
        [-6.8897e-04, -1.0337e-03, -7.5932e-05],
        [-7.9413e-02,  8.3433e-02, -7.0572e-02],
        [ 2.1406e-03,  5.6369e-03,  1.8402e-02],
        [-1.8360e-01,  7.6281e-02,  4.6854e-02],
        [ 1.0845e-03,  1.0971e-04, -5.7694e-03],
        [ 2.1094e-01,  8.2014e-03, -3.4476e-03],
        [-1.5637e-03,  1.0641e-03,  5.5205e-04],
        [ 1.0273e-01,  3.4671e-04,  1.7080e-01],
        [ 5.7362e-02, -2.6554e-02,  5.3691e-02],
        [ 9.2117e-03,  7.0563e-04, -2.0965e-03],
        [ 5.0804e-02,  1.0758e-02,  5.1597e-02],
        [-8.0317e-03,  5.8888e-02, -2.6171e-02],
        [ 2.6050e-01, -3.8168e-03,  7.3624e-02],
        [-4.9826e-02, -3.0888e-03, -9.9502e-04],
        [-4.8106e-04,  2.1485e-03,  7.7130e-03],
        [ 4.2339e-02, -3.1634e-02,  5.7710e-03],
        [ 5.5836e-02,  6.8468e-02, -5.6020e-02],
        [ 2.5067e-01, -6.5281e-03,  1.4742e-01],
        [ 9.6156e-03, -1.9714e-02,  5.5074e-02],
        [ 5.9674e-02,  7.3106e-03, -2.6070e-03],
        [-1.6503e-02,  1.0012e-01, -9.5826e-02],
        [ 1.5106e-03,  3.3306e-03, -1.0026e-02],
        [ 6.3372e-03,  8.3918e-03, -7.8160e-04],
        [-4.9161e-04, -4.8199e-02,  2.0592e-02],
        [ 1.1431e-02,  4.0543e-02, -5.6479e-02],
        [ 1.2085e-01, -3.5766e-02,  6.7846e-02],
        [ 6.9900e-02, -2.6228e-03,  5.7711e-03],
        [-1.4258e-02,  7.1024e-03,  3.2554e-03],
        [ 4.0407e-05,  9.3064e-03, -8.4293e-03],
        [-1.6310e-01,  5.0789e-03, -3.2854e-02],
        [-6.9303e-04, -1.3861e-03,  3.1163e-04],
        [ 6.0423e-03, -1.5099e-02, -2.5644e-02],
        [ 2.6877e-02, -4.8826e-02,  3.4655e-02],
        [-4.8120e-02,  3.4881e-04, -3.0959e-02],
        [ 1.4294e-02, -3.3888e-02,  3.2507e-03],
        [ 2.3997e-01,  2.7142e-04,  1.8026e-03],
        [ 1.1834e-01,  2.2470e-04, -6.3592e-03],
        [ 3.8386e-02,  4.0800e-03,  3.6217e-02],
        [ 1.4090e-01,  5.3315e-02,  1.0962e-01],
        [ 3.3960e-02, -2.2706e-04, -2.7782e-03],
        [-2.4090e-01,  3.8257e-02,  9.2093e-02],
        [ 7.9268e-02,  7.2266e-03,  1.7458e-03],
        [-1.1669e-02,  4.0454e-02, -1.6143e-02],
        [ 3.5393e-01, -3.5054e-04, -1.6035e-03],
        [ 9.2615e-02, -3.4957e-02,  5.2721e-02],
        [ 1.0284e-01, -4.7701e-02,  1.3629e-01],
        [ 7.9991e-03,  1.7995e-03, -1.2883e-03],
        [ 2.3247e-02, -5.7176e-02,  6.1415e-02],
        [-1.4440e-03, -1.2590e-02,  2.0679e-02],
        [ 9.8180e-02, -3.7485e-02,  7.3222e-02],
        [-4.0991e-02, -4.0625e-02, -1.4240e-01],
        [ 3.7493e-02, -3.1115e-02,  1.2819e-01],
        [ 3.3111e-01, -3.2582e-02,  2.3352e-02],
        [-9.2828e-02,  3.2160e-02, -2.2403e-03],
        [-2.3651e-02,  2.7348e-03, -2.5471e-02],
        [-5.4621e-02,  1.3410e-01, -1.1086e-02],
        [ 1.8843e-01,  2.9397e-02,  1.5538e-01],
        [-2.3703e-02,  6.9161e-02, -6.9676e-03]])), ('fc1.bias', tensor([ 0.1288,  0.2927,  0.1011,  0.2098,  0.0166,  0.0254,  0.0656, -0.2088,
         0.0386, -0.0197, -0.0227,  0.1866,  0.2464,  0.0557, -0.0021,  0.1555,
         0.0214,  0.0500, -0.0293,  0.2162, -0.0309,  0.0073,  0.1518,  0.1929,
        -0.0380,  0.0616,  0.0194,  0.0086,  0.1657, -0.0078, -0.0088, -0.0239,
        -0.1265,  0.0095,  0.0127,  0.2657, -0.0209,  0.0324,  0.0686,  0.1932,
         0.0297, -0.0136,  0.0032,  0.0126, -0.0164,  0.0725,  0.0102,  0.0367,
         0.1457, -0.0158,  0.0500, -0.1466,  0.0562,  0.0062,  0.2576, -0.0128,
        -0.0260, -0.0208,  0.0252,  0.0586, -0.0220,  0.2391, -0.0074,  0.0257,
        -0.0040, -0.0113,  0.2589,  0.1595,  0.2918,  0.0971,  0.0081,  0.1723,
         0.0020,  0.1908,  0.0023, -0.1477, -0.0305, -0.0806,  0.0711,  0.0054,
         0.0828,  0.0021,  0.0397,  0.0334,  0.0048,  0.0251,  0.0442,  0.3764,
         0.1888, -0.0847,  0.1738, -0.0306, -0.0037,  0.1289,  0.0261,  0.0377,
         0.0032,  0.0004,  0.0017, -0.0319,  0.0018,  0.1202, -0.0155,  0.0346,
        -0.0939, -0.1457, -0.1037,  0.0010,  0.0037,  0.0050,  0.1438, -0.1181,
        -0.0341, -0.2061,  0.0871,  0.2474, -0.0151,  0.0080,  0.1203,  0.1352,
         0.1511,  0.0586,  0.1565, -0.0145,  0.0350,  0.0985, -0.0836,  0.1893])), ('fc2.weight', tensor([[ 0.0147,  0.0082,  0.0164,  ...,  0.0047, -0.0030,  0.0050],
        [ 0.0072, -0.0123,  0.0079,  ..., -0.0023,  0.0007,  0.0007],
        [-0.0001, -0.0187, -0.0019,  ..., -0.0017, -0.0081, -0.0064],
        ...,
        [ 0.0313, -0.0380,  0.0164,  ...,  0.0152, -0.0116, -0.0125],
        [ 0.0017,  0.0143,  0.0083,  ..., -0.0025,  0.0455,  0.0027],
        [-0.0042,  0.0192, -0.0068,  ..., -0.0319,  0.0537,  0.0029]])), ('fc2.bias', tensor([ 0.0321, -0.0303, -0.0177,  0.0543,  0.0073, -0.0671, -0.1179, -0.0025,
        -0.0576,  0.0441,  0.0405,  0.0921,  0.0480,  0.0201, -0.0594, -0.0815,
         0.0607, -0.0542,  0.0055,  0.0883,  0.0027,  0.0318,  0.0238, -0.0148,
         0.0013,  0.0577,  0.0651,  0.0047,  0.0357,  0.0380, -0.1138,  0.0243,
         0.0134, -0.0570, -0.0186,  0.0683, -0.0371,  0.0558,  0.0016,  0.0048,
        -0.0646,  0.0783, -0.0358,  0.0994, -0.0037, -0.0009,  0.0045,  0.0048,
         0.0371, -0.0053,  0.0179,  0.0541, -0.0007, -0.0517, -0.0730,  0.0554,
        -0.0393,  0.0602,  0.0003, -0.0033,  0.0019,  0.0610,  0.0039, -0.0150])), ('fc3.weight', tensor([[-0.1260, -0.0518, -0.0006,  0.0967, -0.0004, -0.0224,  0.0292, -0.0122,
          0.0201, -0.1011,  0.0450, -0.0782,  0.0941, -0.0216,  0.0135, -0.0398,
         -0.0761,  0.1256,  0.0485, -0.0549, -0.0338,  0.1442,  0.0889, -0.0058,
          0.0012, -0.0682,  0.0942,  0.0243, -0.0404, -0.0514, -0.1000,  0.1507,
          0.0175, -0.0074,  0.0029,  0.1685,  0.0807,  0.0253, -0.0247, -0.0350,
         -0.0450,  0.1853, -0.0392,  0.1282, -0.0050,  0.0469, -0.0038,  0.0244,
         -0.0846, -0.0096, -0.0343, -0.0566, -0.0018, -0.0171,  0.0096,  0.0658,
          0.0005, -0.0821,  0.0383,  0.0182, -0.0516, -0.0143,  0.0240,  0.0217]]))])
end of epoch 2: val_loss 0.3982213005310712, val_acc 0.8
trigger times: 0
saving model weights...
Weights: OrderedDict([('fc1.weight', tensor([[ 1.7053e-02,  3.7819e-02, -3.5644e-02],
        [-4.5464e-02,  1.2933e-01, -1.1223e-01],
        [-7.0612e-03,  7.8221e-02, -5.4826e-02],
        [ 8.0711e-04,  6.4957e-03,  4.4655e-03],
        [ 6.2951e-03,  1.1654e-02, -2.5822e-03],
        [-1.9246e-03,  1.6281e-03,  1.5220e-02],
        [ 3.9292e-03,  3.2520e-02, -1.9703e-02],
        [ 2.1764e-01,  1.2339e-03,  1.4983e-02],
        [ 6.9257e-02,  4.4578e-03,  5.0839e-03],
        [-1.2130e-03, -3.2057e-03, -1.9115e-03],
        [ 3.7591e-03,  2.0525e-03, -2.1034e-03],
        [-1.0817e-01,  1.2392e-01, -1.0889e-01],
        [-1.2291e-01,  1.7061e-01, -9.8494e-02],
        [ 1.7575e-02, -2.3566e-02,  4.8132e-02],
        [-9.7220e-02,  6.0850e-03,  2.1934e-02],
        [-6.3438e-02,  1.0985e-01, -6.8463e-02],
        [-1.6626e-01,  6.8129e-02, -1.5610e-02],
        [ 1.8281e-01, -1.9142e-02,  8.9683e-02],
        [-2.9992e-04, -9.0285e-04,  2.6607e-04],
        [-7.1414e-02,  1.0021e-01, -9.3407e-02],
        [-4.5988e-03, -5.6373e-04,  3.6782e-03],
        [ 2.8370e-02,  2.0265e-03, -1.0823e-03],
        [-1.5785e-02,  5.0235e-02, -2.7425e-02],
        [ 3.5004e-02, -1.9755e-02,  6.3892e-02],
        [ 4.5917e-04, -3.2733e-03, -1.6702e-03],
        [ 1.4762e-01, -3.6373e-02,  3.1633e-02],
        [ 1.0578e-01,  4.5156e-02, -3.0967e-02],
        [ 2.9099e-01, -6.8926e-03,  7.8316e-02],
        [ 7.1383e-03,  2.2651e-02, -1.0319e-02],
        [ 5.5103e-04,  6.3254e-04, -5.5409e-04],
        [ 5.0905e-03,  3.0551e-04, -2.9399e-03],
        [-8.8094e-03,  1.7568e-03,  1.4240e-04],
        [ 1.2582e-01,  1.0500e-04,  5.2727e-04],
        [-1.4241e-01,  6.2479e-02, -6.0352e-03],
        [ 9.0805e-02,  3.7328e-02, -1.9888e-02],
        [-2.1344e-02,  9.2930e-02, -6.5423e-02],
        [ 9.0138e-03, -1.7056e-04,  1.2119e-03],
        [ 3.8251e-02,  2.3246e-02,  1.9599e-02],
        [ 1.9058e-01, -7.2499e-02,  1.0042e-01],
        [ 2.3549e-02,  7.8585e-03, -1.7817e-03],
        [ 6.5155e-02, -3.3924e-02,  6.9494e-02],
        [-1.1811e-03,  2.3414e-03, -6.8084e-04],
        [-4.5437e-02, -2.3003e-02, -4.0914e-03],
        [-9.0504e-03,  3.7487e-03, -9.5198e-03],
        [-6.8051e-06, -6.4018e-04,  6.0576e-04],
        [-1.7537e-02,  3.8247e-02, -2.8349e-02],
        [-7.8519e-02,  8.5825e-04,  3.6385e-02],
        [ 6.7949e-02,  2.1795e-02,  2.7614e-02],
        [-1.1255e-01,  1.1810e-01, -7.7705e-02],
        [ 3.8113e-04,  4.7849e-04,  4.2949e-04],
        [ 3.3197e-02,  1.3427e-02,  9.2218e-03],
        [ 6.0522e-02, -1.8599e-04,  2.1640e-03],
        [ 1.7283e-02, -4.8467e-02,  8.7491e-02],
        [ 3.4140e-02, -7.7045e-03,  5.3385e-03],
        [-1.1527e-01,  1.0332e-01, -9.7822e-02],
        [ 1.2705e-03,  5.5086e-04,  2.9129e-04],
        [ 4.4097e-03, -4.9975e-03, -2.6505e-03],
        [-4.9864e-02,  1.5087e-02, -2.6453e-03],
        [-1.5895e-02, -2.2750e-02,  5.6937e-03],
        [-5.4099e-03,  1.3444e-01, -1.9619e-02],
        [-8.6519e-04, -8.8938e-05,  5.1797e-04],
        [ 1.5364e-02,  9.9783e-03, -6.3768e-03],
        [-6.7150e-02,  7.2906e-03,  4.2646e-03],
        [ 4.6066e-02, -1.3743e-02,  6.9826e-02],
        [-1.5832e-02, -2.0515e-04,  4.0333e-03],
        [-3.8065e-03, -5.4331e-04,  1.8882e-04],
        [-1.3086e-01,  1.4548e-01, -1.1637e-01],
        [ 3.0198e-02, -2.8650e-02,  2.1550e-02],
        [-2.3849e-02,  1.2939e-01, -9.2429e-02],
        [ 1.5698e-01, -4.7177e-02,  9.4170e-02],
        [ 9.5112e-03, -2.4889e-03,  1.5789e-02],
        [-4.6952e-02,  1.0678e-01, -8.3786e-02],
        [ 6.2021e-03, -3.9505e-04,  1.1936e-04],
        [-1.0585e-01,  1.0132e-01, -3.1126e-02],
        [ 2.9725e-03,  6.9846e-03,  2.8350e-03],
        [ 1.7392e-01, -3.4991e-04,  9.3494e-04],
        [-5.5704e-04, -3.4532e-04,  9.6644e-06],
        [ 4.7467e-02, -1.0333e-04,  1.2378e-01],
        [ 3.0754e-02,  1.6076e-02,  5.4617e-02],
        [-1.3142e-02,  7.0369e-03, -4.7638e-03],
        [ 1.9690e-02, -6.6763e-04,  2.2802e-02],
        [-1.0915e-02,  4.1659e-02, -4.3479e-04],
        [ 1.7331e-01, -7.5568e-02,  9.3820e-02],
        [ 1.0254e-01,  1.2995e-02,  1.0238e-02],
        [ 1.5320e-02, -6.7895e-03, -5.6593e-03],
        [-8.3089e-02,  4.1911e-03,  2.6780e-02],
        [ 3.6099e-03,  6.2101e-02, -3.5398e-02],
        [ 1.9133e-01, -2.5061e-02,  1.0195e-01],
        [ 1.3391e-02,  1.3919e-03,  2.0288e-02],
        [ 3.5423e-02, -6.6531e-04, -2.9752e-04],
        [-1.6511e-02,  1.2214e-01, -9.1812e-02],
        [ 6.5426e-04, -2.4670e-04,  2.5138e-03],
        [ 4.7099e-03,  4.6157e-03,  2.3422e-04],
        [ 1.2778e-02, -1.0986e-02,  3.8272e-03],
        [-1.4326e-02, -9.4177e-03,  2.6138e-03],
        [ 6.4917e-02, -2.1514e-02,  8.0690e-02],
        [-9.1658e-02, -4.9344e-02,  3.8804e-02],
        [-1.6704e-03, -1.6850e-04, -1.6441e-03],
        [-2.9238e-02,  4.1639e-03, -1.0034e-03],
        [-1.0343e-01, -1.4113e-04, -1.4794e-02],
        [ 1.8354e-02, -5.1593e-03, -1.5994e-03],
        [ 1.5089e-03,  4.1505e-02, -3.4807e-02],
        [ 2.0655e-02, -2.3790e-02,  1.3520e-02],
        [-1.0244e-02,  3.4808e-02, -1.7340e-03],
        [ 1.0357e-02, -1.8418e-02, -3.4814e-04],
        [ 1.8552e-01,  2.2948e-04,  2.3090e-04],
        [ 8.3335e-02, -2.1785e-04,  1.0885e-03],
        [-8.2537e-03, -3.0055e-02,  2.6458e-02],
        [ 6.7876e-02, -1.8751e-02,  8.2780e-02],
        [-4.0166e-02,  2.9287e-03, -1.2134e-03],
        [-1.4294e-01,  9.6680e-02, -1.1637e-02],
        [ 6.6517e-02, -1.2377e-03,  7.3468e-06],
        [-8.6542e-04,  7.1917e-03, -9.3278e-03],
        [ 2.6407e-01,  3.2232e-06, -4.7216e-04],
        [ 4.3900e-02, -9.2870e-03,  5.8819e-02],
        [ 7.9895e-02, -4.3809e-02,  1.2858e-01],
        [-1.4484e-03,  3.1364e-04, -2.7748e-04],
        [ 1.4054e-02, -3.0090e-02,  6.5072e-02],
        [ 7.4269e-03,  4.7377e-03, -2.5218e-03],
        [ 5.8551e-02, -2.9343e-02,  6.8073e-02],
        [-1.6572e-02,  6.1120e-02, -7.8017e-02],
        [ 3.0458e-02, -3.8129e-03,  7.5977e-02],
        [ 2.4556e-01, -7.6644e-02,  5.5428e-02],
        [-4.6226e-02, -5.3254e-03, -1.8548e-03],
        [ 7.1220e-02,  2.6510e-02, -1.2913e-02],
        [-3.2380e-02,  1.1378e-01, -5.2939e-02],
        [ 7.1496e-02, -1.3938e-02,  1.1050e-01],
        [-1.1383e-02,  7.0655e-02, -3.9661e-02]])), ('fc1.bias', tensor([ 7.6702e-02,  1.6878e-01,  6.1693e-02,  1.2727e-01, -1.1465e-02,
         1.0539e-02,  3.4614e-02, -1.7916e-01,  2.0857e-02, -8.0786e-03,
         4.1648e-03,  1.0671e-01,  1.5083e-01,  2.8038e-03,  6.1790e-02,
         6.1156e-02,  8.1365e-02,  6.2335e-02, -2.7599e-03,  1.0913e-01,
        -7.0372e-02, -6.3804e-05,  4.9677e-02,  1.1385e-01,  5.5061e-03,
         4.9325e-02,  3.2902e-02,  1.3418e-02,  6.6199e-02, -7.1090e-04,
         1.1151e-03,  3.7093e-03, -1.0664e-01,  7.6259e-02,  1.5165e-02,
         1.5678e-01,  4.5522e-03,  1.0980e-02,  2.2439e-02,  1.1957e-01,
         4.2072e-02,  1.7850e-04,  3.3099e-02,  9.4318e-03,  7.3643e-04,
         3.5057e-02,  2.8682e-02,  1.6356e-02,  6.1469e-02, -1.0614e-02,
         1.1716e-03, -8.4894e-02,  5.6362e-02, -5.8005e-04,  2.0210e-01,
         2.6098e-03,  1.9878e-03,  2.8160e-02, -1.8516e-02,  6.6075e-02,
         2.3415e-03,  1.1853e-01,  2.2518e-02,  6.1596e-03, -2.2727e-02,
         7.6960e-03,  1.5986e-01,  7.2347e-02,  1.8075e-01,  8.1247e-02,
         5.4997e-03,  7.5515e-02, -9.8127e-05,  1.4886e-01,  1.9446e-03,
        -1.3530e-01,  1.6535e-03, -3.2042e-02,  5.7075e-02,  1.2230e-02,
         3.9258e-02,  1.9304e-02,  5.3069e-02, -3.2634e-04,  5.7013e-03,
         6.4307e-02,  3.6155e-02,  2.5470e-01,  1.0590e-01, -5.6022e-02,
         1.1298e-01,  1.6289e-03,  2.7764e-03,  7.1293e-02, -2.1298e-03,
         3.8821e-02,  4.3339e-02, -4.7079e-03,  1.4178e-02, -2.8632e-02,
         1.7300e-02,  3.3992e-02,  1.0928e-02,  1.3425e-03, -8.6198e-02,
        -1.2516e-01, -8.6880e-02,  4.9757e-02,  5.3246e-02,  2.8781e-02,
         6.5841e-02, -1.1064e-01,  3.6844e-04, -1.6528e-01,  5.7349e-02,
         1.7771e-01,  2.4634e-03,  1.7225e-02,  6.9186e-02,  6.6388e-02,
         1.0003e-01,  3.8071e-02,  1.2046e-01, -1.1850e-02, -2.4917e-03,
         6.7913e-02, -1.1884e-01,  8.6752e-02])), ('fc2.weight', tensor([[ 0.0259,  0.0496,  0.0144,  ...,  0.0287, -0.0111,  0.0516],
        [ 0.0113, -0.0017,  0.0134,  ...,  0.0055,  0.0021,  0.0069],
        [ 0.0003, -0.0030,  0.0003,  ..., -0.0002,  0.0005, -0.0012],
        ...,
        [-0.0037, -0.0263, -0.0011,  ...,  0.0088, -0.0068, -0.0013],
        [ 0.0012,  0.0106,  0.0017,  ...,  0.0010,  0.0223,  0.0016],
        [ 0.0009,  0.0132,  0.0017,  ..., -0.0164,  0.0304, -0.0002]])), ('fc2.bias', tensor([ 0.1131,  0.0009, -0.0125,  0.0566, -0.0533, -0.0584, -0.1097,  0.0224,
        -0.0490, -0.0038,  0.0465,  0.0782,  0.0419,  0.0181, -0.0655, -0.0759,
         0.0485, -0.0435, -0.0652, -0.0245,  0.0279,  0.1101,  0.0674,  0.0129,
         0.0079,  0.0163,  0.0554,  0.0042,  0.0748,  0.0302, -0.1004, -0.0356,
         0.0622, -0.0181,  0.0123,  0.0600, -0.0357,  0.0214,  0.0031,  0.0041,
        -0.0500,  0.0665,  0.0349,  0.0832, -0.0336,  0.0848, -0.0808, -0.0157,
         0.0308, -0.0135,  0.0448,  0.0592, -0.0006, -0.0277, -0.0673,  0.0437,
        -0.0148, -0.0218,  0.0002, -0.0019,  0.0518,  0.0419,  0.0204,  0.0178])), ('fc3.weight', tensor([[-1.2870e-01, -4.7623e-02,  7.1855e-04,  2.8954e-01, -5.1268e-02,
         -1.6313e-02,  2.1413e-02, -1.6858e-01,  1.3346e-02, -1.0129e-01,
          5.3433e-02, -7.6667e-02,  1.1890e-01, -1.8631e-02, -2.5861e-03,
         -3.6036e-02, -7.7291e-02,  1.0167e-01, -6.5614e-03, -5.4501e-02,
          3.9808e-02,  1.3472e-01,  9.6028e-03,  1.8099e-02, -3.2742e-02,
         -6.6996e-02,  1.0482e-01,  2.1018e-02, -7.5738e-03, -5.2356e-02,
         -9.4782e-02,  1.2806e-01,  1.2876e-01, -5.8479e-04, -1.1078e-01,
          1.9316e-01,  7.3614e-02,  4.4559e-02, -2.6597e-03, -3.1870e-02,
         -4.2111e-02,  1.9362e-01,  1.4207e-01,  1.1775e-01,  3.1575e-02,
          1.5890e-01,  4.6874e-03,  2.0416e-02, -8.7252e-02,  1.6052e-02,
          5.4175e-02, -5.6575e-02, -6.7520e-04, -1.2931e-02,  4.0864e-03,
          9.2933e-02,  5.5100e-03, -8.2018e-02,  3.4964e-02, -4.2297e-05,
         -1.3275e-02, -1.7137e-02,  1.8116e-02,  1.3739e-02]]))])
end of epoch 3: val_loss 0.4410337381166755, val_acc 0.8
trigger times: 1
end of epoch 4: val_loss 0.6396460473521983, val_acc 0.8
trigger times: 2
end of epoch 5: val_loss 0.7893568992614632, val_acc 0.8
trigger times: 3
end of epoch 6: val_loss 0.3578436840623908, val_acc 0.8
trigger times: 0
saving model weights...
Weights: OrderedDict([('fc1.weight', tensor([[ 1.6605e-03,  2.2684e-02, -1.9292e-02],
        [-7.9450e-02,  1.4330e-01, -8.6681e-02],
        [ 5.0486e-03,  5.7253e-02, -5.1007e-02],
        [-5.2162e-04,  9.1825e-03, -5.9559e-03],
        [-4.9450e-04,  7.7777e-05, -1.1073e-04],
        [-9.0802e-03, -6.1850e-03,  4.0296e-05],
        [ 9.7656e-02, -1.2220e-02, -1.0140e-01],
        [ 5.6255e-02,  1.9222e-04,  9.0601e-05],
        [-4.5615e-02, -3.7296e-03,  1.7456e-03],
        [ 3.2470e-04, -5.0856e-05,  7.9254e-05],
        [-3.2262e-03,  1.6097e-03, -1.2562e-03],
        [-7.7871e-02,  1.3978e-01, -8.6462e-02],
        [-8.3630e-02,  1.7043e-01, -7.5736e-02],
        [ 4.9221e-03,  3.5817e-03,  6.5046e-04],
        [-4.1487e-05,  1.1325e-05,  1.4650e-05],
        [-4.9555e-02,  1.0270e-01, -7.8696e-02],
        [-7.2155e-02,  1.2772e-01, -8.7710e-02],
        [ 8.0222e-02, -6.5881e-02,  1.0091e-01],
        [ 4.5283e-05,  1.4885e-05,  5.7904e-05],
        [-6.8735e-02,  1.2669e-01, -7.9326e-02],
        [-2.0219e-04, -1.3178e-06,  8.4382e-06],
        [ 2.4219e-05,  4.4945e-03,  8.1115e-05],
        [ 1.3560e-04,  2.7453e-02, -2.4898e-02],
        [ 2.7272e-04, -4.4292e-02,  3.9231e-02],
        [ 1.6862e-01, -1.1914e-02, -3.9008e-03],
        [ 4.3764e-02, -2.4766e-02,  6.8036e-02],
        [ 3.9861e-03, -9.8215e-04,  1.0526e-03],
        [ 1.3792e-01, -6.0977e-02,  1.2994e-01],
        [ 4.8557e-03,  1.3856e-02, -1.0890e-02],
        [-1.2225e-01,  5.6268e-02, -2.9717e-02],
        [ 1.6889e-01,  8.6931e-02, -9.6280e-02],
        [ 3.7247e-03, -1.5009e-04,  2.2495e-04],
        [ 1.8914e-02,  4.2099e-06,  7.3345e-06],
        [-2.1607e-02,  7.4469e-03, -4.3017e-03],
        [ 1.2787e-01,  1.3718e-02, -4.8338e-02],
        [-2.9980e-02,  8.5588e-02, -6.7911e-02],
        [-2.5898e-03,  6.4472e-04,  1.3488e-04],
        [ 2.6896e-02, -5.7366e-04, -3.3119e-03],
        [ 8.7467e-02, -1.7685e-02,  1.0569e-01],
        [ 8.4820e-04,  8.5821e-03, -6.3923e-03],
        [ 1.0769e-02, -3.2741e-02,  4.3205e-02],
        [ 3.4838e-04, -8.6943e-05, -9.3908e-05],
        [-2.9195e-02, -6.6350e-03,  1.4590e-03],
        [ 8.9356e-02, -1.8629e-02,  1.4836e-02],
        [-2.2175e-02,  1.1718e-02, -3.2741e-03],
        [ 4.8144e-02,  2.4984e-02, -2.8493e-02],
        [ 1.7063e-04, -3.2373e-05, -3.5199e-06],
        [ 2.1828e-03, -2.3650e-03,  1.5999e-02],
        [-7.6389e-02,  1.3545e-01, -6.8477e-02],
        [-3.4963e-07, -1.2172e-09,  3.2094e-07],
        [ 1.2944e-01, -1.3166e-04, -3.5893e-03],
        [ 6.6137e-04, -5.1773e-07,  4.4715e-08],
        [ 1.5699e-02, -4.8237e-02,  4.4013e-02],
        [-6.1269e-02, -1.0856e-01,  1.0007e-01],
        [-9.3608e-02,  1.6375e-01, -8.5320e-02],
        [ 1.0160e-04,  2.3480e-04, -2.0352e-05],
        [ 4.0040e-03, -6.4026e-04,  1.2970e-03],
        [ 9.7420e-02, -2.3427e-03,  9.7559e-04],
        [ 1.0402e-05,  8.1182e-05,  2.1411e-06],
        [-3.5451e-02,  9.8465e-02, -7.9588e-02],
        [ 8.3361e-02,  6.4586e-04, -5.7908e-02],
        [ 6.0627e-03,  9.9243e-03, -6.7430e-03],
        [-2.4463e-01, -6.1706e-02,  3.2833e-02],
        [-5.2890e-04, -3.2993e-03,  3.2228e-02],
        [-1.1358e-04, -3.1105e-04,  1.5047e-05],
        [ 4.9179e-03,  1.1228e-01, -1.1344e-01],
        [-1.1474e-01,  1.8417e-01, -9.3576e-02],
        [-6.8734e-03, -2.0707e-02,  1.4494e-02],
        [-8.0290e-02,  1.4549e-01, -9.6765e-02],
        [ 7.9653e-02, -3.6120e-02,  1.0004e-01],
        [ 1.5168e-02,  1.8182e-03,  3.0308e-03],
        [-3.5664e-02,  9.4318e-02, -7.4180e-02],
        [ 8.1656e-02, -1.0813e-02,  6.6610e-03],
        [-4.9936e-02,  1.2183e-01, -5.3647e-02],
        [ 4.5002e-05, -2.7955e-04, -7.2386e-04],
        [ 5.7631e-02, -2.6054e-05,  1.1076e-05],
        [ 2.0816e-04, -3.5819e-04,  1.1210e-05],
        [-2.3025e-02, -4.5039e-02,  2.7279e-02],
        [-6.4691e-03, -3.2242e-02,  2.3934e-02],
        [-1.0679e-02,  4.2807e-03, -3.1009e-03],
        [-9.8443e-03, -7.0660e-03,  8.6324e-03],
        [-6.1783e-03,  5.2855e-03, -4.8632e-03],
        [ 6.7383e-02, -6.5473e-02,  9.3295e-02],
        [ 1.4088e-02,  3.9174e-03, -2.9172e-03],
        [ 9.1020e-04,  2.2461e-04, -2.9220e-05],
        [ 2.7877e-03,  7.2641e-04,  3.2755e-03],
        [-2.5828e-03,  6.1886e-02, -3.4740e-02],
        [ 8.5259e-02, -4.2643e-02,  9.5083e-02],
        [ 8.9218e-05, -9.2237e-04,  3.8998e-03],
        [ 1.3226e-03, -6.4994e-07, -1.5158e-06],
        [-7.1846e-02,  7.9402e-02, -1.5181e-03],
        [ 1.0208e-04, -7.0529e-05,  6.8028e-05],
        [ 2.6886e-03,  6.4616e-05, -1.1332e-04],
        [-6.5083e-03, -6.2822e-03,  6.9413e-03],
        [ 4.5772e-02, -1.1848e-04,  1.1415e-05],
        [ 2.1639e-02, -4.5251e-02,  6.1705e-02],
        [ 6.2802e-05,  5.7554e-06,  8.7326e-07],
        [-7.4898e-02,  1.1687e-01, -1.1843e-01],
        [ 4.1949e-04, -3.8715e-04,  3.2586e-04],
        [-5.8187e-03,  2.4522e-05, -8.7815e-05],
        [-8.8772e-02,  2.4828e-03, -1.8757e-02],
        [ 3.4778e-02,  3.6628e-02, -3.3815e-02],
        [-1.1774e-02, -7.4501e-03,  7.3764e-03],
        [-2.8994e-03,  1.0876e-04, -4.8752e-04],
        [ 2.8826e-03, -1.8928e-04,  3.2625e-06],
        [ 4.1075e-02, -1.1490e-05,  1.0380e-05],
        [ 1.0771e-02,  8.9152e-06,  6.6757e-07],
        [-6.4492e-03, -4.7319e-03,  1.8148e-03],
        [ 8.2592e-03, -3.6807e-03,  4.5224e-02],
        [-7.9744e-02,  1.9125e-02,  9.1804e-02],
        [-2.3478e-02,  4.8139e-02, -4.4716e-03],
        [ 2.6295e-02, -6.8718e-05,  5.9400e-05],
        [ 6.3862e-02, -1.9801e-03, -4.0935e-03],
        [ 4.6397e-02,  1.4538e-05, -1.1336e-05],
        [-8.4642e-04, -3.2610e-02,  4.0878e-02],
        [ 7.6673e-02, -3.4890e-02,  1.0202e-01],
        [-6.6885e-03,  4.3279e-04, -3.4004e-04],
        [ 7.3871e-03, -3.2468e-03,  3.6704e-02],
        [-2.6466e-03, -3.2496e-03,  3.3118e-03],
        [ 6.9968e-03, -5.3956e-02,  4.3017e-02],
        [-3.4757e-02,  8.8641e-02, -5.3616e-02],
        [-5.7263e-02, -2.1446e-02,  1.1791e-02],
        [ 1.0631e-01, -8.1759e-02,  1.0790e-01],
        [-3.8147e-04, -6.0952e-07, -4.8161e-07],
        [-2.4397e-04,  2.0847e-05,  8.6304e-05],
        [-4.6905e-02,  4.3125e-02, -8.4981e-04],
        [ 8.4428e-03, -6.2242e-04,  1.1823e-03],
        [ 4.1807e-03,  5.6895e-02, -4.9378e-02]])), ('fc1.bias', tensor([ 8.9800e-03,  5.6863e-02,  3.3016e-02,  5.6955e-03,  7.1678e-04,
        -2.0537e-05,  1.9120e-02, -7.1347e-02, -6.6941e-02,  2.6153e-04,
         9.1387e-05,  9.5047e-02,  1.0723e-01,  7.9245e-04,  9.5961e-05,
         4.3559e-02,  6.7913e-02,  1.9802e-02,  1.3490e-05,  5.3805e-02,
        -7.0949e-04, -4.7970e-04,  7.2043e-03, -4.8378e-04,  5.8654e-02,
         1.5186e-02,  2.9334e-03,  3.0919e-02,  3.9851e-03,  1.1435e-01,
         1.2727e-02,  4.1224e-03, -3.6664e-02,  8.2128e-03,  4.1966e-02,
         3.5000e-02,  1.8583e-04, -5.1803e-04,  2.4688e-02,  7.0035e-03,
         4.2750e-03,  1.3946e-03, -6.9354e-02,  8.2933e-03,  2.4975e-02,
         8.4203e-03, -8.9605e-03,  2.4845e-03,  9.6472e-02, -9.1290e-04,
        -2.1430e-03, -2.6444e-03,  1.1177e-02, -4.8855e-02,  1.0433e-01,
        -2.2363e-04, -1.3121e-03, -1.6363e-03,  3.0332e-05,  6.2257e-02,
         2.0782e-02,  4.9664e-03,  8.4217e-02,  2.1177e-02,  4.5086e-04,
         1.5084e-01,  1.1289e-01,  5.0105e-04,  6.3913e-02,  2.3266e-02,
         1.3889e-02,  6.6233e-02,  3.6328e-03,  5.5207e-02, -5.6718e-03,
        -7.7279e-02, -1.1643e-04,  4.1199e-03,  5.8114e-03,  1.6561e-02,
         9.7242e-04, -2.8943e-02,  3.4702e-02,  1.1185e-03, -7.9998e-03,
        -2.7795e-02,  4.2299e-02,  4.6539e-02,  2.5771e-03, -4.3145e-03,
        -5.8340e-02, -2.7303e-04, -6.0665e-04,  1.8394e-03,  3.9863e-03,
         1.0831e-03, -5.4906e-03,  1.0932e-01, -5.5266e-04, -1.1899e-02,
         9.8441e-02,  1.9679e-02, -2.9378e-02, -1.9882e-03, -4.8375e-02,
        -4.9375e-02, -2.8335e-02, -1.7742e-03,  8.2739e-03,  1.2200e-01,
         2.7196e-02, -7.1175e-02,  4.8099e-04, -4.4548e-02,  1.0221e-03,
         3.1909e-02, -5.5288e-03,  1.0576e-01,  2.1923e-03, -7.1621e-04,
         6.1982e-02,  1.9024e-02,  5.2150e-02, -1.6592e-03, -2.4743e-03,
        -5.0759e-02, -4.2821e-02,  3.7829e-02])), ('fc2.weight', tensor([[ 1.3495e-03, -3.1880e-03,  7.1957e-03,  ..., -1.8843e-03,
         -6.1922e-06,  5.5892e-03],
        [-2.9963e-03, -1.5759e-02, -6.9873e-03,  ..., -3.1783e-03,
          1.8707e-05, -6.4445e-03],
        [ 6.0350e-08, -6.2548e-07, -9.3982e-08,  ..., -7.8537e-08,
         -1.0661e-07, -2.6248e-07],
        ...,
        [-2.6359e-04, -5.7791e-03,  5.7539e-04,  ..., -8.4549e-05,
         -1.8541e-04,  9.7121e-05],
        [ 4.6308e-04,  2.9323e-03,  1.5112e-03,  ...,  5.2827e-04,
          1.5381e-04,  9.8271e-04],
        [ 4.9448e-06,  1.0367e-03,  3.5266e-04,  ..., -2.3902e-04,
          7.8667e-04,  1.8794e-04]])), ('fc2.bias', tensor([ 5.8322e-02,  5.6580e-02, -1.4877e-03, -4.3349e-02, -9.9800e-02,
        -2.5599e-02, -7.2162e-02,  7.7677e-03, -1.6437e-02,  5.7719e-02,
        -4.9313e-02,  4.4792e-02,  4.1662e-02,  1.3101e-02, -2.1538e-02,
        -4.5809e-02,  6.9366e-02, -9.8911e-03, -7.2871e-04, -1.4143e-01,
        -8.1673e-03,  9.3897e-02,  2.2587e-04, -1.3240e-02,  2.8898e-03,
        -1.3038e-01,  4.7079e-02,  2.3109e-03, -5.1301e-03,  4.8528e-02,
        -4.4859e-02,  5.2106e-02,  4.6062e-02,  5.5902e-04,  6.0663e-03,
         6.2456e-02, -2.3779e-02,  2.2235e-02,  2.9474e-02,  7.9672e-03,
        -9.3911e-03,  5.2111e-02, -4.5058e-02,  2.9507e-02,  1.6129e-04,
        -5.1697e-02, -5.5679e-03,  1.7474e-04,  5.0079e-02,  6.9223e-06,
         5.3629e-03,  2.7627e-02, -2.2432e-04, -3.2191e-04, -4.2157e-02,
         2.8270e-02,  2.1553e-03,  3.9188e-02,  5.6351e-05,  1.1714e-05,
        -8.4544e-06,  1.4701e-02,  5.4313e-03, -3.2031e-03])), ('fc3.weight', tensor([[-6.3529e-02, -3.5655e-02,  1.3926e-05,  2.4520e-03,  2.7376e-02,
         -2.4088e-03,  3.9596e-03,  3.5459e-02,  1.4130e-03, -9.8910e-02,
          5.3822e-02, -8.6760e-02,  1.8839e-01, -4.0645e-02,  1.3637e-05,
         -2.2584e-02, -7.5904e-02,  2.7118e-02, -1.4438e-05, -6.0362e-02,
          4.1359e-06,  1.9991e-01,  9.0687e-04,  4.8205e-03, -4.1243e-04,
         -5.8221e-02,  1.2770e-01,  9.1780e-03,  1.0244e-03, -5.0906e-02,
         -7.3748e-02,  6.5918e-02,  1.0881e-01, -1.8576e-04, -1.9905e-02,
          2.8632e-01,  4.6488e-02,  6.8883e-02,  2.1455e-02, -1.4900e-02,
         -2.8473e-02,  2.5405e-01,  1.0979e-04,  1.3194e-01, -8.9004e-05,
          3.1605e-03,  6.2805e-05, -3.6352e-03, -8.5176e-02, -1.2619e-05,
         -3.9684e-02, -5.9031e-02, -1.2357e-04, -2.5435e-03,  2.6969e-04,
          1.5747e-01,  2.0437e-03, -8.5007e-02,  2.0646e-02, -3.4888e-05,
         -1.9047e-04, -2.5644e-02,  8.4221e-03, -7.7318e-03]]))])
end of epoch 7: val_loss 0.3335459841582633, val_acc 0.8
trigger times: 0
saving model weights...
Weights: OrderedDict([('fc1.weight', tensor([[ 8.5260e-04, -9.5067e-05,  9.1632e-05],
        [-8.8076e-02,  1.2617e-01, -4.1588e-02],
        [-9.0282e-03,  1.9078e-02, -8.1656e-03],
        [-2.2253e-03,  4.7601e-03, -1.5922e-03],
        [-2.3791e-04,  1.8348e-04, -2.0518e-04],
        [-4.2062e-03,  5.6537e-04, -1.0620e-05],
        [ 6.9218e-02, -7.4712e-02, -8.9722e-03],
        [ 3.6323e-02, -3.5155e-05,  1.9902e-05],
        [-9.4726e-03, -1.9185e-04,  8.0121e-05],
        [-2.1107e-03, -3.7376e-04,  5.1321e-04],
        [-2.9386e-03, -1.7805e-04,  4.6867e-04],
        [-9.2288e-02,  1.2368e-01, -4.7396e-02],
        [-9.0686e-02,  1.4863e-01, -6.4726e-02],
        [ 2.4967e-03,  5.3592e-04,  2.3584e-03],
        [ 1.5051e-04,  4.1796e-05, -2.5067e-05],
        [-5.3163e-02,  8.3479e-02, -2.9692e-02],
        [-8.5763e-02,  1.1101e-01, -4.5946e-02],
        [ 7.5917e-02, -3.6953e-02,  7.6463e-02],
        [-1.2048e-04, -8.2126e-05,  3.8489e-05],
        [-6.9106e-02,  1.1137e-01, -4.0021e-02],
        [-4.9539e-05,  1.5393e-07,  3.5588e-06],
        [-3.4909e-03,  4.7386e-04, -3.9097e-05],
        [-1.7453e-03,  6.1943e-03, -9.0572e-04],
        [ 6.3882e-03,  3.6536e-03,  1.9563e-02],
        [-4.7430e-02,  1.3998e-02,  5.2647e-02],
        [ 4.1154e-02, -1.2225e-02,  4.4721e-02],
        [-2.5824e-03, -1.5913e-03,  2.5518e-03],
        [ 1.2817e-01, -4.5749e-02,  1.0425e-01],
        [-5.1423e-04,  2.0618e-03,  5.5544e-04],
        [ 1.0134e-01,  7.3169e-02, -4.3178e-02],
        [ 1.0229e-01, -5.9257e-02,  1.6820e-02],
        [-1.3784e-02, -1.4048e-03,  2.3800e-03],
        [ 1.0168e-02, -1.7264e-06, -5.6258e-07],
        [-2.5100e-03,  1.3368e-02, -1.2503e-02],
        [ 7.8716e-02, -6.4846e-03,  5.6396e-02],
        [-3.1410e-02,  6.0470e-02, -1.3796e-02],
        [-4.5373e-04,  2.7354e-03, -9.6704e-04],
        [-3.4511e-02, -4.2313e-03,  1.4061e-02],
        [ 8.3100e-02,  1.8680e-03,  8.1680e-02],
        [ 1.9091e-04,  6.5426e-04,  5.0433e-04],
        [ 1.3009e-02, -1.5776e-02,  2.3809e-02],
        [ 6.6108e-05,  4.9719e-06, -2.4142e-05],
        [-1.8336e-03,  7.1153e-04,  5.1549e-05],
        [-1.0488e-01, -8.1926e-02,  7.4168e-02],
        [-1.0333e-04, -2.3155e-04,  3.7340e-04],
        [ 1.1514e-02,  5.7230e-04,  3.0796e-02],
        [ 3.6722e-06,  3.9335e-06, -8.7783e-07],
        [ 2.6315e-03,  1.7269e-04,  5.4415e-03],
        [-9.2235e-02,  1.2199e-01, -5.7748e-02],
        [ 1.1279e-07, -4.2824e-08, -2.5444e-08],
        [-2.6970e-02, -1.6237e-02,  7.5260e-02],
        [ 1.2236e-04, -4.4149e-07,  6.8603e-08],
        [ 1.8077e-02, -8.3698e-03,  2.5939e-02],
        [-3.9391e-02, -3.6768e-02,  2.9939e-02],
        [-1.0946e-01,  1.4862e-01, -7.0979e-02],
        [-9.7017e-04,  1.9193e-05, -2.4812e-05],
        [-2.1146e-02, -7.0050e-04,  2.3643e-03],
        [-8.7024e-02, -8.7518e-03,  6.5327e-02],
        [ 8.7314e-06, -1.1319e-05, -4.4360e-06],
        [-4.4445e-02,  7.7111e-02, -2.0760e-02],
        [ 4.5479e-02, -1.1034e-02,  4.7804e-02],
        [ 7.9897e-04,  3.3344e-04,  2.3177e-03],
        [-6.1718e-02,  1.2133e-01, -8.6728e-02],
        [ 4.7116e-03, -3.1961e-03,  1.3480e-02],
        [ 8.0485e-04, -5.3925e-06, -1.4477e-04],
        [ 5.4568e-03,  6.3290e-02, -5.0569e-02],
        [-1.3342e-01,  1.7232e-01, -8.0126e-02],
        [-4.1406e-03, -8.8898e-04,  4.6896e-03],
        [-8.0756e-02,  1.2941e-01, -4.5606e-02],
        [ 7.7428e-02, -1.9999e-02,  7.8050e-02],
        [-4.1866e-04,  3.5980e-03, -2.8323e-04],
        [-4.9259e-02,  7.3353e-02, -2.7263e-02],
        [-7.9745e-02,  7.3162e-03,  4.9686e-02],
        [-5.6359e-02,  9.5119e-02, -3.9991e-02],
        [ 1.4970e-02,  1.9939e-03, -5.8651e-06],
        [ 4.0403e-02, -1.5129e-05,  1.7012e-05],
        [-2.3172e-04, -5.5531e-04, -1.0596e-04],
        [-1.2596e-02,  7.3276e-03,  9.1753e-03],
        [ 3.2184e-04,  2.6736e-03,  7.9743e-03],
        [-1.1444e-03, -1.1727e-04, -1.0526e-04],
        [-6.0041e-03, -2.1865e-03,  9.7174e-04],
        [ 7.0248e-05,  3.5242e-04,  1.5392e-04],
        [ 6.2897e-02, -3.1746e-02,  6.7212e-02],
        [-2.0808e-02, -1.4926e-03,  1.2012e-02],
        [-8.0842e-03,  3.5574e-05,  1.3470e-03],
        [-4.0474e-05, -6.1328e-05, -3.9342e-04],
        [-1.5478e-02,  2.9376e-02, -1.5673e-02],
        [ 7.9726e-02, -2.0594e-02,  7.1294e-02],
        [ 8.0727e-04, -3.5927e-04,  1.7658e-03],
        [ 4.2641e-04, -1.4835e-07,  2.4121e-07],
        [-4.0802e-02,  5.2619e-02, -2.0591e-04],
        [ 1.5425e-02,  5.6605e-04, -1.3598e-04],
        [-5.8426e-03, -3.6745e-03,  1.8886e-03],
        [-4.1718e-03, -1.1202e-03,  1.1953e-04],
        [-3.9451e-02, -1.7473e-02,  3.5852e-02],
        [ 2.5261e-02, -2.1816e-02,  3.8520e-02],
        [-1.4692e-05, -7.5063e-07,  1.8201e-07],
        [-8.0472e-02,  9.8939e-02, -6.6695e-02],
        [-1.7401e-03,  2.2206e-04, -1.6604e-04],
        [-2.2027e-03,  7.0353e-05, -2.4760e-05],
        [-9.5695e-02,  7.7193e-02, -3.3468e-02],
        [ 7.7533e-03, -1.6356e-02,  1.1667e-02],
        [-7.9356e-03, -1.2784e-03,  2.0104e-03],
        [-7.7069e-04,  2.3688e-07,  3.7150e-05],
        [ 1.9046e-03, -3.3680e-05,  1.2450e-06],
        [ 2.5186e-02, -1.3138e-05,  9.4171e-06],
        [ 5.4943e-03, -3.5426e-07,  2.9215e-06],
        [-3.0972e-03,  3.8353e-04, -9.2813e-05],
        [ 1.1680e-02,  4.0489e-04,  2.1874e-02],
        [-5.4352e-02,  8.4957e-02, -2.0353e-02],
        [-2.7142e-02,  4.0707e-02, -1.5481e-02],
        [ 1.9513e-02, -1.2116e-05,  4.1003e-05],
        [-8.1883e-02, -8.1529e-03,  2.5841e-02],
        [ 2.6333e-02, -1.6227e-05,  9.4182e-06],
        [-5.0275e-03, -9.3511e-03,  1.8571e-02],
        [ 7.7601e-02, -1.6754e-02,  8.0620e-02],
        [-6.5433e-02,  2.0601e-02,  1.9817e-03],
        [ 1.1217e-02, -7.3313e-03,  1.8500e-02],
        [-7.6331e-04, -5.5203e-04, -5.5377e-04],
        [ 9.8692e-03, -4.0921e-03,  2.1912e-02],
        [-4.5818e-02,  6.7767e-02, -2.3167e-02],
        [ 3.2428e-03,  4.0812e-02, -2.0019e-02],
        [ 9.8671e-02, -4.3044e-02,  8.6230e-02],
        [-6.0153e-05, -8.9324e-08,  6.2306e-08],
        [ 2.1307e-05, -2.0303e-06, -3.3934e-05],
        [-1.9749e-02,  1.8667e-02, -4.7079e-05],
        [ 4.3197e-03, -1.8935e-04,  2.0910e-04],
        [-1.0411e-02,  2.1570e-02, -1.0122e-02]])), ('fc1.bias', tensor([ 3.8313e-03,  5.5789e-02,  1.5619e-02,  2.4952e-03, -1.7668e-03,
        -2.0142e-04, -2.6332e-02, -5.3114e-02, -4.5943e-02,  1.0965e-03,
        -2.2626e-03,  6.8214e-02,  9.5122e-02,  1.9397e-03,  2.2764e-05,
         6.3638e-02,  6.1459e-02,  1.4275e-02,  1.0910e-04,  6.3236e-02,
        -1.1166e-04,  2.5120e-03,  1.5860e-03,  3.9871e-03,  3.9619e-02,
         9.6882e-03,  4.6537e-04,  2.5021e-02,  1.2082e-03,  3.8582e-02,
        -2.2997e-02,  8.7611e-03, -2.6007e-02,  1.0277e-03,  2.2863e-02,
         4.2607e-02,  2.2190e-04,  1.0062e-02,  2.0647e-02,  2.6829e-03,
         2.7980e-03, -1.1719e-04, -4.4213e-02,  2.4037e-02, -2.3798e-03,
         4.3461e-03, -3.6128e-03,  1.2931e-03,  5.8828e-02, -4.0301e-04,
         2.9400e-02, -7.9294e-04,  7.5444e-03, -8.8980e-03,  8.1161e-02,
         2.3528e-04,  4.8708e-03,  2.0103e-02, -1.7129e-05,  5.2158e-02,
         8.1121e-03,  1.9185e-03,  1.0797e-01,  3.3084e-03, -1.1595e-05,
         3.3372e-02,  8.1957e-02, -4.6593e-04,  9.3289e-02,  1.7784e-02,
        -4.5092e-04,  4.4921e-02,  3.2114e-02,  4.8174e-02,  9.8166e-04,
        -6.4647e-02, -3.0116e-04, -3.3765e-03,  3.0818e-03, -3.6634e-03,
        -6.5328e-04,  3.4308e-03,  2.6884e-02,  4.8002e-03,  2.3173e-02,
        -6.9065e-03,  1.3490e-02,  3.0057e-02,  9.0590e-04, -1.8302e-03,
        -3.9843e-02,  1.5182e-04,  9.9278e-04, -4.1560e-04,  1.0560e-02,
         6.1077e-03, -2.0318e-03, -7.9055e-02,  1.0855e-03, -8.9765e-03,
        -6.9605e-02,  1.5419e-03,  1.4685e-02, -6.0665e-05, -4.0237e-02,
        -3.6641e-02, -1.9751e-02, -1.8657e-04,  4.7175e-03,  1.0708e-01,
         2.2036e-02, -6.1855e-02,  1.9383e-02, -2.9169e-02, -8.1705e-03,
         2.6092e-02,  2.7680e-02,  6.4812e-02,  1.2783e-03,  4.8596e-03,
         3.9355e-02,  3.0182e-02,  3.7408e-02, -8.6671e-04, -3.1325e-05,
        -3.3385e-02, -3.0333e-02,  1.2582e-02])), ('fc2.weight', tensor([[-6.2311e-05, -8.2427e-03, -1.7751e-03,  ...,  1.0933e-04,
         -2.2286e-05, -2.3384e-03],
        [ 9.9726e-05, -8.5644e-03, -3.8047e-03,  ..., -2.0883e-03,
         -1.3388e-05, -3.4639e-03],
        [ 2.8381e-09,  7.7145e-08,  1.3961e-08,  ...,  1.5757e-08,
          4.5825e-09,  8.4441e-09],
        ...,
        [ 2.2652e-05, -5.4575e-03, -1.8329e-03,  ..., -2.1797e-04,
         -5.2233e-05, -6.9753e-04],
        [-3.7700e-06,  2.7814e-03,  1.0050e-03,  ...,  2.6886e-04,
          2.0293e-05,  5.8851e-04],
        [-8.1637e-04, -9.7934e-05, -2.8533e-03,  ..., -5.9936e-05,
          2.2890e-04, -1.2458e-03]])), ('fc2.bias', tensor([ 3.7561e-02,  2.8404e-02, -7.3707e-04, -3.8645e-02, -9.6965e-03,
        -1.9663e-02, -6.3163e-02, -9.3743e-02, -1.1532e-02,  8.9695e-02,
        -1.9193e-02,  4.4129e-02,  4.4121e-02,  1.4321e-02, -1.5023e-02,
        -3.9003e-02,  6.0659e-02, -5.9524e-03, -1.1921e-04, -1.2145e-01,
        -3.1916e-03,  5.8762e-02,  2.7354e-04, -1.2344e-03,  3.4720e-04,
        -1.0787e-01,  2.9027e-02,  1.9091e-03, -1.2864e-03,  4.2426e-02,
        -3.4664e-02,  2.7558e-02,  2.6737e-02,  1.1320e-03,  3.2143e-02,
         5.7882e-02, -2.0887e-02, -1.0065e-01,  6.0881e-03, -1.4136e-03,
        -5.4416e-03,  6.2330e-02, -3.6419e-02,  2.7450e-02,  4.7584e-05,
        -4.5271e-02, -2.1549e-03, -2.8505e-02,  7.7847e-02, -4.6035e-07,
         2.1205e-02,  2.8755e-02, -1.5991e-04, -6.1366e-05, -3.6320e-02,
         3.6957e-02,  8.1643e-04,  3.6905e-02,  8.7911e-04,  2.4779e-05,
         1.0833e-04,  4.5487e-03,  4.4782e-03, -9.5365e-02])), ('fc3.weight', tensor([[-4.7413e-02, -3.3272e-02,  6.1774e-06,  3.8289e-04, -3.4087e-03,
         -1.2864e-03,  2.3390e-03,  2.1369e-02,  6.8445e-04, -9.5400e-02,
          4.1671e-02, -8.4466e-02,  2.0078e-01, -3.9260e-02,  9.0663e-06,
         -1.9410e-02, -7.2359e-02,  1.7626e-02,  1.9861e-06, -5.3162e-02,
         -1.0658e-05,  2.1221e-01,  2.6219e-04,  1.7820e-03,  7.8558e-04,
         -5.3670e-02,  1.3286e-01,  7.0320e-03, -5.2003e-04, -4.7658e-02,
         -6.8067e-02,  6.2450e-02,  1.0441e-01,  4.3416e-04, -8.9373e-03,
          3.0519e-01,  4.0086e-02,  6.5749e-02,  5.0842e-03, -1.1269e-02,
         -2.5137e-02,  2.6662e-01,  2.0316e-05,  1.3864e-01,  2.2033e-04,
          6.7430e-04,  8.0873e-06,  4.3155e-07, -8.0530e-02, -1.1979e-06,
         -9.4865e-03, -5.5889e-02, -8.3229e-05, -1.5029e-03,  2.0702e-04,
          1.6612e-01, -6.2896e-04, -8.1711e-02,  1.7420e-02,  1.2774e-04,
         -6.2631e-06, -2.4266e-02,  8.2970e-03, -6.6159e-03]]))])
end of epoch 8: val_loss 0.2850279721430752, val_acc 0.8
trigger times: 0
saving model weights...
Weights: OrderedDict([('fc1.weight', tensor([[-9.8286e-05, -2.7945e-04,  3.0972e-04],
        [-7.0352e-02,  1.2380e-01, -5.3082e-02],
        [-1.0288e-02,  2.0550e-02, -1.4443e-02],
        [-1.3736e-03,  4.5188e-03, -2.5421e-03],
        [-6.5475e-05, -2.1228e-05, -2.7239e-05],
        [-6.2745e-04, -5.1009e-05, -7.5302e-07],
        [ 1.9899e-02, -1.7760e-02,  3.3140e-03],
        [ 2.2583e-02, -7.2629e-05,  1.0448e-05],
        [-1.3763e-03,  7.9593e-05, -3.5765e-05],
        [ 9.3003e-03, -9.7602e-03,  1.2234e-02],
        [-1.1547e-04,  2.1686e-05, -6.4331e-05],
        [-8.3133e-02,  1.2481e-01, -6.4927e-02],
        [-1.5073e-01,  1.4603e-01, -4.9869e-02],
        [ 8.4554e-04, -4.3280e-04,  2.1814e-03],
        [-6.4520e-04, -7.9839e-05,  2.8954e-04],
        [-1.2732e-01,  8.4099e-02, -3.2517e-02],
        [-7.6270e-02,  1.1399e-01, -5.7015e-02],
        [ 7.1710e-02, -1.5278e-02,  6.7548e-02],
        [ 2.2747e-04,  3.0699e-04, -6.7174e-04],
        [-7.5188e-02,  1.0877e-01, -4.3148e-02],
        [-9.1769e-06, -5.0372e-06,  1.6062e-06],
        [-6.1029e-03, -3.2041e-03,  6.6090e-03],
        [-2.3319e-03,  5.6786e-03, -4.0366e-03],
        [ 1.0478e-02, -1.9058e-02,  1.3417e-02],
        [ 4.6993e-03,  7.7252e-02, -5.8244e-02],
        [ 3.8067e-02, -3.9159e-03,  3.8519e-02],
        [ 3.0663e-03,  5.3952e-03, -3.0879e-03],
        [ 1.1959e-01, -2.7854e-02,  9.5950e-02],
        [-4.2258e-04,  2.5595e-03, -1.3469e-03],
        [ 1.5351e-01, -1.0243e-01,  9.5024e-02],
        [ 1.4430e-02, -4.8568e-02,  4.0473e-02],
        [-1.6869e-03,  5.3821e-03, -3.5455e-03],
        [ 5.1599e-03, -2.1060e-06,  8.2849e-07],
        [ 2.3934e-04,  3.4718e-03,  9.0811e-04],
        [ 3.2972e-02, -3.2118e-02,  6.0218e-02],
        [-3.5387e-02,  5.8696e-02, -3.1390e-02],
        [-1.2028e-03,  7.0241e-04, -4.1462e-04],
        [ 3.3195e-02,  7.1420e-02, -4.4469e-02],
        [ 7.8622e-02, -4.9253e-02,  7.2896e-02],
        [ 6.0435e-05,  3.5085e-05, -7.9941e-05],
        [ 1.4438e-02, -4.9897e-03,  1.6596e-02],
        [ 8.1637e-05,  3.2204e-06, -6.2448e-06],
        [ 2.4677e-04, -4.9281e-05, -4.2416e-05],
        [-2.4039e-01, -2.8782e-02, -8.9377e-02],
        [-6.1597e-04, -3.9396e-05, -7.2450e-05],
        [ 2.1439e-03, -2.9893e-03,  4.7623e-03],
        [-2.4862e-06, -4.6479e-07,  1.7093e-07],
        [ 3.1276e-03, -3.0115e-03,  3.8141e-03],
        [-8.8499e-02,  1.2244e-01, -5.9514e-02],
        [-1.3787e-08, -1.3132e-08,  5.6883e-10],
        [-4.7132e-02,  1.1716e-03, -1.1708e-02],
        [ 1.5572e-05,  4.6562e-08, -2.0367e-08],
        [ 1.8733e-02, -1.8507e-02,  2.0155e-02],
        [-1.3502e-02, -5.1213e-03,  3.6594e-03],
        [-9.9857e-02,  1.5063e-01, -7.9721e-02],
        [-5.4318e-03, -1.4606e-03,  1.1333e-03],
        [-3.0433e-02,  2.1765e-02, -9.6534e-04],
        [-4.1283e-02,  8.3882e-02, -8.7898e-02],
        [ 1.5149e-06,  5.4433e-06, -2.6918e-06],
        [-1.1668e-01,  7.6408e-02, -3.2923e-02],
        [ 1.2809e-02, -3.5917e-02,  3.6610e-02],
        [-3.4286e-04, -4.1399e-04,  5.4890e-04],
        [-3.3531e-02,  9.8301e-02, -2.6618e-02],
        [ 7.2716e-03, -6.5502e-03,  7.8310e-03],
        [-6.3382e-03,  1.2148e-02, -1.5205e-03],
        [-2.3040e-02,  4.7004e-02, -2.3062e-02],
        [-1.2763e-01,  1.7474e-01, -8.4182e-02],
        [-6.0170e-04,  3.3494e-05,  1.5026e-03],
        [-8.9517e-02,  1.2915e-01, -5.7117e-02],
        [ 7.4622e-02, -8.4354e-03,  6.9977e-02],
        [-3.0307e-04, -1.5771e-04,  1.1439e-05],
        [-4.7933e-02,  7.4296e-02, -3.7071e-02],
        [-1.8123e-02,  8.0852e-02, -7.2584e-02],
        [-5.0947e-02,  9.1825e-02, -4.9028e-02],
        [ 1.4654e-02, -7.0697e-03, -1.2858e-02],
        [ 2.7493e-02, -3.6507e-06,  8.0376e-06],
        [-1.7336e-04, -2.5705e-04, -4.6676e-04],
        [-2.2302e-03, -6.8392e-04,  1.6254e-03],
        [ 3.5685e-03, -7.2293e-03,  3.8467e-03],
        [-2.0270e-03, -1.7257e-03,  1.1916e-03],
        [-1.4831e-03, -2.0553e-04, -1.5301e-04],
        [-1.3387e-03, -1.6924e-03,  2.3516e-04],
        [ 5.9916e-02, -1.9614e-02,  5.8235e-02],
        [-8.6595e-02,  5.1553e-02, -3.1454e-02],
        [-1.4242e-02, -3.9301e-02,  1.4071e-02],
        [-2.9922e-05,  1.1074e-06,  4.7073e-05],
        [-1.4408e-02,  3.0436e-02, -1.6150e-02],
        [ 7.3929e-02, -3.3028e-02,  6.4994e-02],
        [ 9.3990e-04, -8.6827e-04,  1.4177e-03],
        [ 1.1949e-04, -6.6979e-09,  3.2672e-08],
        [-2.1979e-02,  3.5720e-02, -1.3621e-04],
        [-1.1181e-03,  1.4605e-04,  1.5396e-04],
        [ 6.8624e-03,  1.4060e-02, -2.4973e-02],
        [-1.0774e-03,  6.8336e-05, -1.2607e-04],
        [-1.0341e-01,  8.6309e-02, -5.4054e-02],
        [ 2.6677e-02, -6.9909e-03,  2.9930e-02],
        [ 4.6163e-07,  6.6533e-08, -1.3324e-08],
        [-6.4836e-02,  7.6430e-02, -2.6194e-02],
        [-6.4729e-03, -9.3520e-04,  8.2374e-04],
        [-7.5024e-04,  4.0442e-05, -9.3035e-06],
        [ 1.7695e-03, -9.1927e-03,  2.8284e-03],
        [-1.4173e-03, -1.9130e-03,  3.3378e-03],
        [-2.5918e-03,  7.3332e-03, -5.3307e-03],
        [-1.6967e-04,  5.3311e-05, -2.3728e-05],
        [ 1.2144e-03, -4.1495e-06,  9.1546e-07],
        [ 1.4791e-02, -8.1896e-06,  5.5342e-06],
        [ 2.6288e-03, -1.3418e-06,  6.8075e-07],
        [-5.8748e-04, -3.1023e-05, -1.2046e-05],
        [ 1.2751e-02, -1.0980e-02,  1.5450e-02],
        [-2.4658e-02,  6.8511e-02, -4.4499e-02],
        [-1.8465e-02,  4.2980e-02, -2.4744e-02],
        [ 1.4128e-02, -7.7765e-06,  1.7163e-05],
        [-1.7104e-02,  8.5160e-02, -7.2896e-02],
        [ 1.4197e-02,  7.2606e-06, -1.3658e-06],
        [-2.6469e-03, -7.6211e-04,  4.6964e-03],
        [ 7.5605e-02, -2.0102e-02,  7.2082e-02],
        [-7.8882e-02, -1.3631e-02,  2.6120e-02],
        [ 1.2871e-02, -1.4112e-02,  1.3612e-02],
        [-1.0494e-05, -2.3524e-05, -2.1086e-04],
        [ 1.1673e-02, -1.6010e-02,  1.4426e-02],
        [-4.0978e-02,  6.7606e-02, -3.3317e-02],
        [-5.7023e-03, -4.9765e-03,  4.7446e-03],
        [ 9.2223e-02, -1.5632e-02,  7.9272e-02],
        [-5.5639e-06,  2.0946e-08, -2.1841e-09],
        [-1.7988e-05, -3.3803e-05,  2.4431e-05],
        [-7.5362e-03,  1.0614e-02, -2.0347e-05],
        [ 2.0733e-03, -4.9599e-05,  2.4975e-05],
        [-1.3377e-02,  2.2837e-02, -1.4871e-02]])), ('fc1.bias', tensor([ 1.1977e-03,  8.6682e-02,  1.7324e-02,  2.8149e-03, -2.2538e-04,
        -7.0478e-06, -1.2058e-02, -3.8590e-02, -3.0448e-02,  2.8682e-02,
         2.8136e-05,  1.0079e-01,  1.7868e-02,  9.6941e-04,  5.1132e-04,
        -4.3174e-02,  7.5933e-02,  1.5682e-02,  2.4699e-04,  5.7927e-02,
        -1.0504e-05, -8.1444e-03,  2.2493e-03,  2.1737e-03,  4.7082e-02,
         1.0647e-02,  2.3137e-03,  2.4600e-02,  1.7991e-03,  2.8836e-02,
        -4.4180e-02, -1.1255e-02, -1.7924e-02, -1.8105e-03,  1.0868e-02,
         2.8550e-02, -1.4649e-03,  7.6200e-02,  1.2266e-02,  9.1744e-04,
         3.6006e-03,  1.5704e-05, -2.6979e-02, -7.3828e-03,  1.3542e-04,
         1.7595e-03, -1.3210e-03,  5.5698e-04,  7.2578e-02, -1.6363e-04,
        -4.3915e-03, -2.0293e-04,  5.1940e-03, -2.8170e-03,  1.0020e-01,
         3.8612e-03, -2.4680e-02,  7.1301e-02,  1.4826e-06, -5.0878e-02,
         1.4514e-03,  6.3867e-04,  5.1029e-02,  1.9185e-02,  6.2723e-04,
         3.3108e-02,  1.0566e-01, -1.7452e-04,  6.9176e-02,  1.8975e-02,
        -1.7249e-03,  5.0494e-02,  9.4624e-02,  5.6578e-02, -3.6400e-02,
        -5.3318e-02, -1.3656e-04, -1.5287e-03,  1.4435e-03,  2.1294e-04,
        -1.6716e-04, -1.0749e-02,  2.1172e-02, -6.4418e-02,  5.5513e-02,
        -1.3001e-03,  1.5050e-02,  1.7469e-02,  4.8895e-04, -7.0977e-04,
        -2.6513e-02, -2.0040e-03,  4.6666e-03, -1.8193e-04, -5.6635e-02,
         8.9325e-03, -6.7176e-04, -8.7834e-02,  2.3196e-03, -6.6170e-03,
        -5.2081e-02, -2.0446e-03,  1.0858e-02,  7.6163e-05, -3.2981e-02,
        -2.6530e-02, -1.3355e-02, -4.8656e-05,  1.9568e-03,  7.7660e-02,
         2.6756e-02, -5.3166e-02,  1.1897e-01, -1.8414e-02, -1.0111e-02,
         2.0924e-02,  6.6963e-02,  2.9315e-02,  5.7746e-04,  1.5938e-03,
         5.1029e-02,  1.1304e-02,  3.1706e-02, -4.2584e-04,  3.3245e-05,
        -2.0728e-02, -2.0875e-02,  4.7396e-03])), ('fc2.weight', tensor([[ 2.3513e-05, -7.8707e-04,  2.4981e-03,  ..., -1.9001e-04,
         -1.8882e-05,  1.5844e-03],
        [ 2.3471e-04,  8.2314e-03,  4.7398e-03,  ..., -4.1149e-04,
         -1.6402e-05,  4.8308e-03],
        [-1.5214e-10,  6.5162e-09, -6.1971e-10,  ..., -1.6515e-09,
         -3.6112e-11,  4.0144e-09],
        ...,
        [ 1.8266e-05, -3.7829e-03,  1.8698e-03,  ..., -1.2386e-04,
         -1.5224e-05, -5.4248e-05],
        [-1.7625e-04,  1.5263e-03, -1.2149e-03,  ...,  1.2734e-04,
          6.2616e-06, -4.1130e-05],
        [ 1.0899e-04, -2.4537e-04,  3.6543e-04,  ..., -4.5841e-06,
          5.7710e-05, -1.7244e-04]])), ('fc2.bias', tensor([ 2.5650e-02,  1.5636e-02, -3.4119e-04, -3.4144e-02,  1.8438e-03,
        -1.4781e-02, -5.4711e-02, -7.4509e-02, -7.8531e-03,  4.9542e-02,
        -6.6404e-03,  4.0040e-02,  3.7731e-02,  2.0825e-02, -1.0165e-02,
        -3.2788e-02,  3.7096e-02, -3.4238e-03, -1.1944e-05, -8.7635e-02,
        -1.1251e-03,  4.5743e-02,  4.0625e-05, -7.6350e-04,  7.0772e-05,
        -7.3392e-02,  3.2940e-02,  4.8981e-03, -9.4989e-04,  2.9804e-02,
        -2.6229e-02,  1.7467e-02, -4.2696e-02,  6.6273e-05,  1.3478e-03,
         5.6139e-02, -1.8160e-02, -1.0288e-01,  3.4330e-04,  1.7466e-02,
        -3.0014e-03,  4.7616e-02, -2.8937e-02,  2.6346e-02, -8.3933e-06,
        -3.9232e-02, -7.5110e-04,  1.5964e-05,  3.4185e-02, -5.7643e-08,
         2.2273e-03,  2.6763e-02, -1.1081e-04, -8.2162e-06, -3.0925e-02,
         3.7122e-02,  9.8744e-05,  3.5810e-02,  7.1775e-03,  1.2658e-04,
         3.6079e-05,  1.6552e-02, -6.2968e-02,  5.7366e-03])), ('fc3.weight', tensor([[-4.3271e-02, -3.2911e-02, -3.2004e-06,  9.6820e-05, -1.2254e-04,
         -6.4866e-04,  1.3253e-03,  4.5702e-04,  3.1102e-04, -9.0780e-02,
          3.1581e-02, -8.0325e-02,  2.0990e-01, -3.9505e-02,  1.4547e-06,
         -1.6477e-02, -6.7607e-02,  1.1031e-02,  3.5714e-07, -4.6482e-02,
         -5.6703e-07,  2.4016e-01,  1.4398e-04,  1.2282e-03,  9.9460e-06,
         -4.9810e-02,  1.4799e-01,  5.6884e-03, -1.0684e-04, -4.4414e-02,
         -6.2429e-02,  7.1896e-02,  1.1523e-01,  3.2389e-04,  1.4427e-03,
          3.1836e-01,  3.4153e-02,  4.4581e-02, -1.3431e-03, -8.8717e-03,
         -2.1975e-02,  2.7655e-01,  2.7040e-06,  1.4438e-01,  2.5539e-04,
          2.8188e-04,  4.0207e-07, -1.3171e-04, -7.4139e-02,  1.6707e-07,
          9.6980e-03, -5.1826e-02, -2.0205e-06, -8.4713e-04,  1.0722e-04,
          1.7267e-01, -3.1096e-05, -7.7370e-02,  1.5890e-02, -2.8671e-05,
          3.0195e-05, -2.3166e-02,  8.1491e-03, -5.6420e-03]]))])
end of epoch 9: val_loss 0.23562531947682147, val_acc 0.8
trigger times: 0
saving model weights...
Weights: OrderedDict([('fc1.weight', tensor([[ 1.2499e-05, -6.5181e-05, -3.4457e-04],
        [-6.6455e-02,  1.6541e-01, -5.2776e-02],
        [-7.3870e-04,  2.0304e-02, -4.5064e-03],
        [-3.8927e-04,  5.0733e-03, -8.3048e-04],
        [-9.0512e-05,  1.3893e-04, -8.4500e-06],
        [-2.8403e-05,  1.0621e-05,  1.1731e-06],
        [ 5.4683e-03,  1.4711e-03,  7.6816e-05],
        [ 1.3518e-02, -1.5999e-05,  9.3153e-06],
        [-1.0738e-04, -1.2979e-05,  6.1468e-06],
        [-3.6052e-02, -1.0850e-01,  1.1421e-01],
        [ 8.2802e-03,  1.6484e-03, -1.2350e-03],
        [-7.5623e-02,  1.7426e-01, -5.2395e-02],
        [-9.8369e-02,  1.8193e-01, -7.8359e-02],
        [-1.2858e-03,  6.6075e-05,  8.8961e-04],
        [ 3.6662e-02,  1.5067e-02, -1.4362e-02],
        [-1.1585e-01,  9.7647e-02, -1.9854e-02],
        [-6.5005e-02,  1.6149e-01, -4.8781e-02],
        [ 5.1161e-02, -1.5238e-02,  7.9139e-02],
        [-1.1018e-02,  3.6499e-03,  4.9344e-03],
        [-6.1461e-02,  1.4699e-01, -3.6130e-02],
        [-6.7402e-07,  4.3664e-06,  2.9109e-06],
        [-2.2352e-03, -2.0782e-03,  2.6992e-04],
        [-4.7059e-04,  6.3796e-03,  1.1845e-04],
        [-1.2276e-02, -2.2300e-03,  1.2382e-02],
        [ 7.3291e-02, -6.2778e-02,  6.7816e-02],
        [ 2.2401e-02, -1.6820e-02,  4.4991e-02],
        [-4.3366e-02, -2.3379e-02,  3.5289e-02],
        [ 9.8827e-02, -1.7204e-02,  1.1813e-01],
        [-3.7161e-04,  4.0886e-04, -5.9461e-05],
        [ 2.4399e-02, -2.6767e-02,  1.1056e-01],
        [-2.1741e-02, -1.1564e-02,  1.3241e-02],
        [-1.7646e-03, -1.5014e-03,  4.1704e-04],
        [ 2.4694e-03, -4.3302e-06,  1.3560e-06],
        [-1.5935e-04, -5.5802e-04, -7.5583e-05],
        [-6.1401e-03, -3.1433e-02, -2.7711e-03],
        [-1.8706e-02,  8.2736e-02, -1.7825e-02],
        [-2.4613e-04, -2.2858e-03,  7.7337e-05],
        [ 1.2331e-01, -2.9621e-02,  8.2147e-02],
        [ 5.5799e-02, -5.3299e-02,  8.3794e-02],
        [-6.0335e-05,  5.7187e-04, -3.6162e-04],
        [ 2.8615e-03, -3.2425e-03,  1.5809e-02],
        [-2.8614e-02,  2.4401e-04,  5.1875e-03],
        [ 4.3290e-05,  2.3303e-07,  9.0395e-06],
        [-1.5328e-01,  2.3429e-03, -1.5379e-02],
        [-2.0718e-02,  1.9921e-02, -8.8642e-03],
        [ 1.2519e-03,  1.1536e-03, -2.7672e-03],
        [ 1.2498e-07, -5.8017e-09,  5.6287e-09],
        [-1.2639e-03, -2.3537e-03,  3.1331e-03],
        [-7.6492e-02,  1.6789e-01, -4.6194e-02],
        [ 3.7192e-08,  4.0023e-08, -1.8632e-08],
        [ 9.4074e-04, -1.5978e-04,  1.3931e-03],
        [ 8.5817e-07, -2.3557e-08,  1.1947e-08],
        [ 3.1643e-03, -1.0931e-02,  2.0462e-02],
        [-4.0990e-03, -1.8849e-04, -6.7679e-04],
        [-9.5398e-02,  2.0427e-01, -6.2115e-02],
        [-1.3162e-01,  9.5635e-02, -7.0961e-02],
        [ 3.7723e-03,  7.1092e-02, -4.0082e-04],
        [ 2.3355e-02, -1.5174e-02, -1.5770e-02],
        [-1.3534e-06, -1.2125e-06, -3.7900e-06],
        [-1.0594e-01,  8.8586e-02, -1.9919e-02],
        [-2.0432e-02, -1.3137e-02,  4.6467e-04],
        [-1.0988e-04, -1.2059e-03,  2.0168e-03],
        [-1.1987e-01,  1.3502e-01, -9.1049e-02],
        [ 2.6578e-04, -4.8177e-03,  5.8387e-03],
        [ 9.8279e-02,  1.1158e-01, -9.9647e-02],
        [-1.6248e-02,  6.6781e-02, -1.5611e-02],
        [-1.2052e-01,  2.2871e-01, -6.9885e-02],
        [ 3.0391e-05, -1.8189e-05,  3.7868e-04],
        [-6.0575e-02,  1.7201e-01, -9.7392e-02],
        [ 5.3631e-02, -2.8346e-02,  8.2222e-02],
        [ 2.4787e-03,  6.0125e-04, -4.5215e-04],
        [-3.0137e-02,  1.0825e-01, -2.8138e-02],
        [ 6.8130e-02, -5.6850e-02,  6.4048e-02],
        [-4.3937e-02,  1.2917e-01, -4.2221e-02],
        [ 6.8333e-03, -7.9204e-04,  2.5922e-03],
        [ 1.8164e-02, -9.3124e-06,  1.1248e-05],
        [-3.6177e-05, -6.7570e-05,  7.9660e-06],
        [-1.9232e-04,  9.3770e-05,  9.3098e-05],
        [-3.0818e-04, -1.7349e-04,  3.0709e-03],
        [ 1.1158e-01,  6.7975e-02, -6.0875e-02],
        [-2.5822e-04,  1.6509e-05, -7.6747e-06],
        [-1.4714e-03, -9.2075e-05, -2.0611e-05],
        [ 4.0592e-02, -1.3000e-02,  6.7701e-02],
        [-1.4422e-02,  1.8932e-03,  5.4770e-03],
        [-1.0846e-02,  1.2948e-01, -1.2702e-01],
        [ 5.7717e-06,  6.1165e-07, -5.8082e-06],
        [-3.5263e-03,  3.7681e-02, -8.8210e-03],
        [ 5.4940e-02, -4.2947e-02,  7.8420e-02],
        [-7.5963e-05, -8.2503e-04,  1.0911e-03],
        [ 2.8556e-05, -3.3904e-08,  5.5952e-08],
        [-1.1175e-02,  3.4564e-02, -2.2451e-04],
        [ 4.6627e-02,  2.0108e-03, -9.5993e-04],
        [-2.9211e-02, -2.2371e-03,  1.0619e-01],
        [-2.0103e-04,  4.1400e-05,  1.4081e-05],
        [-3.7216e-02,  4.4327e-02,  7.6099e-03],
        [ 8.9957e-03, -1.2908e-02,  3.3126e-02],
        [ 1.5659e-07, -2.9089e-08,  1.4415e-08],
        [-3.7513e-02,  6.9949e-02, -9.3371e-03],
        [-1.4640e-01,  7.4013e-02, -6.0525e-02],
        [-2.2646e-04,  1.9238e-05, -6.1324e-06],
        [ 8.8484e-04, -6.8295e-04,  4.5562e-04],
        [-1.5140e-04, -7.7640e-04,  9.7669e-05],
        [-2.3388e-03, -1.7259e-02,  8.2993e-03],
        [ 9.4601e-05,  1.1956e-03, -7.6855e-04],
        [ 7.4744e-04, -7.4555e-07,  1.3974e-06],
        [ 8.3203e-03, -4.1014e-06,  3.0300e-06],
        [ 1.1782e-03, -6.5035e-07,  1.7749e-06],
        [-6.0625e-05, -6.1864e-06,  3.0065e-06],
        [ 1.7302e-03, -9.9583e-03,  1.4748e-02],
        [-1.2276e-02,  9.0237e-02, -5.2615e-02],
        [-1.5174e-02,  6.2235e-02, -1.3646e-02],
        [ 9.9821e-03, -6.7142e-06,  9.7418e-06],
        [ 5.5950e-02, -1.1412e-02, -3.4136e-02],
        [ 7.2653e-03, -7.9087e-06,  9.2115e-06],
        [-7.9086e-04,  2.0301e-06,  3.4719e-04],
        [ 5.2140e-02, -3.9520e-02,  8.0668e-02],
        [-1.2148e-01,  1.8744e-01, -1.6369e-01],
        [ 3.9222e-03, -8.5548e-03,  1.5544e-02],
        [-7.9337e-05,  7.2550e-04, -4.4383e-04],
        [-1.6244e-03, -5.3236e-03,  1.2220e-02],
        [-3.0035e-02,  1.0301e-01, -2.4194e-02],
        [-2.3097e-03, -3.8569e-02, -6.7199e-02],
        [ 7.2434e-02, -2.5209e-02,  9.6068e-02],
        [ 7.1126e-08, -2.1207e-08,  8.1029e-09],
        [ 1.5155e-05, -6.2628e-06, -1.9427e-04],
        [-2.5952e-03,  7.2193e-03, -4.0328e-05],
        [ 9.3237e-04, -1.1463e-05,  1.6589e-06],
        [-1.3413e-03,  2.6018e-02, -4.6203e-03]])), ('fc1.bias', tensor([ 2.0716e-04,  9.6544e-02,  1.0008e-02,  2.3301e-03,  2.9858e-05,
        -4.9398e-06, -3.1614e-03, -2.7375e-02, -1.9545e-02,  1.5360e-02,
         9.7107e-04,  1.1683e-01,  8.1534e-02, -6.1435e-04,  2.1023e-03,
        -1.0637e-01,  8.5674e-02,  1.5809e-02,  4.0503e-03,  7.6786e-02,
        -5.7833e-06,  1.1611e-03,  2.7558e-03, -3.2866e-02,  8.0252e-02,
         8.9738e-03,  1.2592e-02,  2.8817e-02,  8.3517e-05,  3.1407e-02,
        -1.4507e-02,  6.3948e-04, -1.2007e-02, -7.8955e-04,  3.5166e-02,
         3.8595e-02, -6.7072e-05,  9.5406e-02,  2.0762e-02,  2.6089e-04,
         3.3898e-03,  2.3619e-02, -1.5825e-02, -9.1304e-02,  6.5228e-03,
         2.8969e-03, -4.3561e-04, -4.9485e-03,  1.0886e-01, -6.0908e-05,
        -2.6916e-03, -4.3167e-05,  3.6279e-03,  1.0959e-05,  1.2006e-01,
        -9.7851e-02,  2.7041e-03, -1.3606e-01, -2.5803e-06, -1.1178e-01,
        -2.1707e-03,  5.7582e-03, -6.3830e-02,  3.6546e-03,  1.0356e-01,
         4.6589e-02,  1.3993e-01, -1.1139e-03,  1.1057e-01,  1.7445e-02,
         4.2672e-04,  6.4823e-02,  1.0528e-01,  6.2662e-02, -3.5068e-03,
        -4.3367e-02,  8.2265e-08, -5.4605e-04,  5.7726e-04,  3.1782e-02,
        -5.5467e-06,  1.3712e-03,  1.8644e-02, -8.2229e-02,  4.9521e-02,
        -1.7332e-04,  1.8262e-02,  1.3011e-02,  2.3582e-04, -2.5061e-04,
        -1.5123e-02,  5.2987e-04,  8.1460e-02, -3.0770e-05, -1.0179e-01,
         6.9463e-03, -1.9668e-04, -4.3722e-02, -1.0150e-01, -4.7676e-03,
        -9.8450e-03, -5.7808e-04, -8.3142e-03,  1.2824e-04, -2.6647e-02,
        -1.8750e-02, -8.7630e-03, -2.5448e-06,  5.1869e-03,  5.7141e-02,
         3.1050e-02, -4.5207e-02,  1.0582e-01, -1.1211e-02, -2.0919e-03,
         1.3294e-02,  1.9560e-01,  1.2832e-02,  2.2553e-04,  4.4262e-03,
         6.2279e-02,  2.9382e-02,  2.3960e-02, -1.9663e-04, -2.0632e-04,
        -1.2313e-02, -1.3961e-02,  1.1602e-02])), ('fc2.weight', tensor([[ 2.9101e-05,  4.5250e-04, -4.1771e-04,  ...,  5.3867e-05,
         -1.3458e-05,  1.7790e-04],
        [ 4.5364e-05, -3.5042e-04, -1.4645e-03,  ...,  1.2378e-04,
          1.2083e-06, -4.4432e-04],
        [-7.9325e-11,  3.3048e-09,  1.6659e-09,  ...,  2.7637e-10,
          4.0193e-12,  1.9283e-11],
        ...,
        [ 7.6290e-05, -7.5522e-04,  6.6415e-04,  ..., -8.7708e-06,
         -8.7984e-06,  4.4212e-04],
        [ 2.4367e-05,  1.2232e-04,  2.2721e-04,  ...,  2.7313e-05,
          4.0384e-06, -2.8100e-05],
        [ 6.5175e-06, -2.6098e-04,  1.0236e-04,  ...,  8.8863e-06,
          1.0837e-05,  1.1975e-04]])), ('fc2.bias', tensor([ 2.1677e-02,  2.3647e-02, -1.4736e-04, -2.9904e-02, -9.2824e-03,
        -1.0878e-02, -4.6908e-02, -2.4114e-02, -5.1925e-03,  6.4902e-02,
        -2.0489e-03,  3.7374e-02,  4.6460e-02,  2.1404e-02, -6.6747e-03,
        -2.7222e-02,  1.2001e-01, -1.8824e-03, -7.8158e-08, -6.1435e-02,
        -3.5549e-04,  5.4435e-02,  6.5241e-05,  6.7875e-04,  5.5449e-05,
        -4.8226e-02,  3.2699e-02,  7.3492e-03, -4.3877e-04,  4.1181e-02,
        -1.9441e-02, -4.0218e-02, -6.4461e-02,  1.2692e-04, -7.1423e-04,
         6.4408e-02, -1.5633e-02, -5.1822e-02, -3.3018e-05,  3.8924e-03,
        -1.5756e-03,  1.2167e-01, -2.2609e-02,  3.0427e-02, -8.0686e-03,
        -3.3654e-02, -2.3416e-04,  4.4714e-04,  4.3017e-02,  1.3728e-07,
        -1.0164e-01,  2.9801e-02, -7.4672e-05,  3.9280e-04, -2.6031e-02,
         2.9424e-02,  4.2174e-06,  4.4198e-02,  4.6428e-03,  1.1430e-03,
         9.0183e-06,  4.5577e-02,  4.6383e-03,  5.5620e-03])), ('fc3.weight', tensor([[-5.9812e-03, -2.5104e-02,  1.6156e-08,  5.1098e-05, -3.6473e-03,
         -3.0942e-04,  7.4527e-04, -2.9264e-04,  1.3528e-04, -8.0913e-02,
          2.3441e-02, -6.9571e-02,  2.1015e-01, -2.9760e-02,  1.0045e-06,
         -1.3821e-02, -5.8042e-02,  6.6485e-03, -1.6109e-08, -4.0264e-02,
          1.4803e-07,  2.2146e-01,  6.5450e-05,  7.1436e-04, -4.4229e-05,
         -4.6003e-02,  1.1128e-01,  7.4329e-03, -3.1844e-06, -3.5734e-02,
         -5.6910e-02,  3.3149e-02,  2.9609e-02,  1.7266e-04, -1.2084e-03,
          3.2120e-01,  2.8760e-02,  2.7929e-02,  6.1737e-04, -6.0830e-03,
         -1.9029e-02,  2.8720e-01,  2.8401e-06,  1.3509e-01,  2.3934e-03,
          1.4605e-04, -6.7299e-08, -6.8874e-05, -5.9749e-02,  8.0970e-07,
          1.3878e-02, -4.0894e-02, -1.0542e-05, -1.9309e-04,  7.5928e-05,
          1.6788e-01, -7.4093e-06, -6.5855e-02,  1.2219e-02,  1.4957e-03,
          1.1465e-05, -1.5833e-02,  7.1968e-03, -4.3560e-03]]))])
Finished training.
0 20.313172843307257 -191.10004520678868
1 29.04417720064521 -142.75441848091938
2 36.88246559724212 -85.88346861832474
3 36.22556572407484 17.732630180500013
4 37.966139018535614 89.30707154325768
5 39.145093500614166 98.07644230926206
6 40.93242481350899 106.95774051225432
7 41.35755272209644 110.48639228144049
8 42.12010578811169 117.18809854794453
9 44.59387010335922 131.40806576766226
train accuracy: 1.0
validation accuracy: 0.8
