demo lengths 200
demos: (120, 200, 3)
demo_rewards: (120,)
[-191.10004521 -189.05007017 -187.50220085 -180.24009179 -171.96137924
 -169.38170168 -167.87631268 -164.27567046 -163.76742237 -156.07868959
 -155.22804552 -145.29002069 -142.8665728  -142.75441848 -136.98962801
 -132.4813577  -130.98347157 -118.24362226 -117.38411415 -116.97382686
 -115.06704102 -112.47832646 -103.24187681  -99.7422753   -98.18526662
  -88.94674758  -85.88346862  -79.38307722  -79.25112655  -73.50697856
  -72.69803192  -71.37326168  -68.27187815  -65.42298163  -65.35816021
  -49.31867416  -17.32544162   -4.37451128   -0.4258659     9.10814675
   17.73263018   40.64550157   41.11774839   48.64917674   52.5026004
   52.54502853   59.52827492   63.45606317   66.31570759   67.13050508
   72.16624272   79.16074532   84.19837606   89.30707154   90.26988507
   90.28646232   90.32667007   91.18021498   92.38187518   92.67153902
   93.69474939   93.8611286    95.24073533   95.36301018   96.09581961
   97.90553231   98.07644231   98.35872828   98.5733471    98.77895391
   99.10163704   99.47183808  101.36707045  102.70820969  103.61971442
  104.00039884  104.94014609  105.28448326  105.60678193  106.95774051
  107.03525723  107.05410486  107.36477417  107.72369032  107.78006758
  107.99397436  108.08910889  108.09776529  108.24033507  109.15712102
  109.71287331  110.25063891  110.45880856  110.48639228  111.92877272
  112.2946742   112.73910566  112.98274531  113.8461648   114.8461224
  115.08707834  115.41025719  115.56466246  115.87882503  116.51927592
  116.69939038  117.18809855  117.29357602  117.43241924  119.84073496
  122.74776107  124.10172315  124.42382576  124.4817957   125.25908938
  125.30457668  125.43458549  129.13346806  129.67718524  131.40806577]
maximum traj length 200
num training_obs 40
num training_labels 40
num val_obs 5
num val_labels 5
device: cpu
end of epoch 0: val_loss 0.5264909295888855, val_acc 0.8
trigger times: 0
saving model weights...
Weights: OrderedDict([('fc1.weight', tensor([[-1.8291e-03,  1.9053e-02, -8.9183e-03],
        [ 1.3243e-01, -1.8559e-01,  1.1748e-01],
        [-6.0022e-02,  3.7248e-02,  2.9513e-02],
        [-5.7641e-02,  7.9169e-02, -2.4974e-02],
        [-9.6006e-03,  2.3947e-02, -9.5601e-04],
        [ 4.5974e-03,  9.4626e-02,  1.2433e-05],
        [ 1.8321e-01,  1.2011e-02,  2.3730e-02],
        [-2.7764e-01, -3.0042e-03, -4.7652e-02],
        [-5.1148e-03,  4.7782e-02,  1.5260e-01],
        [ 5.9232e-03, -2.0451e-01,  1.5574e-01],
        [ 3.1250e-02,  2.5448e-01,  7.2985e-02],
        [-1.8148e-01, -1.9117e-01,  1.1043e-02],
        [ 2.2290e-01, -4.6902e-02,  9.0568e-02],
        [-1.4206e-01,  3.4039e-01,  2.1378e-02],
        [ 2.8898e-01, -1.8741e-03,  3.2341e-03],
        [ 1.2390e-01, -1.7846e-03,  9.6836e-02],
        [ 1.4408e-02,  3.1118e-03, -1.9629e-01],
        [-1.6590e-01,  3.7318e-02,  1.2952e-02],
        [ 3.8300e-01,  1.9377e-01,  2.3327e-02],
        [-5.4923e-02,  6.0804e-02, -1.8623e-02],
        [-4.2469e-02,  1.1601e-01,  7.3111e-02],
        [ 1.5855e-01, -1.1792e-02, -9.6318e-03],
        [ 8.3748e-04, -2.1083e-03, -9.5454e-02],
        [-7.3147e-02,  1.1193e-01, -6.8284e-04],
        [ 1.5378e-01, -3.3261e-03,  1.7885e-02],
        [-2.9636e-04,  8.1540e-02, -2.7908e-03],
        [-1.7871e-01,  1.5823e-01, -6.9135e-02],
        [-2.0068e-01, -4.3400e-03, -6.8339e-03],
        [ 1.1884e-01, -1.7999e-02, -1.5933e-01],
        [ 7.7789e-02, -6.7248e-03,  6.4607e-02],
        [ 5.3565e-02, -9.0673e-02,  1.4654e-02],
        [ 1.3015e-02, -5.4499e-02, -2.0119e-02],
        [-2.2928e-02,  1.0355e-02,  2.1313e-02],
        [-1.9001e-02,  1.9270e-01,  6.2308e-03],
        [ 1.3810e-02,  1.5427e-01, -4.4864e-02],
        [-1.4054e-01,  2.1326e-01,  9.0870e-05],
        [ 6.2417e-02,  1.2122e-02, -2.0528e-02],
        [ 1.4491e-01,  2.7782e-01, -1.0476e-01],
        [ 1.0229e-04,  1.0866e-01,  1.6369e-01],
        [ 1.6179e-01, -7.8312e-02, -8.6891e-02],
        [-4.0219e-02, -2.1911e-03,  2.2989e-01],
        [-2.7714e-01,  2.4519e-01, -9.0236e-03],
        [-1.8950e-01, -4.9169e-03,  9.8658e-02],
        [ 1.7981e-01, -3.4944e-02,  4.9456e-03],
        [ 2.4738e-01,  1.1009e-01,  1.7450e-01],
        [ 3.2382e-01,  4.7046e-02,  5.6323e-02],
        [-6.1206e-02, -1.3460e-01,  1.6217e-02],
        [ 3.5005e-03, -3.1535e-02, -2.4517e-02],
        [ 4.1745e-02, -3.1181e-03,  1.3659e-02],
        [ 5.3366e-02,  1.0106e-01,  1.1852e-01],
        [-5.6168e-02,  3.0982e-01, -5.5656e-02],
        [-3.1093e-03, -1.8726e-01, -4.3925e-02],
        [-2.0507e-01,  1.6446e-02,  8.3137e-02],
        [-1.9162e-03, -9.0025e-02, -9.0050e-03],
        [-2.1381e-02,  1.5424e-01, -6.0788e-02],
        [ 6.1005e-02,  2.1069e-02, -2.3240e-02],
        [-1.1490e-01,  1.6576e-02,  1.7991e-02],
        [ 1.7002e-01, -6.2797e-03, -1.8985e-02],
        [ 2.1594e-01,  2.9732e-01,  7.4376e-02],
        [ 5.8042e-02, -6.4044e-02,  2.3661e-01],
        [-1.2220e-04,  4.4471e-04, -1.4523e-01],
        [-1.7874e-02, -4.4801e-02,  2.4723e-01],
        [-1.4613e-01, -1.0546e-01, -5.7598e-04],
        [-2.5758e-01,  1.8999e-01, -7.7498e-02],
        [ 5.9221e-03,  2.6198e-03,  1.6251e-01],
        [-6.8524e-02,  1.1692e-01,  1.0584e-01],
        [ 2.4939e-01, -6.8011e-02,  2.2661e-02],
        [-2.2056e-01,  2.6059e-01, -9.3929e-02],
        [ 1.9225e-01, -3.7651e-02,  7.4184e-03],
        [ 4.5266e-03,  1.0354e-02, -1.1619e-02],
        [ 4.7059e-02,  2.8435e-02, -2.0964e-01],
        [ 7.5691e-02,  2.4889e-01,  2.8463e-01],
        [ 8.8308e-02, -7.7904e-02,  2.4529e-02],
        [ 1.5524e-01, -9.6378e-02,  1.7858e-01],
        [-2.2342e-01, -7.0411e-02,  3.6149e-02],
        [-7.7929e-02, -1.7504e-03,  8.2043e-02],
        [ 2.2878e-01,  1.8980e-01,  7.3302e-03],
        [-1.0623e-01,  2.0500e-01, -5.6952e-03],
        [-1.3739e-01,  4.1693e-02, -7.1392e-02],
        [ 1.1859e-01,  1.1327e-01, -1.1215e-01],
        [-1.3672e-01,  7.1593e-03,  1.1544e-01],
        [ 8.8287e-03,  5.0386e-03, -3.2401e-03],
        [-1.8472e-01, -7.1674e-02, -5.2781e-02],
        [ 3.0657e-01,  2.1935e-01,  2.2774e-02],
        [ 8.7750e-03, -1.6305e-02, -1.6950e-02],
        [ 6.9864e-03,  5.9744e-02,  5.3257e-02],
        [ 2.0401e-03, -7.5104e-03,  1.8975e-01],
        [ 4.1361e-01, -1.3781e-02,  3.5960e-01],
        [ 6.0636e-02, -5.2332e-02,  2.1140e-02],
        [-2.5801e-01,  3.1287e-01, -1.2884e-01],
        [ 1.3403e-01,  4.4675e-03,  5.4873e-02],
        [ 3.7201e-01,  1.2151e-02, -8.5632e-02],
        [-1.4777e-01,  1.9858e-03,  1.3034e-02],
        [ 4.0059e-02,  1.1711e-02,  1.1895e-01],
        [ 2.2783e-01,  5.4130e-02, -3.8239e-02],
        [ 8.7251e-03, -1.5077e-01,  1.3730e-01],
        [-1.5872e-02, -1.3790e-02, -5.6695e-03],
        [-4.3285e-02,  4.4686e-02,  1.1645e-02],
        [-1.7135e-02, -1.4831e-02,  2.1187e-02],
        [-4.4026e-03, -1.5669e-02, -1.1300e-02],
        [-6.0917e-02,  1.4370e-03,  1.3933e-02],
        [ 7.0340e-03, -2.4967e-03,  2.4473e-02],
        [-1.7266e-01,  1.9768e-01,  9.1177e-03],
        [ 2.8156e-01, -3.6932e-02, -2.9357e-02],
        [-2.1945e-01,  1.1002e-02,  1.3283e-01],
        [-2.8865e-01,  2.4309e-02,  8.6597e-02],
        [ 2.1171e-01,  9.3262e-02, -1.9840e-02],
        [ 2.2852e-03, -9.6702e-03,  2.4410e-02],
        [ 1.2603e-01,  2.2487e-02, -7.4746e-02],
        [ 3.9845e-04, -7.8563e-02, -5.9650e-03],
        [ 1.1619e-01, -1.8914e-02,  1.4858e-01],
        [-2.5368e-01,  4.0391e-02, -3.6048e-02],
        [-1.7169e-01, -1.3577e-02, -1.9096e-02],
        [-5.5648e-03,  3.7868e-03, -7.0938e-02],
        [-1.2949e-01,  3.4485e-01, -9.9041e-03],
        [-6.0497e-02,  2.1083e-02,  6.1710e-03],
        [-1.7221e-01, -2.2089e-02,  3.0369e-02],
        [ 4.3405e-03,  2.3868e-02,  2.4361e-02],
        [ 4.1422e-02,  1.1246e-01,  1.9636e-01],
        [-1.6741e-02,  6.9086e-02, -1.4832e-04],
        [-1.8349e-02, -2.0618e-01,  5.7522e-02],
        [-7.7330e-03,  1.9481e-01,  3.4282e-03],
        [-1.8189e-01,  8.6222e-03, -1.2587e-02],
        [-8.1453e-03, -1.9885e-01, -2.3679e-02],
        [-6.7051e-03,  1.9218e-02, -4.5557e-03],
        [ 1.3958e-03,  2.4118e-02,  1.7177e-01],
        [-4.9019e-03,  1.5186e-02, -9.2548e-03],
        [-3.8445e-01,  2.4224e-01,  4.6616e-03]])), ('fc1.bias', tensor([-4.7611e-02,  1.8745e-01,  1.6599e-01,  3.8350e-02,  5.5200e-03,
         2.8807e-03,  2.1419e-02,  3.1627e-01,  4.7944e-02, -6.4823e-02,
         3.8155e-01,  7.8246e-02,  1.3109e-01,  1.6203e-01,  3.9257e-01,
         1.7301e-01,  2.1562e-03,  3.6738e-01,  3.2855e-02, -1.1682e-01,
         2.5223e-02, -1.6687e-01,  3.4624e-03, -9.2198e-02,  2.0371e-01,
         9.9545e-03,  2.2824e-02,  2.0316e-01,  1.0599e-01, -9.1927e-02,
         1.2906e-01,  8.1019e-02, -1.1274e-01,  2.6127e-01, -7.3731e-02,
         4.4063e-03, -1.3071e-01,  4.4560e-01,  4.4237e-02,  2.6993e-01,
         1.3100e-02,  2.0803e-01, -1.0280e-02, -1.1312e-01,  1.5038e-02,
         3.3234e-02, -3.8542e-03,  7.6689e-03, -3.2851e-03,  5.4590e-02,
         1.0677e-01, -1.1722e-01,  1.3878e-01,  1.1875e-02,  1.9389e-01,
         1.9851e-01, -1.1087e-01,  4.5532e-01, -2.2075e-01,  3.1598e-01,
        -1.0778e-03,  1.7971e-01, -4.0535e-03,  2.3784e-01, -6.2708e-02,
        -1.5954e-01,  1.5795e-01,  2.3930e-01,  4.0718e-01, -1.9129e-03,
         2.1689e-01,  3.3201e-01,  1.1025e-02, -1.2176e-01,  2.0509e-01,
        -8.4980e-03,  1.9327e-01, -1.5650e-01,  2.5746e-01,  2.9485e-02,
         9.4979e-03,  1.1683e-01, -7.3003e-02, -1.7169e-01,  6.6181e-02,
        -2.2052e-02,  7.0858e-03, -2.2565e-01,  3.9149e-01,  3.6445e-01,
         1.5012e-01,  4.2284e-01, -1.9519e-01,  1.8487e-01,  1.6906e-01,
        -8.2843e-02,  1.9290e-01, -2.4131e-02,  3.1338e-02,  1.9258e-01,
         3.6816e-01,  1.6299e-04, -1.2252e-01,  4.0347e-01,  2.0306e-01,
         1.5258e-01,  1.2504e-01,  2.3774e-02,  2.5850e-01, -1.5012e-01,
         5.2335e-02,  2.1425e-01,  2.6447e-01,  5.6239e-03, -9.4306e-02,
         5.5041e-02, -1.1302e-01, -1.3059e-01, -1.7400e-01, -6.2546e-03,
         2.0188e-02, -7.5375e-02,  2.0592e-02, -1.5747e-01,  2.1388e-01,
         3.9311e-03, -4.6294e-02,  1.4232e-01])), ('fc2.weight', tensor([[-2.6781e-04,  8.4933e-02, -2.3192e-02,  ...,  2.9809e-02,
         -7.7495e-03, -9.9944e-02],
        [-9.1046e-04,  2.9462e-04,  4.6143e-03,  ..., -1.9688e-03,
          4.7722e-03,  4.0071e-03],
        [-4.5037e-04, -2.1483e-02, -5.5395e-02,  ...,  5.2177e-03,
          8.7118e-05,  4.6336e-03],
        ...,
        [-2.1984e-03,  6.3832e-02, -5.8929e-03,  ...,  1.2857e-02,
          8.4287e-03, -3.8667e-02],
        [-6.6175e-03,  5.9738e-03, -4.5083e-04,  ...,  1.4138e-02,
          2.3223e-03, -1.5738e-03],
        [-2.6106e-03, -1.1825e-02, -6.8246e-03,  ..., -4.1756e-03,
          3.6809e-03, -3.5547e-03]])), ('fc2.bias', tensor([-7.6901e-03,  4.1797e-03,  2.4574e-02, -2.9757e-02,  1.7794e-02,
        -1.2375e-01, -9.8495e-03, -5.1344e-03,  9.5892e-03,  4.0416e-02,
         4.6564e-04,  5.9136e-04,  2.7946e-02, -9.4762e-02, -3.4676e-02,
        -4.5265e-03, -1.1901e-03, -2.8390e-03, -6.4196e-03, -2.9977e-03,
        -1.3295e-01,  1.2292e-03,  1.9393e-03, -7.7128e-03, -5.5172e-03,
         3.6875e-03, -5.8960e-03,  3.2464e-03, -7.0917e-03,  6.2411e-04,
         1.1373e-01, -6.2044e-03,  9.9166e-03,  9.6860e-02, -3.4079e-03,
         4.8737e-05,  3.9757e-02,  9.6117e-03,  3.7349e-03,  6.6585e-03,
         2.0266e-02,  7.8385e-04, -1.1497e-02,  5.4100e-03, -6.1219e-03,
        -1.5567e-02,  5.4582e-03,  4.2406e-02,  2.7551e-02,  2.8711e-02,
         2.9018e-02,  7.9250e-03, -8.3618e-04,  4.5579e-04,  1.6418e-03,
        -1.7528e-03,  6.7993e-03, -2.4534e-03, -6.1342e-03, -2.2705e-03,
        -9.8089e-03,  5.2615e-02, -7.8518e-03, -2.2117e-02])), ('fc3.weight', tensor([[-0.1069, -0.0094, -0.0035, -0.0294, -0.0402,  0.0340, -0.0846,  0.0306,
         -0.0554,  0.0994,  0.1604,  0.0094, -0.1132, -0.0038,  0.1194, -0.0167,
          0.1012, -0.0165,  0.0197, -0.0108,  0.0258, -0.0195, -0.0206, -0.0025,
          0.1172, -0.0187, -0.0532,  0.0035,  0.0119, -0.0069,  0.1333,  0.0950,
         -0.0559,  0.2097, -0.0161,  0.1508, -0.0154,  0.0478,  0.0468, -0.0851,
         -0.0816,  0.0480,  0.0002,  0.0091, -0.0192, -0.1038, -0.0009,  0.1361,
          0.0333, -0.1011, -0.0759,  0.0760, -0.0048, -0.0318,  0.0019, -0.0151,
          0.0774, -0.0164, -0.0034, -0.0063, -0.0395, -0.0395, -0.0096, -0.0611]]))])
end of epoch 1: val_loss 0.39803889808245, val_acc 0.8
trigger times: 0
saving model weights...
Weights: OrderedDict([('fc1.weight', tensor([[-6.3409e-04, -2.3500e-03, -6.5518e-03],
        [ 6.9612e-02, -2.4417e-02,  2.3885e-02],
        [-4.1436e-02,  1.5951e-02, -2.7455e-02],
        [-1.3537e-02,  2.2395e-02, -1.8589e-02],
        [ 2.2459e-03, -3.2913e-03, -1.9928e-02],
        [-2.8086e-02,  2.6588e-02, -2.1939e-02],
        [ 2.9638e-02, -1.9946e-02,  2.4846e-02],
        [-1.8604e-01,  3.6722e-02, -2.8748e-02],
        [-8.0674e-04,  1.1884e-03,  4.6337e-02],
        [-1.5404e-03, -2.8090e-02,  1.3891e-02],
        [ 5.8601e-03,  7.6107e-02, -1.7323e-03],
        [-5.5163e-02, -2.2228e-02, -2.8078e-02],
        [ 7.3513e-02, -1.1136e-02,  2.2806e-02],
        [-1.0504e-01,  1.4533e-01, -4.3137e-02],
        [ 1.5521e-01,  1.8832e-02,  1.0733e-02],
        [ 3.7959e-02,  6.8426e-03,  2.1584e-02],
        [-1.0304e-03, -6.9961e-04, -2.4392e-02],
        [-1.1079e-01,  2.4842e-02, -3.9771e-02],
        [ 2.0195e-01,  2.4316e-02,  3.0049e-02],
        [ 6.8164e-03, -6.7005e-03,  6.8712e-04],
        [-6.7845e-04, -2.7985e-03, -5.3830e-03],
        [ 9.4062e-03,  8.3079e-03, -3.0242e-04],
        [-7.5077e-03, -1.0551e-03,  6.6973e-03],
        [ 6.6947e-03, -3.0154e-03,  7.9296e-03],
        [ 7.6287e-02, -2.2401e-02,  1.9377e-02],
        [-1.1193e-02, -5.6607e-03,  5.4363e-03],
        [-2.3369e-02,  3.5783e-02, -1.2738e-02],
        [-6.7299e-02,  4.1355e-02, -3.0193e-02],
        [ 2.0288e-02,  2.0720e-03, -4.4314e-03],
        [-8.6567e-03,  4.6685e-03, -8.8311e-03],
        [ 8.5282e-03,  2.1492e-02, -1.2607e-02],
        [-3.3985e-03,  3.0959e-02, -1.3407e-02],
        [ 1.9288e-04,  2.8362e-03, -3.9530e-03],
        [-7.4172e-02,  4.9037e-02, -3.6283e-02],
        [ 2.6712e-03,  3.9696e-02,  3.9177e-03],
        [-1.6916e-02,  4.7840e-02, -4.2537e-02],
        [-8.8358e-03, -2.1011e-03, -8.4969e-04],
        [-5.8782e-04,  1.1570e-01, -1.8435e-02],
        [ 4.1366e-03, -1.4079e-03,  1.0777e-02],
        [ 4.7564e-02,  5.4541e-05,  1.8082e-02],
        [ 7.6410e-03,  1.1675e-03,  4.0377e-02],
        [-1.7886e-01,  1.2308e-01, -3.5552e-02],
        [-1.7199e-02, -1.4106e-02, -5.4355e-03],
        [ 2.1282e-02, -2.1818e-03,  2.5270e-02],
        [ 8.5790e-02, -1.7940e-02,  5.1534e-02],
        [ 1.8213e-01, -2.3616e-02,  2.4460e-02],
        [ 6.8452e-03, -1.7009e-03, -6.2006e-03],
        [-2.4283e-03,  8.0568e-03, -2.7201e-04],
        [ 1.0074e-02,  3.3205e-04,  5.9297e-03],
        [ 1.5026e-02,  2.6058e-03,  6.6692e-03],
        [-4.6474e-02,  1.1582e-01, -2.7950e-02],
        [-1.9023e-02, -2.0468e-02,  9.6250e-03],
        [-4.9948e-02,  3.1291e-02, -3.0534e-02],
        [-4.1859e-03,  6.3731e-03,  4.4165e-03],
        [-8.7132e-04,  4.0494e-02, -8.9061e-03],
        [ 2.4055e-02,  1.5969e-02, -5.3786e-03],
        [ 3.2287e-03, -4.6664e-03,  8.3535e-04],
        [ 8.3164e-02, -2.2200e-02,  3.3945e-02],
        [ 3.3760e-02,  8.9625e-02, -7.7014e-03],
        [ 2.8610e-02,  1.8105e-02,  6.1130e-02],
        [-1.0717e-03, -1.1234e-02, -4.2506e-03],
        [-2.1867e-03,  3.1631e-02,  6.5827e-02],
        [-1.8379e-02,  7.2666e-03, -1.9416e-02],
        [-1.6924e-01,  1.1144e-01, -2.9468e-02],
        [-6.0606e-03, -2.1459e-02,  1.4811e-02],
        [ 8.9575e-03,  4.0390e-03,  3.4449e-03],
        [ 6.6434e-02, -1.0703e-02,  2.2151e-02],
        [-1.2869e-01,  9.3367e-02, -3.3683e-02],
        [ 1.0899e-01, -2.2998e-02,  2.6494e-02],
        [-2.6991e-03, -1.2940e-03,  3.4060e-03],
        [ 5.7858e-03,  1.9709e-02, -4.1948e-02],
        [-4.3792e-03,  9.7939e-02,  9.0343e-02],
        [ 1.1367e-02,  1.0804e-02, -2.2287e-03],
        [-1.8366e-04,  2.8566e-03,  1.7880e-02],
        [-7.2504e-02,  3.9595e-02, -3.4130e-02],
        [-5.2213e-03,  1.0159e-02, -8.3791e-03],
        [ 7.6295e-02,  1.5519e-02,  3.1242e-02],
        [ 4.4661e-03,  3.3802e-02, -1.6318e-03],
        [-6.1413e-02,  2.1127e-02, -1.8572e-02],
        [ 8.4872e-03,  1.1336e-02,  3.6288e-03],
        [-2.2845e-03,  3.0011e-03,  9.3876e-03],
        [-1.0935e-03,  1.2738e-02, -1.3281e-02],
        [-1.4917e-02,  6.1857e-03,  1.1562e-02],
        [ 1.8096e-01,  5.5854e-02, -5.9989e-04],
        [-4.9931e-03,  6.2391e-03, -3.8702e-03],
        [-1.4042e-03, -8.5410e-03, -7.9172e-03],
        [ 9.1970e-03, -9.1252e-03,  3.3964e-02],
        [ 2.9001e-01,  3.5868e-03,  1.4458e-01],
        [ 1.9532e-02,  1.8094e-02,  4.2960e-03],
        [-1.7945e-01,  1.3735e-01, -3.8594e-02],
        [ 5.3129e-02, -1.7295e-02,  1.9231e-02],
        [ 1.9421e-01, -2.9561e-02, -1.5419e-03],
        [-5.6716e-03, -3.4155e-04, -2.7132e-03],
        [ 7.4652e-03,  1.7424e-02,  1.3029e-02],
        [ 6.7655e-02,  1.2104e-02,  1.6174e-02],
        [-6.0032e-03, -6.6680e-03,  4.8073e-03],
        [-3.4685e-02,  3.6698e-02, -3.0727e-02],
        [ 3.0946e-03, -8.2563e-03, -5.2827e-05],
        [-1.6154e-03,  9.5924e-03, -9.0622e-03],
        [-4.4095e-03,  2.7504e-02, -1.5183e-02],
        [-3.7206e-03,  2.8143e-02, -1.4880e-02],
        [ 3.4414e-03, -5.1104e-03, -2.7889e-03],
        [-1.4714e-02,  2.7756e-02,  9.7613e-04],
        [ 1.1648e-01,  6.2811e-03,  1.0485e-02],
        [-7.7958e-02,  3.7682e-02, -4.8030e-03],
        [-8.9027e-02,  3.4768e-02, -2.5095e-02],
        [ 9.3052e-02,  3.3850e-02,  1.1087e-02],
        [ 8.3137e-04, -1.0656e-03, -2.2729e-03],
        [ 3.3161e-02,  3.1629e-03,  1.0731e-02],
        [-3.4845e-04,  8.4871e-03, -1.1933e-03],
        [ 5.0345e-02, -1.5580e-02,  3.0062e-02],
        [-1.5884e-01,  2.9461e-02, -2.5625e-02],
        [-9.1797e-02,  3.9426e-02, -3.7233e-02],
        [ 2.0148e-02, -7.6555e-05,  8.4435e-03],
        [-2.2251e-02,  1.3431e-01, -1.6128e-03],
        [-1.1679e-02,  2.9550e-02, -2.7576e-02],
        [-1.3892e-02,  8.1095e-03, -6.6126e-03],
        [ 7.6865e-04, -1.0777e-03, -2.8161e-03],
        [-7.3644e-03, -4.8066e-03,  2.6478e-02],
        [ 6.2150e-04, -8.4721e-03, -6.1168e-03],
        [ 2.9222e-03, -2.9053e-02, -7.3433e-03],
        [ 1.9961e-02,  7.3946e-02, -2.2453e-02],
        [-3.3362e-02,  1.0547e-02, -2.1544e-02],
        [-1.5704e-03, -2.5637e-02,  1.1430e-03],
        [-3.6245e-03,  3.2364e-02, -2.2166e-02],
        [ 4.4229e-03, -1.8593e-02,  2.4491e-02],
        [-2.0287e-04, -3.5635e-03, -7.0062e-03],
        [-2.0853e-01,  9.3542e-02, -4.7618e-02]])), ('fc1.bias', tensor([ 9.6541e-03,  8.5751e-02,  7.1229e-02,  2.9902e-02,  5.8420e-03,
        -1.9961e-02,  1.4597e-02,  1.5262e-01,  3.0147e-02,  2.8306e-04,
         2.0031e-01,  5.4312e-02,  3.0533e-03,  7.3191e-02,  2.1928e-01,
         4.9298e-02, -2.5906e-03,  2.2540e-01,  2.1209e-02,  2.1943e-03,
        -7.4503e-03, -1.1895e-02, -2.9133e-03,  4.8294e-03,  5.1900e-02,
         4.2094e-03,  4.6697e-02,  1.2874e-01,  4.8200e-02,  3.2650e-03,
         1.9930e-02,  1.6050e-02,  3.7011e-03,  7.6696e-02,  5.3171e-03,
         4.1588e-02, -1.1877e-03,  2.8742e-01,  1.3073e-02,  1.2162e-01,
        -3.0126e-03,  1.2928e-01,  2.7242e-02,  1.7556e-02,  1.5721e-02,
         2.7890e-02,  4.7312e-03, -2.7878e-03,  2.4454e-03,  2.7884e-02,
         5.5581e-02,  3.1372e-03,  5.5451e-02,  6.6101e-03,  3.6998e-02,
         4.1445e-02,  3.4705e-03,  3.3888e-01, -3.7364e-02,  2.0109e-01,
         4.4970e-03,  9.1414e-02,  1.3630e-02,  1.3410e-01,  4.0243e-03,
        -9.7577e-03,  7.9317e-02,  1.4128e-01,  2.9044e-01,  4.4625e-04,
         4.8932e-02,  2.4202e-01, -1.7986e-02, -1.6357e-02,  9.6057e-02,
        -8.2258e-03,  1.3233e-01, -9.0709e-03,  1.3796e-01, -9.8460e-03,
         1.0692e-02,  4.7572e-02,  2.4182e-02, -1.3264e-01,  2.6845e-02,
         2.6067e-04,  1.2673e-02, -1.8093e-01,  2.2935e-01,  1.4729e-01,
         1.4550e-02,  2.4873e-01, -2.4057e-02,  8.5241e-02,  1.1284e-01,
         8.9043e-03,  7.0809e-02,  4.0092e-03,  8.2184e-03,  9.8264e-02,
         2.4169e-01,  5.7266e-03,  5.2543e-04,  2.2843e-01,  1.0270e-01,
         9.2995e-02,  5.2067e-02, -1.5999e-03,  1.1026e-01, -6.1954e-03,
         3.5889e-02,  1.4575e-01,  1.0048e-01,  3.0279e-03, -2.1770e-02,
         4.0143e-02,  1.2150e-02, -7.2592e-04, -1.5096e-02,  1.4342e-03,
        -2.1587e-03,  3.7501e-03,  2.6100e-02, -8.9062e-03,  5.4815e-02,
         2.0898e-02,  9.3996e-03,  1.6305e-01])), ('fc2.weight', tensor([[ 6.5455e-03,  3.1817e-02, -2.5942e-03,  ...,  1.0183e-02,
          2.3961e-03, -5.3844e-02],
        [ 3.3652e-04, -4.3747e-03,  1.1857e-03,  ..., -1.1675e-03,
          4.6565e-04,  2.1229e-03],
        [ 2.1854e-04, -1.4940e-02, -3.1876e-03,  ...,  5.7757e-04,
          1.2422e-04, -5.9287e-04],
        ...,
        [ 3.1737e-03,  3.3258e-02,  8.6766e-04,  ...,  9.9231e-05,
          1.5243e-03, -1.2381e-02],
        [ 1.8936e-03, -3.3296e-03,  4.0564e-03,  ...,  1.4419e-03,
          1.4819e-03,  2.0899e-02],
        [ 5.8190e-03, -1.5179e-03,  4.1255e-03,  ..., -2.7173e-03,
          2.1406e-03,  8.1417e-04]])), ('fc2.bias', tensor([ 0.0247,  0.0005,  0.0187, -0.0140,  0.0296, -0.1092,  0.0285,  0.0011,
         0.0207,  0.0591, -0.0008, -0.0262,  0.0795, -0.0719, -0.0157,  0.0150,
         0.0096,  0.0199, -0.0161, -0.0211, -0.1137,  0.0193, -0.0005, -0.0434,
         0.0009, -0.0132,  0.0189, -0.0016,  0.0219, -0.0021,  0.0488, -0.0072,
         0.0323,  0.0906,  0.0066,  0.0595,  0.0339,  0.0075,  0.0144,  0.0343,
         0.0196,  0.0440, -0.0027, -0.0042, -0.0244, -0.0002,  0.0493,  0.0356,
         0.0222,  0.0320, -0.0028,  0.0655, -0.0044,  0.0299,  0.0141, -0.0144,
        -0.0139,  0.0299, -0.0197, -0.0029,  0.0124,  0.0355,  0.0094,  0.0032])), ('fc3.weight', tensor([[-1.1206e-01,  1.9874e-03, -2.1606e-03, -2.1109e-02, -3.0603e-02,
          2.1031e-02, -9.0759e-02,  2.6156e-02, -7.8521e-02,  1.0482e-01,
          1.4187e-01,  9.9360e-03, -1.2030e-01, -2.0736e-03,  6.1304e-02,
          9.1631e-03,  5.3315e-02, -2.2488e-02, -9.1053e-03,  3.2489e-03,
          1.9069e-02, -1.8518e-02,  4.8858e-04, -4.9503e-02,  9.9845e-02,
         -2.4801e-02, -6.3697e-02,  1.8641e-03,  1.6950e-02, -8.0105e-04,
          1.5006e-01,  6.7934e-02, -5.9513e-02,  2.3314e-01, -2.2745e-04,
          1.6357e-01, -8.6628e-03,  3.2934e-02,  4.2963e-02, -9.6304e-02,
         -8.9222e-02,  4.6927e-02,  1.1074e-04, -4.0703e-03, -6.1596e-03,
         -6.1559e-02, -8.1620e-02,  1.5586e-01,  2.8101e-02, -1.2984e-01,
         -5.3226e-02,  8.2119e-02,  2.6838e-03, -2.4891e-02,  1.8086e-02,
         -5.0582e-02,  5.6643e-02,  3.2345e-02, -9.1071e-02,  1.0424e-02,
         -1.5767e-02, -4.2747e-02,  2.5140e-03, -4.7360e-02]]))])
end of epoch 2: val_loss 0.814277435839142, val_acc 0.8
trigger times: 1
end of epoch 3: val_loss 1.0411691188807253, val_acc 0.8
trigger times: 2
end of epoch 4: val_loss 0.5625505119161858, val_acc 0.8
trigger times: 3
end of epoch 5: val_loss 0.4221802492385905, val_acc 0.8
trigger times: 4
end of epoch 6: val_loss 0.10075390713718661, val_acc 1.0
trigger times: 0
saving model weights...
Weights: OrderedDict([('fc1.weight', tensor([[-4.7976e-03, -1.1639e-03, -1.8005e-04],
        [-6.5146e-03, -9.2942e-06, -5.3441e-04],
        [ 4.6912e-03, -2.7280e-03,  8.0738e-03],
        [ 1.2532e-03,  5.7872e-03, -4.8673e-03],
        [ 2.0839e-03,  8.6033e-04, -1.8262e-03],
        [ 5.0366e-02, -6.3896e-02,  7.6137e-02],
        [ 4.2572e-04, -1.3957e-04, -2.0239e-05],
        [-8.0345e-02,  1.7415e-01, -8.2328e-02],
        [ 1.9255e-04, -7.7799e-05,  1.2832e-04],
        [-3.3308e-03, -3.6068e-04,  1.2216e-03],
        [ 6.4989e-03, -1.3214e-02,  2.1468e-02],
        [-3.6201e-04, -5.9930e-05, -1.1157e-04],
        [-3.4154e-03, -6.3246e-05, -5.7595e-04],
        [-6.8672e-02,  1.4939e-01, -7.1860e-02],
        [ 6.5326e-03, -4.3587e-03,  2.2299e-03],
        [ 3.1600e-02, -2.3807e-04, -3.7724e-03],
        [ 1.4054e-02,  2.6618e-03, -4.2899e-02],
        [-3.5916e-02,  1.0472e-01, -5.2586e-02],
        [ 2.3024e-02, -6.6356e-03,  1.9033e-02],
        [ 6.9021e-03,  8.9296e-03, -1.4564e-02],
        [-2.1872e-02,  3.3158e-05,  6.1815e-05],
        [ 2.2065e-03,  2.3504e-02, -8.7216e-03],
        [ 2.6654e-02,  4.6076e-02, -3.7388e-02],
        [ 3.4835e-02,  6.0853e-02, -7.0365e-02],
        [ 1.1759e-04,  2.5054e-03, -1.3025e-03],
        [-1.0711e-02, -1.9053e-03,  8.5202e-03],
        [ 7.0190e-03, -2.5856e-03,  1.1378e-02],
        [-1.1417e-02,  8.1085e-02, -5.1922e-02],
        [ 1.6772e-02, -2.1560e-02,  1.5950e-02],
        [-2.5281e-04,  2.3689e-05,  7.7061e-06],
        [ 4.2799e-05, -3.6897e-05,  6.8329e-05],
        [ 1.4897e-02,  6.1244e-03,  1.0063e-02],
        [-5.8004e-05, -6.0522e-05,  3.0818e-05],
        [-2.1075e-02,  7.5641e-02, -4.8093e-02],
        [ 1.0080e-02, -1.2478e-03, -7.0878e-03],
        [ 1.2459e-03,  4.4933e-03, -7.0703e-03],
        [ 1.0710e-01, -5.0740e-02,  1.1595e-01],
        [-4.2361e-02,  1.0398e-01, -4.9049e-02],
        [-8.4516e-03, -6.9308e-03,  5.6638e-04],
        [ 3.6897e-04, -8.1921e-03,  3.5777e-02],
        [-1.2076e-02, -5.1423e-04,  3.5014e-04],
        [-9.2027e-02,  1.9161e-01, -8.8814e-02],
        [-3.3340e-02,  7.3463e-02, -6.2523e-02],
        [-7.1980e-05,  1.2699e-04,  7.4391e-04],
        [ 2.1141e-02, -6.5996e-03,  8.6838e-03],
        [ 3.8278e-02, -9.5195e-03,  3.8756e-02],
        [-7.2177e-05, -9.7403e-07,  4.8397e-06],
        [-2.6558e-02,  2.2536e-02, -6.1325e-02],
        [-2.2591e-05, -2.1404e-05, -1.3003e-04],
        [ 5.6467e-04, -1.8696e-04, -5.6248e-06],
        [-5.6318e-03,  1.8964e-02,  5.8918e-05],
        [-1.1523e-02, -1.0975e-02,  1.3464e-04],
        [ 1.4165e-02,  2.9944e-03, -4.1698e-03],
        [-9.5162e-06,  4.6261e-07, -4.1265e-06],
        [-2.0398e-04, -2.1441e-04,  1.1323e-03],
        [ 5.7412e-03, -7.5385e-03, -3.7281e-03],
        [-2.4001e-05, -1.9340e-04,  1.3893e-04],
        [ 1.1654e-02,  7.0195e-03, -1.5284e-03],
        [ 9.0593e-04, -6.4267e-04, -2.1772e-03],
        [ 1.3429e-02, -1.7212e-02,  1.1507e-03],
        [-8.7783e-06, -7.0727e-06,  1.9388e-06],
        [-4.7033e-04,  2.0782e-04,  1.7848e-04],
        [ 1.6481e-02,  3.7260e-03, -1.0277e-03],
        [-1.0088e-01,  1.7992e-01, -6.9217e-02],
        [-5.7141e-03,  2.2034e-02, -1.2484e-02],
        [-5.8833e-02, -3.9187e-02, -6.2046e-02],
        [ 5.7631e-05, -9.6253e-05,  7.9389e-05],
        [-7.6139e-02,  1.3689e-01, -5.9704e-02],
        [ 2.0531e-02, -8.7846e-03,  1.1799e-02],
        [-1.0070e-04,  2.7082e-05, -1.3109e-06],
        [ 1.6299e-02,  1.4763e-02, -1.0638e-02],
        [ 2.4294e-03,  3.7508e-02, -1.8147e-02],
        [ 3.8735e-02, -1.5941e-02, -3.9429e-02],
        [-4.3557e-04,  4.6781e-04, -1.1691e-04],
        [-1.8939e-02,  7.9738e-02, -5.1634e-02],
        [ 8.7860e-02, -2.1031e-02,  8.0967e-02],
        [ 3.2878e-03,  7.3385e-03, -1.2479e-02],
        [-7.1591e-02,  9.7532e-02, -8.5863e-02],
        [ 3.3106e-03,  1.8256e-02, -7.7294e-03],
        [ 2.2071e-02,  8.6616e-03,  4.9100e-02],
        [-6.1130e-04,  2.1529e-03, -7.4801e-04],
        [ 4.6075e-02, -4.6840e-03,  3.5699e-02],
        [-5.5251e-02,  7.2399e-02, -7.0817e-02],
        [ 7.9702e-04, -6.5697e-06,  2.2584e-05],
        [-2.1760e-05, -2.7296e-05, -2.5407e-05],
        [-8.8592e-04, -5.8474e-04, -1.3735e-02],
        [ 2.3987e-02, -1.8493e-06,  1.5785e-03],
        [ 1.0027e-02, -3.4942e-05, -1.0114e-07],
        [ 3.6191e-03, -6.9646e-03,  2.0283e-02],
        [-1.2320e-01,  2.1265e-01, -8.0180e-02],
        [-1.6789e-02,  6.7430e-02, -4.9300e-02],
        [ 1.3011e-02, -1.1959e-03,  8.8342e-03],
        [ 1.7964e-03, -1.5305e-03, -4.7846e-03],
        [-9.2935e-05,  6.9548e-05, -4.7620e-05],
        [ 5.0729e-03, -5.3961e-04,  4.3823e-03],
        [ 1.1818e-02,  9.1740e-02, -8.2389e-02],
        [-4.6874e-03,  1.2235e-02, -8.8978e-04],
        [ 5.2698e-02, -1.0514e-02,  2.1588e-03],
        [ 4.3079e-02,  5.8776e-03, -1.5508e-02],
        [ 9.1188e-03,  6.1190e-03,  2.4206e-02],
        [ 1.4089e-02, -1.1180e-02, -1.9131e-03],
        [-4.8615e-03,  7.1528e-03,  2.5036e-04],
        [ 4.7061e-02, -1.1823e-02,  1.3886e-02],
        [ 1.2066e-02, -4.5402e-03,  7.0306e-03],
        [-1.8537e-02,  8.1327e-02, -5.0915e-02],
        [-5.5383e-03,  4.2682e-02, -2.7989e-02],
        [-4.9079e-03,  1.5821e-03,  2.5597e-04],
        [-2.5051e-02,  5.9357e-02, -3.8608e-02],
        [-1.0872e-05, -1.7995e-05, -2.7126e-05],
        [ 5.9174e-02, -2.1257e-02,  5.3680e-02],
        [ 2.2760e-03,  5.5740e-02, -3.1323e-02],
        [-4.7207e-02,  1.0754e-01, -4.7083e-02],
        [-3.4126e-02,  9.3692e-02, -5.9078e-02],
        [-1.0333e-03,  4.1579e-05,  1.8339e-04],
        [ 6.6317e-06,  4.4158e-04,  2.8938e-06],
        [ 1.7790e-02,  1.6963e-03,  3.6647e-02],
        [ 2.4722e-02,  1.0493e-03,  7.3475e-03],
        [ 4.8737e-02, -1.6431e-02,  4.1661e-02],
        [-1.1309e-02, -3.9002e-04,  9.1570e-05],
        [ 2.2101e-03,  1.1665e-03, -4.2401e-03],
        [ 3.2640e-03,  3.5990e-04,  6.7133e-05],
        [-6.1705e-04,  1.1646e-02, -1.0801e-02],
        [ 5.6930e-02, -1.7688e-02,  8.8839e-02],
        [ 1.9162e-03, -7.7363e-04, -6.9025e-04],
        [ 3.8437e-02, -1.2693e-02,  1.9860e-02],
        [ 2.7742e-04,  1.1118e-04, -1.6637e-04],
        [-1.3708e-03, -4.3960e-03, -5.5087e-05],
        [-1.2694e-01,  2.0766e-01, -7.5244e-02]])), ('fc1.bias', tensor([ 1.1847e-03, -1.7669e-02, -4.7560e-03,  5.4202e-03,  3.9692e-04,
         2.8962e-02, -5.3388e-03,  1.6193e-01, -2.3578e-02, -1.3554e-02,
        -4.4927e-02, -8.8085e-03, -6.0943e-04,  1.0855e-01,  1.0794e-03,
        -8.5351e-02, -3.8264e-02,  1.0171e-01, -3.6210e-03,  3.6234e-03,
        -1.2308e-01,  1.9409e-02, -6.4685e-02,  3.8973e-02,  9.8481e-04,
        -6.0660e-02, -6.1918e-02,  8.4171e-02, -9.2791e-02, -1.7134e-03,
        -2.6954e-03, -9.2537e-02, -1.3561e-04,  8.5852e-02, -4.8985e-03,
         5.9286e-03, -1.3347e-01,  8.5607e-02, -6.6541e-03, -6.9741e-02,
        -3.9755e-02,  1.7518e-01,  1.0108e-01, -5.9296e-03, -5.0070e-02,
        -5.4254e-03,  3.9461e-04, -8.7994e-03, -4.7710e-05, -3.5311e-04,
        -8.9803e-03, -2.0103e-03, -2.8554e-02, -9.5047e-05, -1.0017e-02,
        -5.9938e-02, -8.8343e-04,  2.1373e-02,  2.0252e-03, -9.4973e-02,
        -1.2412e-03, -4.5710e-03,  1.4453e-02,  1.2359e-01,  2.3765e-02,
         8.3663e-02, -2.9064e-04,  9.1865e-02,  7.7101e-03, -5.2312e-04,
         4.6957e-03, -8.4270e-03, -2.1970e-02,  1.5404e-03,  7.9768e-02,
        -1.3150e-01,  4.3888e-03,  1.1473e-01,  1.1143e-02, -1.1149e-01,
         1.4201e-03, -4.3802e-02,  9.1862e-02, -1.0657e-02, -6.5589e-05,
        -4.9028e-02, -3.0098e-02, -2.3993e-02, -7.8016e-02,  1.5388e-01,
         5.5025e-02, -2.8229e-03,  1.2682e-03, -1.0333e-03, -4.0760e-03,
         1.3683e-01, -1.5405e-02, -2.2724e-02, -1.4420e-02, -8.2478e-02,
        -6.1619e-02, -1.1928e-03,  2.8322e-03,  6.3193e-03,  8.3722e-02,
         3.0973e-02,  2.9459e-03,  7.3651e-02, -1.2843e-03, -2.6041e-03,
         3.3426e-02,  7.7102e-02,  9.5706e-02, -9.2110e-03, -4.1652e-03,
        -8.0608e-02, -4.3101e-02, -1.1855e-02, -1.9260e-03,  1.1073e-03,
        -1.2612e-02,  1.0018e-02, -1.0302e-01, -3.2592e-02, -8.0721e-03,
         4.6504e-04,  9.1147e-05,  1.2698e-01])), ('fc2.weight', tensor([[-3.8582e-04,  6.5163e-05,  1.2426e-04,  ...,  4.5055e-05,
         -1.0798e-04, -1.7120e-02],
        [-2.7131e-04, -5.1092e-04, -4.1880e-04,  ..., -1.6310e-04,
         -1.6590e-03,  1.1847e-01],
        [ 1.6534e-04, -1.4641e-04, -5.9170e-06,  ...,  3.0134e-07,
         -8.5062e-05,  7.0570e-04],
        ...,
        [-1.0354e-04, -8.9680e-05,  4.1585e-04,  ..., -6.0721e-05,
          1.2862e-05, -1.0922e-02],
        [-3.1560e-03,  1.1542e-03, -1.2721e-03,  ..., -1.2173e-04,
         -1.4899e-03,  1.3275e-01],
        [-7.1874e-05,  5.1129e-06, -9.5001e-06,  ..., -2.1074e-06,
         -1.3196e-05, -3.4505e-05]])), ('fc2.bias', tensor([ 1.2696e-01,  7.9468e-02,  2.4696e-03, -3.2316e-04, -8.6606e-03,
        -3.2129e-02,  9.6554e-02, -1.3724e-02, -8.4315e-04, -3.6087e-02,
        -4.2338e-04,  1.3515e-02,  1.2516e-01, -4.5116e-03, -2.7785e-02,
         4.1067e-03,  5.3745e-02,  1.1000e-02,  5.0851e-02, -1.5043e-03,
        -2.4924e-02, -9.5276e-02,  3.9168e-04, -9.0045e-03, -1.8224e-02,
         2.7081e-02,  6.0853e-02,  1.1345e-01, -1.3134e-02,  1.9005e-02,
        -5.5147e-02, -4.3775e-03,  8.0423e-03,  9.5620e-02,  9.3573e-03,
        -3.5019e-02,  5.3293e-03,  2.4919e-03,  7.6952e-02,  6.0092e-03,
        -1.4160e-02,  1.0769e-02,  4.4486e-06,  1.4540e-03, -5.7561e-04,
        -7.6878e-08,  3.8029e-02,  4.8692e-02,  1.3917e-02,  4.2518e-04,
         2.2536e-04,  7.2437e-03,  4.1509e-02,  1.0911e-01,  1.3147e-01,
        -1.5637e-02,  2.1712e-03,  2.1713e-02,  2.4660e-02, -8.8588e-04,
         1.3961e-05, -2.1510e-02,  1.2727e-01, -2.6122e-04])), ('fc3.weight', tensor([[-6.6369e-02,  1.7781e-01,  7.2526e-04, -2.3420e-03, -4.1835e-03,
          2.2970e-04, -3.2434e-02,  1.1730e-02,  4.3215e-03,  3.7903e-02,
          4.1444e-02,  6.6024e-03, -6.3664e-02, -3.3099e-04, -1.2750e-02,
          6.8173e-03,  6.4231e-02, -6.7128e-04,  1.5572e-01,  2.9915e-06,
          1.6473e-03,  1.9414e-03,  2.6177e-03,  7.6454e-03,  3.3332e-02,
          4.5895e-02, -2.6123e-03,  2.6936e-01,  6.2306e-04,  9.4386e-02,
          4.1778e-02,  2.0898e-03,  2.5552e-03,  3.3384e-01,  8.1507e-03,
          4.2176e-02,  8.5167e-03,  8.4960e-04,  5.8542e-02,  6.0420e-03,
         -2.0228e-02,  1.9636e-02,  2.1029e-06, -1.4856e-04,  5.5693e-05,
         -2.4202e-04,  3.4375e-02,  1.8650e-01,  3.1311e-02,  9.2303e-04,
          4.3289e-03,  7.1477e-03,  7.2306e-02,  2.1158e-01,  3.1426e-01,
          1.0402e-03,  1.6570e-03, -1.1804e-03,  2.7760e-02,  3.6706e-03,
          3.1309e-05, -1.1079e-02,  2.6661e-01, -2.3937e-04]]))])
end of epoch 7: val_loss 0.3260415581010875, val_acc 0.8
trigger times: 1
end of epoch 8: val_loss 0.32272800411010394, val_acc 0.8
trigger times: 2
end of epoch 9: val_loss 0.38924888672463565, val_acc 0.8
trigger times: 3
Finished training.
0 17.91605519503355 -191.10004520678868
1 29.33369318395853 -142.75441848091938
2 42.11497814953327 -85.88346861832474
3 40.38919668644667 17.732630180500013
4 42.98216090351343 89.30707154325768
5 44.96021091938019 98.07644230926206
6 47.9138869792223 106.95774051225432
7 48.642860010266304 110.48639228144049
8 49.88634164631367 117.18809854794453
9 53.97819775342941 131.40806576766226
train accuracy: 1.0
validation accuracy: 0.8
