demo lengths 200
demos: (120, 200, 3)
demo_rewards: (120,)
[-191.10004521 -189.05007017 -187.50220085 -180.24009179 -171.96137924
 -169.38170168 -167.87631268 -164.27567046 -163.76742237 -156.07868959
 -155.22804552 -145.29002069 -142.8665728  -142.75441848 -136.98962801
 -132.4813577  -130.98347157 -118.24362226 -117.38411415 -116.97382686
 -115.06704102 -112.47832646 -103.24187681  -99.7422753   -98.18526662
  -88.94674758  -85.88346862  -79.38307722  -79.25112655  -73.50697856
  -72.69803192  -71.37326168  -68.27187815  -65.42298163  -65.35816021
  -49.31867416  -17.32544162   -4.37451128   -0.4258659     9.10814675
   17.73263018   40.64550157   41.11774839   48.64917674   52.5026004
   52.54502853   59.52827492   63.45606317   66.31570759   67.13050508
   72.16624272   79.16074532   84.19837606   89.30707154   90.26988507
   90.28646232   90.32667007   91.18021498   92.38187518   92.67153902
   93.69474939   93.8611286    95.24073533   95.36301018   96.09581961
   97.90553231   98.07644231   98.35872828   98.5733471    98.77895391
   99.10163704   99.47183808  101.36707045  102.70820969  103.61971442
  104.00039884  104.94014609  105.28448326  105.60678193  106.95774051
  107.03525723  107.05410486  107.36477417  107.72369032  107.78006758
  107.99397436  108.08910889  108.09776529  108.24033507  109.15712102
  109.71287331  110.25063891  110.45880856  110.48639228  111.92877272
  112.2946742   112.73910566  112.98274531  113.8461648   114.8461224
  115.08707834  115.41025719  115.56466246  115.87882503  116.51927592
  116.69939038  117.18809855  117.29357602  117.43241924  119.84073496
  122.74776107  124.10172315  124.42382576  124.4817957   125.25908938
  125.30457668  125.43458549  129.13346806  129.67718524  131.40806577]
maximum traj length 200
num training_obs 40
num training_labels 40
num val_obs 5
num val_labels 5
device: cpu
end of epoch 0: val_loss 0.269337361445649, val_acc 0.8
trigger times: 0
saving model weights...
Weights: OrderedDict([('fc1.weight', tensor([[ 5.1413e-02, -9.2373e-03,  5.9356e-02],
        [ 4.3759e-02,  1.2809e-01,  3.7201e-02],
        [-1.5610e-02, -1.1917e-01,  1.8236e-02],
        [-1.5699e-01,  1.9808e-03,  2.8152e-03],
        [ 5.5303e-02,  2.8537e-01, -3.9074e-02],
        [-2.0788e-02,  2.1185e-01, -2.3288e-02],
        [-8.6543e-02,  3.5940e-01, -2.0622e-01],
        [-6.0509e-02, -2.0123e-02,  1.7190e-01],
        [ 4.7142e-03, -1.7245e-02,  1.6664e-03],
        [-7.6436e-02, -1.8683e-02,  8.4524e-03],
        [-4.6669e-01, -4.8591e-02, -2.6214e-02],
        [ 5.0117e-02,  2.3320e-03,  1.5659e-02],
        [ 8.9116e-02,  2.1819e-02,  4.1911e-02],
        [-2.9565e-01, -7.5913e-03, -3.1014e-01],
        [ 1.4252e-01,  9.7144e-02,  4.1859e-02],
        [ 1.6820e-01,  6.3493e-02,  4.2912e-02],
        [ 1.0930e-02,  5.5649e-03,  1.6984e-01],
        [ 3.3143e-01,  1.8446e-01,  2.4585e-01],
        [-7.4521e-02,  4.6520e-02, -2.6632e-02],
        [ 1.6632e-01, -4.9937e-02,  2.6050e-01],
        [-2.7895e-03, -1.4181e-01, -1.8085e-02],
        [ 4.1180e-01,  2.7048e-01,  4.1340e-03],
        [-2.2372e-02, -1.8441e-01,  2.0090e-02],
        [ 1.9809e-02, -1.7067e-01,  2.8847e-01],
        [-2.3436e-01,  9.4535e-02, -1.9729e-02],
        [ 1.0228e-01, -4.4268e-03, -1.8266e-01],
        [ 3.1984e-02, -4.0049e-02,  2.8730e-01],
        [ 2.3893e-03, -2.1443e-01, -2.1504e-03],
        [ 1.4224e-01,  1.7389e-02,  3.7943e-03],
        [ 1.7329e-01, -3.5528e-02, -1.9006e-03],
        [-1.3796e-02, -7.0052e-02,  1.9434e-01],
        [ 9.2454e-03,  1.2300e-01,  3.3837e-02],
        [-3.9861e-01, -3.4474e-02, -6.2164e-02],
        [-1.2482e-01, -1.2695e-03, -1.3234e-01],
        [-2.0016e-01,  6.4647e-02,  1.2224e-02],
        [ 8.8883e-03,  2.0314e-01,  2.2941e-01],
        [-4.4621e-01,  1.2424e-01,  2.8105e-01],
        [-7.8691e-02,  1.7863e-02,  2.5669e-03],
        [-1.9677e-01,  6.6618e-02, -3.9515e-02],
        [ 4.3939e-01, -1.1952e-02,  2.5868e-01],
        [ 2.0652e-01,  9.7488e-02, -1.4896e-01],
        [ 7.7497e-02,  2.2682e-01, -7.6365e-02],
        [-1.8658e-01,  3.0546e-01, -2.0199e-01],
        [-3.0144e-01, -5.8247e-02, -2.2215e-02],
        [ 4.4709e-02, -1.6121e-01,  4.3583e-02],
        [ 1.9422e-01,  6.6207e-02, -2.3672e-01],
        [ 2.0170e-01, -1.4524e-03, -1.9164e-01],
        [-8.0973e-03,  1.7781e-01,  7.3841e-02],
        [ 5.3108e-02,  2.6934e-01, -1.7324e-01],
        [ 1.6535e-01,  2.8328e-01, -2.9253e-02],
        [-1.1981e-02,  3.3391e-03, -1.3700e-01],
        [-2.5416e-02,  1.2391e-02, -2.1957e-01],
        [-2.4754e-01,  1.3009e-02,  2.2127e-01],
        [-2.2557e-02, -5.3419e-02,  8.8123e-02],
        [ 1.9553e-03, -2.0428e-01, -2.8740e-03],
        [ 4.3877e-02, -2.1910e-02,  1.3013e-03],
        [ 7.2630e-03, -1.0961e-01, -1.4750e-02],
        [-2.3398e-02,  2.1136e-01, -2.3534e-02],
        [-4.6514e-01,  1.7513e-02, -1.4997e-01],
        [ 1.3408e-02,  1.2374e-01,  7.8360e-03],
        [-4.1042e-02, -4.8269e-03,  4.2602e-02],
        [ 1.1112e-01, -1.8465e-01, -2.6280e-02],
        [-1.6750e-01,  2.0310e-01,  2.5465e-01],
        [ 4.3499e-02, -2.7174e-03, -1.3844e-01],
        [ 4.3755e-02, -2.1850e-02,  2.0545e-02],
        [ 1.0504e-02, -1.5268e-02, -6.0024e-03],
        [ 2.4823e-01,  2.1724e-01, -5.1062e-02],
        [-1.5425e-01, -6.8535e-03, -1.4454e-01],
        [-7.5229e-04,  1.5247e-01,  3.6039e-04],
        [ 1.2091e-02, -7.4960e-03,  1.8875e-02],
        [-1.1568e-01,  1.4566e-02,  2.4197e-03],
        [-1.3936e-02, -9.0484e-02, -2.7194e-03],
        [-2.7853e-02,  2.1785e-03,  1.1478e-01],
        [ 4.6695e-01, -6.1864e-02, -7.1658e-02],
        [ 3.2533e-01,  2.4126e-01,  6.3224e-03],
        [-2.3980e-01,  3.2901e-03,  2.6051e-01],
        [ 1.8931e-01,  2.7106e-03,  7.5910e-02],
        [-1.4932e-02, -7.3821e-03,  5.3928e-02],
        [-4.8777e-03,  7.3248e-04,  1.1629e-02],
        [ 1.9651e-02,  7.0018e-03,  9.9981e-03],
        [-1.4749e-01,  9.8342e-02, -1.3772e-01],
        [-1.9168e-01,  2.6751e-01, -2.3436e-02],
        [ 2.8954e-01,  3.8781e-02,  3.4148e-03],
        [-3.7928e-02, -6.0001e-02, -2.7899e-03],
        [-1.3611e-02, -1.8385e-01, -9.8967e-02],
        [ 2.1429e-01,  2.5753e-02,  2.4171e-01],
        [ 1.5980e-01,  1.2116e-01, -5.9760e-03],
        [-1.1306e-01,  1.2503e-01,  1.7811e-01],
        [-3.2968e-01,  4.9664e-02, -1.0255e-01],
        [-1.0960e-01,  3.3060e-02,  2.1717e-02],
        [ 2.2255e-01,  3.5709e-02,  3.0286e-02],
        [ 2.7242e-02, -1.5613e-01, -4.7775e-02],
        [-1.3337e-03, -1.4752e-03, -7.8371e-03],
        [ 6.0667e-02,  6.9232e-02, -6.0323e-03],
        [-7.0658e-02, -8.0035e-02,  1.5474e-02],
        [-9.8926e-02,  9.3185e-02, -2.2219e-02],
        [ 2.9183e-01, -4.2049e-02, -4.7557e-02],
        [-1.8852e-02, -5.8862e-02, -1.0996e-02],
        [ 3.4423e-01, -1.4310e-01,  2.4128e-01],
        [ 7.2647e-02, -4.5348e-02,  9.5975e-02],
        [-6.3378e-03, -9.1729e-02,  7.0622e-02],
        [-1.4745e-01,  3.7656e-02,  2.3640e-01],
        [ 3.6628e-01, -9.6009e-02,  4.6100e-02],
        [ 1.0884e-01,  1.5791e-01, -1.0081e-01],
        [-8.6371e-02,  9.5198e-02, -6.1440e-02],
        [ 3.0909e-01, -9.1087e-02, -9.1234e-02],
        [-2.4309e-02,  1.6024e-01,  2.3070e-02],
        [-2.0208e-01,  9.2331e-02,  5.5122e-02],
        [-7.7400e-03, -1.7599e-01,  1.6657e-02],
        [ 2.6805e-02, -3.8133e-03,  3.0609e-01],
        [-7.8366e-02, -7.9971e-04, -2.4166e-02],
        [ 1.2052e-02, -2.1145e-01,  1.2933e-03],
        [ 3.3349e-01, -4.8901e-02,  2.5844e-01],
        [-1.2401e-02,  3.0688e-01, -1.4480e-01],
        [-1.4643e-02,  1.3793e-01,  1.9308e-01],
        [ 4.8125e-03, -1.2384e-01,  4.5564e-04],
        [-1.7650e-01,  2.7932e-01, -1.3577e-01],
        [ 9.2075e-02, -1.4220e-01,  7.8442e-02],
        [ 3.5695e-01,  7.5575e-02,  1.6270e-01],
        [-2.1984e-02,  2.4998e-01,  5.9354e-03],
        [ 1.7044e-01, -1.2757e-01,  7.8140e-03],
        [-1.3906e-01,  1.0783e-01,  9.8928e-02],
        [ 4.6326e-03,  2.3591e-02, -1.1297e-01],
        [ 1.7254e-02,  1.2876e-02, -2.8384e-02],
        [ 1.4777e-01, -8.0364e-03, -5.4133e-03],
        [ 1.5654e-01, -5.7723e-02, -8.5567e-02],
        [-2.9258e-03,  2.3590e-01,  1.1257e-01],
        [-5.6846e-02, -7.0945e-02, -2.2449e-02]])), ('fc1.bias', tensor([-0.0833,  0.0400,  0.0674, -0.0742,  0.0471,  0.0095, -0.0177,  0.3366,
        -0.1835,  0.1320,  0.3770, -0.1622,  0.1026,  0.5355,  0.1179,  0.1690,
        -0.0591,  0.0327, -0.0311,  0.4563, -0.1958,  0.1179, -0.0320, -0.2185,
         0.2454, -0.0387, -0.0729, -0.1832, -0.1523, -0.0982, -0.0075, -0.0085,
         0.0913,  0.3814, -0.1114, -0.0377,  0.3947, -0.1934,  0.3492, -0.0127,
         0.1180, -0.0666,  0.2075,  0.0691,  0.0224,  0.3423, -0.1654,  0.3937,
         0.2819, -0.1042,  0.0269,  0.4287,  0.2421, -0.1605, -0.0997, -0.2058,
         0.0197,  0.0502,  0.1144,  0.1405, -0.1720,  0.0719,  0.2074,  0.1233,
        -0.1752, -0.0549,  0.0161,  0.3404, -0.0113,  0.0203, -0.0126, -0.0364,
        -0.0515,  0.0446, -0.0870,  0.3617,  0.0298,  0.0478, -0.1308,  0.0195,
         0.1236, -0.0701,  0.0055, -0.0062,  0.0206, -0.0287, -0.1133,  0.2326,
         0.2870, -0.1504,  0.0061,  0.0013, -0.1687, -0.0703,  0.4576,  0.0634,
        -0.0924,  0.3829,  0.0942,  0.3936, -0.1140,  0.1930,  0.2109,  0.2434,
         0.0880,  0.3702, -0.0150,  0.2472, -0.2114, -0.1442, -0.1736, -0.1011,
        -0.1910, -0.1606, -0.1120, -0.0016,  0.2730,  0.4624,  0.1745,  0.0160,
        -0.0623,  0.2801, -0.0245, -0.1242, -0.0037,  0.4002,  0.3305, -0.1352])), ('fc2.weight', tensor([[-0.0088,  0.0232,  0.0001,  ..., -0.0084,  0.0796,  0.0053],
        [ 0.0021, -0.0055,  0.0011,  ...,  0.0027, -0.0067,  0.0030],
        [ 0.0077,  0.0123,  0.0016,  ...,  0.0089,  0.0252, -0.0029],
        ...,
        [-0.0013,  0.0037,  0.0035,  ..., -0.0031,  0.0078, -0.0052],
        [-0.0410,  0.0260,  0.0220,  ...,  0.0230,  0.0502,  0.0069],
        [-0.0494, -0.0063,  0.0002,  ..., -0.0057,  0.0268, -0.0019]])), ('fc2.bias', tensor([ 1.2146e-01, -8.5195e-03,  1.9156e-02,  2.0235e-02, -5.5554e-02,
         3.4535e-02,  3.4225e-02,  9.4099e-02,  3.3338e-02, -2.2666e-02,
        -1.4358e-02,  1.3810e-04, -4.0455e-02, -8.8622e-02,  7.6491e-03,
        -4.5799e-02, -5.4971e-03,  1.0408e-02, -1.5694e-02,  1.4356e-02,
         1.0873e-02, -7.6081e-02, -1.0138e-02,  1.4114e-01, -2.7656e-02,
         6.6710e-03,  6.3342e-03,  1.6280e-02,  1.3735e-02,  3.7214e-03,
        -7.7956e-02,  8.2768e-03, -1.2173e-01, -3.4568e-02,  2.8060e-02,
        -2.9897e-02, -3.8403e-02,  4.8357e-02,  7.9454e-03, -9.4218e-02,
        -2.5735e-02,  1.4774e-02, -3.2858e-02,  3.9683e-03,  1.0264e-02,
        -9.3599e-02, -3.5987e-02,  5.3353e-02,  1.2341e-03,  2.5773e-02,
        -1.0776e-02,  3.7602e-04,  2.8349e-02, -5.8154e-03,  1.9784e-03,
         1.0036e-01,  2.7262e-04, -1.0629e-03, -9.3281e-02, -2.2674e-02,
        -3.9239e-02,  1.2468e-02,  3.6222e-02,  6.0596e-02])), ('fc3.weight', tensor([[ 0.1273, -0.0013, -0.0584,  0.0451,  0.0103, -0.0228, -0.0333,  0.1034,
         -0.0241, -0.0395,  0.0849,  0.0427, -0.0149,  0.0093, -0.0508,  0.0204,
          0.0198, -0.0394,  0.1874, -0.0741, -0.0223,  0.2148,  0.0914,  0.2189,
         -0.0073,  0.2024, -0.0315, -0.0089,  0.0044,  0.0081, -0.1124,  0.0245,
         -0.0830,  0.0645, -0.0350,  0.0186, -0.0433, -0.0991,  0.1296,  0.0070,
         -0.0056,  0.0269,  0.0888, -0.0426,  0.0373,  0.0256, -0.0456,  0.0333,
          0.0389, -0.0085,  0.0200,  0.0422, -0.1293,  0.0494, -0.0347,  0.0972,
         -0.0401, -0.0221, -0.0003, -0.0184,  0.0107, -0.0024,  0.0867,  0.0961]]))])
end of epoch 1: val_loss 0.7359195053572876, val_acc 0.8
trigger times: 1
end of epoch 2: val_loss 0.46033886670520446, val_acc 0.8
trigger times: 2
end of epoch 3: val_loss 0.23136894800700247, val_acc 0.8
trigger times: 0
saving model weights...
Weights: OrderedDict([('fc1.weight', tensor([[ 2.7495e-03, -1.0844e-05,  2.3805e-05],
        [-5.4793e-03,  7.5562e-03, -6.0408e-03],
        [ 9.5735e-03,  2.7092e-03, -2.1783e-05],
        [-2.1337e-02, -3.6982e-02,  1.6963e-02],
        [-1.6924e-02,  7.3003e-02, -3.8770e-02],
        [ 2.7198e-02,  5.1301e-02, -4.9749e-02],
        [-9.9820e-03,  1.1516e-01, -3.7172e-04],
        [ 8.4920e-03,  3.9676e-02, -2.0494e-02],
        [ 4.5058e-03, -9.0175e-03, -1.0681e-02],
        [ 3.2997e-03,  1.7824e-02, -9.1910e-03],
        [-1.3664e-01,  1.1896e-01, -7.6429e-02],
        [ 5.0718e-03, -8.9897e-03, -1.2777e-03],
        [ 1.9018e-03,  1.4302e-03,  8.3759e-03],
        [-1.4761e-01,  1.1501e-01, -1.4481e-01],
        [ 5.6966e-03, -4.1204e-03,  1.0650e-02],
        [ 2.7890e-02, -2.4754e-02,  2.8533e-02],
        [-2.0997e-02,  2.4872e-03, -8.5868e-04],
        [ 7.8765e-02, -3.2726e-02,  7.0143e-02],
        [-1.3560e-02,  1.1803e-02, -1.2718e-03],
        [ 1.1657e-02, -2.9123e-02,  1.6923e-02],
        [-3.6441e-04, -5.7714e-04,  5.6334e-04],
        [ 1.4269e-01, -1.3410e-02,  3.5287e-02],
        [ 1.7422e-04,  5.1564e-04, -8.7918e-04],
        [-9.3490e-04, -2.7085e-05,  8.4148e-03],
        [-1.0677e-01,  6.9948e-02, -6.9035e-03],
        [ 1.7140e-02,  3.8322e-05,  4.1065e-05],
        [-4.9815e-04, -2.3474e-04,  1.5309e-02],
        [-3.4545e-02, -4.0191e-03,  3.3320e-03],
        [ 1.3846e-02,  2.3289e-05,  4.7475e-06],
        [ 1.4633e-02,  8.8323e-05, -7.9080e-05],
        [-2.3281e-04, -3.5091e-04,  1.4559e-02],
        [ 1.2233e-03,  7.5326e-05, -3.7367e-04],
        [-4.4394e-02,  9.0010e-02, -6.9291e-02],
        [-4.0310e-02,  8.8423e-02, -8.0090e-02],
        [-3.5905e-02, -5.5143e-02,  4.6975e-02],
        [-1.0767e-03,  5.8205e-03, -1.7735e-03],
        [-1.2542e-01,  1.3685e-01, -2.0057e-02],
        [-3.0711e-03, -1.4586e-03,  2.2021e-03],
        [-5.1714e-02,  1.1841e-01, -8.1459e-02],
        [ 1.7908e-01,  1.7608e-03,  1.3542e-01],
        [ 2.9410e-03, -1.4105e-02,  8.1362e-03],
        [ 1.5122e-04,  7.0207e-02, -6.4766e-02],
        [-8.9373e-02,  2.0262e-01, -9.4232e-02],
        [-3.7199e-02, -2.0380e-03, -3.8259e-04],
        [-2.5448e-04,  2.2948e-04, -8.3816e-05],
        [ 6.6050e-02,  1.8032e-02, -9.9674e-03],
        [-9.1649e-03,  3.8865e-02,  3.6624e-05],
        [-1.4502e-02,  9.3897e-02, -6.5712e-02],
        [-1.0442e-01,  1.3217e-01, -2.2273e-02],
        [ 4.5568e-02,  5.7142e-03, -1.5153e-04],
        [-9.7815e-02, -5.8819e-02,  1.2809e-02],
        [-1.6301e-02,  8.1059e-02, -6.2407e-02],
        [-1.9709e-02,  7.1892e-02, -4.2070e-02],
        [-2.7362e-02, -1.2424e-02,  1.2504e-02],
        [ 1.7057e-03,  2.0789e-03, -2.1970e-04],
        [-2.5438e-04,  2.7981e-04, -1.0025e-03],
        [ 2.5131e-04,  2.3674e-05, -3.4723e-05],
        [ 1.2645e-02,  7.4354e-02, -5.4506e-02],
        [-2.3929e-01,  1.0089e-01, -5.9043e-02],
        [ 7.2682e-04,  2.0347e-02, -1.1389e-02],
        [-3.6895e-03,  1.4189e-03, -6.9187e-04],
        [ 8.9461e-03, -9.9260e-03,  8.0904e-03],
        [-3.4905e-02,  1.2103e-01, -3.0433e-02],
        [ 2.0505e-03,  1.6234e-02, -8.6395e-03],
        [-6.9269e-04, -2.7755e-04,  3.0239e-04],
        [-3.0985e-03, -5.5532e-04, -1.2962e-04],
        [ 7.0346e-02, -1.1882e-02,  5.1098e-02],
        [-5.2459e-02,  1.1879e-01, -8.9160e-02],
        [-2.1076e-02,  2.5262e-03,  2.2192e-03],
        [-5.4269e-06,  1.6784e-05,  3.9324e-05],
        [ 9.5628e-05,  1.6805e-04, -1.0384e-05],
        [-2.4530e-03,  3.9382e-05, -9.2168e-05],
        [-7.2217e-03,  1.3612e-05, -2.2510e-04],
        [ 1.7603e-01, -3.3704e-03,  8.2596e-02],
        [ 3.2545e-02,  2.4703e-02,  1.6727e-04],
        [-4.1266e-02,  8.3219e-02, -2.7024e-02],
        [ 3.6280e-02, -1.7444e-02,  5.9427e-02],
        [-4.9110e-04, -2.2613e-03,  6.9616e-05],
        [ 2.4631e-03, -1.5503e-02, -2.4046e-03],
        [-1.9007e-02, -4.5193e-03,  2.8306e-04],
        [-8.4813e-02,  9.3420e-02, -1.7089e-02],
        [ 1.5076e-02,  5.6688e-02, -5.1813e-02],
        [ 4.1634e-02, -2.1679e-02,  5.4142e-02],
        [-3.9262e-03,  4.2791e-04,  4.7515e-05],
        [ 5.9056e-03,  1.5054e-03, -1.3271e-03],
        [ 7.8915e-02, -1.0946e-02,  7.4502e-02],
        [-1.8664e-02,  2.7833e-04, -6.1159e-03],
        [-2.0213e-02,  8.5902e-02, -4.3938e-02],
        [-1.0214e-01,  1.0162e-01, -7.6797e-02],
        [ 2.0114e-03,  5.0482e-03, -1.7581e-03],
        [ 1.1024e-01, -1.3561e-02,  5.6457e-02],
        [-1.7421e-03,  2.7570e-05, -1.6029e-04],
        [ 6.9498e-02,  1.2553e-02,  1.2228e-03],
        [-3.6224e-02,  1.0556e-02, -6.4401e-03],
        [-6.2844e-03,  8.2001e-02, -5.2916e-02],
        [ 9.1517e-03,  4.7192e-02, -4.0633e-02],
        [ 7.2063e-02,  2.1551e-04, -6.1704e-04],
        [-1.7051e-03,  8.3067e-03, -7.6151e-03],
        [ 1.0399e-01, -3.1407e-02,  1.1046e-01],
        [ 1.0376e-02, -2.2008e-02,  1.9375e-02],
        [-7.0642e-02, -4.8246e-02,  3.9803e-02],
        [-7.3265e-03,  4.9148e-02, -1.8027e-02],
        [ 1.1943e-01, -1.3422e-02,  6.8326e-02],
        [-2.6760e-03,  4.5111e-02, -3.4808e-02],
        [ 1.3072e-02,  3.5720e-02, -3.2980e-02],
        [ 7.5195e-02, -5.2290e-02,  3.2347e-02],
        [-1.3562e-02,  6.0509e-03, -2.9389e-03],
        [-5.2833e-02,  8.9024e-02, -5.4146e-02],
        [-1.4953e-03,  1.5924e-04, -5.6424e-05],
        [-1.5799e-03,  1.1013e-03,  3.4803e-03],
        [ 8.0659e-04, -1.1577e-05, -1.7306e-05],
        [ 2.0702e-03, -2.1539e-04, -2.4593e-04],
        [ 1.5316e-01,  1.1158e-04,  1.7347e-02],
        [-7.9776e-03,  4.3736e-02,  2.4499e-04],
        [ 2.0011e-04, -4.4180e-04,  9.8592e-05],
        [ 1.3613e-02,  9.3541e-03,  1.2352e-02],
        [-6.3894e-02,  2.0109e-01, -5.4442e-02],
        [ 4.0694e-02, -4.5114e-02,  2.9808e-02],
        [ 5.6965e-02, -7.6271e-03,  6.9939e-02],
        [ 1.9043e-02,  5.1909e-02, -4.3229e-02],
        [ 6.1217e-04,  2.3140e-04, -2.0114e-03],
        [-3.0197e-02,  9.3006e-02, -4.0063e-02],
        [-1.0268e-03, -1.3727e-04, -2.8158e-04],
        [-5.6515e-02, -2.2998e-02,  1.2926e-02],
        [ 1.8783e-02,  5.6065e-02, -3.2687e-02],
        [ 1.4928e-02,  6.6798e-03, -4.3108e-03],
        [-2.2694e-02,  1.0303e-01, -6.3812e-02],
        [ 6.8409e-02,  5.8510e-02, -5.3161e-02]])), ('fc1.bias', tensor([-2.3749e-02,  4.2010e-03,  4.6485e-03,  3.4964e-02,  3.3437e-02,
         1.0026e-02,  2.5092e-03,  6.2190e-02, -3.2666e-03,  3.8010e-02,
         1.2167e-01,  3.3113e-03, -8.9272e-04,  2.5287e-01,  9.7314e-03,
         4.8339e-02, -2.2892e-02,  7.0281e-03, -2.2755e-02,  1.0373e-01,
        -1.4264e-04,  1.6077e-02,  2.9354e-03, -5.7954e-03, -3.9853e-02,
        -9.7940e-03, -1.3528e-03,  3.2650e-02, -4.8468e-02, -3.0862e-02,
         1.2692e-02, -1.9173e-03,  6.3233e-02,  7.2295e-02,  3.4038e-02,
         7.6138e-03,  4.2208e-02,  1.1909e-03,  8.8797e-02,  8.0943e-03,
         3.2390e-02,  7.5878e-03,  9.1393e-02, -1.5034e-02,  6.2302e-04,
         4.9874e-02, -1.2842e-02,  1.1975e-01, -6.3097e-02, -6.0691e-02,
         5.7080e-02,  6.8783e-02,  5.2132e-02,  3.1200e-02, -3.1229e-03,
         2.5281e-04,  6.8821e-04,  3.3976e-02,  2.0871e-02,  1.2203e-02,
        -3.4509e-03,  2.4740e-02,  3.9986e-02,  3.2941e-02, -1.0776e-03,
        -9.1389e-04,  1.8647e-02,  1.7056e-01,  1.9778e-02,  1.4842e-06,
        -2.8325e-04,  1.4475e-02, -2.2422e-02,  3.5007e-02, -4.8306e-02,
         5.3049e-02,  2.1020e-02,  2.2751e-03,  6.4205e-03,  1.0373e-02,
        -6.2468e-02,  2.9295e-02,  2.7443e-02,  3.7330e-03, -7.5980e-03,
         3.6229e-02, -4.4262e-02,  6.2170e-02,  7.7216e-02, -2.2958e-03,
         9.2838e-03,  3.1526e-03, -7.4159e-03, -6.1617e-02,  1.0587e-01,
         4.1690e-02, -7.5446e-02,  1.0570e-01,  2.7706e-02,  1.1060e-01,
         3.6209e-02,  2.4485e-02,  5.0834e-02,  8.1404e-02,  4.6138e-02,
         1.2996e-01,  8.6928e-03,  4.9602e-02,  8.0510e-04, -2.6518e-03,
        -9.3515e-05,  8.7317e-04, -1.3074e-01,  3.3159e-02,  9.2659e-04,
         2.8188e-02,  1.2352e-01,  1.6358e-01,  2.8725e-02,  1.9490e-02,
        -9.8568e-04,  2.7375e-02, -9.7442e-04,  1.7840e-02,  1.0836e-02,
         6.4299e-02,  5.0738e-02,  3.3410e-02])), ('fc2.weight', tensor([[ 1.2481e-05, -1.4740e-03, -7.6487e-04,  ..., -1.1031e-03,
          1.6694e-02, -1.3895e-02],
        [ 9.1323e-06, -6.8131e-04, -6.1724e-04,  ..., -1.9513e-03,
          2.9050e-03,  3.9806e-03],
        [ 7.9649e-06,  1.2879e-03, -2.7681e-03,  ...,  3.0996e-03,
          2.7644e-03,  4.6456e-03],
        ...,
        [-6.2824e-06,  1.2079e-03, -7.2257e-04,  ..., -1.1370e-03,
          2.7128e-03, -1.2404e-02],
        [ 7.7088e-05, -1.8363e-03, -1.2066e-03,  ...,  7.8985e-03,
          2.2234e-02, -1.9686e-02],
        [-1.2708e-05, -2.2997e-03, -1.8029e-03,  ...,  3.9251e-03,
          1.8920e-02, -2.0212e-02]])), ('fc2.bias', tensor([ 3.5315e-02,  3.0144e-03,  3.9604e-02, -6.0771e-02, -5.5576e-03,
        -4.7838e-03,  4.0852e-02,  3.2405e-02,  7.9771e-03, -7.1127e-05,
        -9.3155e-03,  1.6371e-02, -9.0019e-03, -6.3293e-02,  1.3138e-02,
         5.7734e-02,  3.5821e-02, -6.7423e-02,  5.6967e-02,  1.1818e-02,
         7.4204e-03,  6.2676e-02,  5.1872e-03,  4.2210e-03, -3.8811e-04,
         1.3772e-02,  2.3692e-02,  9.9230e-03, -7.9413e-03,  6.7070e-02,
        -4.3764e-02,  9.8331e-02, -1.0243e-01,  5.3191e-03, -1.7206e-02,
        -3.3067e-02,  3.6645e-02,  1.6087e-02, -8.9405e-02, -6.0249e-02,
         2.4022e-03,  1.3962e-01, -8.5562e-02,  3.6776e-03, -7.0723e-02,
        -5.1318e-02, -2.8972e-02,  2.8642e-02, -6.0417e-05,  1.6178e-02,
        -1.3875e-03,  2.2632e-02,  5.1035e-02, -2.0438e-03,  3.4038e-02,
         6.4426e-02,  2.4807e-04,  9.7329e-04, -3.7076e-02, -8.3059e-03,
        -2.0381e-02,  1.5925e-02,  2.1561e-02,  2.1984e-02])), ('fc3.weight', tensor([[ 8.0220e-02, -2.5227e-02, -4.9205e-02,  8.3142e-03,  1.4417e-02,
         -1.5102e-02, -9.6705e-03,  1.0489e-01, -1.1579e-02,  1.0239e-03,
          7.3776e-02,  1.7690e-03, -1.3515e-02,  3.9104e-03, -3.8520e-02,
          5.9338e-02, -2.0653e-02,  1.2554e-03,  1.9501e-01, -2.4410e-02,
         -7.4371e-03,  2.3833e-01,  4.3575e-03,  2.0289e-01,  2.1378e-04,
          2.3027e-01, -6.2838e-03, -7.3227e-03,  1.3812e-02,  7.4794e-02,
         -9.4763e-02,  1.1929e-01, -7.0131e-02,  7.3824e-02, -2.3398e-02,
         -3.8366e-03,  1.4333e-02, -5.7697e-02,  7.6544e-02,  3.7646e-03,
         -2.5612e-03, -2.5860e-02,  3.5509e-02,  7.3114e-03,  3.0747e-02,
          1.8154e-02,  2.4498e-03, -3.5704e-02,  2.5730e-02, -1.4451e-02,
          1.2630e-02,  4.0506e-02, -1.1559e-01,  3.7399e-02,  4.0799e-02,
          8.6070e-02,  4.7023e-04,  9.0248e-04, -4.0923e-04, -1.6916e-02,
          8.8068e-03,  6.4079e-02,  1.0215e-01,  9.9746e-02]]))])
end of epoch 4: val_loss 0.7182404786345614, val_acc 0.8
trigger times: 1
end of epoch 5: val_loss 0.4328724741906612, val_acc 0.8
trigger times: 2
end of epoch 6: val_loss 0.4721008270713355, val_acc 0.8
trigger times: 3
end of epoch 7: val_loss 0.30613317244024074, val_acc 0.8
trigger times: 4
end of epoch 8: val_loss 0.53710109878229, val_acc 0.8
trigger times: 5
end of epoch 9: val_loss 0.22790181696182116, val_acc 0.8
trigger times: 0
saving model weights...
Weights: OrderedDict([('fc1.weight', tensor([[ 3.1700e-08,  6.2952e-08, -2.5618e-08],
        [ 2.8532e-04, -5.9463e-04, -1.0302e-03],
        [ 1.0143e-02,  1.6764e-02, -1.9753e-02],
        [-5.6693e-03, -3.6341e-02,  5.6221e-02],
        [-8.1958e-03,  3.4914e-02, -3.2121e-02],
        [-2.7017e-04, -1.6141e-05,  2.3653e-04],
        [ 8.6393e-04,  6.4229e-02, -7.3599e-02],
        [-1.9717e-02, -6.0445e-02,  5.2800e-02],
        [-2.0649e-03, -1.6518e-02,  2.1827e-02],
        [-1.6004e-06,  6.2120e-07,  3.2057e-06],
        [-1.0440e-01,  1.5643e-01, -9.5877e-02],
        [-3.4672e-02,  1.4528e-02,  9.8897e-02],
        [-5.9578e-05, -3.7659e-05,  3.4119e-05],
        [-1.7270e-01,  2.0655e-01, -1.0585e-01],
        [ 9.9929e-04, -1.4866e-04, -2.6861e-05],
        [-1.7025e-04,  3.1277e-03, -2.9005e-03],
        [ 7.3352e-03, -1.4069e-03,  3.8765e-03],
        [ 1.1035e-02, -4.9138e-03,  2.5010e-02],
        [-3.6490e-06, -2.1745e-07,  1.8516e-07],
        [-2.6755e-03,  9.2817e-03, -1.0291e-02],
        [-7.3365e-02, -6.6312e-03,  6.4705e-02],
        [ 1.6684e-02, -2.4245e-02,  3.1495e-02],
        [-8.6556e-02, -5.7794e-02,  8.1163e-02],
        [ 1.4870e-04,  6.1465e-05,  3.1295e-05],
        [-1.5749e-03,  8.7178e-03, -3.2924e-05],
        [ 1.6635e-04,  9.6002e-03, -2.6913e-03],
        [ 7.3061e-04, -1.1333e-04, -6.5242e-05],
        [ 1.3091e-04,  7.0478e-05,  2.5666e-05],
        [-2.6029e-07,  2.5103e-07,  5.0135e-07],
        [-2.1210e-07,  2.9859e-08, -1.2975e-08],
        [ 5.3518e-04,  2.6959e-03, -5.9127e-04],
        [-2.9547e-05,  7.2142e-05, -4.3834e-06],
        [-2.0209e-02,  7.8112e-02, -7.2663e-02],
        [-4.2131e-02,  9.1894e-02, -6.6975e-02],
        [-3.1773e-06,  7.6768e-05, -1.7104e-05],
        [-6.0404e-04,  1.2879e-05, -6.3596e-04],
        [-7.6553e-02,  1.4204e-01, -8.2989e-02],
        [-2.4427e-02,  1.3431e-04, -8.4557e-03],
        [-6.8655e-02,  1.2536e-01, -8.7932e-02],
        [ 8.8640e-02, -2.0668e-02,  7.5634e-02],
        [-4.2324e-07, -3.8626e-06,  3.8293e-06],
        [-2.7689e-04,  1.6682e-04,  7.8456e-04],
        [-1.2421e-01,  1.8170e-01, -1.0927e-01],
        [ 4.5304e-07, -1.0759e-07,  7.2346e-08],
        [ 3.8448e-04,  4.1720e-05, -3.5491e-05],
        [-7.6041e-04,  3.9818e-05,  3.3034e-06],
        [-9.6750e-04,  4.9231e-03, -8.2218e-05],
        [-3.7607e-02,  9.0717e-02, -7.7764e-02],
        [-4.2376e-04,  1.7647e-02, -6.1284e-05],
        [ 3.5838e-04,  8.0868e-08, -9.6837e-07],
        [ 1.0772e-03,  7.6035e-05,  7.0564e-05],
        [-3.4708e-02,  8.5221e-02, -7.3576e-02],
        [-6.6054e-04,  6.5319e-03, -2.7313e-05],
        [-5.7937e-05,  3.7075e-05, -2.2168e-05],
        [ 1.2165e-01, -2.1743e-03,  1.0677e-01],
        [-5.6989e-06, -3.4600e-04,  5.4154e-05],
        [ 2.0439e-03, -8.1334e-04,  1.5837e-04],
        [-1.0534e-02,  3.3705e-03,  5.8656e-02],
        [-6.5705e-02,  1.1366e-01, -9.1484e-02],
        [ 1.4945e-04,  7.5577e-06, -2.8163e-05],
        [ 1.0919e-02,  1.3595e-01, -3.3177e-02],
        [-1.5589e-03, -2.3406e-02,  3.0529e-02],
        [-3.5142e-02,  8.6861e-02, -6.6734e-02],
        [ 6.9144e-04,  4.5111e-04,  1.8387e-02],
        [-6.9464e-03, -1.0884e-02,  8.7182e-03],
        [ 7.5100e-07, -1.5694e-05,  2.0039e-05],
        [ 3.2031e-03, -8.8584e-03,  1.6607e-02],
        [-1.0232e-01,  1.4559e-01, -9.8814e-02],
        [ 1.3287e-04,  5.1957e-06, -2.5372e-05],
        [ 1.7527e-03,  2.2314e-03,  1.4304e-03],
        [-9.5426e-05,  3.8371e-03,  6.8040e-03],
        [-1.5655e-04, -2.2098e-04,  1.4310e-04],
        [-6.8608e-06,  2.9807e-07, -7.3612e-08],
        [ 5.8654e-02, -6.5532e-04,  6.3841e-02],
        [ 4.3947e-06,  3.4393e-07,  1.5526e-08],
        [-2.9707e-03,  9.4266e-03, -3.9399e-05],
        [ 2.1589e-04, -1.4014e-03,  1.2807e-03],
        [-3.8651e-04,  1.5867e-03, -1.2352e-03],
        [-3.3174e-03, -1.4303e-03,  2.5102e-03],
        [-5.9515e-02, -2.7539e-02,  2.0324e-02],
        [-9.7720e-05,  1.0077e-02, -3.2226e-05],
        [ 1.6326e-05, -9.3626e-06, -5.1364e-06],
        [-1.2144e-03, -5.2720e-05,  5.3541e-05],
        [-1.4246e-02, -8.8779e-02,  8.6407e-02],
        [-1.7597e-03, -1.3952e-04, -7.6378e-04],
        [ 1.4679e-02, -2.1466e-03,  2.6239e-02],
        [-1.6912e-02, -1.3783e-02,  2.7310e-02],
        [-2.0849e-03,  1.1825e-02, -1.7493e-05],
        [-7.1512e-02,  1.2392e-01, -8.7159e-02],
        [ 2.3507e-03,  1.8596e-03, -1.3178e-03],
        [ 3.9161e-02, -9.0386e-04,  4.4838e-02],
        [-9.6601e-02,  5.4140e-02, -5.1001e-03],
        [-1.0826e-03, -1.5596e-03,  1.0408e-03],
        [-1.1129e-02, -1.8853e-03,  4.5389e-03],
        [-9.0637e-03,  6.3556e-02, -5.9104e-02],
        [-1.4372e-02, -4.9907e-02,  7.9237e-02],
        [ 1.4784e-03, -1.5934e-06,  7.3082e-06],
        [ 5.0145e-03,  6.6247e-03, -8.6765e-03],
        [ 3.5584e-02, -5.6439e-03,  4.4944e-02],
        [ 1.8889e-03,  1.7893e-03, -5.1567e-03],
        [-1.9750e-04, -5.9013e-04, -2.6740e-04],
        [-3.3405e-05,  2.1127e-05,  8.4441e-07],
        [ 2.7701e-02, -4.9162e-02,  3.9170e-02],
        [-8.1587e-03,  2.0852e-03,  3.6228e-02],
        [-5.6052e-04, -1.0066e-03,  2.6543e-03],
        [ 3.4354e-03, -1.7846e-02,  1.0335e-02],
        [-8.7994e-03, -1.4083e-03,  1.1599e-01],
        [-1.6382e-02,  6.5302e-02, -5.1497e-02],
        [-2.2461e-05, -4.2199e-06, -1.8134e-05],
        [ 8.4625e-04,  1.1481e-03,  9.0536e-05],
        [-1.3038e-02, -1.5051e-02,  2.8482e-02],
        [ 8.1182e-02,  4.0890e-03,  8.8864e-02],
        [ 9.0092e-03, -8.9141e-06,  2.2007e-06],
        [ 1.1974e-04, -1.0082e-03, -1.9566e-04],
        [-6.0357e-03, -3.8760e-03,  2.8707e-03],
        [-2.6500e-05,  1.0173e-04,  3.5362e-05],
        [-1.2033e-01,  1.8086e-01, -1.0538e-01],
        [ 2.5876e-03, -5.8445e-03,  4.1610e-03],
        [ 6.5739e-03, -3.6754e-03,  1.9244e-02],
        [-1.7000e-04, -2.0967e-05, -2.1149e-05],
        [-2.9132e-04,  3.3485e-06,  4.4929e-04],
        [-3.4457e-03,  1.3421e-02, -4.8014e-05],
        [-7.1788e-03,  1.5312e-02,  1.0279e-01],
        [ 3.5589e-03,  7.2704e-02, -7.4486e-02],
        [ 3.3799e-07, -2.5061e-06, -2.8066e-07],
        [-1.5425e-04,  8.1183e-05, -5.6819e-06],
        [-3.4853e-02,  8.4479e-02, -7.2927e-02],
        [-1.3851e-04, -3.1346e-05,  9.6718e-05]])), ('fc1.bias', tensor([-1.5941e-04,  6.5258e-04,  8.3366e-03,  1.8192e-02,  1.7075e-02,
         7.1496e-04,  4.5627e-02,  3.0835e-03,  3.9099e-02, -2.2332e-04,
         9.3849e-02,  4.6170e-02,  4.3696e-05,  1.3372e-01, -1.0361e-03,
         1.6392e-03,  4.1985e-03,  1.7800e-03, -4.2703e-03, -2.4658e-03,
         8.8132e-02,  7.0993e-03, -4.1533e-02, -2.3238e-04, -2.5250e-03,
         2.0412e-03,  7.0581e-05, -5.9161e-03, -5.2995e-04, -2.1859e-04,
         4.8948e-04, -1.4756e-05,  4.6108e-02,  4.8041e-02, -4.1477e-05,
        -8.4211e-03,  1.0042e-01,  3.3847e-02,  6.4512e-02,  1.9381e-02,
        -3.3686e-04,  2.2651e-04,  1.0319e-01, -4.4570e-04,  1.7503e-04,
        -2.4506e-04,  1.8706e-03,  4.0821e-02, -3.5617e-03, -6.1779e-03,
        -9.3966e-03,  4.0960e-02, -1.7766e-03, -2.8198e-04,  6.9730e-02,
         5.2544e-04, -3.0238e-03,  6.6050e-03,  7.1498e-02, -2.9446e-05,
         6.3113e-02,  8.9371e-04,  4.4472e-02,  1.8678e-03, -5.2725e-03,
        -1.1532e-05,  5.6431e-03,  8.8187e-02,  5.2715e-05,  6.6801e-03,
        -1.2148e-03,  4.1164e-04, -5.6623e-04,  1.5139e-02, -1.9577e-03,
        -4.3595e-04,  1.2964e-03,  5.7578e-04, -1.1550e-03, -3.8048e-02,
        -1.0450e-03, -2.4032e-06, -9.2351e-04,  7.6069e-02, -6.1138e-03,
         3.8534e-03, -8.8973e-03, -9.9573e-04,  7.0867e-02,  5.6032e-04,
         7.9018e-03, -8.3875e-02, -6.7869e-04, -2.0634e-03,  2.6064e-02,
         8.5757e-03, -1.8469e-03,  4.5879e-03,  6.0157e-03,  7.2873e-03,
        -1.6746e-03, -3.8941e-08,  1.9011e-05,  7.1116e-03,  3.6632e-03,
         3.5305e-03,  2.6744e-02,  4.4146e-02, -1.9030e-03,  1.0784e-03,
         8.3824e-03,  5.2545e-02, -3.0257e-02, -8.5755e-04,  7.0436e-03,
        -8.4803e-03,  9.7824e-02,  4.1125e-03,  1.9917e-03,  2.5933e-04,
         6.2613e-05, -4.6563e-04,  3.4876e-02,  4.2096e-02,  7.4564e-07,
        -9.6364e-05,  4.0330e-02, -4.0252e-04])), ('fc2.weight', tensor([[-4.0505e-08, -3.7450e-07,  1.8035e-05,  ...,  3.9090e-06,
          3.3194e-05, -8.0012e-08],
        [-1.9963e-06, -2.0283e-03, -4.6629e-04,  ...,  1.0942e-04,
          2.3564e-02,  3.0919e-05],
        [ 2.4738e-07,  1.7879e-04, -5.9482e-04,  ...,  3.8086e-06,
         -3.8076e-03, -1.0718e-06],
        ...,
        [ 2.8466e-08, -2.2669e-03,  7.1737e-04,  ..., -1.1362e-05,
          2.3761e-02,  2.8431e-04],
        [-3.8505e-08, -1.0499e-06,  2.2804e-05,  ..., -6.5517e-05,
          7.6963e-05, -7.5458e-08],
        [ 2.0097e-08, -8.1590e-04, -1.1750e-04,  ...,  4.3065e-06,
          8.1848e-03,  9.7796e-05]])), ('fc2.bias', tensor([-4.6912e-02,  1.4259e-01,  3.2992e-02, -1.6138e-03, -1.6014e-03,
         8.4252e-03, -1.6345e-04,  1.6210e-02, -5.8651e-03,  7.9218e-04,
        -2.0426e-02,  9.5680e-04,  6.4414e-03, -1.7870e-02,  8.3408e-03,
        -2.2884e-02,  1.6980e-05, -4.5697e-03, -3.6646e-02,  1.8285e-03,
         2.8193e-03, -2.4963e-02,  4.0899e-05, -3.4801e-02,  1.9925e-06,
        -5.1422e-02,  7.7430e-04,  1.3478e-03,  4.2811e-03, -4.8788e-03,
        -3.7506e-03,  3.6331e-02, -4.5429e-02, -4.9776e-02,  1.1198e-02,
         3.7161e-03, -8.8724e-04,  9.6883e-03, -1.3483e-02, -1.1263e-02,
        -2.4995e-02,  5.6784e-02, -3.4017e-03,  1.9305e-05, -8.0147e-02,
        -5.3050e-03,  1.3586e-07,  4.1205e-03,  7.8367e-03,  1.1719e-04,
        -6.2095e-03, -8.1102e-02,  4.0404e-02,  9.7905e-03,  9.1018e-02,
         4.9138e-02, -1.8810e-04,  1.0264e-04, -1.0391e-03,  1.0151e-02,
        -3.0892e-02,  7.1844e-02, -5.1320e-02,  7.4562e-02])), ('fc3.weight', tensor([[ 1.8916e-02,  3.3951e-01, -4.2277e-02,  6.8544e-06,  8.7694e-03,
         -6.7902e-03, -5.7219e-04,  7.0485e-02, -6.1101e-03, -9.4832e-04,
          3.3508e-02, -1.7966e-04, -7.7794e-03,  3.0894e-04, -2.5279e-02,
          6.5639e-03,  1.7775e-05,  4.5802e-07,  1.5705e-01, -8.3420e-04,
         -1.9627e-03,  1.7152e-01,  3.5429e-04,  1.2065e-01, -5.1687e-06,
          1.5828e-01,  3.2842e-04, -2.3417e-03,  6.5662e-03, -4.1184e-05,
         -6.3177e-02,  1.7526e-01, -4.6992e-02,  3.8375e-02, -1.0714e-02,
          2.6606e-03, -2.6723e-04, -1.8150e-02,  1.2896e-02,  7.9759e-04,
         -4.5761e-03,  1.8752e-01,  6.2437e-04, -1.5184e-05,  1.9990e-02,
          4.5053e-03,  1.1642e-07,  2.0844e-03,  8.3498e-03, -8.8316e-03,
          9.5402e-03,  8.2332e-03, -1.1355e-01,  4.7017e-02,  2.2076e-01,
          1.3516e-01,  1.7972e-05,  6.8729e-05,  1.6848e-07, -2.7434e-02,
          4.0924e-03,  3.7032e-01,  6.0571e-02,  1.4059e-01]]))])
Finished training.
0 30.322290390729904 -191.10004520678868
1 37.379531279206276 -142.75441848091938
2 43.758899196982384 -85.88346861832474
3 43.224630042910576 17.732630180500013
4 44.723272889852524 89.30707154325768
5 45.70671887695789 98.07644230926206
6 47.20942701399326 106.95774051225432
7 47.573953837156296 110.48639228144049
8 48.20625291764736 117.18809854794453
9 50.32259464263916 131.40806576766226
train accuracy: 1.0
validation accuracy: 0.8
