demo lengths 200
demos: (120, 200, 25)
demo_rewards: (120,)
[-238.5653939  -226.82452825 -226.22417315 -208.89755486 -196.98407553
 -194.40174577 -193.75394353 -173.38768743 -172.73844576 -172.58495982
 -148.80630048 -146.54022995 -144.91636018 -144.50987996 -129.52710351
 -119.67891388 -119.53338183 -115.00841352 -113.49466461 -107.45837168
 -105.499371   -101.91049433 -101.6629413   -98.89606861  -95.19099379
  -93.31854914  -85.41926577  -83.18012153  -79.47665069  -77.34308622
  -60.56041622  -58.68833689  -22.79021188  -19.65788927  -16.74518768
  -13.7194023     4.23518987    5.09528062   10.17879679   13.54105579
   14.98971093   21.80202968   31.12027906   40.64550157   40.69898986
   50.09032867   57.29053552   60.51441689   62.58785811   63.47489587
   65.39553199   68.71330703   69.48459209   72.16624272   74.22332021
   79.16074532   80.25553157   87.50520028   90.28646232   90.72533901
   91.52552636   91.95773979   92.9922131    94.14052713   94.28590507
   95.24073533   96.09581961   96.50341248   97.4582029    97.90553231
   98.27346636   98.35872828   98.92550904   99.09003072   99.89253842
  100.07765056  101.35869828  103.56921378  103.74194541  104.00039884
  104.36031384  104.79584302  105.40349711  105.60678193  106.26867976
  106.37916921  106.67969424  106.81132709  107.05410486  107.44441498
  107.68792314  107.72369032  108.58631071  108.79454915  109.15712102
  109.71287331  110.48639228  111.46302588  112.59201368  113.45309909
  114.85996347  115.04838323  115.56466246  115.7702745   116.29805012
  116.38499267  116.41989071  117.08008836  117.29357602  118.29160886
  119.01062501  120.85290512  120.89021502  121.40892075  122.30522808
  129.13346806  129.67718524  129.79664443  130.61780867  131.40806577]
maximum traj length 200
maximum traj length 200
num training_obs 40
num training_labels 40
num val_obs 5
num val_labels 5
num test_obs 7140
num test_labels 7140
ModuleList(
  (0): Linear(in_features=25, out_features=128, bias=True)
  (1): Linear(in_features=128, out_features=64, bias=True)
  (2): Linear(in_features=64, out_features=1, bias=False)
)
Total number of parameters: 11648
Number of trainable paramters: 11648
device: cuda:0
end of epoch 0: val_loss 2.170133914435246, val_acc 0.8
trigger times: 0
saving model weights...
Weights: OrderedDict([('fcs.0.weight', tensor([[ 0.0021, -0.0319, -0.0233,  ...,  0.0175, -0.0048,  0.0620],
        [ 0.0102,  0.1005,  0.0964,  ...,  0.0334, -0.0068, -0.0323],
        [-0.2586, -0.1228, -0.0067,  ...,  0.0541, -0.0548,  0.0067],
        ...,
        [-0.1461, -0.1795, -0.1423,  ..., -0.1692,  0.0746, -0.1574],
        [ 0.0937,  0.0817, -0.0530,  ...,  0.0064,  0.0021, -0.1390],
        [-0.0180, -0.0092,  0.1042,  ...,  0.2744,  0.0822,  0.0738]],
       device='cuda:0')), ('fcs.0.bias', tensor([ 0.0041,  0.1939,  0.0644, -0.0324, -0.0564, -0.0475,  0.1910,  0.1034,
        -0.0967,  0.1251, -0.1836, -0.0375, -0.1500, -0.1695, -0.0460, -0.0394,
        -0.1797, -0.0015,  0.1878, -0.0517, -0.1668,  0.1323, -0.0305, -0.1041,
         0.2163, -0.0553,  0.0238, -0.1370, -0.0874, -0.0414, -0.0277,  0.1907,
         0.1234, -0.0593,  0.0647, -0.0085, -0.0217,  0.0935,  0.0919,  0.0167,
        -0.0455,  0.0100, -0.0804,  0.0123,  0.0157,  0.1889,  0.0440, -0.0158,
        -0.1105, -0.1384, -0.0333, -0.0195, -0.0054, -0.0095, -0.1561,  0.1605,
        -0.0342, -0.0188,  0.0515,  0.0466, -0.0042, -0.0058,  0.0815,  0.0802,
         0.1150, -0.0189, -0.0760, -0.1215,  0.1752, -0.1585, -0.0299, -0.1433,
        -0.0660, -0.1390, -0.0121,  0.2001,  0.1332, -0.0851, -0.0004,  0.0643,
         0.1286,  0.0923, -0.0136, -0.0340,  0.0394,  0.0919, -0.0026,  0.0125,
         0.0450, -0.0091, -0.1481,  0.0543, -0.2055, -0.0330, -0.2156,  0.0075,
        -0.0414, -0.0357, -0.1791, -0.0029,  0.0084,  0.0329, -0.1807,  0.1077,
         0.0009, -0.0490,  0.0456,  0.0012, -0.0112,  0.0277, -0.1399,  0.0676,
         0.0460,  0.0208, -0.0554,  0.1884, -0.0795,  0.2185,  0.0206,  0.0199,
        -0.0023, -0.0656,  0.0232, -0.2121, -0.0653,  0.0248, -0.0847,  0.0573],
       device='cuda:0')), ('fcs.1.weight', tensor([[-0.0284,  0.0161,  0.0065,  ...,  0.0903,  0.0567, -0.0697],
        [ 0.0027, -0.0834, -0.0494,  ..., -0.0012,  0.0009, -0.0404],
        [ 0.0010,  0.0059,  0.0027,  ...,  0.0442,  0.0188,  0.0900],
        ...,
        [-0.0303,  0.0040, -0.0015,  ..., -0.0507, -0.0057,  0.0758],
        [ 0.0254,  0.0604, -0.0107,  ...,  0.0871,  0.0349,  0.0259],
        [-0.0019, -0.0471, -0.0139,  ...,  0.0032, -0.0007, -0.0224]],
       device='cuda:0')), ('fcs.1.bias', tensor([-0.0150,  0.0134, -0.0065,  0.0017,  0.1331,  0.0010, -0.0273, -0.0317,
        -0.1374, -0.0535, -0.0082, -0.0415, -0.0070,  0.0294, -0.0552, -0.0619,
         0.0037, -0.0206, -0.0171, -0.1178,  0.0005,  0.0015,  0.0079, -0.0380,
         0.0129, -0.0055,  0.0833,  0.1330,  0.0030, -0.1015,  0.0023, -0.0597,
         0.0103, -0.0596, -0.0144,  0.0211,  0.0177, -0.0444,  0.0367, -0.0041,
         0.0114,  0.0605, -0.1322, -0.0442, -0.0341, -0.0007, -0.0969, -0.0015,
         0.0065, -0.0256,  0.0319, -0.0185, -0.0453, -0.0264, -0.0013, -0.0010,
         0.0386,  0.0498, -0.0361, -0.0272,  0.0024,  0.0355,  0.0843, -0.1001],
       device='cuda:0')), ('fcs.2.weight', tensor([[ 6.6085e-02,  3.7468e-02,  1.0150e-02, -7.1278e-03, -5.7750e-02,
          2.1587e-02, -5.7104e-02,  3.1648e-03,  3.4148e-02,  5.2203e-02,
          1.3762e-02,  1.4191e-02,  4.8935e-02, -5.7430e-02, -3.6278e-02,
          9.7231e-05, -3.9543e-02,  1.3055e-02, -1.2102e-02, -1.2152e-02,
          4.6011e-02,  5.1579e-02,  4.4227e-02, -1.0074e-02, -3.4671e-02,
          1.1468e-02,  5.2370e-02, -2.7160e-02,  5.6512e-02, -4.9213e-02,
          3.0826e-02, -1.2253e-02, -2.3945e-02,  1.0358e-01,  8.0384e-02,
         -4.7059e-02,  5.1124e-02,  3.3700e-02,  2.1444e-02, -2.4945e-02,
          1.3175e-02,  4.7223e-02,  2.1425e-02,  8.3427e-02,  1.0415e-01,
         -4.5715e-02,  2.2655e-02,  2.4862e-02, -2.7354e-02,  3.3840e-02,
         -1.7642e-02, -1.0259e-02, -1.0115e-01, -7.6226e-02,  3.3916e-04,
         -4.2337e-03,  2.3878e-02, -1.7124e-02,  1.4231e-01,  2.6892e-02,
         -2.0542e-02,  8.7903e-02, -4.7401e-02, -5.7986e-02]], device='cuda:0'))])
end of epoch 1: val_loss 1.558289503984264, val_acc 0.8
trigger times: 0
saving model weights...
Weights: OrderedDict([('fcs.0.weight', tensor([[-1.2458e-01,  1.8612e-02, -9.6042e-02,  ...,  6.5800e-02,
         -1.0907e-01, -2.9689e-03],
        [-1.8844e-02,  1.0731e-01,  7.6266e-02,  ...,  6.4236e-02,
         -2.0689e-02, -5.8495e-02],
        [-2.3398e-01, -6.3740e-04, -5.7546e-04,  ...,  3.3367e-04,
         -3.6227e-02,  4.7556e-04],
        ...,
        [-1.5075e-01, -1.6989e-01, -1.3593e-01,  ..., -1.4356e-01,
          5.9231e-02, -1.6731e-01],
        [ 8.3149e-02,  5.0605e-02, -1.0042e-02,  ...,  3.1304e-04,
         -1.0503e-04, -1.9385e-02],
        [-1.4456e-02,  6.1556e-04,  7.8946e-02,  ...,  2.6733e-01,
          6.0760e-02,  6.5370e-02]], device='cuda:0')), ('fcs.0.bias', tensor([-7.1180e-02,  1.8145e-01,  4.4007e-02,  3.5626e-03, -1.9715e-02,
        -2.9328e-02,  1.6118e-01,  8.3996e-02, -8.9691e-02,  7.1670e-02,
        -1.7675e-01, -3.1928e-02, -1.3575e-01, -1.6171e-01, -3.8065e-02,
        -2.9445e-02, -1.7203e-01, -4.8530e-04,  1.5648e-01, -4.7800e-02,
        -1.6124e-01,  1.1976e-01, -1.2939e-03, -7.6490e-02,  1.8666e-01,
        -5.4218e-02, -5.4068e-02, -1.7764e-01, -8.2664e-02,  2.2256e-03,
        -3.5547e-03,  1.7769e-01,  1.1556e-01, -6.3025e-02,  5.8788e-02,
        -7.4956e-02, -2.1857e-02,  7.7109e-02,  7.4108e-02, -2.8132e-03,
        -1.9492e-02, -4.7506e-03, -5.6962e-02, -7.5141e-03, -7.0768e-02,
         1.7370e-01, -2.6092e-02, -9.3776e-02, -1.1222e-01, -1.4272e-01,
        -5.4005e-02,  1.6056e-03,  5.3536e-05, -4.5787e-04, -1.3653e-01,
         1.2472e-01, -3.0667e-02, -9.9033e-04,  3.4777e-02,  1.6982e-02,
         1.6297e-04, -7.3841e-04,  7.5104e-02,  6.6931e-02,  9.8416e-02,
         2.0019e-02, -6.8077e-02, -6.4156e-02,  1.6201e-01, -1.4560e-01,
         1.1470e-02, -1.3536e-01, -5.9999e-02, -1.3256e-01, -1.2203e-02,
         1.8178e-01,  1.1232e-01, -7.1315e-02,  4.4366e-02,  5.4167e-02,
         1.1840e-01,  6.7095e-02, -1.2299e-02, -1.3479e-02,  1.8818e-02,
         3.6773e-02,  5.8229e-04,  1.5284e-04,  3.7771e-02, -5.8132e-02,
        -7.5284e-02,  6.0915e-02, -2.0738e-01, -2.3072e-03, -2.1561e-01,
         4.6002e-05, -2.1344e-02, -1.9067e-02, -1.6388e-01, -6.6557e-02,
         5.5045e-03,  2.4555e-02, -1.7504e-01,  7.4574e-02,  4.4836e-04,
        -4.1840e-02,  2.3060e-02,  1.8445e-02, -1.5049e-03,  2.3264e-02,
        -1.2477e-01,  6.5020e-02,  1.7323e-02,  1.7059e-02, -5.3448e-02,
         1.8287e-01, -6.9115e-02,  2.1026e-01, -3.3648e-02,  1.4353e-02,
         5.1397e-05, -2.5447e-02, -3.0588e-03, -1.9564e-01, -3.6608e-02,
         2.4876e-02, -7.7180e-02,  3.6345e-02], device='cuda:0')), ('fcs.1.weight', tensor([[-4.1514e-02, -3.2250e-02,  4.3179e-04,  ...,  4.5719e-02,
          8.5783e-04, -4.6883e-02],
        [ 2.2220e-04, -4.0578e-02, -4.9657e-04,  ..., -1.1023e-04,
          1.0931e-03,  1.1336e-03],
        [-5.9269e-04, -1.8948e-03,  2.0740e-04,  ...,  1.4763e-02,
         -1.5408e-03,  8.2292e-02],
        ...,
        [-4.4247e-02, -4.2011e-02, -5.3127e-04,  ..., -6.7550e-02,
          1.7485e-03,  5.9279e-02],
        [ 1.8650e-02,  7.0716e-02, -4.8759e-04,  ...,  8.7041e-02,
          2.3014e-02,  2.5795e-02],
        [-4.7134e-04, -2.6862e-02, -3.0405e-03,  ...,  1.0712e-03,
         -8.8322e-05, -1.5696e-02]], device='cuda:0')), ('fcs.1.bias', tensor([-1.6800e-03, -1.1038e-03, -1.1847e-03,  4.5965e-02,  1.3129e-01,
         2.3623e-04, -1.8083e-02,  1.8171e-03, -1.2868e-01, -3.9944e-02,
         2.1931e-02, -3.1780e-02, -9.4753e-03,  2.5458e-02, -4.0464e-02,
        -5.8508e-02,  2.7380e-02,  3.9651e-02, -1.4362e-02, -1.0700e-01,
        -2.5509e-03, -9.4938e-05,  1.1262e-02, -3.5572e-02,  1.0445e-03,
         1.7085e-02,  5.4976e-02,  1.3083e-01, -3.1858e-04, -6.9187e-02,
        -1.8174e-02, -5.9743e-02,  8.3053e-03, -7.1045e-02, -4.6323e-03,
         2.0330e-02,  4.8303e-03, -4.0551e-02, -6.0892e-02, -3.5969e-03,
         6.6722e-03, -2.8768e-02, -1.2699e-01, -3.3755e-02, -3.2618e-02,
        -1.8892e-02, -4.5522e-02,  3.6490e-02,  3.5109e-03, -1.7756e-02,
         1.5491e-02,  1.2428e-03, -1.9015e-02, -2.3925e-02, -1.9416e-02,
        -1.5301e-04,  1.4131e-02,  3.2749e-02, -3.7029e-02, -1.5717e-03,
        -1.6108e-03,  5.3816e-02,  8.3095e-02, -9.6020e-02], device='cuda:0')), ('fcs.2.weight', tensor([[ 0.0191,  0.0325, -0.0083, -0.0786, -0.0648,  0.0202, -0.0486, -0.0007,
          0.0324, -0.0114, -0.0124,  0.0107, -0.0011, -0.0604, -0.0335, -0.0009,
         -0.0507, -0.0762, -0.0122, -0.0117, -0.0071,  0.0479,  0.0531, -0.0048,
         -0.0013, -0.0299, -0.0083, -0.0313,  0.0172, -0.0449, -0.0347,  0.0001,
         -0.0332,  0.0664,  0.0796, -0.0138,  0.0031,  0.0312, -0.0336, -0.0104,
          0.0104, -0.0102,  0.0185,  0.0556,  0.1030, -0.0279,  0.0153, -0.0348,
          0.0247,  0.0288, -0.0185, -0.0056, -0.0842, -0.0672, -0.0221, -0.0060,
         -0.0115,  0.0224,  0.1132,  0.0171,  0.0191,  0.0156, -0.0270, -0.0473]],
       device='cuda:0'))])
end of epoch 2: val_loss 0.10097633600233706, val_acc 1.0
trigger times: 0
saving model weights...
Weights: OrderedDict([('fcs.0.weight', tensor([[-1.1713e-01,  1.3717e-02, -5.2165e-02,  ...,  4.8859e-02,
         -1.0221e-01, -2.2958e-04],
        [-2.2295e-02,  7.6438e-02,  9.2818e-02,  ...,  5.5912e-02,
         -1.5940e-02, -6.8654e-02],
        [-2.0034e-01,  1.2254e-04,  1.0824e-03,  ...,  1.5245e-04,
         -1.0292e-02,  2.1569e-06],
        ...,
        [-1.4792e-01, -1.6767e-01, -1.0773e-01,  ..., -1.3538e-01,
          4.4934e-02, -1.6527e-01],
        [ 7.0560e-02,  1.1870e-02, -7.5368e-04,  ...,  1.5718e-04,
         -4.0745e-05, -2.5789e-02],
        [-3.2730e-04,  1.2737e-04,  4.8935e-02,  ...,  2.5619e-01,
          4.2216e-02,  5.7102e-02]], device='cuda:0')), ('fcs.0.bias', tensor([-6.4746e-02,  1.7427e-01,  1.9964e-02,  6.6502e-05,  1.6426e-03,
        -9.8378e-03,  9.2070e-02,  6.8692e-02, -6.5357e-02,  4.4807e-02,
        -1.6524e-01, -2.1219e-02, -1.1932e-01, -1.5015e-01, -4.1441e-02,
        -1.6588e-02, -1.6083e-01, -8.6502e-02,  1.1398e-01, -4.2211e-02,
        -1.5250e-01,  1.1708e-01,  5.6246e-04, -3.7540e-02,  1.4630e-01,
        -5.1276e-02, -5.0592e-02, -1.7329e-01, -7.5643e-02, -4.1410e-03,
         1.5262e-03,  1.2508e-01,  9.3174e-02, -5.2150e-02,  5.5142e-02,
        -3.3032e-02, -3.4683e-03,  5.1369e-02,  4.3249e-02,  1.5425e-03,
        -1.1076e-03, -1.0640e-01, -2.5307e-02, -1.9059e-03, -6.7529e-02,
         1.5653e-01, -6.8694e-02, -9.0508e-02, -9.8142e-02, -1.3452e-01,
        -4.1772e-02,  9.6600e-05, -4.5208e-04, -8.9072e-02, -1.1523e-01,
         1.4078e-01, -2.2134e-02, -1.7885e-04, -1.8438e-03, -5.8575e-03,
        -1.1636e-05,  7.7439e-04,  6.3843e-02,  4.6145e-02,  7.8462e-02,
         3.0713e-02, -7.0220e-02, -7.6627e-03,  1.4112e-01, -1.3222e-01,
         1.9767e-02, -1.2366e-01, -4.9603e-02, -1.2243e-01, -8.9739e-03,
         1.5851e-01,  1.5547e-01, -5.4275e-02, -7.7813e-03,  4.2271e-02,
         1.2181e-01,  3.9508e-02, -2.0321e-03,  1.2296e-02, -1.7757e-03,
         1.6614e-02,  7.0836e-05, -4.4154e-04,  2.8520e-02, -5.1292e-02,
         8.3733e-03,  6.9093e-02, -2.0406e-01, -4.9090e-04, -2.0480e-01,
        -5.4378e-02,  2.2046e-03,  8.5868e-04, -1.4159e-01, -2.9695e-02,
         1.2559e-02,  1.9007e-02, -1.5989e-01,  7.2913e-02,  5.8176e-03,
        -6.3737e-02, -1.3659e-02, -1.4592e-02,  2.1987e-05,  1.7074e-02,
        -9.0288e-02,  5.0427e-02,  1.2208e-02, -9.1725e-03, -4.8564e-02,
         1.7344e-01, -6.1008e-02,  2.0428e-01, -3.7245e-02, -4.8896e-03,
         1.0765e-05, -1.9211e-02, -6.5207e-02, -1.7169e-01,  1.3370e-03,
         2.5785e-02, -6.6459e-02,  1.8134e-02], device='cuda:0')), ('fcs.1.weight', tensor([[-2.6436e-02, -1.1194e-02, -5.6522e-05,  ...,  2.5305e-02,
          9.4252e-04, -2.0736e-02],
        [ 1.7015e-03,  2.1147e-03,  6.3174e-05,  ...,  1.0026e-03,
          1.3146e-03, -1.1226e-03],
        [ 5.0528e-04, -3.5517e-03,  3.3675e-05,  ...,  4.8661e-04,
          6.6404e-05,  6.8212e-02],
        ...,
        [-3.4499e-02, -1.0263e-02,  7.1532e-04,  ..., -4.8273e-02,
          1.6921e-03,  1.2653e-02],
        [ 4.8396e-03,  5.6576e-02, -4.5529e-05,  ...,  7.0065e-02,
          6.5750e-03,  2.1282e-02],
        [-3.0154e-04, -1.3004e-03,  1.7693e-04,  ...,  3.4612e-04,
          6.9714e-05, -5.6249e-03]], device='cuda:0')), ('fcs.1.bias', tensor([-2.9431e-04,  1.4328e-04, -1.2820e-02,  6.5804e-02,  1.2649e-01,
        -1.1789e-04, -4.7624e-03,  5.1857e-04, -1.1607e-01,  4.6370e-02,
        -1.9263e-02, -1.6585e-02, -1.2291e-04,  1.9444e-02, -1.7593e-02,
        -5.2821e-02,  8.3766e-04, -5.7779e-02, -8.2358e-03, -9.0786e-02,
         1.8448e-03, -2.5980e-02, -1.3437e-02, -3.0656e-02, -1.4810e-04,
        -2.2554e-02,  1.8528e-02,  1.2626e-01,  7.8727e-04, -2.7069e-02,
         1.6824e-03, -5.0942e-02,  4.3143e-03, -5.4496e-02,  3.1571e-04,
         1.5081e-02,  2.3777e-04, -3.4177e-02, -3.6813e-02, -1.3041e-04,
         1.8050e-03, -3.2053e-02, -1.1884e-01, -2.0509e-02, -2.9190e-02,
        -5.5371e-06,  3.6659e-03,  3.3156e-02, -1.6480e-04, -6.2341e-03,
        -2.9609e-03,  2.5433e-04, -1.1433e-03, -2.2098e-02, -4.3377e-04,
        -6.5214e-03, -1.8839e-02,  7.4949e-03, -1.7875e-02,  1.1511e-03,
         4.5070e-04,  3.3302e-02,  7.9991e-02, -8.9374e-02], device='cuda:0')), ('fcs.2.weight', tensor([[ 1.5305e-02,  2.1905e-02, -1.6332e-03,  1.5500e-02, -3.6062e-02,
          1.8867e-02, -4.1473e-02, -5.2855e-05,  2.7985e-02, -1.4347e-02,
          4.4703e-03,  8.1591e-03,  3.2784e-03, -4.0168e-02, -3.1922e-02,
         -7.5208e-05, -2.2318e-02,  2.2303e-02, -1.0960e-02, -1.0391e-02,
          3.6228e-02,  3.3074e-02,  5.1038e-02,  8.0087e-04, -1.0540e-04,
          3.9472e-03,  3.2623e-03, -5.1274e-03,  1.7864e-02, -4.0638e-02,
         -3.2461e-02,  7.8982e-04,  1.0169e-02,  6.1554e-02,  7.0083e-02,
         -1.1296e-02,  1.3614e-03,  2.6877e-02, -3.4921e-02, -6.5566e-03,
          4.2285e-03,  7.9411e-04,  1.1134e-02,  5.1393e-02,  9.8732e-02,
          2.0736e-02,  6.1718e-03,  2.5550e-03,  5.6995e-03,  4.6727e-03,
         -4.8074e-03, -3.5553e-03, -6.2383e-02, -4.2570e-02, -1.6423e-02,
          2.4562e-02,  1.8100e-02,  8.2994e-03,  1.0672e-01, -2.6562e-02,
         -4.0677e-02,  3.6000e-02,  6.3856e-03, -3.9528e-02]], device='cuda:0'))])
end of epoch 3: val_loss 0.39349342286586764, val_acc 0.8
trigger times: 1
end of epoch 4: val_loss 0.6786215761676374, val_acc 0.8
trigger times: 2
end of epoch 5: val_loss 0.4716026351754408, val_acc 0.8
trigger times: 3
end of epoch 6: val_loss 0.42913146018981224, val_acc 0.6
trigger times: 4
end of epoch 7: val_loss 1.7781067837189766, val_acc 0.8
trigger times: 5
end of epoch 8: val_loss 2.6237863540649413, val_acc 0.6
trigger times: 6
end of epoch 9: val_loss 0.39388165171693573, val_acc 0.8
trigger times: 7
end of epoch 10: val_loss 2.7045872688013333, val_acc 0.8
trigger times: 8
end of epoch 11: val_loss 3.9487556651234628, val_acc 0.8
trigger times: 9
end of epoch 12: val_loss 1.9292634009134417, val_acc 0.8
trigger times: 10
Early stopping.
0 -127.55459114909172 -238.56539389647227
1 -95.0888098180294 -144.5098799638122
2 -70.89130760729313 -85.41926577166943
3 -80.53617841005325 14.989710929193077
4 -66.63670793175697 72.16624272108386
5 -64.30720043182373 96.09581961281374
6 -61.85429163277149 104.00039883786899
7 -63.66556702554226 108.79454915391223
8 -62.15914227068424 116.4198907102986
9 -51.90016966685653 131.40806576766226
train accuracy: 0.95
validation accuracy: 0.8
test accuracy: 0.7334733893557422
