demo lengths 200
demos: (120, 200, 25)
demo_rewards: (120,)
[-238.5653939  -226.82452825 -226.22417315 -208.89755486 -196.98407553
 -194.40174577 -193.75394353 -173.38768743 -172.73844576 -172.58495982
 -148.80630048 -146.54022995 -144.91636018 -144.50987996 -129.52710351
 -119.67891388 -119.53338183 -115.00841352 -113.49466461 -107.45837168
 -105.499371   -101.91049433 -101.6629413   -98.89606861  -95.19099379
  -93.31854914  -85.41926577  -83.18012153  -79.47665069  -77.34308622
  -60.56041622  -58.68833689  -22.79021188  -19.65788927  -16.74518768
  -13.7194023     4.23518987    5.09528062   10.17879679   13.54105579
   14.98971093   21.80202968   31.12027906   40.64550157   40.69898986
   50.09032867   57.29053552   60.51441689   62.58785811   63.47489587
   65.39553199   68.71330703   69.48459209   72.16624272   74.22332021
   79.16074532   80.25553157   87.50520028   90.28646232   90.72533901
   91.52552636   91.95773979   92.9922131    94.14052713   94.28590507
   95.24073533   96.09581961   96.50341248   97.4582029    97.90553231
   98.27346636   98.35872828   98.92550904   99.09003072   99.89253842
  100.07765056  101.35869828  103.56921378  103.74194541  104.00039884
  104.36031384  104.79584302  105.40349711  105.60678193  106.26867976
  106.37916921  106.67969424  106.81132709  107.05410486  107.44441498
  107.68792314  107.72369032  108.58631071  108.79454915  109.15712102
  109.71287331  110.48639228  111.46302588  112.59201368  113.45309909
  114.85996347  115.04838323  115.56466246  115.7702745   116.29805012
  116.38499267  116.41989071  117.08008836  117.29357602  118.29160886
  119.01062501  120.85290512  120.89021502  121.40892075  122.30522808
  129.13346806  129.67718524  129.79664443  130.61780867  131.40806577]
maximum traj length 200
maximum traj length 200
num training_obs 40
num training_labels 40
num val_obs 5
num val_labels 5
num test_obs 7140
num test_labels 7140
ModuleList(
  (0): Linear(in_features=25, out_features=128, bias=True)
  (1): Linear(in_features=128, out_features=64, bias=True)
  (2): Linear(in_features=64, out_features=1, bias=False)
)
Total number of parameters: 11648
Number of trainable paramters: 11648
device: cuda:0
end of epoch 0: val_loss 0.8601668981835247, val_acc 0.6
trigger times: 0
saving model weights...
Weights: OrderedDict([('fcs.0.weight', tensor([[-0.0087, -0.0024, -0.0010,  ...,  0.0034,  0.0681,  0.0031],
        [ 0.0334,  0.0310, -0.1099,  ...,  0.0236,  0.0578,  0.0052],
        [ 0.2042,  0.1083,  0.1683,  ..., -0.0908,  0.1498, -0.0178],
        ...,
        [-0.1595,  0.1145, -0.0399,  ...,  0.1147,  0.0893,  0.0058],
        [ 0.0718,  0.0677,  0.1638,  ..., -0.2407, -0.1274, -0.1398],
        [-0.1527, -0.0915,  0.2711,  ...,  0.0006, -0.0583,  0.1344]],
       device='cuda:0')), ('fcs.0.bias', tensor([ 3.2014e-02, -9.4819e-02,  1.0911e-01,  1.6876e-01, -1.4698e-01,
         1.1633e-01,  7.2803e-03,  1.7519e-01, -8.1473e-03,  1.6418e-01,
        -1.0380e-01, -1.0084e-01, -1.5959e-01,  1.6408e-01, -2.1415e-03,
        -7.8901e-02,  5.5404e-02, -1.0591e-01,  3.7385e-02,  7.6154e-04,
         1.3637e-01, -1.6369e-03, -5.8214e-02, -2.9272e-03, -2.7927e-02,
        -1.7653e-01,  9.5530e-02, -6.8827e-02, -4.4987e-02, -1.7069e-02,
         4.0146e-03, -4.6641e-04,  3.7438e-03,  3.1275e-02,  3.8062e-02,
        -2.5524e-01,  2.6091e-01, -1.6139e-03,  4.5860e-02, -5.5025e-03,
         1.4238e-01,  5.9246e-03,  1.6533e-01, -9.0238e-02,  2.0801e-01,
         1.9622e-01, -3.2675e-02, -3.4351e-02,  1.1997e-01,  5.4963e-02,
        -1.4357e-01, -2.2013e-02, -7.2429e-02,  2.5511e-02, -1.8569e-01,
         6.8091e-03,  1.8678e-01,  7.6085e-02,  5.2044e-02,  2.4564e-04,
        -1.8691e-01,  1.8259e-01,  4.4858e-02, -5.4220e-03,  1.9813e-01,
         7.5914e-02,  8.7502e-02,  1.2657e-01, -1.7430e-01,  2.3813e-01,
        -8.9287e-03,  1.7931e-01, -6.5941e-02,  3.6356e-02, -1.4011e-03,
        -5.5620e-03,  3.4945e-03, -2.1700e-01, -2.0764e-01,  8.0946e-02,
        -6.1732e-02, -1.1659e-01, -2.4946e-01, -6.3012e-03, -4.4585e-02,
         2.0760e-01, -1.0446e-01, -1.2807e-01,  3.5570e-03, -7.5696e-02,
        -1.9877e-01,  4.4253e-02, -9.8180e-02, -6.2860e-04, -4.0421e-02,
        -1.3145e-01, -2.1688e-03, -1.5126e-01, -1.8369e-01,  8.8412e-02,
         1.3959e-01, -5.9021e-03, -1.6870e-03,  1.2642e-01,  1.2762e-01,
        -8.0274e-02, -1.4192e-01, -1.5740e-01,  6.0033e-02, -1.0156e-02,
        -6.0255e-03,  7.4854e-02, -7.1629e-02, -7.0786e-02,  4.7827e-02,
        -4.2379e-02,  2.3556e-01, -2.2872e-01, -4.3932e-03,  6.1104e-02,
        -5.3988e-02,  3.9021e-02,  4.1054e-02, -1.0591e-01, -2.7805e-03,
        -9.9025e-02, -1.1424e-01, -2.2085e-02], device='cuda:0')), ('fcs.1.weight', tensor([[-1.0617e-03, -8.1132e-02, -1.6458e-01,  ..., -8.5403e-02,
          1.0143e-01, -1.2243e-02],
        [ 2.5651e-03,  8.3223e-04,  3.0360e-02,  ...,  1.4166e-01,
          1.5756e-02, -1.2467e-02],
        [-1.1173e-03, -3.3425e-02, -4.2675e-02,  ...,  1.2705e-01,
          1.1499e-01,  9.5331e-02],
        ...,
        [ 4.4648e-03, -6.5323e-02, -1.3502e-01,  ...,  1.5224e-02,
          3.5283e-02, -8.2917e-02],
        [-3.0507e-04, -1.2141e-01,  1.0891e-05,  ..., -6.8119e-02,
          1.4002e-02, -4.5058e-02],
        [ 2.3201e-03, -2.7908e-02, -5.0345e-02,  ..., -2.7696e-03,
          7.0246e-03, -4.8755e-02]], device='cuda:0')), ('fcs.1.bias', tensor([-1.1357e-01,  1.2788e-01,  2.7619e-02, -3.8213e-03,  1.3041e-01,
        -2.1787e-02, -4.0533e-02,  9.3035e-02, -1.4658e-03,  1.3383e-03,
        -2.5637e-03, -2.2118e-03, -6.0541e-02,  1.8367e-02, -4.1543e-02,
        -1.2781e-01,  1.2334e-03,  4.0029e-02,  6.0193e-04, -2.2762e-02,
        -4.6986e-02, -2.1145e-02, -5.3412e-02, -2.1046e-02, -1.6387e-02,
        -3.7799e-02, -2.6515e-02,  4.9130e-04, -1.6406e-02,  2.6804e-02,
        -1.5399e-03, -1.1447e-01,  5.2034e-03, -8.7700e-02,  7.4159e-02,
         4.1456e-02, -1.4441e-02, -1.0291e-01, -2.5311e-03, -3.6328e-02,
        -6.8258e-03,  1.1051e-02, -2.2416e-02,  3.4894e-02, -1.4300e-03,
         3.4124e-02,  1.1817e-01,  1.2346e-01,  5.9897e-02, -2.1632e-03,
         2.2510e-02, -9.0628e-03, -3.2721e-03, -7.0349e-02, -7.2223e-02,
         7.7292e-02, -2.6692e-05, -4.1386e-02, -8.4170e-02, -7.4058e-02,
        -7.1461e-02, -9.4871e-02, -9.2303e-02, -9.9975e-02], device='cuda:0')), ('fcs.2.weight', tensor([[ 3.2162e-02,  3.0521e-02, -4.9635e-02,  3.9447e-03, -1.7242e-02,
         -1.4778e-02, -1.7285e-02, -5.8344e-03,  9.3299e-03, -2.2677e-02,
          3.8027e-02,  3.4853e-02,  6.7678e-03, -1.6351e-04, -2.7079e-03,
          3.8843e-02, -1.1321e-02, -1.7659e-04,  6.3761e-03, -2.5954e-02,
          2.1033e-02,  2.7428e-02, -2.5791e-02, -4.8133e-02,  1.2931e-02,
          4.3815e-02, -1.0604e-02,  1.6006e-02, -3.6809e-02,  9.7859e-03,
         -1.7698e-02,  4.0780e-02,  5.0884e-03, -1.1007e-02, -7.4060e-02,
         -2.2276e-02,  2.4289e-03,  9.6640e-03, -1.6813e-02, -1.5823e-02,
         -1.3037e-02, -6.5240e-03,  2.1705e-02,  3.1704e-02,  1.5263e-03,
          1.2754e-02, -1.2555e-02,  1.9047e-02, -2.2803e-02,  3.2413e-02,
          4.5819e-02,  1.3841e-02, -9.4267e-03, -1.7718e-01, -2.6654e-02,
          5.1290e-03, -3.8535e-02,  3.8957e-02, -6.0968e-02, -3.6298e-02,
         -8.2862e-02,  3.4681e-02,  2.9180e-02, -3.5567e-02]], device='cuda:0'))])
end of epoch 1: val_loss 1.4113205552101136, val_acc 0.8
trigger times: 1
end of epoch 2: val_loss 0.6819263453827944, val_acc 0.8
trigger times: 0
saving model weights...
Weights: OrderedDict([('fcs.0.weight', tensor([[-8.8997e-05, -3.0985e-04,  3.9192e-04,  ..., -2.6476e-05,
          5.7471e-03,  1.4540e-05],
        [-5.8035e-02, -2.7842e-03, -8.7961e-03,  ..., -9.7056e-03,
         -1.0668e-01, -2.5647e-02],
        [ 1.9058e-01,  8.6039e-02,  1.1153e-01,  ..., -1.0242e-01,
          1.2874e-01,  1.6829e-02],
        ...,
        [-6.0858e-02,  7.2339e-02,  1.7998e-03,  ...,  8.1432e-02,
         -3.5179e-03, -1.3236e-03],
        [ 2.9517e-02,  5.3831e-02,  9.9025e-02,  ..., -2.2536e-01,
         -6.8370e-02,  5.5156e-03],
        [-5.5909e-02, -4.9775e-02,  1.7906e-01,  ..., -6.6799e-03,
          4.5733e-03,  1.0874e-01]], device='cuda:0')), ('fcs.0.bias', tensor([ 1.3963e-04, -8.2955e-02,  6.5861e-02,  1.9345e-01, -7.8099e-02,
         1.5160e-01, -1.0148e-01,  9.2188e-02, -2.8598e-02,  1.5875e-01,
        -3.7973e-02, -9.5438e-02, -1.3100e-01,  1.8971e-01,  1.7825e-03,
        -6.7727e-03,  4.3397e-02, -5.6119e-02, -4.8694e-02,  1.4245e-03,
         1.1828e-01, -1.2440e-04, -6.3151e-04,  1.4175e-04, -3.1494e-02,
         1.8580e-02, -7.3697e-04, -6.3085e-02,  4.0457e-03, -9.4268e-05,
        -1.0443e-01,  2.2503e-02,  1.1844e-01, -9.3935e-02,  2.1232e-02,
        -2.0383e-01,  2.3787e-01, -8.0430e-04,  2.5341e-02, -6.6148e-04,
         1.5466e-01, -6.8729e-02,  2.1227e-02, -1.2246e-01,  2.0274e-01,
         2.0317e-01, -7.1904e-02, -1.1250e-01,  8.1717e-02,  1.0192e-03,
        -1.4900e-02, -1.1666e-03, -1.1964e-01, -7.6506e-02, -1.6324e-01,
         9.2830e-02,  1.3656e-01,  6.1296e-02,  1.7951e-02,  9.3232e-02,
        -2.5249e-01,  2.0685e-01, -1.1875e-04, -3.6146e-02,  1.6815e-02,
         1.6061e-02, -6.8599e-02,  1.8059e-01, -1.4766e-01,  1.2218e-01,
         7.0323e-02,  1.2655e-01,  6.8236e-02,  2.3417e-03,  4.3249e-03,
        -5.5992e-02,  9.3753e-02, -2.0444e-01,  2.0645e-02,  8.0379e-02,
         1.3681e-04, -1.0537e-01, -2.1669e-01,  1.2213e-02,  4.3228e-02,
         1.7392e-01,  1.3403e-02, -9.8975e-02,  2.5177e-02, -2.3258e-02,
        -1.4003e-01,  3.1759e-02, -8.7761e-02,  1.3849e-01, -3.2665e-02,
        -1.2521e-01, -2.7509e-03, -6.8351e-02, -1.7564e-01,  2.0038e-02,
         5.2215e-03,  8.4955e-04, -8.3479e-04,  1.0240e-01,  1.7406e-01,
        -5.2307e-02, -4.0026e-02, -1.6171e-01,  8.4074e-02,  5.6225e-02,
         2.2122e-02,  3.0063e-02, -2.0846e-02, -6.1023e-02,  1.4756e-02,
        -4.2858e-02,  1.4913e-01, -2.0589e-01, -1.4873e-01, -7.4919e-02,
        -1.3516e-01,  4.8626e-04, -8.2414e-02,  5.7897e-03, -5.0351e-02,
        -1.7209e-02, -6.6243e-02,  2.7042e-02], device='cuda:0')), ('fcs.1.weight', tensor([[-4.0470e-04, -3.4877e-03, -1.0783e-01,  ..., -2.9050e-02,
          7.7843e-02, -1.1958e-04],
        [ 1.1367e-03,  3.6197e-03,  3.4821e-02,  ...,  8.8884e-02,
          3.0650e-04, -3.0521e-02],
        [ 1.2033e-03,  4.7268e-03, -3.3550e-02,  ...,  3.1010e-03,
          4.3765e-02,  4.3914e-03],
        ...,
        [ 4.8826e-04, -5.5724e-02, -9.2106e-02,  ...,  1.3310e-04,
          1.9000e-02, -4.9916e-02],
        [-9.5998e-04, -3.8947e-02,  4.2940e-07,  ..., -7.9723e-04,
          7.9303e-05,  1.3638e-04],
        [-1.6231e-03, -1.4861e-03,  2.1452e-03,  ...,  4.2828e-04,
          4.1141e-05, -3.3401e-04]], device='cuda:0')), ('fcs.1.bias', tensor([-8.4446e-02,  1.4849e-01,  3.0769e-03, -8.1390e-04,  5.4507e-02,
        -8.0577e-03,  3.0051e-03,  7.2490e-02, -9.0582e-02, -8.8468e-02,
         3.4555e-02,  1.8182e-04, -2.2925e-02, -7.2320e-02, -3.0119e-02,
        -1.1645e-01, -1.0332e-02,  1.1176e-02, -2.1834e-04,  2.6959e-02,
        -2.1473e-04, -2.1582e-04, -2.2964e-02, -7.2893e-03, -1.3749e-04,
        -2.7785e-02, -1.2399e-02,  1.1937e-04,  2.6838e-02, -5.7321e-02,
         8.3492e-03, -2.1332e-02,  1.3578e-04, -4.3382e-02,  7.1677e-02,
         5.0316e-03,  2.4435e-03, -8.3426e-02, -2.9872e-03, -4.0628e-04,
        -5.2914e-03, -7.3773e-02, -2.2626e-04,  3.3697e-02, -1.7613e-05,
        -3.0781e-02,  4.8790e-02, -3.1349e-02, -8.0938e-02,  6.2965e-02,
         1.9372e-02, -3.3755e-03, -4.2069e-05,  8.6198e-04,  2.0285e-03,
         2.2597e-02,  6.3062e-03,  7.1558e-04, -5.5663e-02, -6.5472e-02,
        -5.1632e-02, -8.9265e-02, -4.1456e-02, -8.3456e-02], device='cuda:0')), ('fcs.2.weight', tensor([[ 2.7907e-02,  1.9599e-02, -1.2150e-02,  8.2113e-03,  2.5060e-02,
         -9.4047e-03, -1.2414e-02, -2.2312e-02, -5.5787e-03, -9.9871e-02,
          3.1030e-02,  2.2030e-02,  6.3274e-03, -1.6864e-02,  4.9130e-03,
          1.8062e-02,  1.5858e-02, -1.4778e-02, -1.8707e-03, -1.5193e-02,
          3.2095e-02, -6.9914e-02, -1.6621e-02, -3.9838e-02, -4.5258e-05,
          2.5529e-04,  2.6179e-03,  2.1815e-03, -4.6812e-02,  1.8345e-02,
          4.7990e-03,  1.4355e-02, -2.0210e-02, -3.0991e-03, -1.2193e-01,
          4.9864e-03,  1.2358e-01,  1.9328e-03,  2.7871e-02, -2.6739e-03,
         -1.6185e-02, -3.0600e-02, -1.9136e-05,  8.8820e-03,  1.7735e-02,
         -7.8480e-03, -7.8793e-03, -1.3606e-03,  7.2353e-03,  2.2967e-02,
          4.5686e-02, -4.3905e-02, -2.6564e-02, -1.5848e-01, -8.6853e-03,
          1.9629e-02,  1.4509e-02,  3.8563e-02, -5.9777e-02,  2.9425e-03,
         -8.3290e-02,  3.2215e-02,  2.5576e-02, -3.2569e-02]], device='cuda:0'))])
end of epoch 3: val_loss 0.3063822597061517, val_acc 0.8
trigger times: 0
saving model weights...
Weights: OrderedDict([('fcs.0.weight', tensor([[-1.0306e-04,  1.9316e-04,  2.6763e-04,  ..., -9.9938e-04,
         -7.3647e-04, -1.1177e-03],
        [-6.1314e-02, -1.3908e-02,  4.6791e-03,  ...,  1.2530e-02,
         -1.0342e-01, -5.8949e-02],
        [ 1.8337e-01,  9.1446e-02,  7.0341e-02,  ..., -9.1407e-02,
          1.1856e-01,  1.1308e-02],
        ...,
        [ 1.7474e-03,  4.4449e-02,  3.0800e-04,  ...,  6.0095e-02,
          9.2735e-05,  5.3039e-04],
        [ 2.6162e-03,  4.5381e-02,  5.5840e-02,  ..., -2.1388e-01,
         -2.8379e-02, -8.7906e-05],
        [-4.6608e-02, -4.1785e-02,  1.5013e-01,  ...,  4.3449e-02,
         -7.8846e-03,  2.1434e-02]], device='cuda:0')), ('fcs.0.bias', tensor([ 8.1386e-05, -5.7077e-02,  5.5075e-02,  1.8096e-01, -3.1193e-02,
         1.2872e-01, -6.6199e-02,  1.9626e-02, -1.8672e-02,  1.2822e-01,
        -5.5314e-03, -8.1300e-02, -1.0659e-01,  1.5831e-01,  2.6107e-04,
         6.3587e-04,  3.7022e-02, -4.2176e-02, -4.4145e-02,  1.0152e-03,
         1.0738e-01, -3.7115e-05,  4.0497e-04, -1.8640e-03, -1.3519e-02,
         1.2190e-02,  1.0179e-03, -5.7294e-02,  5.8148e-04,  6.2462e-03,
        -9.4394e-02,  6.5306e-02,  1.2271e-01, -2.3049e-02,  1.0976e-02,
        -1.6835e-01,  1.9711e-01,  9.2976e-05,  1.2497e-02, -1.1300e-03,
         1.3236e-01, -4.7675e-02,  4.8643e-04, -1.1933e-01,  1.9207e-01,
         1.7620e-01, -5.5748e-02, -1.1160e-01,  7.6482e-02, -6.5362e-05,
         1.5733e-03, -3.6748e-03, -1.1815e-01, -3.0718e-02, -1.4653e-01,
         8.8970e-02,  1.2135e-01,  5.1611e-02, -8.4613e-04,  8.0463e-02,
        -2.6797e-01,  1.9106e-01, -3.3897e-05, -2.2527e-02, -1.3800e-02,
         2.3069e-03, -3.5125e-02,  1.5912e-01, -1.2860e-01,  9.5444e-02,
         5.8110e-02,  1.0648e-01,  6.3863e-02, -5.2215e-04, -8.2474e-05,
         9.6241e-03,  8.2333e-02, -1.9422e-01,  1.8824e-03,  3.1130e-02,
         1.6301e-04, -9.6953e-02, -1.9395e-01, -3.7230e-03,  3.5021e-02,
         1.5144e-01,  1.3076e-03, -7.8608e-02,  1.1113e-02,  9.9401e-04,
        -8.7262e-02,  2.4576e-02, -7.0074e-02,  6.3427e-02, -2.6731e-02,
        -1.1955e-01,  4.1259e-04, -1.4151e-02, -1.4685e-01,  1.8133e-03,
         3.4799e-04, -3.4616e-04,  1.1074e-03,  8.1464e-02,  1.5578e-01,
        -3.2760e-02,  1.2824e-03, -1.2395e-01,  7.1959e-02,  4.4371e-02,
         8.3653e-02,  1.5534e-03,  4.9707e-04, -4.2744e-02, -1.0686e-03,
        -2.7983e-02,  1.2090e-01, -1.9116e-01, -1.3454e-01, -2.2214e-02,
        -1.3532e-01,  3.1915e-05, -1.4224e-01, -3.4648e-04, -2.2997e-02,
         6.5397e-04, -3.2746e-02, -3.5463e-03], device='cuda:0')), ('fcs.1.weight', tensor([[ 1.5369e-03, -8.5159e-04, -6.9970e-02,  ...,  3.0424e-03,
          6.1540e-02, -5.7466e-05],
        [ 7.7575e-04,  3.0262e-03,  1.8979e-02,  ...,  5.2854e-02,
         -1.0937e-05, -9.9316e-03],
        [-1.2006e-03,  6.3118e-04, -9.6319e-03,  ...,  1.0324e-03,
         -2.9110e-03,  1.5544e-03],
        ...,
        [-6.0333e-04, -4.7581e-02, -6.3112e-02,  ...,  2.4000e-04,
          8.8255e-03, -2.6863e-02],
        [-2.8459e-04,  1.9060e-03,  2.1969e-05,  ..., -1.1286e-04,
          9.0227e-05, -5.3008e-06],
        [-1.6408e-03, -2.6606e-04, -8.2644e-05,  ...,  4.7772e-04,
          4.1751e-05, -5.5671e-04]], device='cuda:0')), ('fcs.1.bias', tensor([-6.3916e-02,  1.2163e-01, -2.6715e-04,  8.5086e-04,  1.7179e-02,
         6.2447e-04,  4.2929e-04,  5.8103e-02, -8.4874e-02, -9.6378e-02,
         1.8343e-02, -1.9314e-04,  4.9994e-04, -8.4325e-02, -7.7946e-03,
        -1.0812e-01, -7.5209e-04,  1.6463e-03, -2.7515e-05,  6.7086e-02,
         7.4330e-04, -2.7633e-04, -1.3088e-03,  6.3200e-04, -4.4393e-05,
        -1.9849e-02, -2.0509e-03, -3.5189e-05,  1.5990e-02, -3.2782e-02,
         3.7595e-04,  4.5698e-04,  1.1388e-05, -1.3707e-02,  6.1005e-02,
        -5.3163e-04, -1.0324e-02, -6.9558e-02, -3.0681e-03, -6.0385e-04,
        -6.5961e-03, -5.6311e-02, -1.6571e-03,  2.0693e-02, -2.1934e-05,
        -1.5090e-03,  3.5524e-03, -1.4583e-02, -5.8540e-02,  1.8954e-02,
         6.1775e-03, -7.1835e-04, -2.1068e-04,  7.1168e-05,  1.4100e-04,
         5.0570e-04,  4.0434e-03,  9.9845e-03, -2.8322e-02, -5.8986e-02,
        -3.4098e-02, -8.4031e-02, -7.2778e-03, -7.0870e-02], device='cuda:0')), ('fcs.2.weight', tensor([[ 2.5594e-02,  2.2924e-02,  6.7933e-03,  6.5944e-03,  2.1344e-02,
         -6.4571e-03, -1.1476e-02,  2.0904e-02, -3.5772e-03, -9.5746e-02,
          3.4806e-03,  1.4012e-02,  6.8835e-03, -1.3976e-02,  6.2674e-04,
         -2.6267e-03, -9.7439e-07, -3.7760e-02, -1.4602e-03, -2.1467e-03,
          3.3210e-02, -8.2699e-02, -1.2571e-02, -3.5688e-02, -1.1227e-05,
         -5.5615e-04, -4.7407e-04,  3.5655e-04, -3.5793e-02,  1.4608e-02,
          3.7620e-03, -9.9850e-04,  3.2413e-03, -3.4242e-04, -9.5849e-02,
          4.2528e-03,  1.2950e-01,  1.1179e-06,  2.6530e-02, -5.3180e-05,
         -3.3017e-04, -2.9338e-02,  3.2306e-04,  2.3210e-02, -2.0862e-03,
         -7.4063e-03, -9.9481e-03, -4.8919e-05,  8.6166e-03,  1.5330e-02,
          2.4202e-02, -4.2982e-02, -3.2255e-03, -1.4220e-01,  7.2506e-04,
         -3.0587e-03,  7.4567e-05, -6.8888e-02, -5.8242e-02, -2.7456e-04,
         -8.1892e-02,  2.9883e-02,  2.1245e-02, -3.0317e-02]], device='cuda:0'))])
end of epoch 4: val_loss 0.2912832260131822, val_acc 0.8
trigger times: 0
saving model weights...
Weights: OrderedDict([('fcs.0.weight', tensor([[ 1.8758e-05,  6.3459e-04,  2.2277e-04,  ..., -1.3712e-03,
          2.0902e-04,  9.6833e-04],
        [-4.8083e-02, -2.4743e-02,  4.9376e-03,  ...,  1.4512e-02,
         -9.1415e-02, -6.0791e-02],
        [ 1.8702e-01,  8.4646e-02,  5.0023e-02,  ..., -9.3038e-02,
          1.1728e-01,  2.8380e-02],
        ...,
        [ 8.6909e-04,  1.3404e-02, -2.8619e-04,  ...,  3.6172e-02,
          1.4324e-04,  1.2218e-05],
        [ 5.2245e-04,  3.5712e-02,  8.4221e-03,  ..., -2.0100e-01,
          1.5067e-03, -6.5513e-04],
        [ 9.3029e-03, -6.2030e-02,  1.0718e-01,  ...,  4.9089e-02,
         -2.5089e-03, -1.2381e-02]], device='cuda:0')), ('fcs.0.bias', tensor([ 8.9848e-05,  2.9909e-03,  4.5496e-02,  1.5968e-01, -1.7976e-03,
         1.0258e-01, -2.3399e-02, -1.8729e-03, -7.3716e-03,  1.0770e-01,
         1.1737e-03, -6.0684e-02, -7.9264e-02,  1.1619e-01,  5.7170e-04,
        -1.5666e-04,  1.4950e-02, -2.3788e-02, -2.7849e-02,  7.6883e-03,
         9.5021e-02,  2.0153e-04, -1.1478e-03, -1.0524e-03,  9.0570e-04,
         4.2032e-04, -4.8428e-04, -5.0692e-02, -2.3330e-04,  1.0266e-03,
        -6.5719e-02,  2.2297e-02,  1.1565e-01,  1.9201e-03, -4.7087e-04,
        -1.2898e-01,  1.6964e-01,  6.7422e-04, -1.0203e-03, -3.1853e-04,
         1.0569e-01, -1.2849e-02, -2.1201e-05, -9.8642e-02,  1.8241e-01,
         1.3364e-01, -3.2264e-02, -8.5788e-02,  6.7023e-02,  1.5577e-03,
        -1.3161e-04,  1.4219e-02, -7.8362e-02, -6.0948e-04, -1.2768e-01,
         7.1155e-02,  9.7636e-02,  4.0697e-02,  7.4299e-05,  5.8539e-02,
        -2.5509e-01,  1.6509e-01, -1.9905e-04, -9.4545e-03, -5.7672e-03,
         5.0766e-04,  2.3491e-03,  1.2974e-01, -1.0714e-01,  1.0709e-01,
         3.6100e-02,  7.8396e-02,  4.7262e-02,  2.2802e-04,  6.4020e-04,
         3.8500e-04,  5.6982e-02, -1.8261e-01, -1.1092e-01,  8.3242e-04,
         1.8874e-04, -8.7387e-02, -1.6841e-01, -3.5039e-02,  1.6382e-02,
         1.2660e-01, -1.1106e-01, -5.5734e-02, -5.6533e-04, -2.4404e-04,
        -5.2772e-02,  1.6392e-02, -4.1407e-02, -9.2694e-03, -1.9899e-02,
        -1.1310e-01, -1.8216e-04,  1.0277e-03, -1.2486e-01, -3.1972e-04,
        -4.4661e-05,  7.0112e-04,  9.0976e-02,  5.5706e-02,  1.2877e-01,
        -1.0809e-02, -5.3782e-04, -1.0047e-01,  5.9072e-02,  2.6040e-02,
         6.1548e-02,  2.7179e-04, -7.2450e-05, -3.2742e-02,  3.2040e-04,
        -1.1187e-02,  8.4694e-02, -1.7440e-01, -1.0320e-01,  1.5752e-03,
        -1.1557e-01, -1.3026e-05, -1.3335e-01, -1.9981e-04,  2.1009e-03,
         1.9074e-04,  2.6388e-03, -7.8197e-04], device='cuda:0')), ('fcs.1.weight', tensor([[-2.0465e-03, -2.4519e-04, -2.7077e-02,  ..., -1.6748e-04,
          4.3162e-02, -1.5621e-04],
        [-7.9026e-04, -5.8848e-03,  2.3295e-02,  ...,  1.3237e-02,
         -6.3672e-05,  1.4380e-02],
        [-1.2630e-03,  1.9820e-05, -1.8836e-04,  ...,  4.3319e-04,
          3.8798e-04,  1.0636e-03],
        ...,
        [ 1.6752e-04, -3.8470e-02, -2.9820e-02,  ..., -1.0598e-05,
         -6.0803e-04, -9.4197e-04],
        [ 1.7164e-03, -1.8645e-04, -2.3104e-05,  ..., -1.6470e-04,
         -1.2317e-04, -1.7008e-04],
        [ 1.3943e-04, -6.2896e-05, -5.6905e-04,  ...,  5.0645e-04,
         -5.9034e-05,  3.8068e-04]], device='cuda:0')), ('fcs.1.bias', tensor([-4.0868e-02,  8.9528e-02,  1.4522e-04, -7.1180e-04, -1.2809e-04,
         3.1533e-05,  1.8174e-05,  4.3040e-02, -7.1077e-02, -9.4323e-02,
        -1.1489e-03,  1.4346e-04, -5.5377e-04, -6.1543e-02, -1.4466e-05,
        -9.8650e-02,  1.7347e-04, -3.1401e-03,  1.3203e-03,  1.6343e-02,
         3.0564e-03,  5.5580e-04,  5.0593e-05, -1.6319e-05,  1.9859e-04,
        -1.0830e-02, -5.6590e-05,  2.3120e-05,  6.9055e-03,  2.9133e-03,
        -2.8481e-04,  4.0275e-04,  2.7508e-05, -6.3697e-04,  6.4003e-02,
         8.5204e-05, -1.8960e-03, -5.3886e-02, -3.2880e-03, -1.4458e-05,
        -3.2799e-03, -3.3723e-02,  7.0018e-04,  5.9853e-03, -2.5446e-05,
         4.3260e-04,  1.8859e-04, -6.9795e-04, -2.6019e-02, -1.3867e-03,
         5.3582e-04, -6.7086e-02, -1.2584e-04,  1.0297e-04, -3.8733e-04,
         1.2609e-04, -1.6870e-03,  4.5343e-02, -5.9760e-04, -5.1602e-02,
        -1.4363e-02, -7.8064e-02,  2.6349e-04, -5.6627e-02], device='cuda:0')), ('fcs.2.weight', tensor([[ 2.2709e-02,  2.9819e-02, -8.3391e-03,  5.2613e-03,  1.9441e-02,
         -2.7057e-03, -1.0405e-02, -1.2594e-02, -2.5751e-03, -9.1522e-02,
         -9.1645e-03,  1.0730e-03,  1.9796e-02, -1.3327e-02,  4.9746e-05,
          4.7662e-04, -6.2295e-04, -3.3067e-02, -7.8066e-04,  1.2563e-02,
         -8.0118e-03, -8.1014e-02, -6.2820e-03, -2.9025e-02, -6.1747e-06,
         -3.7812e-04, -7.1127e-05, -2.3783e-04, -3.1825e-02,  1.3781e-02,
          4.4186e-03, -6.9565e-05, -1.8128e-02,  3.9538e-03, -1.0788e-01,
         -4.1026e-03,  1.2294e-01, -2.1305e-04,  2.5185e-02, -1.2533e-05,
         -1.3555e-03, -2.8295e-02,  8.8943e-04,  2.7596e-02, -1.2040e-03,
         -6.0035e-03,  2.3525e-02,  1.0477e-05,  7.6264e-03,  2.7074e-02,
         -2.5795e-02, -4.1810e-02, -1.5868e-02, -1.2001e-01, -6.6930e-05,
         -1.4969e-03,  1.9401e-03, -6.8474e-03, -5.6298e-02, -4.5358e-04,
         -8.0220e-02,  2.7496e-02,  1.6574e-02, -2.7613e-02]], device='cuda:0'))])
end of epoch 5: val_loss 0.33386348483927575, val_acc 0.6
trigger times: 1
end of epoch 6: val_loss 0.587165907266899, val_acc 0.8
trigger times: 2
end of epoch 7: val_loss 0.7137226724389606, val_acc 0.8
trigger times: 3
end of epoch 8: val_loss 0.5445041065649547, val_acc 0.8
trigger times: 4
end of epoch 9: val_loss 0.4826936071538512, val_acc 0.8
trigger times: 5
end of epoch 10: val_loss 0.312945131986271, val_acc 0.8
trigger times: 6
end of epoch 11: val_loss 0.4043863831182534, val_acc 0.8
trigger times: 7
end of epoch 12: val_loss 0.37918717861037976, val_acc 0.8
trigger times: 8
end of epoch 13: val_loss 0.5112391322678377, val_acc 0.8
trigger times: 9
end of epoch 14: val_loss 0.3738479781357455, val_acc 0.8
trigger times: 10
Early stopping.
0 -27.930627815425396 -238.56539389647227
1 -14.6889189183712 -144.5098799638122
2 -12.791233539581299 -85.41926577166943
3 -12.124281075240106 14.989710929193077
4 -13.362632116302848 72.16624272108386
5 -13.979747905395925 96.09581961281374
6 -10.672661159886047 104.00039883786899
7 -8.641360778710805 108.79454915391223
8 -10.668961785268039 116.4198907102986
9 -4.375436296206317 131.40806576766226
train accuracy: 0.875
validation accuracy: 0.8
test accuracy: 0.6598039215686274
