demo lengths 200
demos: (10, 200, 25)
demo_rewards: (10,)
[-164.60939173 -110.4021119   -77.71993871  -64.50817745  -50.24769537
   20.55458422   94.64456082  101.87890933  116.73865694  127.79372169]
maximum traj length 200
maximum traj length 200
num training_obs 40
num training_labels 40
num val_obs 5
num val_labels 5
num test_obs 7140
num test_labels 7140
ModuleList(
  (0): Linear(in_features=25, out_features=128, bias=True)
  (1): Linear(in_features=128, out_features=64, bias=True)
  (2): Linear(in_features=64, out_features=1, bias=False)
)
Total number of parameters: 11648
Number of trainable paramters: 11648
device: cuda:0
end of epoch 0: val_loss 0.6406930363737047, val_acc 0.6
trigger times: 0
saving model weights...
Weights: OrderedDict([('fcs.0.weight', tensor([[ 0.0343,  0.0073,  0.0035,  ..., -0.0008, -0.0960,  0.0049],
        [-0.0235,  0.2014,  0.1819,  ...,  0.1234, -0.0298, -0.0004],
        [-0.1435, -0.0326,  0.1737,  ...,  0.1632, -0.0005,  0.0889],
        ...,
        [-0.1611, -0.1701, -0.1528,  ..., -0.1918, -0.0206, -0.0095],
        [ 0.0521,  0.1812, -0.0751,  ...,  0.0025, -0.0352,  0.0031],
        [-0.0103, -0.0286,  0.0590,  ...,  0.2405,  0.0653,  0.1145]],
       device='cuda:0')), ('fcs.0.bias', tensor([-0.1039,  0.1476,  0.1412, -0.0640, -0.1261, -0.0443,  0.2697,  0.0662,
        -0.1386,  0.1279, -0.1652, -0.0291, -0.0073, -0.1544, -0.1062, -0.0701,
        -0.0549,  0.0311,  0.0766,  0.1125, -0.1405,  0.1764, -0.1592, -0.0650,
         0.0778, -0.0865, -0.0758, -0.0405,  0.0056, -0.1620, -0.1019,  0.1582,
        -0.0018, -0.0583,  0.0615,  0.0037, -0.0347,  0.1615,  0.0054, -0.0067,
        -0.0263, -0.0083, -0.0316, -0.0049, -0.0698,  0.0922, -0.0957,  0.1166,
        -0.1790, -0.1458, -0.0847, -0.0797,  0.0154, -0.1756, -0.0516,  0.0441,
        -0.0333, -0.0376,  0.0545, -0.0033,  0.0479,  0.0046, -0.0541, -0.0456,
         0.0992, -0.0021, -0.0562,  0.0146,  0.1128, -0.0818, -0.0841, -0.1092,
        -0.0840, -0.2335, -0.0311,  0.1929,  0.0536, -0.1907, -0.1495,  0.0827,
         0.1322,  0.0244,  0.0271, -0.0545,  0.1671,  0.1613,  0.0049, -0.0376,
         0.1841,  0.0554, -0.1666, -0.0022,  0.0074,  0.0062, -0.2224,  0.0321,
        -0.0915, -0.0919, -0.1410, -0.0006, -0.0408,  0.0374, -0.0125,  0.0762,
        -0.0341, -0.1072, -0.0513,  0.0371,  0.0945,  0.0071, -0.1424,  0.1023,
         0.0243, -0.1297, -0.0477,  0.0450, -0.1663,  0.1236, -0.1798, -0.1558,
        -0.0332,  0.0432, -0.1245, -0.1998, -0.0743, -0.0916, -0.1267,  0.0392],
       device='cuda:0')), ('fcs.1.weight', tensor([[ 0.0098,  0.1255,  0.0341,  ..., -0.0053,  0.0353,  0.0376],
        [-0.0012, -0.0810, -0.0935,  ...,  0.0022,  0.0026,  0.0019],
        [-0.0061, -0.0010, -0.0125,  ..., -0.0388,  0.0712,  0.1033],
        ...,
        [-0.0134, -0.0874, -0.0841,  ...,  0.0169, -0.0482, -0.0309],
        [ 0.0056,  0.0091, -0.0411,  ..., -0.0381,  0.0306, -0.0071],
        [ 0.0165, -0.0028, -0.0088,  ..., -0.1143,  0.1017,  0.0810]],
       device='cuda:0')), ('fcs.1.bias', tensor([-0.0161,  0.0070, -0.0094,  0.0067,  0.1325, -0.0586, -0.0339,  0.0009,
        -0.1382, -0.0591, -0.0775, -0.0627, -0.0459, -0.0648,  0.0076, -0.0529,
         0.0018,  0.0008, -0.0337,  0.0009,  0.0137,  0.1349, -0.0448, -0.0453,
        -0.0137, -0.0063,  0.0959, -0.0026, -0.0785,  0.0014, -0.0023,  0.0073,
         0.0057, -0.0161,  0.1075, -0.1078,  0.0639, -0.0444, -0.0283, -0.0012,
         0.0081,  0.0170, -0.1236, -0.0653,  0.0837, -0.1112, -0.0894, -0.0299,
        -0.1150, -0.0532,  0.0425, -0.0029, -0.0546, -0.0997, -0.0603,  0.0350,
        -0.0262,  0.0014, -0.0943,  0.0143, -0.0032,  0.0080,  0.0133, -0.0279],
       device='cuda:0')), ('fcs.2.weight', tensor([[ 0.0078, -0.0284,  0.0140, -0.0185, -0.0637,  0.0005,  0.0346,  0.0267,
          0.0224, -0.0139, -0.0196, -0.0013, -0.0352, -0.0479, -0.0485, -0.0023,
         -0.0247, -0.0253, -0.0198, -0.0387,  0.0530,  0.0022,  0.0415,  0.0457,
          0.0110, -0.0554,  0.0033, -0.0172,  0.0034, -0.0477, -0.0215,  0.0480,
         -0.0175, -0.0112,  0.0088, -0.0424,  0.0267,  0.0359,  0.0026, -0.0437,
          0.0156, -0.0454,  0.0118,  0.0442,  0.0357,  0.0084,  0.0300,  0.0464,
         -0.0219,  0.0357,  0.0020, -0.0202,  0.0490, -0.0789, -0.0068, -0.0316,
         -0.0616, -0.0014,  0.0164, -0.0037,  0.0481,  0.0056, -0.1069, -0.1234]],
       device='cuda:0'))])
end of epoch 1: val_loss 0.5723804532783106, val_acc 0.6
trigger times: 0
saving model weights...
Weights: OrderedDict([('fcs.0.weight', tensor([[ 1.0322e-02,  7.1978e-04,  3.4762e-04,  ..., -5.9906e-05,
         -7.0742e-02,  6.3646e-04],
        [-2.3124e-02,  1.8109e-01,  1.4139e-01,  ...,  1.0122e-01,
         -1.7189e-02,  6.5105e-03],
        [-1.2196e-01, -2.6393e-02,  1.5635e-01,  ...,  1.6252e-01,
          2.4812e-04,  7.9421e-02],
        ...,
        [-1.1755e-01, -1.5589e-01, -8.5734e-02,  ..., -1.7585e-01,
          2.5772e-03,  6.5590e-04],
        [ 3.8399e-02,  1.3877e-01,  6.2456e-03,  ...,  3.2597e-04,
         -2.4967e-02, -2.6113e-03],
        [-8.3923e-03, -9.7134e-03,  3.2817e-02,  ...,  2.1063e-01,
          5.9795e-02,  1.0871e-01]], device='cuda:0')), ('fcs.0.bias', tensor([-7.9029e-02,  9.8782e-02,  1.1744e-01, -4.9709e-02, -4.2348e-02,
        -3.5724e-02,  2.6089e-01,  4.6752e-02, -2.4830e-02,  7.4264e-02,
        -1.8187e-01, -2.5403e-02,  9.6620e-03, -1.4603e-01, -8.0403e-02,
        -5.5661e-02, -4.9010e-02,  1.5076e-02,  7.4346e-02,  1.0739e-01,
        -1.4174e-01,  1.5318e-01, -6.9732e-02,  1.7668e-03,  6.8924e-02,
        -8.2452e-02, -4.1790e-02, -2.4265e-02, -3.6975e-03, -1.3971e-01,
        -1.1270e-01,  1.4696e-01,  4.9674e-04, -3.4742e-02,  5.3365e-02,
         1.7725e-03, -1.7327e-02,  1.5719e-01, -4.9991e-04,  9.2663e-03,
        -3.8539e-03, -1.9159e-03, -3.3308e-02, -1.3023e-03, -6.2018e-02,
         7.8610e-02, -5.9284e-02,  1.1376e-01, -1.5190e-01, -1.2042e-01,
        -6.8053e-02, -6.3551e-02,  1.8728e-02, -1.0740e-01, -1.4499e-01,
        -1.3434e-02, -2.8464e-02, -1.1961e-02,  3.7577e-02,  8.5398e-05,
         5.2264e-02,  2.2720e-03, -4.8082e-02, -5.1419e-02,  7.9575e-02,
         5.6437e-04,  8.5132e-03,  1.3184e-02,  1.0505e-01, -4.8423e-02,
        -6.5760e-02, -1.0284e-01, -7.3415e-02, -2.2898e-01, -1.6147e-02,
         1.8802e-01,  4.5658e-02, -1.5906e-01, -1.3156e-01,  5.6151e-02,
         1.2755e-01,  1.3941e-02,  1.1448e-02, -4.8538e-02,  1.4868e-01,
         1.3548e-01, -2.3612e-03, -1.6667e-02,  1.8071e-01,  2.1280e-03,
        -1.3924e-01,  5.4801e-04,  5.1357e-03, -6.9200e-02, -2.1455e-01,
         2.7568e-02, -8.1259e-02,  7.8072e-03, -9.7458e-02,  1.0644e-04,
        -2.4849e-02,  1.0780e-02,  1.3289e-03,  6.5493e-02, -4.3192e-02,
        -9.1151e-02,  7.3537e-03,  1.0802e-02,  7.5023e-02, -6.8896e-04,
        -1.2542e-01,  8.6594e-02,  1.9459e-02, -1.1153e-01, -2.5951e-02,
         2.4640e-02, -1.6780e-01,  1.3493e-01, -1.6335e-01, -1.4204e-01,
        -1.6608e-02,  1.0201e-02, -7.8252e-02, -1.6351e-01, -7.1703e-02,
        -5.8829e-02, -1.1540e-01,  3.3881e-02], device='cuda:0')), ('fcs.1.weight', tensor([[-3.2561e-05,  9.7664e-02,  2.0174e-02,  ..., -4.7237e-04,
          2.7002e-02,  3.1008e-02],
        [ 3.5048e-03, -5.5086e-02, -4.6955e-02,  ...,  5.6711e-04,
          2.4019e-03,  5.9447e-04],
        [ 4.8359e-04,  3.1167e-05,  9.8040e-04,  ...,  3.7986e-03,
          5.3014e-02,  9.1080e-02],
        ...,
        [-2.8464e-04, -7.4184e-02, -7.3543e-02,  ...,  9.5235e-04,
         -4.0433e-02, -2.4927e-02],
        [ 5.3370e-04,  4.1693e-03, -3.4198e-02,  ..., -1.9730e-02,
          2.7869e-02, -1.9756e-03],
        [ 7.7455e-06,  5.8976e-04, -2.5376e-04,  ..., -8.8277e-02,
          9.6750e-02,  7.7498e-02]], device='cuda:0')), ('fcs.1.bias', tensor([-4.9351e-03,  5.5232e-04, -3.2671e-04,  1.1495e-02,  1.2952e-01,
        -5.6511e-02, -1.3718e-02,  1.1282e-03, -1.3090e-01, -5.7113e-02,
        -6.5102e-02, -6.2280e-02, -1.2938e-02, -6.5470e-02,  6.3791e-04,
        -3.2784e-02,  7.8497e-04,  4.3156e-04, -2.9732e-02,  8.5785e-04,
        -7.6672e-02,  1.3319e-01, -4.4234e-02, -4.2769e-02,  1.7493e-05,
         2.6884e-04,  4.4640e-02, -1.2929e-03, -7.5813e-02,  8.8119e-04,
         4.2365e-03, -7.1907e-04,  3.1476e-04,  2.0262e-03,  1.0488e-01,
        -1.0709e-01,  5.6588e-02, -4.0599e-02, -2.4224e-02,  6.0731e-05,
        -5.2266e-04, -1.7278e-03, -1.0210e-01, -6.4532e-02,  7.5436e-02,
        -9.3790e-02, -9.2234e-03, -3.5048e-02, -1.0754e-01, -5.1585e-02,
         2.8536e-02, -2.5594e-03, -1.8639e-02, -9.9132e-02, -5.8109e-02,
         5.2022e-02, -2.3915e-02, -1.2267e-03, -7.6795e-02,  2.2206e-03,
        -4.3697e-03,  5.6894e-04,  1.0312e-02, -1.2247e-02], device='cuda:0')), ('fcs.2.weight', tensor([[-0.0124, -0.0171,  0.0153, -0.0020, -0.0757, -0.0008,  0.0091, -0.0240,
         -0.0028, -0.0110, -0.0161, -0.0024, -0.0240, -0.0445, -0.0481,  0.0010,
         -0.0411, -0.0289, -0.0214, -0.0374, -0.0335,  0.0107,  0.0350,  0.0423,
          0.0010, -0.0575, -0.0135, -0.0146,  0.0054, -0.0300, -0.0163,  0.0576,
          0.0042, -0.0108,  0.0209, -0.0381,  0.0274,  0.0310, -0.0007, -0.0426,
          0.0106, -0.0420,  0.0007,  0.0396,  0.0343, -0.0007,  0.0237,  0.0451,
         -0.0205,  0.0311,  0.0036, -0.0240, -0.0072, -0.0769, -0.0053, -0.0093,
         -0.0598,  0.0108,  0.0012,  0.0360, -0.0113,  0.0204, -0.1037, -0.1203]],
       device='cuda:0'))])
end of epoch 2: val_loss 0.3155589861446046, val_acc 0.8
trigger times: 0
saving model weights...
Weights: OrderedDict([('fcs.0.weight', tensor([[-1.5258e-04, -1.9791e-04,  2.9905e-04,  ...,  8.7951e-04,
         -3.6773e-02,  1.1639e-04],
        [-2.1675e-02,  1.5511e-01,  7.1383e-02,  ...,  4.9060e-02,
         -1.3678e-03, -1.7838e-03],
        [-1.0298e-01, -2.0353e-02,  1.2457e-01,  ...,  1.5240e-01,
         -3.0996e-04,  7.0671e-02],
        ...,
        [-8.9811e-02, -1.2850e-01, -8.2836e-03,  ..., -1.4959e-01,
         -7.1003e-03,  1.1740e-03],
        [ 2.3232e-02,  8.2799e-02,  2.1519e-04,  ...,  3.1934e-04,
         -9.0049e-03, -9.9717e-04],
        [-3.6388e-03, -1.0089e-03,  1.5511e-03,  ...,  1.7144e-01,
          5.4718e-02,  8.9141e-02]], device='cuda:0')), ('fcs.0.bias', tensor([-4.5522e-02,  5.7874e-02,  8.8370e-02, -2.9656e-02, -1.4229e-03,
        -2.3610e-02,  2.4347e-01,  3.7024e-02,  8.0526e-04,  5.6707e-02,
        -1.7289e-01, -1.6149e-02, -5.7607e-06, -1.3425e-01, -4.4435e-02,
        -3.4795e-02, -4.3020e-02, -1.2146e-02,  6.2230e-02,  9.2976e-02,
        -1.3426e-01,  1.1975e-01,  2.8630e-03,  1.1422e-03,  9.1843e-02,
        -7.4459e-02,  2.1020e-03, -1.0798e-02,  8.2047e-04, -1.1668e-01,
        -9.8986e-02,  1.2478e-01, -1.7785e-05,  2.8146e-03,  4.6936e-02,
         1.1167e-03,  1.5005e-03,  1.5138e-01,  1.9228e-03, -3.2139e-02,
        -2.5222e-04, -1.7525e-02,  2.4324e-03,  9.6038e-04, -5.2846e-02,
         6.4215e-02, -4.4437e-03,  9.8157e-02, -1.1560e-01, -8.5508e-02,
        -4.4657e-02, -4.1509e-02,  9.2824e-03, -2.2753e-02, -1.2664e-01,
        -2.4649e-03, -2.4747e-02,  3.0846e-04,  1.5828e-02,  8.6884e-05,
         5.9764e-02, -1.0566e-04, -3.8598e-02, -4.8196e-02,  6.5796e-02,
         4.1254e-03, -9.9154e-02, -8.0600e-04,  8.4233e-02, -2.7093e-02,
        -5.1427e-02, -9.4530e-02, -5.8479e-02, -2.2101e-01, -1.4303e-02,
         1.7174e-01,  3.9187e-02, -1.1662e-01, -1.0475e-01,  2.2532e-02,
         1.1642e-01,  8.5765e-03, -5.0439e-04, -3.7446e-02,  1.3342e-01,
         1.1081e-01, -1.6119e-03,  1.1677e-03,  1.7004e-01, -2.9815e-04,
        -8.9059e-02, -7.9970e-06, -4.3368e-04, -5.3181e-02, -1.9611e-01,
         2.0324e-02, -6.5453e-02, -2.7907e-02, -4.1433e-02,  1.5287e-04,
        -9.9714e-03, -3.6775e-04, -3.1311e-05,  5.4303e-02, -3.1053e-02,
        -6.2385e-02, -2.4352e-04, -1.8978e-04,  5.8137e-02,  1.3259e-04,
        -1.0949e-01,  7.5036e-02,  1.4850e-02, -8.6361e-02,  2.4121e-03,
         3.7601e-03, -1.5904e-01,  1.1634e-01, -1.4037e-01, -1.2103e-01,
         1.3970e-03,  7.5676e-04, -1.6908e-02, -1.1564e-01, -6.2831e-02,
        -4.5188e-02, -9.8178e-02,  2.9008e-02], device='cuda:0')), ('fcs.1.weight', tensor([[-2.1111e-04,  5.8328e-02, -2.6054e-03,  ...,  1.8172e-04,
          1.4304e-02,  2.0513e-02],
        [-1.5296e-03, -2.0964e-02,  3.7043e-03,  ..., -5.1456e-04,
          2.3018e-03,  6.6831e-04],
        [-4.9285e-04, -9.5950e-05,  1.6804e-04,  ..., -4.4130e-05,
          2.8085e-02,  7.3915e-02],
        ...,
        [ 3.9147e-04, -5.6995e-02, -6.0148e-02,  ..., -6.2099e-04,
         -2.8600e-02, -1.5137e-02],
        [-1.6696e-04, -3.5473e-04, -2.2803e-02,  ...,  2.1763e-03,
          2.2471e-02, -1.4063e-04],
        [-8.3541e-05, -6.7531e-05, -1.4661e-04,  ..., -5.2870e-02,
          8.8465e-02,  7.0693e-02]], device='cuda:0')), ('fcs.1.bias', tensor([ 2.1171e-04,  5.3816e-06,  9.3712e-05, -5.4942e-05,  1.2377e-01,
        -5.2083e-02, -6.8897e-04, -7.9352e-04, -1.2015e-01, -5.1248e-02,
        -4.4507e-02, -5.9467e-02, -2.4659e-03, -5.7532e-02,  5.6192e-05,
        -5.7583e-03, -5.1721e-04,  1.8468e-04, -2.2121e-02,  7.1982e-04,
        -7.2380e-02,  1.1571e-01, -4.0959e-02, -3.7648e-02, -1.7387e-04,
         6.0010e-04, -3.1769e-03,  1.7114e-04, -7.0094e-02,  9.0368e-04,
         8.4493e-03,  5.4372e-05, -2.8160e-04, -1.4986e-05,  1.0008e-01,
        -1.0447e-01,  4.3136e-02, -3.4266e-02, -1.0028e-03,  3.9574e-02,
         1.4397e-05, -2.5299e-04, -7.3361e-02, -5.9083e-02,  6.3362e-02,
        -6.9629e-02,  3.8176e-03, -2.8480e-02, -9.5642e-02, -4.7203e-02,
         1.2173e-02, -2.5930e-03, -1.1283e-03, -9.6214e-02, -5.0944e-02,
         2.0890e-02, -1.9168e-02,  1.2771e-04, -5.2505e-02, -6.0497e-02,
         3.5142e-03,  1.8356e-04,  7.0453e-03, -5.6793e-04], device='cuda:0')), ('fcs.2.weight', tensor([[-5.3110e-04,  4.6442e-04,  1.4675e-02, -5.2946e-03, -7.2469e-02,
         -8.6063e-05,  7.2683e-03, -2.6479e-02, -2.2048e-04, -1.0315e-02,
         -1.4416e-02, -2.6431e-04, -5.4212e-03, -4.3626e-02, -4.6227e-02,
         -6.2320e-04, -3.8019e-02, -2.7521e-02, -2.0510e-02, -2.7830e-02,
         -3.5357e-02,  4.1602e-03,  3.0616e-02,  4.1003e-02, -3.4025e-04,
         -5.1285e-02, -2.9497e-03, -1.3687e-02,  4.8740e-03, -3.4817e-02,
         -7.4649e-03,  4.5001e-02, -2.3431e-03, -6.2595e-03,  6.2294e-03,
         -3.5320e-02,  8.0817e-03,  2.6869e-02, -1.8829e-04, -2.5588e-02,
          1.4889e-03, -3.6231e-02, -1.9465e-04,  3.5483e-02,  1.9811e-02,
         -4.0604e-05,  1.8905e-02,  4.3881e-02, -1.6327e-02,  2.9051e-02,
          2.9964e-03, -1.9150e-02,  5.5114e-05, -7.6382e-02,  2.0093e-04,
         -5.1176e-03, -5.8104e-02,  5.9573e-03, -1.3132e-04, -2.0337e-02,
         -6.7982e-02,  1.1181e-02, -9.8532e-02, -1.0958e-01]], device='cuda:0'))])
end of epoch 3: val_loss 0.0425651962927077, val_acc 1.0
trigger times: 0
saving model weights...
Weights: OrderedDict([('fcs.0.weight', tensor([[-1.1941e-04, -1.2684e-04,  3.0687e-04,  ..., -2.8301e-04,
          1.8596e-03,  3.8615e-04],
        [ 1.8887e-03,  1.3360e-01,  2.0947e-02,  ...,  2.1228e-02,
         -9.7981e-04, -1.6510e-02],
        [-7.1720e-02, -5.1870e-03,  9.1383e-02,  ...,  1.5145e-01,
          3.2974e-05,  6.0414e-02],
        ...,
        [-5.7423e-02, -9.7332e-02, -2.0358e-04,  ..., -1.1923e-01,
         -1.9981e-02, -8.2232e-04],
        [ 5.5777e-03,  1.9628e-02,  6.7086e-04,  ...,  1.6442e-05,
         -6.5548e-04, -8.0670e-04],
        [ 1.6994e-04,  7.9494e-05,  4.8604e-05,  ...,  1.2592e-01,
          4.8885e-02,  7.3141e-02]], device='cuda:0')), ('fcs.0.bias', tensor([-6.7889e-03,  1.4420e-02,  5.3145e-02, -6.1446e-03, -6.2961e-04,
        -8.7866e-03,  2.2319e-01,  2.4629e-02, -8.2834e-04,  3.7431e-02,
        -1.6089e-01, -5.1105e-03, -4.1563e-05, -1.2031e-01, -7.3976e-04,
        -1.0302e-02, -3.5291e-02, -8.1033e-03,  4.6848e-02,  7.8083e-02,
        -1.2564e-01,  7.2563e-02, -2.4523e-04,  5.1102e-04,  7.1492e-02,
        -6.4062e-02,  7.5435e-04,  1.5028e-03, -1.4437e-03, -9.1568e-02,
        -8.2507e-02,  1.0200e-01, -6.4233e-05,  4.0016e-04,  3.9378e-02,
         4.0423e-02, -7.0005e-05,  1.4529e-01, -4.3100e-04, -9.9672e-03,
         2.1340e-03, -4.4260e-02, -4.7973e-04, -4.3371e-03, -4.2491e-02,
         4.7422e-02, -1.2622e-04,  8.1072e-02, -7.3655e-02, -4.5157e-02,
        -1.7225e-02, -1.5724e-02, -7.7864e-04,  1.4250e-03, -9.5993e-02,
        -3.9212e-03, -1.7842e-02, -5.7507e-05, -2.0993e-03,  1.1677e-04,
         5.3979e-02, -7.2518e-05, -2.7340e-02, -2.8733e-02,  4.9757e-02,
         6.0274e-02, -3.8224e-02,  5.6833e-04,  5.6808e-02, -4.9261e-03,
        -3.2175e-02, -8.4613e-02, -4.0807e-02, -2.1153e-01,  2.0836e-03,
         1.5063e-01,  3.1576e-02, -6.7905e-02, -7.3456e-02,  1.0359e-03,
         1.0190e-01,  2.2169e-03,  6.2334e-06, -2.3815e-02,  9.6707e-02,
         8.2688e-02, -4.6162e-04, -1.4387e-04,  1.5754e-01, -8.7279e-04,
        -2.9218e-02,  4.6501e-05, -1.1407e-03, -2.4486e-03, -1.7446e-01,
         1.1996e-02, -4.6823e-02,  2.5766e-03, -3.3990e-04,  1.9002e-04,
        -1.2566e-03, -5.4402e-05, -1.2820e-04,  4.1224e-02, -1.6271e-02,
        -2.8980e-02,  2.0486e-04, -7.9144e-04,  3.8337e-02, -6.4479e-05,
        -8.8534e-02,  6.4771e-02,  8.9059e-03, -5.6978e-02, -2.3973e-04,
        -9.7276e-04, -1.4834e-01,  9.1744e-02, -1.1347e-01, -9.7164e-02,
         1.3826e-04, -1.7694e-03,  1.8213e-03, -6.0989e-02, -5.3532e-02,
        -2.7212e-02, -7.7826e-02,  2.3418e-02], device='cuda:0')), ('fcs.1.weight', tensor([[ 4.0164e-04,  2.2175e-02, -6.9500e-04,  ..., -2.3351e-04,
         -5.9039e-04,  8.0619e-03],
        [ 7.3015e-04, -1.4970e-03, -1.6606e-05,  ..., -6.4741e-04,
          2.2586e-03,  7.8056e-04],
        [ 4.2529e-04,  5.5464e-05, -1.9449e-04,  ...,  5.6662e-06,
         -8.3011e-04,  5.3715e-02],
        ...,
        [ 4.6441e-05, -4.0948e-02, -3.5665e-02,  ...,  3.9423e-04,
         -1.4631e-02, -3.5087e-03],
        [ 1.6879e-04,  1.7358e-05, -9.7549e-03,  ..., -2.6110e-04,
          1.6036e-02,  2.2489e-06],
        [-1.1152e-04,  1.7375e-04,  6.4209e-05,  ..., -1.2062e-02,
          7.8612e-02,  6.2574e-02]], device='cuda:0')), ('fcs.1.bias', tensor([ 2.0569e-06,  5.6444e-06,  5.8652e-05, -4.7129e-04,  1.1426e-01,
        -4.6783e-02,  1.0421e-02, -5.2393e-03, -1.0741e-01, -4.4218e-02,
        -2.0195e-02, -5.6074e-02,  7.0909e-04, -4.7805e-02, -2.7659e-04,
        -1.4269e-03,  3.2906e-02,  2.3080e-04, -1.3048e-02,  1.6971e-03,
        -6.0834e-02,  9.4872e-02, -3.7012e-02, -3.1525e-02,  3.7126e-02,
        -5.4287e-02,  2.5227e-04,  1.7738e-03, -6.3257e-02,  9.6209e-04,
        -6.7552e-02,  3.5646e-05, -2.8297e-04, -7.4618e-05,  9.4347e-02,
        -1.0131e-01,  2.7200e-02, -2.6719e-02, -2.2321e-04,  3.3803e-02,
        -2.7103e-06, -2.8600e-04, -3.9957e-02, -5.2524e-02,  4.9113e-02,
        -4.1403e-02,  6.7850e-02, -2.0439e-02, -8.1543e-02, -4.1946e-02,
         5.0527e-05,  1.1011e-04, -6.5132e-05, -9.2696e-02, -4.2361e-02,
         5.6959e-04, -1.3364e-02, -2.9166e-03, -2.4142e-02, -1.3735e-02,
        -1.4575e-02, -2.4099e-04,  3.2965e-03,  2.6969e-05], device='cuda:0')), ('fcs.2.weight', tensor([[ 3.1710e-03, -4.6014e-05,  1.3855e-02, -5.2719e-03, -6.6055e-02,
         -6.4665e-05, -1.5622e-02, -1.0708e-03, -1.0055e-03, -9.3605e-03,
         -1.2429e-02,  6.2806e-05, -1.7303e-03, -4.2523e-02, -4.4021e-02,
         -7.6735e-03, -2.8154e-02, -2.4703e-02, -1.9721e-02, -2.6138e-02,
         -3.3290e-02,  2.9107e-03,  2.3279e-02,  3.8802e-02, -2.0704e-02,
         -4.4319e-02,  2.3047e-03, -1.2737e-02,  4.2076e-03, -3.9275e-02,
          7.7212e-02,  3.4395e-02, -2.1647e-03, -4.1764e-04, -6.2506e-04,
         -3.2331e-02,  4.1987e-03,  2.1633e-02, -3.6291e-05,  5.2315e-02,
         -1.5592e-04, -3.0259e-02,  1.2186e-04,  2.9804e-02,  1.4289e-02,
          7.1713e-05, -1.6157e-02,  4.2445e-02, -1.2148e-02,  2.5682e-02,
          2.0431e-03, -1.4598e-02,  1.0461e-02, -7.5733e-02, -6.2429e-05,
         -8.4760e-03, -5.5875e-02,  1.3658e-03, -2.3690e-04, -2.4432e-02,
         -6.6621e-02,  3.1973e-03, -9.3071e-02, -9.8311e-02]], device='cuda:0'))])
end of epoch 4: val_loss 0.1333383956738544, val_acc 1.0
trigger times: 1
end of epoch 5: val_loss 0.6461617990280502, val_acc 0.6
trigger times: 2
end of epoch 6: val_loss 0.06577472286298872, val_acc 1.0
trigger times: 3
end of epoch 7: val_loss 0.5644948719786044, val_acc 0.6
trigger times: 4
end of epoch 8: val_loss 1.344876170158385, val_acc 0.6
trigger times: 5
end of epoch 9: val_loss 0.20685462482505274, val_acc 0.8
trigger times: 6
end of epoch 10: val_loss 0.23532175091088448, val_acc 0.8
trigger times: 7
end of epoch 11: val_loss 0.19227180345914122, val_acc 0.8
trigger times: 8
end of epoch 12: val_loss 0.1102768959171044, val_acc 1.0
trigger times: 9
end of epoch 13: val_loss 0.26580593883990106, val_acc 0.8
trigger times: 10
Early stopping.
0 -23.839672530069947 -164.60939172667727
1 4.88785088743316 -110.40211189959727
2 6.489381762978155 -77.71993870914932
3 5.6810402001137845 -64.50817744738329
4 13.201900647196453 -50.24769537498815
5 8.29511904087849 20.554584219954464
6 10.97177001441014 94.64456081709041
7 17.31479778327048 101.87890933152616
8 12.760256090623443 116.73865693628218
9 23.047227203845978 127.79372168925553
train accuracy: 0.9
validation accuracy: 0.8
test accuracy: 0.5743697478991596
