demo lengths 200
demos: (10, 200, 25)
demo_rewards: (10,)
[-164.60939173 -110.4021119   -77.71993871  -64.50817745  -50.24769537
   20.55458422   94.64456082  101.87890933  116.73865694  127.79372169]
maximum traj length 200
maximum traj length 200
num training_obs 40
num training_labels 40
num val_obs 5
num val_labels 5
num test_obs 7140
num test_labels 7140
ModuleList(
  (0): Linear(in_features=25, out_features=128, bias=True)
  (1): Linear(in_features=128, out_features=64, bias=True)
  (2): Linear(in_features=64, out_features=1, bias=False)
)
Total number of parameters: 11648
Number of trainable paramters: 11648
device: cuda:0
end of epoch 0: val_loss 0.3054641604423523, val_acc 1.0
trigger times: 0
saving model weights...
Weights: OrderedDict([('fcs.0.weight', tensor([[-0.0670,  0.1028, -0.1486,  ...,  0.0166,  0.0648,  0.0059],
        [-0.0327,  0.1876, -0.1059,  ..., -0.0092, -0.1360,  0.0480],
        [ 0.2141,  0.1797,  0.0724,  ...,  0.0271,  0.2620,  0.2493],
        ...,
        [-0.0587, -0.0198,  0.0080,  ..., -0.0122, -0.0692,  0.0017],
        [-0.0140,  0.0216, -0.1910,  ...,  0.0315, -0.1566,  0.0538],
        [-0.1697,  0.0480,  0.0359,  ...,  0.0704, -0.0224, -0.0987]],
       device='cuda:0')), ('fcs.0.bias', tensor([-1.3732e-01, -1.1994e-01,  5.4957e-02, -2.1975e-01, -2.4901e-01,
         2.4767e-02,  5.9172e-02, -5.7248e-03,  1.3927e-01,  6.9326e-03,
         1.0057e-01,  8.1112e-02, -5.3177e-02, -1.2526e-01,  1.6248e-02,
         8.6570e-04, -8.5464e-03,  7.0853e-02,  6.5790e-02,  1.2937e-01,
         1.9014e-02,  8.5876e-02,  7.5753e-02, -3.3104e-02, -3.8546e-02,
        -7.7513e-02, -2.0648e-02,  2.3361e-02,  1.3081e-01,  1.4153e-01,
        -7.7946e-02,  7.5861e-02,  1.1789e-01, -3.2780e-02, -3.9928e-03,
        -8.9127e-02,  6.1114e-03,  1.4188e-01, -3.3750e-02, -3.0295e-02,
        -1.7974e-02,  1.8902e-02, -6.4761e-03,  2.3008e-02,  1.7533e-01,
        -2.4809e-01, -9.2562e-02,  4.5185e-02, -5.6844e-02,  2.1216e-01,
         1.1888e-01, -6.5626e-03, -1.0796e-01, -1.1329e-01, -1.9855e-03,
         8.3915e-02, -3.4446e-02, -1.7627e-01, -1.4026e-01,  4.5671e-02,
         1.2403e-03, -1.1855e-01, -2.2695e-04, -7.1974e-02,  1.7756e-01,
        -7.3515e-03, -2.2352e-01, -1.9206e-03, -2.8187e-02, -3.0544e-02,
        -9.7660e-02,  3.7809e-02, -4.6849e-02, -1.6370e-01, -1.0459e-01,
        -9.8994e-02, -1.0488e-01,  5.9641e-02, -1.4743e-01, -9.6304e-02,
        -4.3302e-02,  1.8430e-01, -1.5180e-01,  2.3370e-01, -1.7197e-01,
        -2.4057e-02, -7.5019e-02,  1.2685e-02,  1.8893e-02, -1.6880e-01,
         5.1365e-02,  2.6561e-01, -8.3079e-02,  5.9828e-02,  1.1265e-01,
         3.5790e-02, -1.9618e-01, -1.1481e-02, -1.8104e-01,  2.4530e-01,
        -8.2118e-02, -5.2308e-02, -1.6087e-01,  1.0337e-02,  3.4910e-03,
         1.8787e-01, -1.8966e-02,  1.1393e-01,  2.1321e-01,  1.5826e-01,
         1.6403e-04,  1.1330e-01,  9.4273e-02,  8.2896e-02,  3.2062e-02,
        -1.8648e-01,  5.8189e-03, -2.1722e-03, -2.6919e-02,  1.6057e-04,
         1.9019e-01, -1.6787e-01,  2.3106e-02,  8.0319e-02, -2.3302e-03,
        -3.6805e-02,  4.0859e-02, -8.7319e-02], device='cuda:0')), ('fcs.1.weight', tensor([[-1.6256e-02,  1.1590e-03,  3.3028e-02,  ...,  3.7832e-04,
          2.0283e-03, -1.0164e-02],
        [-3.3871e-02,  2.5597e-03,  8.7911e-02,  ..., -4.0529e-03,
          4.4415e-02,  4.2751e-02],
        [ 3.9150e-03, -5.7022e-03, -2.0564e-02,  ..., -1.4639e-03,
         -1.8403e-04,  2.9142e-03],
        ...,
        [ 2.1978e-02,  1.5119e-03,  1.2662e-01,  ..., -3.9128e-03,
          2.3630e-03,  9.1320e-02],
        [ 2.8714e-02,  2.3900e-02, -8.6087e-02,  ..., -6.5721e-03,
         -1.0514e-03, -2.1552e-03],
        [ 1.8788e-02, -6.6242e-05, -3.9425e-02,  ...,  4.2438e-03,
          3.2348e-03,  4.7442e-02]], device='cuda:0')), ('fcs.1.bias', tensor([ 4.8212e-03,  1.7633e-02, -2.5930e-02, -5.6975e-02, -2.2226e-02,
        -1.0623e-01,  9.7193e-02, -1.9676e-02, -8.4768e-03, -1.5868e-02,
        -2.7380e-02,  8.8735e-02, -2.8281e-02, -3.3028e-02, -5.6656e-02,
        -6.7294e-03,  1.2831e-02, -5.7325e-02,  4.2447e-02, -3.8676e-02,
        -7.3376e-04,  1.9812e-03,  1.7845e-02, -1.7798e-02, -4.7105e-02,
        -6.2834e-02, -1.1146e-01,  4.1812e-03, -4.0284e-02,  3.7678e-02,
         7.6550e-05, -9.1696e-03, -8.1108e-02, -1.5791e-02,  5.6155e-02,
         5.5974e-02,  8.3778e-03,  7.6710e-02, -1.2724e-02,  6.3291e-02,
        -8.5066e-02, -4.6559e-02, -6.1529e-02, -1.4977e-02,  1.1180e-02,
         8.5438e-02, -3.5450e-02, -7.3899e-02, -3.3657e-02, -8.0085e-02,
        -3.6920e-02, -5.1796e-03,  5.2015e-02,  9.0809e-02, -9.8055e-02,
        -5.8306e-02, -3.6652e-02,  5.2287e-03,  1.0693e-01,  6.5224e-02,
        -6.2554e-02,  5.2093e-02, -1.2520e-02, -3.3325e-02], device='cuda:0')), ('fcs.2.weight', tensor([[ 0.0069,  0.0351,  0.0106, -0.0648,  0.0277, -0.0026, -0.0246,  0.0258,
          0.0381,  0.0054,  0.0395,  0.0099,  0.0091,  0.0147,  0.1185, -0.0056,
          0.0258, -0.0643,  0.0059,  0.0072,  0.0288,  0.0252, -0.0353, -0.0515,
          0.0071,  0.0255, -0.0007,  0.0474,  0.0291, -0.0081, -0.0551, -0.0063,
          0.0103,  0.0208,  0.0375,  0.0308,  0.0430, -0.0526,  0.0145,  0.0069,
         -0.0240,  0.0178, -0.0525,  0.0594, -0.0024,  0.0607, -0.0495, -0.0211,
          0.0132,  0.1011, -0.0427,  0.0144, -0.0219, -0.0205, -0.0079,  0.0059,
          0.0017,  0.0473,  0.0357,  0.0486, -0.0221,  0.0131, -0.0159, -0.0083]],
       device='cuda:0'))])
end of epoch 1: val_loss 3.761338996884285, val_acc 0.6
trigger times: 1
end of epoch 2: val_loss 0.3159148542807088, val_acc 0.8
trigger times: 2
end of epoch 3: val_loss 0.2952594783855602, val_acc 0.8
trigger times: 0
saving model weights...
Weights: OrderedDict([('fcs.0.weight', tensor([[-3.5254e-05, -2.2092e-04, -2.3808e-04,  ...,  7.4271e-04,
          2.6326e-02, -1.8243e-03],
        [ 3.5384e-04, -9.2813e-04, -1.2299e-03,  ..., -2.3617e-04,
          3.0329e-04,  4.4149e-03],
        [ 2.2084e-01,  1.0749e-01, -9.5236e-03,  ..., -5.5650e-03,
          2.0184e-01,  1.3123e-01],
        ...,
        [ 1.6391e-04, -9.8942e-04, -1.2770e-03,  ...,  3.5531e-03,
         -1.2225e-03,  1.1879e-03],
        [-3.6365e-05, -4.6065e-05,  1.6550e-04,  ..., -1.0077e-04,
         -7.7558e-02, -1.0839e-03],
        [-1.7475e-01,  3.5172e-02, -1.0413e-04,  ...,  4.8346e-02,
         -3.0395e-02, -7.0332e-02]], device='cuda:0')), ('fcs.0.bias', tensor([-1.7268e-02,  1.2597e-03,  2.6022e-02, -2.0346e-01, -2.3658e-01,
        -2.6019e-04, -7.6170e-05, -4.0495e-02,  4.8243e-02, -6.3919e-06,
         3.0791e-02,  3.1813e-02, -1.3415e-02, -8.3324e-02, -8.1697e-02,
        -5.1871e-07,  5.3047e-02, -2.6634e-02,  2.9355e-02,  1.4587e-01,
         1.4572e-01,  6.0144e-02,  1.1635e-02, -1.0598e-02, -5.7785e-02,
         9.6568e-04,  5.5555e-05, -1.4463e-03,  8.2635e-02,  3.3539e-02,
        -5.8466e-02, -3.1233e-03,  5.5376e-02, -4.0192e-04, -1.3875e-04,
        -2.1986e-04,  3.0473e-02,  9.4654e-02, -6.2293e-03,  1.5762e-01,
         1.7725e-03, -1.2251e-01, -1.1497e-03,  1.1998e-03,  1.0636e-01,
        -1.2430e-01, -5.9971e-02,  1.9721e-02,  2.9723e-04,  1.2273e-01,
         1.0213e-01, -6.6749e-04, -9.0077e-02, -7.2239e-02, -1.7791e-05,
         7.9360e-02,  1.2645e-01, -1.3385e-01, -1.0845e-01, -3.1142e-04,
         4.9528e-05, -8.9699e-02, -3.0685e-03, -1.1206e-04,  1.5672e-01,
         8.9329e-04, -1.6073e-01, -9.3240e-02, -2.9767e-02, -1.5551e-03,
        -3.4237e-02,  5.1030e-03,  6.6005e-04, -1.3434e-01, -1.0802e-01,
         3.2263e-03, -8.8610e-02, -7.3426e-03, -1.1867e-01, -8.7816e-02,
        -5.1801e-02,  8.9000e-02, -1.8787e-02,  2.4257e-01, -1.0376e-01,
        -5.7562e-05, -4.8807e-02, -3.1683e-02,  1.1609e-01, -1.2806e-01,
         1.3433e-02,  1.8909e-01, -7.6377e-02, -2.5477e-02,  9.0219e-02,
         2.6945e-02, -1.7498e-01, -1.9338e-04, -8.6494e-05,  1.3071e-01,
        -5.6723e-02,  7.5469e-05, -1.5823e-02, -1.0079e-01, -5.5340e-02,
         1.1988e-01,  1.6718e-01,  1.1321e-01,  1.4625e-01,  4.8114e-02,
         1.0133e-01,  9.2867e-03,  2.0692e-02, -2.5029e-04, -8.0424e-02,
        -1.5425e-01,  6.5639e-02,  6.6900e-06, -9.8104e-04, -9.9248e-02,
         2.1941e-01, -1.7805e-01, -1.1837e-04, -7.0768e-04,  1.9003e-06,
        -1.7583e-04,  7.8134e-05, -9.4212e-02], device='cuda:0')), ('fcs.1.weight', tensor([[ 5.5366e-04, -4.2797e-04, -5.2064e-02,  ..., -6.2637e-04,
         -6.8369e-04,  5.6156e-05],
        [-2.5290e-05,  3.8799e-05,  4.6094e-02,  ..., -1.3523e-03,
         -2.4410e-04,  2.6137e-04],
        [ 3.8512e-03, -1.0859e-03,  1.5462e-06,  ...,  1.7311e-04,
         -4.2927e-04, -3.0101e-04],
        ...,
        [ 2.4461e-04,  1.2193e-04,  2.6453e-02,  ..., -2.6788e-03,
         -6.1735e-05,  6.3275e-02],
        [-5.6445e-05, -4.5482e-04, -4.3400e-03,  ..., -5.1908e-04,
         -6.1446e-06,  3.3607e-04],
        [ 1.4411e-03,  1.9158e-03, -3.3529e-02,  ..., -5.2350e-04,
          1.3913e-03,  8.2508e-04]], device='cuda:0')), ('fcs.1.bias', tensor([ 9.7628e-05,  4.3549e-02,  1.7172e-05, -6.5476e-04, -1.9863e-02,
        -5.9655e-02, -4.1562e-03, -5.9727e-04,  4.4906e-02, -1.8926e-02,
        -2.3462e-02,  5.8179e-03, -4.3417e-03,  2.8390e-04, -5.2383e-03,
         2.5780e-05,  1.2072e-05, -5.3927e-02, -3.6498e-02, -2.7994e-02,
         2.7081e-04, -1.2861e-02, -7.7813e-02, -9.9457e-05, -1.0905e-02,
        -4.1314e-02, -1.4489e-02, -8.1762e-02, -1.3436e-03,  4.5086e-03,
        -6.8926e-06, -5.5163e-05, -6.9886e-02, -3.1154e-04,  2.4558e-02,
         1.6423e-02,  2.1525e-04, -3.9733e-02, -1.8556e-04,  1.5582e-02,
        -2.7768e-02, -1.2096e-02, -4.0012e-02,  1.5693e-02, -4.9138e-02,
         1.1871e-01, -3.4169e-02,  3.1232e-03, -1.7470e-02, -7.3517e-02,
        -1.4022e-02,  1.4880e-03,  1.2425e-03, -1.6864e-02, -5.9764e-02,
        -4.0342e-04, -5.3508e-04, -1.4866e-03,  5.2671e-02,  5.1424e-02,
        -3.9181e-02, -8.1886e-03, -1.4923e-05, -2.8953e-02], device='cuda:0')), ('fcs.2.weight', tensor([[ 1.1152e-01,  1.2294e-03, -5.8004e-05, -6.1423e-02,  9.1580e-03,
          9.5068e-05,  1.7797e-03,  9.8617e-04,  4.0988e-02,  5.0575e-02,
          3.5022e-02,  1.3131e-02, -1.6726e-04, -7.9655e-04,  1.1113e-01,
          9.8518e-02, -2.9488e-04, -6.1151e-02, -1.0473e-02,  2.4515e-03,
         -1.2122e-03,  3.5855e-02, -1.1636e-02, -4.0978e-02,  6.4504e-03,
          1.9076e-02, -6.5121e-02,  2.8993e-02,  1.9791e-02,  2.9472e-02,
         -4.2506e-03, -5.5679e-05,  5.7909e-03, -2.7938e-03,  2.3270e-02,
         -4.3246e-03,  2.2163e-02, -1.2944e-02,  9.2933e-03, -1.7608e-02,
         -1.6144e-02,  9.8873e-03, -4.1362e-02,  4.5104e-02, -1.0160e-02,
          5.0070e-02, -1.4635e-03,  3.4770e-02,  1.1107e-02,  9.3221e-02,
          6.5863e-02, -4.3409e-02,  6.6203e-02, -1.7302e-03,  5.2359e-05,
          3.1267e-02,  5.9591e-02,  1.8821e-02,  1.9438e-02,  5.0296e-02,
         -2.0792e-02, -2.8118e-02, -9.4135e-03,  3.3113e-02]], device='cuda:0'))])
end of epoch 4: val_loss 1.3444500219309703, val_acc 0.8
trigger times: 1
end of epoch 5: val_loss 0.5050457455450669, val_acc 0.6
trigger times: 2
end of epoch 6: val_loss 0.28377856878651075, val_acc 0.8
trigger times: 0
saving model weights...
Weights: OrderedDict([('fcs.0.weight', tensor([[-1.8169e-04,  2.3837e-04, -3.4391e-04,  ...,  6.7265e-06,
         -1.2732e-06, -3.0229e-04],
        [ 1.2095e-03,  5.4514e-04, -1.0558e-03,  ...,  2.1163e-03,
         -7.2287e-04, -7.2844e-04],
        [ 1.6030e-01,  6.3017e-02, -1.8609e-03,  ..., -1.0603e-02,
          8.5300e-02,  1.7698e-01],
        ...,
        [ 8.9999e-02, -8.9127e-02, -8.0162e-02,  ..., -4.0132e-02,
          5.8688e-02, -2.1996e-02],
        [-1.8307e-04,  8.4248e-05,  2.0795e-04,  ...,  8.9318e-05,
         -2.0867e-04, -1.0216e-04],
        [-1.2370e-01,  1.4680e-02, -1.0052e-02,  ...,  1.9069e-02,
         -6.7915e-03, -3.0480e-02]], device='cuda:0')), ('fcs.0.bias', tensor([-1.9293e-04, -2.9201e-04,  7.7617e-03, -1.6474e-01, -2.0933e-01,
         1.2349e-03, -3.1232e-03, -4.0984e-04,  9.2190e-03, -3.7490e-05,
         6.8366e-05, -2.1105e-04,  3.0621e-04,  2.0933e-03, -2.4777e-02,
        -6.9184e-06,  2.1458e-02,  1.4842e-02,  1.0460e-04,  1.2440e-01,
         5.9955e-02,  2.1138e-02, -5.9364e-06,  9.1593e-06,  6.4059e-04,
        -6.8548e-05,  8.0723e-05, -2.5048e-03,  7.4976e-03, -2.3870e-03,
        -1.9933e-02, -1.7293e-03, -8.4932e-05, -2.6054e-04, -2.8355e-04,
        -9.0055e-04, -6.2658e-03,  4.2385e-02,  5.2119e-05,  1.7618e-02,
        -5.0796e-04, -6.1795e-02,  8.2313e-06,  2.0931e-04,  5.8130e-02,
         8.7775e-04, -1.6234e-02, -2.3518e-04,  3.2142e-04,  2.5241e-02,
         7.9586e-02, -2.9280e-05, -6.0462e-02, -2.4233e-02, -5.5754e-05,
         6.9449e-02, -6.2292e-02, -6.8655e-02, -6.9899e-03,  5.9173e-02,
         6.8453e-05, -4.2954e-02,  1.8739e-02, -2.7490e-04,  1.3169e-01,
        -1.3581e-03, -7.2400e-02, -5.9796e-02,  4.9676e-04,  1.2460e-03,
         4.4528e-02,  7.9112e-04, -1.8282e-04, -8.5415e-02, -3.5938e-03,
         4.0263e-04, -6.1888e-02, -2.0495e-04, -4.1649e-02, -6.5020e-02,
         9.3236e-04,  2.2219e-02, -2.7057e-04,  2.0473e-01, -1.1834e-01,
         3.2195e-04, -1.3305e-03,  1.1201e-04,  2.2540e-04, -6.5696e-02,
        -2.1848e-04,  1.1116e-01, -5.8785e-02, -1.0330e-02,  6.0080e-02,
         1.7382e-02, -1.3469e-01, -2.7247e-04,  3.8822e-02,  3.3721e-02,
        -1.4372e-02,  3.7082e-04, -8.4550e-05,  2.5223e-03, -7.3915e-03,
         5.9871e-02,  8.2748e-02,  9.7206e-02,  6.9771e-02,  1.0914e-04,
         4.4890e-03, -1.3410e-04, -8.3693e-03,  8.0555e-04, -1.2109e-02,
        -7.2481e-02,  5.0673e-02, -3.5486e-04,  9.9736e-05, -5.5541e-02,
         1.4679e-01, -1.6795e-01, -2.5995e-04, -4.5613e-04,  1.1191e-05,
         5.9773e-02,  2.1911e-05, -2.1122e-02], device='cuda:0')), ('fcs.1.weight', tensor([[-3.5092e-04,  1.0921e-03, -1.5055e-02,  ..., -3.7813e-03,
          1.0608e-03, -3.9105e-05],
        [-3.7280e-04, -1.7234e-03,  9.7722e-04,  ...,  1.2478e-02,
          6.0159e-04, -2.0528e-04],
        [ 3.7098e-02,  1.8377e-03, -7.9664e-03,  ...,  7.3639e-04,
         -1.9019e-03,  1.1165e-02],
        ...,
        [-8.6265e-05,  1.7457e-04,  5.9424e-03,  ...,  1.1705e-03,
         -4.1528e-04,  2.8118e-02],
        [-8.4273e-05, -6.3146e-04, -2.9625e-04,  ..., -5.6833e-04,
          7.3340e-04, -2.0505e-05],
        [-2.6878e-02,  1.6700e-03,  5.1013e-03,  ...,  7.6468e-02,
          5.7285e-04,  2.7209e-03]], device='cuda:0')), ('fcs.1.bias', tensor([-1.0316e-03,  2.0342e-03,  2.1618e-02, -9.4170e-02, -1.6453e-04,
        -7.3432e-05, -3.2304e-05,  4.7083e-04,  3.6320e-03,  2.5877e-05,
        -1.3467e-02,  1.4624e-05, -8.2288e-02,  2.7005e-04,  5.7983e-06,
        -2.8695e-02, -1.0196e-03, -4.4808e-02, -4.4018e-03, -7.7228e-03,
         3.3339e-02, -2.7451e-04, -6.6907e-05, -1.1260e-04,  7.1252e-05,
        -6.1203e-03,  1.3128e-05,  4.7632e-04, -1.6085e-02, -5.9206e-03,
         1.1467e-04, -3.3467e-05, -4.8451e-02, -7.4161e-05, -5.8998e-05,
        -8.1082e-03, -2.5797e-02,  1.6279e-02,  1.2383e-04, -6.9660e-03,
        -3.2575e-02, -1.9951e-03, -6.0066e-03,  5.2077e-03, -1.1471e-04,
         8.2028e-02,  2.4534e-03,  4.8298e-04, -1.7070e-05, -6.1199e-02,
         1.5350e-05, -4.6388e-02, -8.7514e-02,  4.4177e-04, -1.0438e-03,
        -9.2398e-02, -2.0052e-02, -3.3963e-04, -1.4360e-03,  4.6974e-02,
        -6.7579e-04, -1.7144e-05, -3.4894e-05, -7.0461e-03], device='cuda:0')), ('fcs.2.weight', tensor([[ 1.0877e-01,  2.9030e-03, -1.7914e-03, -2.3211e-02,  4.0906e-05,
          7.1789e-04, -1.4543e-04,  1.2192e-03,  6.2828e-02,  4.1818e-02,
          3.1428e-02, -5.7639e-04, -1.1903e-01, -2.3545e-03,  9.4490e-02,
          7.9239e-02, -7.5945e-02, -5.7297e-02, -7.7452e-03, -8.7111e-06,
         -5.0348e-02,  3.2530e-02, -8.1799e-03, -2.0585e-02,  2.9671e-03,
          9.3223e-03, -3.5522e-02,  3.9893e-03, -1.1881e-03,  2.7125e-02,
          2.9130e-04,  1.1173e-03,  2.3911e-03,  8.4933e-05,  2.3639e-02,
         -8.2351e-04,  3.1818e-02, -1.5908e-02,  4.1399e-03, -3.1041e-03,
          2.0710e-02,  5.0735e-04, -2.0328e-02,  7.3048e-02, -7.0471e-03,
          7.5946e-02,  7.1852e-03,  1.3979e-02,  6.3638e-03,  7.7163e-02,
          6.1911e-02,  3.9306e-02,  5.8057e-02, -1.2278e-03, -8.0308e-05,
          2.7145e-02,  1.8515e-02,  4.7667e-03,  7.5398e-03,  4.7467e-02,
         -1.5646e-02, -2.5558e-02, -9.3425e-05,  2.4614e-02]], device='cuda:0'))])
end of epoch 7: val_loss 0.34003809690391334, val_acc 0.8
trigger times: 1
end of epoch 8: val_loss 0.4954126845872452, val_acc 0.8
trigger times: 2
end of epoch 9: val_loss 0.3398061884863637, val_acc 0.8
trigger times: 3
end of epoch 10: val_loss 0.9001945489842911, val_acc 0.6
trigger times: 4
end of epoch 11: val_loss 0.32149429571872473, val_acc 0.8
trigger times: 5
end of epoch 12: val_loss 0.3816743471659706, val_acc 0.8
trigger times: 6
end of epoch 13: val_loss 0.2928252685815096, val_acc 0.8
trigger times: 7
end of epoch 14: val_loss 2.7696460723876952, val_acc 0.6
trigger times: 8
end of epoch 15: val_loss 1.5795292131718952, val_acc 0.8
trigger times: 9
end of epoch 16: val_loss 1.936447811126709, val_acc 0.6
trigger times: 10
Early stopping.
0 11.479274407029152 -164.60939172667727
1 99.84510371088982 -110.40211189959727
2 120.64369857311249 -77.71993870914932
3 113.95787858963013 -64.50817744738329
4 119.67156082391739 -50.24769537498815
5 117.69983261823654 20.554584219954464
6 135.28518986701965 94.64456081709041
7 150.2205866575241 101.87890933152616
8 146.87419909238815 116.73865693628218
9 148.76373100280762 127.79372168925553
train accuracy: 0.9
validation accuracy: 0.6
test accuracy: 0.5855742296918768
