demo lengths 200
demos: (10, 200, 25)
demo_rewards: (10,)
[-164.60939173 -110.4021119   -77.71993871  -64.50817745  -50.24769537
   20.55458422   94.64456082  101.87890933  116.73865694  127.79372169]
maximum traj length 200
maximum traj length 200
num training_obs 40
num training_labels 40
num val_obs 5
num val_labels 5
num test_obs 7140
num test_labels 7140
ModuleList(
  (0): Linear(in_features=25, out_features=128, bias=True)
  (1): Linear(in_features=128, out_features=64, bias=True)
  (2): Linear(in_features=64, out_features=1, bias=False)
)
Total number of parameters: 11648
Number of trainable paramters: 11648
device: cuda:0
end of epoch 0: val_loss 0.13722957624140691, val_acc 1.0
trigger times: 0
saving model weights...
Weights: OrderedDict([('fcs.0.weight', tensor([[-0.0298, -0.0055, -0.0014,  ..., -0.0033,  0.0489, -0.0036],
        [ 0.0914,  0.0304, -0.0587,  ..., -0.0400,  0.0835,  0.0058],
        [ 0.0191,  0.0699,  0.0227,  ..., -0.0426, -0.0091, -0.0637],
        ...,
        [-0.1722,  0.0782, -0.0226,  ...,  0.1614,  0.0869,  0.0343],
        [ 0.1582, -0.0111,  0.1084,  ..., -0.1430, -0.0285, -0.1058],
        [-0.1271, -0.0798,  0.1218,  ..., -0.0136,  0.0107, -0.0146]],
       device='cuda:0')), ('fcs.0.bias', tensor([ 0.0133, -0.0955, -0.0398,  0.1069, -0.1665,  0.0608, -0.0528,  0.2834,
        -0.0305,  0.1769, -0.1316, -0.1289, -0.1283,  0.0730,  0.0045, -0.0027,
         0.0801, -0.1533, -0.0272, -0.0025,  0.1661, -0.0141, -0.0865, -0.0192,
         0.1842, -0.1495,  0.1151,  0.0100,  0.0153,  0.0047,  0.0237, -0.1020,
        -0.0083, -0.0112,  0.0068, -0.0769,  0.2025, -0.0036, -0.0152, -0.0294,
         0.2359,  0.0963,  0.1833, -0.2064,  0.0794,  0.2253, -0.0094, -0.0645,
         0.2398,  0.0885, -0.1005, -0.0465, -0.1049,  0.0540, -0.1917, -0.1625,
         0.1953,  0.1760,  0.1582, -0.0050, -0.2314,  0.1867,  0.0595,  0.0630,
         0.0853, -0.0511, -0.0295, -0.0525, -0.1846,  0.0720,  0.0281,  0.0571,
        -0.1088, -0.0342, -0.0020, -0.0287, -0.0259, -0.1907, -0.1906,  0.1116,
        -0.0834, -0.1349, -0.2385,  0.0043, -0.0491,  0.1029, -0.1906, -0.0363,
         0.0469, -0.0320, -0.1728,  0.0377, -0.0871, -0.0790, -0.0314, -0.0052,
        -0.0191, -0.0214, -0.2131,  0.0625, -0.0272,  0.1649,  0.0357,  0.1979,
         0.0054, -0.0935, -0.1027, -0.1893,  0.0597,  0.0201, -0.0643,  0.0183,
        -0.0034, -0.0879,  0.0087, -0.0050,  0.0665, -0.2331, -0.1767, -0.0249,
        -0.1267,  0.0033, -0.0847, -0.1370, -0.0438, -0.1188, -0.0003,  0.0143],
       device='cuda:0')), ('fcs.1.weight', tensor([[-0.0775, -0.0073, -0.0044,  ..., -0.1366,  0.0409, -0.0770],
        [-0.0658, -0.0024, -0.0039,  ...,  0.0002, -0.0494, -0.0975],
        [ 0.0088, -0.0585, -0.0004,  ...,  0.0855,  0.0322, -0.0332],
        ...,
        [-0.0751,  0.0028, -0.0007,  ..., -0.0012,  0.0294, -0.0951],
        [ 0.0534, -0.1149,  0.0061,  ..., -0.0010, -0.0021, -0.0104],
        [ 0.0482,  0.0003, -0.0087,  ..., -0.0069,  0.0181,  0.0286]],
       device='cuda:0')), ('fcs.1.bias', tensor([ 0.0193,  0.0196,  0.0287,  0.0197,  0.1416, -0.0276,  0.0059,  0.0447,
        -0.0882,  0.0312,  0.0311,  0.0954,  0.0450,  0.0387, -0.0233, -0.1283,
        -0.0136, -0.0127, -0.0117, -0.0325,  0.0030, -0.0441,  0.0716, -0.0249,
        -0.0026, -0.0819, -0.0121, -0.0274, -0.0817,  0.0420, -0.0413, -0.0963,
        -0.1089,  0.0168,  0.0757,  0.0020, -0.0595,  0.0210,  0.0067,  0.0417,
        -0.0157, -0.0575, -0.1241, -0.0109, -0.0018,  0.0864,  0.0059,  0.0214,
         0.0029, -0.1310, -0.0396,  0.0270,  0.0078, -0.0993,  0.0051,  0.0128,
        -0.0696, -0.0660,  0.0433, -0.0144, -0.0427,  0.0449, -0.1074,  0.0256],
       device='cuda:0')), ('fcs.2.weight', tensor([[ 0.0223, -0.0169, -0.0147,  0.0096,  0.0359, -0.0476,  0.0074,  0.0189,
         -0.0957, -0.0453, -0.0490,  0.0144,  0.0421, -0.0629, -0.0023,  0.0431,
         -0.0010, -0.0210, -0.0428, -0.0303,  0.0398,  0.0307, -0.0158,  0.0303,
         -0.0383,  0.0419, -0.0341,  0.0063, -0.0269, -0.0050, -0.0172,  0.0050,
         -0.0237, -0.0168, -0.0949, -0.0002,  0.0170, -0.0584,  0.0064, -0.1542,
         -0.0745, -0.0517,  0.0327,  0.0622, -0.0359,  0.0912, -0.0127,  0.0241,
         -0.0165,  0.0455,  0.0299,  0.0624, -0.0073, -0.0448,  0.0474, -0.0102,
          0.0318, -0.0426, -0.0033, -0.0617, -0.0064,  0.0260,  0.0030, -0.0147]],
       device='cuda:0'))])
end of epoch 1: val_loss 0.6588358799868729, val_acc 0.6
trigger times: 1
end of epoch 2: val_loss 0.19857233893708326, val_acc 1.0
trigger times: 2
end of epoch 3: val_loss 0.12177229739027098, val_acc 1.0
trigger times: 0
saving model weights...
Weights: OrderedDict([('fcs.0.weight', tensor([[ 4.7735e-05,  5.0399e-04, -6.9708e-04,  ...,  3.6312e-04,
         -3.7004e-04, -7.7780e-04],
        [ 8.7059e-02,  2.9291e-02, -1.1267e-04,  ..., -2.7908e-03,
          3.8016e-02,  4.4747e-03],
        [-1.1758e-04, -1.1838e-04,  3.9613e-05,  ...,  2.4107e-04,
         -1.0501e-04, -3.0502e-02],
        ...,
        [-1.5746e-01,  6.6182e-03,  1.4858e-05,  ...,  8.3965e-02,
          4.2563e-02,  1.7849e-05],
        [ 1.3197e-01, -7.4505e-03, -2.3157e-04,  ..., -8.4216e-02,
          1.7851e-03, -7.6769e-02],
        [-6.2577e-02, -6.7494e-02,  5.2658e-02,  ..., -7.7611e-03,
          9.6397e-03, -3.4094e-02]], device='cuda:0')), ('fcs.0.bias', tensor([ 1.6338e-04, -5.6858e-02,  4.0319e-04,  5.5019e-02, -1.3161e-01,
         6.1615e-02,  3.9446e-02,  1.6587e-01, -1.5450e-03,  1.3475e-01,
        -7.3487e-02, -9.2926e-02, -1.2750e-01, -7.8434e-04,  3.1010e-05,
        -9.1639e-03,  1.6370e-03, -1.6583e-01,  6.9579e-04,  1.2572e-01,
         9.1096e-02, -1.3101e-04, -4.7655e-02, -2.7655e-04,  1.0972e-01,
        -1.7755e-01,  7.3869e-02,  1.2278e-03, -3.5918e-03, -1.7253e-03,
        -1.4559e-04, -3.5943e-02,  2.5541e-04,  2.9741e-03, -6.6295e-05,
        -2.4541e-02,  8.7370e-02, -3.9093e-06,  3.9860e-04, -7.4197e-05,
         1.9304e-01,  5.2839e-02,  1.8340e-01, -1.8293e-01,  5.0232e-02,
         1.0092e-01,  1.9610e-02, -4.7415e-02,  1.3853e-01,  1.0200e-01,
        -1.1362e-01,  3.1087e-03, -1.4460e-01,  1.2696e-04, -1.4651e-01,
        -8.9636e-02,  1.2644e-01,  1.2890e-01,  2.6053e-02,  6.1583e-05,
        -1.8042e-01,  1.2760e-01,  1.2962e-01, -5.6165e-04,  2.3001e-04,
        -5.7928e-02,  1.4104e-03, -1.2345e-02, -1.4332e-01,  4.4030e-02,
         4.2929e-04,  4.6428e-02, -6.0346e-02, -3.9327e-04, -2.3748e-03,
        -4.3214e-04,  3.1157e-03, -2.1753e-01, -1.7782e-01,  2.6492e-02,
         7.9906e-05, -5.8868e-02, -2.2609e-01, -8.7707e-03, -6.7501e-04,
         5.8122e-02, -6.7576e-03, -7.0412e-02, -4.6719e-02, -4.0642e-02,
        -2.5213e-03, -5.8695e-04,  1.1906e-03, -5.8822e-02, -8.2518e-03,
        -7.6073e-02,  2.7806e-05,  9.0329e-04, -1.6412e-01,  3.4037e-04,
        -1.8330e-04, -4.9285e-03, -5.0258e-05,  1.1263e-01, -9.1317e-05,
         5.0631e-04, -7.3671e-02, -1.0079e-01,  1.9869e-05, -1.0327e-01,
        -8.0176e-02, -1.3020e-04, -3.6087e-02, -5.5523e-02, -1.0881e-04,
        -1.3416e-01,  2.6604e-03, -9.2795e-02, -1.5016e-04, -3.3569e-04,
        -6.3702e-02, -1.6234e-05, -5.5765e-02, -1.8518e-02, -3.5362e-04,
        -1.0720e-01,  1.0280e-02,  8.2258e-03], device='cuda:0')), ('fcs.1.weight', tensor([[-6.1267e-04, -2.2459e-02, -3.1817e-04,  ..., -9.2986e-02,
          1.8618e-02, -6.4503e-02],
        [ 1.7978e-04,  8.6860e-05,  1.4986e-03,  ..., -3.0756e-05,
         -5.3173e-04, -1.6959e-02],
        [-1.3972e-03, -1.0807e-01, -1.4128e-03,  ...,  6.0305e-05,
         -3.4493e-05, -1.4807e-04],
        ...,
        [-1.0970e-04,  1.7184e-03,  1.7882e-04,  ..., -6.6654e-06,
          4.9222e-03, -3.3058e-02],
        [-6.8654e-04,  1.9605e-04, -4.8976e-04,  ...,  3.4807e-04,
         -1.3514e-04,  1.0478e-05],
        [-2.8987e-04, -1.2040e-03,  1.9793e-03,  ..., -1.5118e-05,
         -1.2561e-04, -5.0012e-04]], device='cuda:0')), ('fcs.1.bias', tensor([-2.0557e-04,  1.1635e-04, -3.4972e-02,  2.7455e-04,  1.1379e-01,
        -4.2819e-03, -1.0103e-01,  2.4662e-03, -7.1346e-02, -4.8406e-04,
         3.0478e-03,  8.3072e-02,  1.3766e-02,  1.9213e-02,  2.9841e-04,
        -1.1211e-01, -1.8629e-04, -4.1664e-03,  2.2726e-04, -1.3402e-03,
        -5.2969e-02, -9.5262e-03,  3.8112e-02,  3.1396e-05,  2.8676e-02,
        -6.4657e-02, -1.1828e-04,  5.3564e-04, -3.7696e-02, -5.3028e-03,
         5.9497e-04, -5.6453e-02, -7.8399e-02, -3.5608e-02,  5.7772e-02,
        -1.1775e-01, -3.5998e-02,  3.7185e-02, -4.7972e-05,  2.9826e-03,
         9.9524e-03, -2.7957e-04, -9.7862e-02, -3.5471e-06,  1.1211e-04,
         7.9344e-02,  7.4857e-05, -3.5856e-05,  6.6634e-02, -8.9865e-02,
        -3.9621e-04,  1.2682e-04, -5.5199e-02, -8.2435e-02,  1.4471e-03,
        -9.9746e-05, -1.1859e-01, -1.2106e-01, -7.2220e-02, -4.5189e-03,
        -1.4292e-04, -1.0026e-04, -2.6943e-02,  6.0154e-04], device='cuda:0')), ('fcs.2.weight', tensor([[ 1.0256e-02, -1.2207e-02, -1.0556e-01,  1.7768e-04, -1.2456e-03,
         -4.0394e-02, -2.2160e-02, -6.2377e-04, -9.3961e-02,  2.8608e-02,
          4.5411e-02,  1.2967e-02,  1.4734e-02, -2.0394e-02,  4.2089e-02,
          1.6622e-02, -4.2303e-04, -1.0262e-02, -1.5492e-02, -1.8473e-02,
         -1.2477e-02, -1.5092e-05, -8.3407e-03,  6.8818e-03,  1.2059e-02,
          8.8708e-03, -2.0894e-02,  6.8436e-05, -2.9608e-02, -1.5651e-02,
         -2.8339e-03, -1.2453e-04, -1.6797e-03, -1.8003e-02, -4.4233e-02,
          8.5890e-02,  1.1778e-02, -2.2921e-02,  1.7997e-03, -1.6221e-01,
         -5.6860e-02, -3.1006e-02, -1.2420e-03,  2.3854e-02, -9.4186e-04,
          3.3453e-02, -4.7510e-05,  4.9423e-03,  1.1174e-02, -4.0983e-04,
          1.9882e-04,  1.7226e-02, -8.9158e-03,  4.3687e-04, -7.3265e-05,
         -1.0497e-03, -8.0771e-04, -3.3019e-02,  4.1478e-02, -6.3844e-02,
          1.5472e-02, -4.6413e-03,  2.8369e-05, -2.0801e-02]], device='cuda:0'))])
end of epoch 4: val_loss 0.1611130984209012, val_acc 0.8
trigger times: 1
end of epoch 5: val_loss 0.11155892590431904, val_acc 1.0
trigger times: 0
saving model weights...
Weights: OrderedDict([('fcs.0.weight', tensor([[ 1.3700e-04,  1.6243e-03, -8.7022e-04,  ...,  5.5483e-06,
         -2.6801e-04, -8.4282e-04],
        [ 5.3528e-02,  1.6310e-02,  1.6507e-04,  ..., -5.5598e-04,
         -8.2715e-04, -1.0863e-03],
        [ 3.3247e-04, -1.1219e-04,  5.9501e-05,  ...,  2.2372e-04,
         -5.0235e-08,  1.2283e-03],
        ...,
        [-1.2777e-01,  4.0652e-05,  2.1047e-04,  ...,  1.6846e-02,
          1.6285e-02, -8.1226e-06],
        [ 8.2830e-02, -1.1662e-03, -1.8283e-03,  ..., -3.7261e-02,
         -1.4745e-04, -2.5944e-02],
        [-2.3461e-02, -5.2387e-02, -5.6936e-04,  ..., -8.8788e-03,
          3.6326e-05, -1.6298e-02]], device='cuda:0')), ('fcs.0.bias', tensor([ 9.6733e-06, -1.6691e-02, -1.2065e-04,  3.2161e-02, -9.2132e-02,
         3.6947e-03, -1.4598e-03,  1.0030e-01,  7.3053e-05,  7.8034e-02,
        -1.8319e-02, -5.3717e-02, -7.8687e-02, -4.0080e-05,  6.8258e-04,
         7.6065e-06, -5.5182e-05, -1.3759e-01, -7.7514e-05, -5.2952e-03,
         7.2908e-02,  1.1545e-04, -9.7348e-03,  3.4385e-05,  7.2028e-02,
        -1.4723e-01,  1.8414e-02, -2.1515e-04, -1.4398e-04, -1.7320e-03,
        -1.4834e-05,  9.1266e-04,  4.7843e-04,  2.2115e-03, -2.1418e-06,
         3.3498e-04, -1.2765e-02, -1.7134e-04,  5.5239e-05,  8.4726e-04,
         1.2047e-01, -3.9187e-04,  1.4372e-01, -1.5375e-01,  2.6145e-02,
         2.4682e-02, -7.4831e-05, -2.7959e-02,  8.3194e-02,  6.9311e-02,
        -7.1132e-02,  1.3817e-03, -1.0089e-01,  2.0295e-04, -1.0324e-01,
        -2.1420e-02,  8.2336e-02,  8.3511e-02, -1.1989e-03,  2.6899e-04,
        -1.4451e-01,  8.3043e-02,  8.4285e-02,  5.1878e-05, -2.2016e-04,
        -1.4305e-02, -1.3936e-04, -1.4322e-04, -1.0240e-01,  1.8824e-02,
        -2.1973e-05,  1.7604e-02, -1.1888e-02,  9.7111e-04, -4.3322e-04,
        -1.4616e-03,  1.4176e-04, -1.9956e-01, -1.5864e-01,  8.0816e-05,
        -3.1328e-04,  1.1156e-03, -2.1262e-01, -1.5736e-04, -2.8483e-04,
         2.2398e-02,  2.5943e-04, -3.7635e-02, -5.7558e-03, -1.5246e-02,
         7.4695e-04, -2.1540e-05,  1.9192e-03, -5.0733e-02, -6.9733e-05,
        -4.8758e-02, -1.7323e-04, -2.4673e-04, -1.1645e-01, -1.9381e-03,
         2.5364e-04,  2.8142e-04, -7.1691e-05,  9.3347e-02, -1.1358e-04,
         1.1667e-04, -4.2688e-02, -1.7526e-02,  2.8036e-05, -6.1699e-02,
         5.3029e-04,  3.6144e-06, -9.4054e-03, -2.1628e-02, -5.7906e-04,
        -1.1111e-01, -5.0986e-05, -1.7894e-03, -1.7904e-03, -6.2374e-04,
        -4.3965e-02,  4.3607e-05, -2.4593e-02,  9.3034e-05, -6.1750e-04,
        -8.0263e-02,  1.1660e-04,  5.4351e-04], device='cuda:0')), ('fcs.1.weight', tensor([[ 3.7955e-05, -6.6754e-04,  1.2816e-04,  ..., -5.1475e-02,
         -1.2677e-04, -3.4160e-02],
        [-4.2532e-05,  1.9923e-03,  1.6356e-03,  ..., -4.6601e-05,
          9.2799e-04,  1.7810e-04],
        [-1.3471e-03, -6.3393e-02,  1.3197e-03,  ..., -3.6075e-04,
         -4.6250e-05,  1.0177e-04],
        ...,
        [-3.4951e-04, -1.0565e-04, -1.5476e-04,  ..., -3.7973e-05,
          1.2813e-05, -1.1953e-03],
        [-9.3272e-05,  1.9073e-05, -5.2397e-04,  ...,  1.0854e-03,
         -1.0061e-05, -1.6664e-04],
        [ 1.6219e-05, -2.0553e-03,  2.3795e-03,  ...,  4.4679e-04,
          3.7593e-04,  2.2408e-04]], device='cuda:0')), ('fcs.1.bias', tensor([-4.6901e-05, -1.5831e-04, -7.3248e-04,  4.7334e-04,  8.6250e-02,
         1.8099e-02, -2.0245e-02,  1.1044e-04, -5.7271e-02, -2.8111e-05,
        -2.5682e-04,  7.0252e-02,  4.3825e-05, -1.1212e-03,  2.3087e-03,
        -9.5472e-02, -2.2931e-04,  3.5267e-04,  5.8215e-05, -1.2733e-03,
        -2.2661e-02, -7.7196e-05,  2.0147e-02, -4.4358e-05,  1.6779e-04,
        -4.6991e-02, -1.1226e-02, -6.9405e-05,  1.4751e-03, -1.3915e-04,
         3.5196e-05, -1.7876e-02, -4.8349e-02,  3.3270e-04,  4.2986e-02,
         4.6695e-03, -1.2122e-02,  6.6341e-03, -5.9451e-04, -3.2294e-06,
         3.8092e-03, -2.9249e-03, -7.1786e-02, -3.3025e-05,  1.4743e-04,
         7.1300e-02,  9.8855e-05,  1.3619e-05,  3.5422e-03, -5.0084e-02,
        -4.8024e-05,  5.4087e-05,  2.2592e-03, -6.5184e-02,  9.0017e-05,
         7.5785e-05, -9.2314e-02, -8.0649e-03, -3.8923e-02, -3.5924e-05,
         2.9619e-05, -1.1118e-05,  5.9911e-05, -2.8090e-03], device='cuda:0')), ('fcs.2.weight', tensor([[ 1.7814e-02, -6.8834e-03, -1.0260e-01,  4.3605e-03,  8.5370e-03,
         -2.9773e-02, -2.0282e-02,  2.7364e-05, -8.8945e-02,  2.5912e-02,
          4.3449e-02,  1.7786e-02,  2.7799e-02, -3.3126e-02,  3.7066e-02,
         -1.2805e-04,  2.0439e-05, -8.7503e-03, -1.4081e-02,  2.5626e-02,
         -1.0653e-02, -3.3449e-04, -9.7497e-03, -6.0178e-05, -3.3255e-03,
          1.7536e-04, -5.8819e-03,  8.8825e-05, -2.4554e-02, -1.2645e-02,
          3.5173e-03,  5.9677e-05,  6.2788e-04, -1.5945e-02, -6.3678e-02,
          7.9404e-02,  6.2632e-03, -4.0504e-02,  2.0465e-04, -1.5795e-01,
         -9.8311e-02, -1.3224e-02, -7.7564e-05,  4.0781e-02, -2.9232e-05,
          4.7486e-02,  8.8954e-05, -6.0869e-05,  1.0112e-02,  7.2253e-04,
         -2.4116e-04,  2.6382e-02, -5.8333e-03,  1.5198e-04,  3.8369e-04,
         -7.7223e-07, -1.7777e-05, -3.0077e-02,  4.0109e-02, -6.1719e-02,
          1.5367e-02,  4.1860e-03, -4.2164e-07, -1.9150e-02]], device='cuda:0'))])
end of epoch 6: val_loss 0.2359205509419553, val_acc 0.8
trigger times: 1
end of epoch 7: val_loss 0.23958071564047714, val_acc 0.8
trigger times: 2
end of epoch 8: val_loss 0.567773553560255, val_acc 0.6
trigger times: 3
end of epoch 9: val_loss 0.2238957915134961, val_acc 0.8
trigger times: 4
end of epoch 10: val_loss 0.09738031905143316, val_acc 1.0
trigger times: 0
saving model weights...
Weights: OrderedDict([('fcs.0.weight', tensor([[ 1.5074e-04, -1.0422e-03,  2.0601e-04,  ..., -8.7701e-04,
          3.4302e-04,  3.4327e-04],
        [-1.3354e-02, -2.0550e-02, -2.0870e-02,  ..., -2.6864e-02,
         -3.1513e-02, -1.2814e-02],
        [ 9.2804e-05, -4.8277e-04, -5.3410e-04,  ...,  9.2449e-04,
          7.2160e-05,  7.8719e-05],
        ...,
        [-3.3031e-02,  4.5829e-06, -2.3727e-04,  ...,  3.5917e-05,
         -1.5483e-04,  6.8290e-05],
        [-3.0490e-02, -1.9328e-02, -3.8962e-02,  ..., -6.6308e-03,
         -3.8275e-02, -3.1391e-02],
        [ 9.7168e-03, -2.1763e-02, -2.8674e-02,  ..., -1.8782e-02,
          1.9496e-02, -3.6624e-02]], device='cuda:0')), ('fcs.0.bias', tensor([-2.2402e-04, -3.2087e-02, -5.3257e-05,  1.5907e-05,  4.0232e-04,
        -1.8900e-03,  2.6368e-04,  1.3145e-01,  2.1128e-04,  7.5672e-03,
         7.7510e-05, -1.1443e-02,  4.6079e-05,  1.4511e-04, -1.7834e-03,
         9.6291e-05,  2.3383e-05, -5.4949e-02, -3.5815e-04,  5.2691e-04,
         1.5033e-02, -1.8073e-04, -1.4798e-05, -7.5783e-04,  1.3571e-01,
        -5.0001e-02,  8.9992e-03,  1.2640e-04, -1.0607e-03,  4.9379e-04,
         1.0387e-04, -7.1700e-05, -3.7024e-04,  5.7559e-02,  2.6478e-04,
        -4.6494e-02,  8.0087e-04,  1.1849e-04, -2.5816e-01,  6.7494e-02,
        -1.7011e-02,  2.6616e-03,  3.0830e-02, -6.0368e-02, -6.7470e-05,
         2.8434e-02,  1.1016e-03, -5.4539e-03,  1.0343e-01, -2.9850e-02,
         1.2852e-01,  1.9284e-02,  2.7274e-04, -1.3610e-04,  4.4813e-05,
         9.3837e-05,  1.7696e-04,  2.3955e-02,  1.0389e-04,  5.4764e-04,
        -2.7555e-02, -3.2926e-02, -1.4850e-02,  6.6530e-04,  2.3366e-06,
         1.0751e-04, -1.0336e-03, -2.6953e-04,  2.4063e-04, -1.2911e-05,
         1.2359e-02, -1.1937e-04,  7.5499e-05, -5.4025e-03, -2.6021e-04,
        -1.5406e-01,  5.3784e-05, -1.4081e-01, -9.5855e-02, -4.9600e-04,
         6.4936e-04,  8.6380e-05, -1.6822e-01, -6.5372e-04,  2.4443e-02,
         2.3475e-04,  1.0281e-03,  3.0558e-04, -8.2215e-04,  7.5104e-03,
         7.1878e-05,  4.3851e-05,  3.8932e-02, -1.7304e-02, -3.6930e-04,
         5.3832e-02, -6.4999e-02,  3.1112e-05, -2.8647e-04, -3.0214e-04,
         3.1517e-04, -2.4730e-03, -5.5722e-04,  3.1817e-03, -2.1417e-04,
        -6.2616e-06,  4.0279e-03, -8.0167e-05,  7.2933e-04, -7.8949e-04,
         6.4094e-04,  5.1630e-06, -8.1679e-05, -9.8607e-02,  8.5393e-02,
        -3.6640e-02,  1.6593e-04,  7.2210e-05,  5.7108e-04,  3.5829e-04,
        -5.3877e-02,  2.2816e-04, -1.1276e-04,  2.5772e-04, -1.4498e-04,
         6.5052e-04, -4.2921e-02,  1.8056e-02], device='cuda:0')), ('fcs.1.weight', tensor([[-2.6185e-04, -1.9406e-04,  8.1981e-05,  ...,  1.3980e-04,
         -2.5543e-05, -1.9436e-04],
        [-9.1698e-05, -1.5757e-03,  2.1142e-03,  ...,  2.8473e-04,
         -3.0383e-04,  1.5798e-04],
        [ 5.6515e-04, -1.1410e-01,  1.0255e-03,  ..., -5.0911e-04,
         -8.3723e-04, -9.8295e-02],
        ...,
        [-3.3486e-04,  3.5620e-04, -1.6575e-03,  ...,  2.4086e-07,
         -1.6276e-04, -1.6500e-04],
        [ 2.5242e-04,  1.5935e-04, -9.2299e-04,  ...,  1.2245e-03,
          4.4122e-04, -5.1487e-05],
        [ 4.0986e-04,  2.0087e-03,  8.4898e-04,  ...,  5.1931e-05,
          1.3500e-04,  5.2088e-04]], device='cuda:0')), ('fcs.1.bias', tensor([ 3.9526e-05, -4.3193e-04, -1.7477e-01,  2.0080e-03,  2.9358e-03,
        -7.5325e-02,  5.2901e-03,  7.4662e-05,  2.4991e-02,  7.4099e-02,
        -2.2015e-02,  2.8133e-02,  7.8322e-03, -3.4082e-05,  9.0959e-03,
        -4.1092e-02,  4.6332e-03,  1.2986e-02,  1.0616e-04, -1.2846e-01,
        -4.4873e-05, -9.4050e-02, -8.5019e-06,  2.9559e-04, -5.7508e-04,
        -6.6218e-04,  2.9152e-05,  2.8364e-06,  1.8717e-02, -2.7333e-02,
         2.5796e-06, -3.2818e-04, -4.0285e-04, -3.5679e-02,  2.0199e-02,
        -9.7759e-02,  5.1898e-05, -3.6764e-02,  9.9714e-04,  4.0483e-02,
         5.2894e-02,  1.3012e-03,  3.0026e-04,  5.2629e-02, -4.3033e-04,
         6.3809e-02,  7.7805e-04,  4.1068e-05,  3.2604e-04, -1.0924e-01,
        -5.9444e-02, -1.4951e-03, -5.5411e-04, -8.9135e-03,  3.8020e-02,
        -3.9295e-05, -5.8506e-03,  7.7393e-02, -2.4186e-02,  1.5363e-03,
         9.0416e-03, -7.6143e-05, -1.7304e-04, -5.5833e-02], device='cuda:0')), ('fcs.2.weight', tensor([[ 9.6869e-03, -1.1853e-03, -9.2813e-02,  2.3209e-03,  3.3722e-03,
         -6.6622e-02, -1.4075e-02,  1.5839e-04, -7.4280e-02,  3.4505e-03,
          3.6406e-02,  1.5379e-03,  1.2899e-02, -6.0155e-03, -2.6299e-02,
          3.8752e-06,  5.1736e-02,  1.1259e-02,  1.5024e-02, -3.1870e-03,
         -5.4128e-03, -1.2326e-02, -2.5542e-06,  6.1223e-04,  2.6138e-04,
          5.8485e-02, -3.9358e-02,  9.2443e-04,  2.5482e-02,  4.7221e-02,
         -7.1935e-06,  1.3527e-03, -1.6666e-04,  3.1988e-02, -4.9053e-02,
         -9.1800e-02,  5.8999e-05, -2.0187e-02,  8.1924e-04, -9.1609e-02,
         -1.4744e-01,  4.8321e-02,  1.6151e-02,  4.2106e-02, -4.0423e-03,
          4.4983e-02, -2.9430e-02,  7.4897e-05,  1.6980e-05,  2.0119e-01,
         -3.1762e-02,  1.3379e-02, -2.0484e-06, -8.7622e-05,  7.3211e-02,
         -2.4399e-05,  4.1953e-06,  2.6780e-02,  3.4486e-02, -1.2865e-02,
          7.7108e-03,  3.5993e-03, -6.3528e-05,  8.2415e-03]], device='cuda:0'))])
end of epoch 11: val_loss 0.925894133746624, val_acc 0.6
trigger times: 1
end of epoch 12: val_loss 0.7019440225849394, val_acc 0.8
trigger times: 2
end of epoch 13: val_loss 0.6043609142303467, val_acc 0.6
trigger times: 3
end of epoch 14: val_loss 1.9875550270080566, val_acc 0.6
trigger times: 4
end of epoch 15: val_loss 9.27041711807251, val_acc 0.6
trigger times: 5
end of epoch 16: val_loss 9.138046518428018, val_acc 0.8
trigger times: 6
end of epoch 17: val_loss 6.00292272567749, val_acc 0.6
trigger times: 7
end of epoch 18: val_loss 4.575040750962216, val_acc 0.8
trigger times: 8
end of epoch 19: val_loss 2.394428825378418, val_acc 0.8
trigger times: 9
end of epoch 20: val_loss 2.633410763655411, val_acc 0.8
trigger times: 10
Early stopping.
0 -413.15192806720734 -164.60939172667727
1 -361.692032456398 -110.40211189959727
2 -315.8676850795746 -77.71993870914932
3 -329.0347148180008 -64.50817744738329
4 -321.10575449466705 -50.24769537498815
5 -305.4274619817734 20.554584219954464
6 -266.62184089422226 94.64456081709041
7 -263.37546530365944 101.87890933152616
8 -268.9511111974716 116.73865693628218
9 -257.27150785923004 127.79372168925553
train accuracy: 0.925
validation accuracy: 0.8
test accuracy: 0.5546218487394958
