demo lengths 200
demos: (120, 200, 4)
demo_rewards: (120,)
[-191.10004521 -189.05007017 -187.50220085 -180.24009179 -171.96137924
 -169.38170168 -167.87631268 -164.27567046 -163.76742237 -156.07868959
 -155.22804552 -145.29002069 -142.8665728  -142.75441848 -136.98962801
 -132.4813577  -130.98347157 -118.24362226 -117.38411415 -116.97382686
 -115.06704102 -112.47832646 -103.24187681  -99.7422753   -98.18526662
  -88.94674758  -85.88346862  -79.38307722  -79.25112655  -73.50697856
  -72.69803192  -71.37326168  -68.27187815  -65.42298163  -65.35816021
  -49.31867416  -17.32544162   -4.37451128   -0.4258659     9.10814675
   17.73263018   40.64550157   41.11774839   48.64917674   52.5026004
   52.54502853   59.52827492   63.45606317   66.31570759   67.13050508
   72.16624272   79.16074532   84.19837606   89.30707154   90.26988507
   90.28646232   90.32667007   91.18021498   92.38187518   92.67153902
   93.69474939   93.8611286    95.24073533   95.36301018   96.09581961
   97.90553231   98.07644231   98.35872828   98.5733471    98.77895391
   99.10163704   99.47183808  101.36707045  102.70820969  103.61971442
  104.00039884  104.94014609  105.28448326  105.60678193  106.95774051
  107.03525723  107.05410486  107.36477417  107.72369032  107.78006758
  107.99397436  108.08910889  108.09776529  108.24033507  109.15712102
  109.71287331  110.25063891  110.45880856  110.48639228  111.92877272
  112.2946742   112.73910566  112.98274531  113.8461648   114.8461224
  115.08707834  115.41025719  115.56466246  115.87882503  116.51927592
  116.69939038  117.18809855  117.29357602  117.43241924  119.84073496
  122.74776107  124.10172315  124.42382576  124.4817957   125.25908938
  125.30457668  125.43458549  129.13346806  129.67718524  131.40806577]
maximum traj length 200
num training_obs 1593
num training_labels 1593
num val_obs 177
num val_labels 177
cpu
end of epoch 0: val_loss 0.014812132189935344, val_acc 1.0
trigger times: 0
saving model weights...
Weights: OrderedDict([('fc1.weight', tensor([[ 0.0427, -0.2189,  0.1529, -0.0275]]))])
end of epoch 1: val_loss 0.023070480173021272, val_acc 0.9943502824858758
trigger times: 1
end of epoch 2: val_loss 0.01897672741759505, val_acc 1.0
trigger times: 2
end of epoch 3: val_loss 0.027645227684240443, val_acc 0.9943502824858758
trigger times: 3
end of epoch 4: val_loss 0.006614582232149321, val_acc 1.0
trigger times: 0
saving model weights...
Weights: OrderedDict([('fc1.weight', tensor([[ 0.0283, -0.3355,  0.1779, -0.1700]]))])
end of epoch 5: val_loss 0.026210462901699535, val_acc 0.9943502824858758
trigger times: 1
end of epoch 6: val_loss 0.027546654015215524, val_acc 1.0
trigger times: 2
end of epoch 7: val_loss 0.019361480832832956, val_acc 0.9943502824858758
trigger times: 3
end of epoch 8: val_loss 0.025751536432253842, val_acc 0.9943502824858758
trigger times: 4
end of epoch 9: val_loss 0.03976834916360033, val_acc 0.9943502824858758
trigger times: 5
end of epoch 10: val_loss 0.02763299691686732, val_acc 1.0
trigger times: 6
end of epoch 11: val_loss 0.018392207174675775, val_acc 0.9943502824858758
trigger times: 7
end of epoch 12: val_loss 0.010300288955056835, val_acc 1.0
trigger times: 8
end of epoch 13: val_loss 0.020909141816749133, val_acc 0.9943502824858758
trigger times: 9
end of epoch 14: val_loss 0.025884335789808036, val_acc 1.0
trigger times: 10
Early stopping.
0 -26.503675527870655 -191.10004520678868
1 -22.8963096216321 -189.05007017278314
2 -21.884603083133698 -187.50220085194994
3 -22.69965271651745 -180.24009179391223
4 -19.495175395160913 -171.9613792356186
5 -17.85976041480899 -169.3817016847894
6 -18.529631555080414 -167.87631268052303
7 -23.802572533488274 -164.27567046290412
8 -21.034138057380915 -163.76742236654098
9 -14.940445311367512 -156.0786895876365
10 -17.67698521912098 -155.22804551507866
11 -18.09095525741577 -145.29002069283715
12 -19.01472494378686 -142.86657280197298
13 -10.474918644875288 -142.75441848091938
14 -13.498728308826685 -136.98962801176134
15 -16.345434945076704 -132.4813576990395
16 -10.531501617282629 -130.98347157271724
17 -16.037616170942783 -118.2436222554584
18 -9.31452663615346 -117.38411415155902
19 -16.50691409036517 -116.97382686219106
20 -11.622581947594881 -115.06704102317899
21 -5.05785983428359 -112.47832645551227
22 -12.489619106054306 -103.24187681049156
23 -5.902372602373362 -99.7422752992134
24 -1.8224233984947205 -98.18526661663928
25 -6.222632855176926 -88.94674758091466
26 -3.163924493128434 -85.88346861832474
27 0.44969636388123035 -79.38307722218848
28 -2.099418569356203 -79.25112655387144
29 -6.6664827186614275 -73.50697855948762
30 -6.754292471334338 -72.69803191552006
31 -1.426724560558796 -71.37326168319514
32 -4.377354072406888 -68.27187815304366
33 -2.993881769478321 -65.42298162776466
34 -2.079159637913108 -65.35816021006309
35 -1.0846869628876448 -49.3186741604369
36 -10.444377152249217 -17.325441617065966
37 -2.000980004668236 -4.374511275254108
38 -1.5597193446010351 -0.4258658969524013
39 -5.5327161233872175 9.108146753357724
40 -3.7995061576366425 17.732630180500013
41 1.1556562017649412 40.64550156746333
42 0.3817955479025841 41.11774838972275
43 -2.7357464861124754 48.64917674484657
44 -0.19211865030229092 52.50260039838799
45 -0.15577550046145916 52.54502852695255
46 0.695516737177968 59.52827491841281
47 1.052445463836193 63.45606316769021
48 1.088053555926308 66.31570758515764
49 -4.947137273848057 67.13050507695384
50 3.1590430177748203 72.16624272108386
51 -5.661024650558829 79.16074531670823
52 -2.6110012400895357 84.19837606184075
53 -3.416468992829323 89.30707154325768
54 -2.9581211116164923 90.2698850730257
55 -2.93188046105206 90.28646231697512
56 1.003651874139905 90.32667007477052
57 2.6480089090764523 91.18021498086692
58 1.6662394683808088 92.38187517969644
59 -2.735944414511323 92.67153902025292
60 -3.150190781801939 93.69474938898811
61 1.4696750566363335 93.86112859581364
62 -2.846375048160553 95.24073532592021
63 -2.305688627064228 95.3630101766082
64 -2.4677021633833647 96.09581961281374
65 -1.643734335899353 97.90553231413178
66 -2.030527390539646 98.07644230926206
67 -1.713441126048565 98.35872828331676
68 -2.0013716872781515 98.57334710000995
69 -1.9168379288166761 98.77895390936838
70 -2.5734740663319826 99.10163703819775
71 -1.2389796879142523 99.47183807834362
72 -1.6852755062282085 101.36707045382526
73 -0.8595777302980423 102.70820969163083
74 -1.3145985659211874 103.61971441966246
75 -0.9345547370612621 104.00039883786899
76 -0.3547766674309969 104.94014608739957
77 -0.9038783144205809 105.28448326377394
78 0.019802337512373924 105.60678192821229
79 0.10043996013700962 106.95774051225432
80 -1.2352247443050146 107.03525723063939
81 -0.07573413290083408 107.05410485829283
82 -0.0934304017573595 107.36477417456501
83 -0.26859816536307335 107.72369032284489
84 -0.8657350577414036 107.78006757763964
85 -0.8096649795770645 107.99397435655325
86 -0.35242893919348717 108.08910889221833
87 -0.79828348942101 108.09776529440465
88 0.5624001808464527 108.24033506535473
89 0.1465485915541649 109.15712102315346
90 0.6916601490229368 109.71287331230647
91 -0.5193871129304171 110.25063890779474
92 0.4811664968729019 110.45880856467717
93 0.2704272363334894 110.48639228144049
94 0.4314955770969391 111.92877271779909
95 -0.08982110023498535 112.29467419620224
96 -0.22394342347979546 112.73910566375015
97 0.8280023913830519 112.98274531176438
98 0.927949545904994 113.84616479719523
99 1.7011876218020916 114.84612239587612
100 0.6590664610266685 115.08707834021696
101 1.9476413037627935 115.41025719446112
102 2.502804847434163 115.5646624637931
103 2.0533482674509287 115.87882502857741
104 0.8981973063200712 116.51927592390606
105 1.5016350839287043 116.69939038222442
106 1.5640100799500942 117.18809854794453
107 1.8833226542919874 117.29357601720739
108 2.123420460149646 117.43241923864416
109 1.8810262605547905 119.84073495876005
110 2.623278107494116 122.74776106687673
111 2.9302703514695168 124.10172315382671
112 3.1492014173418283 124.42382576156477
113 3.3856182042509317 124.48179570258212
114 3.071245562285185 125.2590893824027
115 3.279840124770999 125.30457667780085
116 2.9963761307299137 125.43458549438884
117 4.120378773659468 129.13346806288703
118 3.9057009797543287 129.67718524437547
119 4.954266257584095 131.40806576766226
train accuracy: 0.9962335216572504
validation accuracy: 1.0
