demo lengths 200
demos: (120, 200, 23)
demo_rewards: (120,)
[-191.10004521 -189.05007017 -187.50220085 -180.24009179 -171.96137924
 -169.38170168 -167.87631268 -164.27567046 -163.76742237 -156.07868959
 -155.22804552 -145.29002069 -142.8665728  -142.75441848 -136.98962801
 -132.4813577  -130.98347157 -118.24362226 -117.38411415 -116.97382686
 -115.06704102 -112.47832646 -103.24187681  -99.7422753   -98.18526662
  -88.94674758  -85.88346862  -79.38307722  -79.25112655  -73.50697856
  -72.69803192  -71.37326168  -68.27187815  -65.42298163  -65.35816021
  -49.31867416  -17.32544162   -4.37451128   -0.4258659     9.10814675
   17.73263018   40.64550157   41.11774839   48.64917674   52.5026004
   52.54502853   59.52827492   63.45606317   66.31570759   67.13050508
   72.16624272   79.16074532   84.19837606   89.30707154   90.26988507
   90.28646232   90.32667007   91.18021498   92.38187518   92.67153902
   93.69474939   93.8611286    95.24073533   95.36301018   96.09581961
   97.90553231   98.07644231   98.35872828   98.5733471    98.77895391
   99.10163704   99.47183808  101.36707045  102.70820969  103.61971442
  104.00039884  104.94014609  105.28448326  105.60678193  106.95774051
  107.03525723  107.05410486  107.36477417  107.72369032  107.78006758
  107.99397436  108.08910889  108.09776529  108.24033507  109.15712102
  109.71287331  110.25063891  110.45880856  110.48639228  111.92877272
  112.2946742   112.73910566  112.98274531  113.8461648   114.8461224
  115.08707834  115.41025719  115.56466246  115.87882503  116.51927592
  116.69939038  117.18809855  117.29357602  117.43241924  119.84073496
  122.74776107  124.10172315  124.42382576  124.4817957   125.25908938
  125.30457668  125.43458549  129.13346806  129.67718524  131.40806577]
maximum traj length 200
num training_obs 1800
num training_labels 1800
num val_obs 200
num val_labels 200
cuda:0
end of epoch 0: val_loss 0.0008928376232469049, val_acc 1.0
trigger times: 0
saving model weights...
Weights: OrderedDict([('fc1.weight', tensor([[ 0.1044,  0.0633,  0.0184,  0.0366, -0.0065,  0.0485, -0.0119, -0.0028,
          0.2600,  0.0392,  0.0036,  0.0597,  0.0772, -0.0569,  0.0354,  0.0276,
          0.0160,  0.0541, -0.0708, -0.1130, -0.4685,  0.6042, -0.0572]],
       device='cuda:0'))])
end of epoch 1: val_loss 0.13747536305379382, val_acc 0.97
trigger times: 1
end of epoch 2: val_loss 0.026729416978438215, val_acc 0.995
trigger times: 2
end of epoch 3: val_loss 0.035814137060942774, val_acc 0.99
trigger times: 3
end of epoch 4: val_loss 2.4791461291471252e-05, val_acc 1.0
trigger times: 0
saving model weights...
Weights: OrderedDict([('fc1.weight', tensor([[ 2.5391e-01,  2.1677e-03,  1.2558e-01,  7.2499e-02,  1.5182e-02,
          4.1835e-02,  3.8347e-04,  5.2962e-04,  1.5392e-01, -5.2101e-04,
          3.5834e-04, -1.6472e-01, -1.1177e-04,  3.0791e-02,  3.3637e-02,
         -1.3230e-01, -1.1174e-02,  1.7365e-01, -3.5689e-02, -1.9822e-03,
         -1.6321e+00,  5.9057e-01, -1.2415e-01]], device='cuda:0'))])
end of epoch 5: val_loss 0.011306086815086153, val_acc 0.995
trigger times: 1
end of epoch 6: val_loss 0.021610518494559586, val_acc 0.995
trigger times: 2
end of epoch 7: val_loss 0.05785617695232663, val_acc 0.99
trigger times: 3
end of epoch 8: val_loss 0.00022842433996654422, val_acc 1.0
trigger times: 4
end of epoch 9: val_loss 0.11591847061908535, val_acc 0.985
trigger times: 5
end of epoch 10: val_loss 0.21608078630737462, val_acc 0.975
trigger times: 6
end of epoch 11: val_loss 0.16048375721619915, val_acc 0.975
trigger times: 7
end of epoch 12: val_loss 0.35202320251206315, val_acc 0.98
trigger times: 8
end of epoch 13: val_loss 2.857213230515076, val_acc 0.9
trigger times: 9
end of epoch 14: val_loss 0.33674178409118183, val_acc 0.98
trigger times: 10
Early stopping.
0 -277.63250970840454 -191.10004520678868
1 -217.42117083072662 -189.05007017278314
2 -209.36937195062637 -187.50220085194994
3 -231.30717676877975 -180.24009179391223
4 -197.5280960202217 -171.9613792356186
5 -165.69208359718323 -169.3817016847894
6 -193.34376055002213 -167.87631268052303
7 -251.9120940566063 -164.27567046290412
8 -210.20201620459557 -163.76742236654098
9 -158.53474198281765 -156.0786895876365
10 -191.8488051891327 -155.22804551507866
11 -171.82423341274261 -145.29002069283715
12 -212.68993598222733 -142.86657280197298
13 -93.83394572138786 -142.75441848091938
14 -156.03867477178574 -136.98962801176134
15 -163.2673764526844 -132.4813576990395
16 -117.69877979159355 -130.98347157271724
17 -164.63281041383743 -118.2436222554584
18 -78.96802899241447 -117.38411415155902
19 -161.1505944430828 -116.97382686219106
20 -148.97275361418724 -115.06704102317899
21 -68.50028651952744 -112.47832645551227
22 -148.75925633311272 -103.24187681049156
23 -73.07698868960142 -99.7422752992134
24 -10.005254238843918 -98.18526661663928
25 -102.85030261427164 -88.94674758091466
26 -72.59701889008284 -85.88346861832474
27 -12.87427718937397 -79.38307722218848
28 -26.514339953660965 -79.25112655387144
29 -84.05279214680195 -73.50697855948762
30 -92.77105939388275 -72.69803191552006
31 -54.16442696750164 -71.37326168319514
32 -63.30058895051479 -68.27187815304366
33 -41.97752197086811 -65.42298162776466
34 -34.77206568419933 -65.35816021006309
35 -39.65031397342682 -49.3186741604369
36 -128.62948318570852 -17.325441617065966
37 -20.838914319872856 -4.374511275254108
38 -17.69064049422741 -0.4258658969524013
39 -54.39172059297562 9.108146753357724
40 -35.1898028999567 17.732630180500013
41 -41.810736142098904 40.64550156746333
42 -47.69334553554654 41.11774838972275
43 -37.20804212987423 48.64917674484657
44 -35.22604974359274 52.50260039838799
45 -37.28483838587999 52.54502852695255
46 -30.11224627494812 59.52827491841281
47 -22.138676173985004 63.45606316769021
48 -0.7462543249130249 66.31570758515764
49 -89.77974788099527 67.13050507695384
50 0.3699713423848152 72.16624272108386
51 -72.40237572789192 79.16074531670823
52 -48.412687964737415 84.19837606184075
53 -51.65401930361986 89.30707154325768
54 -40.93054869771004 90.2698850730257
55 -27.28025259077549 90.28646231697512
56 -37.117971919476986 90.32667007477052
57 12.665774196386337 91.18021498086692
58 -28.941610042005777 92.38187517969644
59 -46.23903004080057 92.67153902025292
60 -44.10821533203125 93.69474938898811
61 -22.78958073630929 93.86112859581364
62 -40.9080496430397 95.24073532592021
63 -47.21481395512819 95.3630101766082
64 -55.06199876219034 96.09581961281374
65 -21.106562942266464 97.90553231413178
66 -43.05025717616081 98.07644230926206
67 -35.814585752785206 98.35872828331676
68 -45.400829911231995 98.57334710000995
69 -34.85197561234236 98.77895390936838
70 -26.7660001963377 99.10163703819775
71 -60.98298879340291 99.47183807834362
72 -31.42653264850378 101.36707045382526
73 -47.701682329177856 102.70820969163083
74 -36.90944058448076 103.61971441966246
75 -22.976228937506676 104.00039883786899
76 -35.11811976134777 104.94014608739957
77 -21.903478771448135 105.28448326377394
78 -23.018664486706257 105.60678192821229
79 -13.932025104761124 106.95774051225432
80 -7.253908947110176 107.03525723063939
81 -7.311383992433548 107.05410485829283
82 9.135554939508438 107.36477417456501
83 -0.09711511433124542 107.72369032284489
84 -32.32757480442524 107.78006757763964
85 -36.26976906508207 107.99397435655325
86 -45.388648454099894 108.08910889221833
87 -45.76807390898466 108.09776529440465
88 -10.42259345203638 108.24033506535473
89 -6.728087484836578 109.15712102315346
90 -2.4151496291160583 109.71287331230647
91 -42.1561718955636 110.25063890779474
92 -28.63483263552189 110.45880856467717
93 -6.140343531966209 110.48639228144049
94 -32.1744319871068 111.92877271779909
95 1.7442063242197037 112.29467419620224
96 -41.295016553252935 112.73910566375015
97 -3.827274277806282 112.98274531176438
98 9.059079021215439 113.84616479719523
99 5.6460002809762955 114.84612239587612
100 -2.414742797613144 115.08707834021696
101 12.156977862119675 115.41025719446112
102 4.593464508652687 115.5646624637931
103 -15.097710594534874 115.87882502857741
104 -33.9976606592536 116.51927592390606
105 2.252886414527893 116.69939038222442
106 2.318597376346588 117.18809854794453
107 -20.20972578972578 117.29357601720739
108 5.708746761083603 117.43241923864416
109 -7.143382512032986 119.84073495876005
110 15.261315494775772 122.74776106687673
111 3.6443335190415382 124.10172315382671
112 -2.7835085093975067 124.42382576156477
113 23.042784869670868 124.48179570258212
114 10.919715628027916 125.2590893824027
115 -16.19768178090453 125.30457667780085
116 23.47285656630993 125.43458549438884
117 29.56727486103773 129.13346806288703
118 36.27154825627804 129.67718524437547
119 36.05791787803173 131.40806576766226
train accuracy: 0.9794444444444445
validation accuracy: 0.98
