demo lengths 200
demos: (120, 200, 4)
demo_rewards: (120,)
[-191.10004521 -189.05007017 -187.50220085 -180.24009179 -171.96137924
 -169.38170168 -167.87631268 -164.27567046 -163.76742237 -156.07868959
 -155.22804552 -145.29002069 -142.8665728  -142.75441848 -136.98962801
 -132.4813577  -130.98347157 -118.24362226 -117.38411415 -116.97382686
 -115.06704102 -112.47832646 -103.24187681  -99.7422753   -98.18526662
  -88.94674758  -85.88346862  -79.38307722  -79.25112655  -73.50697856
  -72.69803192  -71.37326168  -68.27187815  -65.42298163  -65.35816021
  -49.31867416  -17.32544162   -4.37451128   -0.4258659     9.10814675
   17.73263018   40.64550157   41.11774839   48.64917674   52.5026004
   52.54502853   59.52827492   63.45606317   66.31570759   67.13050508
   72.16624272   79.16074532   84.19837606   89.30707154   90.26988507
   90.28646232   90.32667007   91.18021498   92.38187518   92.67153902
   93.69474939   93.8611286    95.24073533   95.36301018   96.09581961
   97.90553231   98.07644231   98.35872828   98.5733471    98.77895391
   99.10163704   99.47183808  101.36707045  102.70820969  103.61971442
  104.00039884  104.94014609  105.28448326  105.60678193  106.95774051
  107.03525723  107.05410486  107.36477417  107.72369032  107.78006758
  107.99397436  108.08910889  108.09776529  108.24033507  109.15712102
  109.71287331  110.25063891  110.45880856  110.48639228  111.92877272
  112.2946742   112.73910566  112.98274531  113.8461648   114.8461224
  115.08707834  115.41025719  115.56466246  115.87882503  116.51927592
  116.69939038  117.18809855  117.29357602  117.43241924  119.84073496
  122.74776107  124.10172315  124.42382576  124.4817957   125.25908938
  125.30457668  125.43458549  129.13346806  129.67718524  131.40806577]
maximum traj length 200
num training_obs 1593
num training_labels 1593
num val_obs 177
num val_labels 177
cpu
end of epoch 0: val_loss 0.02049688520829269, val_acc 1.0
trigger times: 0
saving model weights...
Weights: OrderedDict([('fc1.weight', tensor([[ 0.0094, -0.1997,  0.0771, -0.0023]]))])
end of epoch 1: val_loss 0.01696420666318714, val_acc 1.0
trigger times: 0
saving model weights...
Weights: OrderedDict([('fc1.weight', tensor([[ 0.0151, -0.2328,  0.0614, -0.0292]]))])
end of epoch 2: val_loss 0.008469037028095521, val_acc 1.0
trigger times: 0
saving model weights...
Weights: OrderedDict([('fc1.weight', tensor([[ 3.5053e-05, -2.0739e-01,  1.8562e-01, -1.1720e-01]]))])
end of epoch 3: val_loss 0.023913445913233564, val_acc 0.9943502824858758
trigger times: 1
end of epoch 4: val_loss 0.018030443925984584, val_acc 0.9943502824858758
trigger times: 2
end of epoch 5: val_loss 0.014649439245638194, val_acc 1.0
trigger times: 3
end of epoch 6: val_loss 0.014464521288291683, val_acc 1.0
trigger times: 4
end of epoch 7: val_loss 0.013578142440089126, val_acc 1.0
trigger times: 5
end of epoch 8: val_loss 0.016257065141109615, val_acc 0.9943502824858758
trigger times: 6
end of epoch 9: val_loss 0.023674134130534808, val_acc 0.9943502824858758
trigger times: 7
end of epoch 10: val_loss 0.011008296320138174, val_acc 1.0
trigger times: 8
end of epoch 11: val_loss 0.034511535600743326, val_acc 0.9830508474576272
trigger times: 9
end of epoch 12: val_loss 0.02133789628414723, val_acc 0.9943502824858758
trigger times: 10
Early stopping.
0 -28.29146768897772 -191.10004520678868
1 -25.145618438720703 -189.05007017278314
2 -24.406572550535202 -187.50220085194994
3 -24.604046516120434 -180.24009179391223
4 -21.559953924268484 -171.9613792356186
5 -19.993887469172478 -169.3817016847894
6 -20.560700185596943 -167.87631268052303
7 -25.919948376715183 -164.27567046290412
8 -23.32499484345317 -163.76742236654098
9 -16.909618431702256 -156.0786895876365
10 -19.730903457850218 -155.22804551507866
11 -20.09278254210949 -145.29002069283715
12 -20.972719855606556 -142.86657280197298
13 -12.506455052644014 -142.75441848091938
14 -15.316958766430616 -136.98962801176134
15 -18.47755116596818 -132.4813576990395
16 -12.399383150041103 -130.98347157271724
17 -18.034554310142994 -118.2436222554584
18 -10.87134468369186 -117.38411415155902
19 -18.382154170423746 -116.97382686219106
20 -13.160647582262754 -115.06704102317899
21 -6.7859847862273455 -112.47832645551227
22 -14.434149149805307 -103.24187681049156
23 -7.405987866222858 -99.7422752992134
24 -3.2816745415329933 -98.18526661663928
25 -7.623844288289547 -88.94674758091466
26 -4.473187456838787 -85.88346861832474
27 -1.0153889805078506 -79.38307722218848
28 -3.4436348592862487 -79.25112655387144
29 -8.432047445327044 -73.50697855948762
30 -8.286072639748454 -72.69803191552006
31 -2.9814938474446535 -71.37326168319514
32 -5.9047121573239565 -68.27187815304366
33 -4.553243301808834 -65.42298162776466
34 -3.529466098174453 -65.35816021006309
35 -2.4936889223754406 -49.3186741604369
36 -12.156263498589396 -17.325441617065966
37 -3.3569112829864025 -4.374511275254108
38 -3.123011650517583 -0.4258658969524013
39 -7.0533566158264875 9.108146753357724
40 -5.456624357029796 17.732630180500013
41 -0.10735611990094185 40.64550156746333
42 -0.8331075087189674 41.11774838972275
43 -4.212982540950179 48.64917674484657
44 -1.5788098070770502 52.50260039838799
45 -1.5488487388938665 52.54502852695255
46 -0.730744507163763 59.52827491841281
47 -0.3410111516714096 63.45606316769021
48 -0.13722624629735947 66.31570758515764
49 -6.412283046171069 67.13050507695384
50 1.912001185119152 72.16624272108386
51 -7.177294762805104 79.16074531670823
52 -4.21358902938664 84.19837606184075
53 -4.909868063405156 89.30707154325768
54 -4.519582565873861 90.2698850730257
55 -4.384579263627529 90.28646231697512
56 -0.33790949173271656 90.32667007477052
57 1.3794382810592651 91.18021498086692
58 0.35296083614230156 92.38187517969644
59 -4.29043160751462 92.67153902025292
60 -4.615368051454425 93.69474938898811
61 0.2013437282294035 93.86112859581364
62 -4.250875003635883 95.24073532592021
63 -3.7905320785939693 95.3630101766082
64 -3.873474469408393 96.09581961281374
65 -2.98852863535285 97.90553231413178
66 -3.4528080206364393 98.07644230926206
67 -3.125108977779746 98.35872828331676
68 -3.5202477294951677 98.57334710000995
69 -3.341857176274061 98.77895390936838
70 -3.952656228095293 99.10163703819775
71 -2.744091333821416 99.47183807834362
72 -3.1072082072496414 101.36707045382526
73 -2.3393354769796133 102.70820969163083
74 -2.776997245848179 103.61971441966246
75 -2.319115588441491 104.00039883786899
76 -1.813238963484764 104.94014608739957
77 -2.394057050347328 105.28448326377394
78 -1.4261943977326155 105.60678192821229
79 -1.2242895625531673 106.95774051225432
80 -2.556297853589058 107.03525723063939
81 -1.4688306618481874 107.05410485829283
82 -1.332705968990922 107.36477417456501
83 -1.506328790448606 107.72369032284489
84 -2.270537992939353 107.78006757763964
85 -2.169397821649909 107.99397435655325
86 -1.665048623457551 108.08910889221833
87 -2.152254031971097 108.09776529440465
88 -0.8042759988456964 108.24033506535473
89 -1.1808938551694155 109.15712102315346
90 -0.7602372672408819 109.71287331230647
91 -1.7793879341334105 110.25063890779474
92 -0.8918281141668558 110.45880856467717
93 -0.9809924261644483 110.48639228144049
94 -0.900214184075594 111.92877271779909
95 -1.3644301993772388 112.29467419620224
96 -1.44067538715899 112.73910566375015
97 -0.5043226573616266 112.98274531176438
98 -0.3842215724289417 113.84616479719523
99 0.4967172658070922 114.84612239587612
100 -0.6908517442643642 115.08707834021696
101 0.6748834867030382 115.41025719446112
102 1.0987769234925508 115.5646624637931
103 0.7478365059942007 115.87882502857741
104 -0.40459599904716015 116.51927592390606
105 0.08468005433678627 116.69939038222442
106 0.2987265884876251 117.18809854794453
107 0.5486727654933929 117.29357601720739
108 0.8578236699104309 117.43241923864416
109 0.5393742825835943 119.84073495876005
110 1.3776983991265297 122.74776106687673
111 1.6238258983939886 124.10172315382671
112 1.933026883751154 124.42382576156477
113 2.037227764725685 124.48179570258212
114 1.7765563689172268 125.2590893824027
115 1.9782970026135445 125.30457667780085
116 1.7358061503618956 125.43458549438884
117 2.947459878399968 129.13346806288703
118 2.7467396147549152 129.67718524437547
119 3.763757899403572 131.40806576766226
train accuracy: 0.9962335216572504
validation accuracy: 0.9943502824858758
