demo lengths 200
demos: (120, 200, 6)
demo_rewards: (120,)
[-191.10004521 -189.05007017 -187.50220085 -180.24009179 -171.96137924
 -169.38170168 -167.87631268 -164.27567046 -163.76742237 -156.07868959
 -155.22804552 -145.29002069 -142.8665728  -142.75441848 -136.98962801
 -132.4813577  -130.98347157 -118.24362226 -117.38411415 -116.97382686
 -115.06704102 -112.47832646 -103.24187681  -99.7422753   -98.18526662
  -88.94674758  -85.88346862  -79.38307722  -79.25112655  -73.50697856
  -72.69803192  -71.37326168  -68.27187815  -65.42298163  -65.35816021
  -49.31867416  -17.32544162   -4.37451128   -0.4258659     9.10814675
   17.73263018   40.64550157   41.11774839   48.64917674   52.5026004
   52.54502853   59.52827492   63.45606317   66.31570759   67.13050508
   72.16624272   79.16074532   84.19837606   89.30707154   90.26988507
   90.28646232   90.32667007   91.18021498   92.38187518   92.67153902
   93.69474939   93.8611286    95.24073533   95.36301018   96.09581961
   97.90553231   98.07644231   98.35872828   98.5733471    98.77895391
   99.10163704   99.47183808  101.36707045  102.70820969  103.61971442
  104.00039884  104.94014609  105.28448326  105.60678193  106.95774051
  107.03525723  107.05410486  107.36477417  107.72369032  107.78006758
  107.99397436  108.08910889  108.09776529  108.24033507  109.15712102
  109.71287331  110.25063891  110.45880856  110.48639228  111.92877272
  112.2946742   112.73910566  112.98274531  113.8461648   114.8461224
  115.08707834  115.41025719  115.56466246  115.87882503  116.51927592
  116.69939038  117.18809855  117.29357602  117.43241924  119.84073496
  122.74776107  124.10172315  124.42382576  124.4817957   125.25908938
  125.30457668  125.43458549  129.13346806  129.67718524  131.40806577]
maximum traj length 200
num training_obs 1800
num training_labels 1800
num val_obs 200
num val_labels 200
cuda:0
end of epoch 0: val_loss 0.0657548199724717, val_acc 0.975
trigger times: 0
saving model weights...
Weights: OrderedDict([('fc1.weight', tensor([[ 0.1457, -0.0434, -0.0480, -0.4104,  0.1233, -0.1407]],
       device='cuda:0'))])
end of epoch 1: val_loss 0.011046814689623794, val_acc 1.0
trigger times: 0
saving model weights...
Weights: OrderedDict([('fc1.weight', tensor([[ 0.1190,  0.0270,  0.0698, -0.3800,  0.2885, -0.0737]],
       device='cuda:0'))])
end of epoch 2: val_loss 0.019243568921105486, val_acc 1.0
trigger times: 1
end of epoch 3: val_loss 0.012631403490335202, val_acc 1.0
trigger times: 2
end of epoch 4: val_loss 0.017239380682436335, val_acc 1.0
trigger times: 3
end of epoch 5: val_loss 0.12213908842375443, val_acc 0.965
trigger times: 4
end of epoch 6: val_loss 0.029762901396587403, val_acc 0.975
trigger times: 5
end of epoch 7: val_loss 0.01621144986446218, val_acc 1.0
trigger times: 6
end of epoch 8: val_loss 0.04633668562481052, val_acc 0.98
trigger times: 7
end of epoch 9: val_loss 0.034920230925276775, val_acc 0.98
trigger times: 8
end of epoch 10: val_loss 0.011170461748792668, val_acc 1.0
trigger times: 9
end of epoch 11: val_loss 0.03682598697504865, val_acc 0.98
trigger times: 10
Early stopping.
0 -32.079426258802414 -191.10004520678868
1 -30.684830382466316 -189.05007017278314
2 -28.98136655241251 -187.50220085194994
3 -28.425209186971188 -180.24009179391223
4 -25.21148221194744 -171.9613792356186
5 -25.32296632230282 -169.3817016847894
6 -23.038051784038544 -167.87631268052303
7 -30.331801272928715 -164.27567046290412
8 -27.81539837270975 -163.76742236654098
9 -19.166078377515078 -156.0786895876365
10 -23.207609601318836 -155.22804551507866
11 -23.198511227965355 -145.29002069283715
12 -25.210989132523537 -142.86657280197298
13 -15.920702148228884 -142.75441848091938
14 -18.61494555696845 -136.98962801176134
15 -22.718328550457954 -132.4813576990395
16 -16.30613411590457 -130.98347157271724
17 -22.59743131697178 -118.2436222554584
18 -13.447961173951626 -117.38411415155902
19 -21.90269771963358 -116.97382686219106
20 -16.606283597648144 -115.06704102317899
21 -9.110772779211402 -112.47832645551227
22 -17.919825740158558 -103.24187681049156
23 -9.163670596666634 -99.7422752992134
24 -4.900670605711639 -98.18526661663928
25 -9.780632596462965 -88.94674758091466
26 -6.599499846808612 -85.88346861832474
27 -2.1232025362551212 -79.38307722218848
28 -5.358355584554374 -79.25112655387144
29 -10.55813529714942 -73.50697855948762
30 -10.604892550036311 -72.69803191552006
31 -5.019095566123724 -71.37326168319514
32 -7.9415083937346935 -68.27187815304366
33 -7.038575381040573 -65.42298162776466
34 -5.466352164745331 -65.35816021006309
35 -4.332249125465751 -49.3186741604369
36 -15.676621513441205 -17.325441617065966
37 -4.7716912515461445 -4.374511275254108
38 -4.983109183609486 -0.4258658969524013
39 -9.327711148187518 9.108146753357724
40 -7.772406041622162 17.732630180500013
41 -2.1455942103639245 40.64550156746333
42 -3.222264905460179 41.11774838972275
43 -6.934649015776813 48.64917674484657
44 -3.793009351938963 52.50260039838799
45 -3.6862074760720134 52.54502852695255
46 -2.5337900388985872 59.52827491841281
47 -1.8582121320068836 63.45606316769021
48 -1.427361035719514 66.31570758515764
49 -8.620907610282302 67.13050507695384
50 0.10702689457684755 72.16624272108386
51 -9.89565903507173 79.16074531670823
52 -6.781315701082349 84.19837606184075
53 -7.485741848126054 89.30707154325768
54 -6.555081453174353 90.2698850730257
55 -6.327488681301475 90.28646231697512
56 -2.133764747530222 90.32667007477052
57 0.10569176636636257 91.18021498086692
58 -1.60587128251791 92.38187517969644
59 -6.494086131453514 92.67153902025292
60 -6.799058776348829 93.69474938898811
61 -1.7340923240408301 93.86112859581364
62 -6.4281510366126895 95.24073532592021
63 -5.993069352582097 95.3630101766082
64 -6.471629686653614 96.09581961281374
65 -4.933677472174168 97.90553231413178
66 -5.637360751628876 98.07644230926206
67 -5.506794662214816 98.35872828331676
68 -5.690346585586667 98.57334710000995
69 -5.63453599344939 98.77895390936838
70 -6.068354424089193 99.10163703819775
71 -5.090394733473659 99.47183807834362
72 -5.139734162017703 101.36707045382526
73 -4.446141295135021 102.70820969163083
74 -5.261155683547258 103.61971441966246
75 -4.283002346754074 104.00039883786899
76 -4.435586370527744 104.94014608739957
77 -4.5818251594901085 105.28448326377394
78 -3.9438916984945536 105.60678192821229
79 -3.1322884391993284 106.95774051225432
80 -4.520929398946464 107.03525723063939
81 -3.900193177163601 107.05410485829283
82 -3.13659156113863 107.36477417456501
83 -3.618367818184197 107.72369032284489
84 -4.37599871866405 107.78006757763964
85 -4.729930528439581 107.99397435655325
86 -4.284027994610369 108.08910889221833
87 -4.255975363776088 108.09776529440465
88 -3.0944110127165914 108.24033506535473
89 -3.2489890353754163 109.15712102315346
90 -2.71797227114439 109.71287331230647
91 -4.0227647218853235 110.25063890779474
92 -3.4445283468812704 110.45880856467717
93 -3.0639860704541206 110.48639228144049
94 -3.3367599062621593 111.92877271779909
95 -3.2933839075267315 112.29467419620224
96 -3.549362543039024 112.73910566375015
97 -2.38021351210773 112.98274531176438
98 -2.5621411791071296 113.84616479719523
99 -1.2236786615103483 114.84612239587612
100 -3.094171615317464 115.08707834021696
101 -1.190140419639647 115.41025719446112
102 -0.5848895721137524 115.5646624637931
103 -1.5196356596425176 115.87882502857741
104 -2.4265368496999145 116.51927592390606
105 -2.159594314172864 116.69939038222442
106 -1.6087751304730773 117.18809854794453
107 -1.8633062522858381 117.29357601720739
108 -0.7033235002309084 117.43241923864416
109 -1.386169197037816 119.84073495876005
110 -0.6599210202693939 122.74776106687673
111 -0.5429872674867511 124.10172315382671
112 -0.27754798624664545 124.42382576156477
113 -0.07456247974187136 124.48179570258212
114 0.3074635714292526 125.2590893824027
115 -0.06789376121014357 125.30457667780085
116 0.1183349471539259 125.43458549438884
117 1.0612720968201756 129.13346806288703
118 1.1462374832481146 129.67718524437547
119 1.8872852148488164 131.40806576766226
train accuracy: 0.9861111111111112
validation accuracy: 0.98
