demo lengths 200
demos: (120, 200, 8)
demo_rewards: (120,)
[-191.10004521 -189.05007017 -187.50220085 -180.24009179 -171.96137924
 -169.38170168 -167.87631268 -164.27567046 -163.76742237 -156.07868959
 -155.22804552 -145.29002069 -142.8665728  -142.75441848 -136.98962801
 -132.4813577  -130.98347157 -118.24362226 -117.38411415 -116.97382686
 -115.06704102 -112.47832646 -103.24187681  -99.7422753   -98.18526662
  -88.94674758  -85.88346862  -79.38307722  -79.25112655  -73.50697856
  -72.69803192  -71.37326168  -68.27187815  -65.42298163  -65.35816021
  -49.31867416  -17.32544162   -4.37451128   -0.4258659     9.10814675
   17.73263018   40.64550157   41.11774839   48.64917674   52.5026004
   52.54502853   59.52827492   63.45606317   66.31570759   67.13050508
   72.16624272   79.16074532   84.19837606   89.30707154   90.26988507
   90.28646232   90.32667007   91.18021498   92.38187518   92.67153902
   93.69474939   93.8611286    95.24073533   95.36301018   96.09581961
   97.90553231   98.07644231   98.35872828   98.5733471    98.77895391
   99.10163704   99.47183808  101.36707045  102.70820969  103.61971442
  104.00039884  104.94014609  105.28448326  105.60678193  106.95774051
  107.03525723  107.05410486  107.36477417  107.72369032  107.78006758
  107.99397436  108.08910889  108.09776529  108.24033507  109.15712102
  109.71287331  110.25063891  110.45880856  110.48639228  111.92877272
  112.2946742   112.73910566  112.98274531  113.8461648   114.8461224
  115.08707834  115.41025719  115.56466246  115.87882503  116.51927592
  116.69939038  117.18809855  117.29357602  117.43241924  119.84073496
  122.74776107  124.10172315  124.42382576  124.4817957   125.25908938
  125.30457668  125.43458549  129.13346806  129.67718524  131.40806577]
maximum traj length 200
num training_obs 1800
num training_labels 1800
num val_obs 200
num val_labels 200
cuda:0
end of epoch 0: val_loss 0.05554709241391784, val_acc 0.97
trigger times: 0
saving model weights...
Weights: OrderedDict([('fc1.weight', tensor([[ 0.0408, -0.0320,  0.1390,  0.0094, -0.0314, -0.2675,  0.1160, -0.0016]],
       device='cuda:0'))])
end of epoch 1: val_loss 0.007175796756560366, val_acc 1.0
trigger times: 0
saving model weights...
Weights: OrderedDict([('fc1.weight', tensor([[ 0.0775,  0.0083,  0.0193, -0.0770, -0.0546, -0.5669,  0.3156, -0.2296]],
       device='cuda:0'))])
end of epoch 2: val_loss 0.07810508023922075, val_acc 0.975
trigger times: 1
end of epoch 3: val_loss 0.02548996210036801, val_acc 0.99
trigger times: 2
end of epoch 4: val_loss 0.3317035376778778, val_acc 0.96
trigger times: 3
end of epoch 5: val_loss 0.2451121686145584, val_acc 0.94
trigger times: 4
end of epoch 6: val_loss 0.06036062146327335, val_acc 0.97
trigger times: 5
end of epoch 7: val_loss 0.022425846142391705, val_acc 0.99
trigger times: 6
end of epoch 8: val_loss 0.08091129226129055, val_acc 0.98
trigger times: 7
end of epoch 9: val_loss 0.04172989312841814, val_acc 0.99
trigger times: 8
end of epoch 10: val_loss 0.05391150206779631, val_acc 0.975
trigger times: 9
end of epoch 11: val_loss 0.07703250213523759, val_acc 0.97
trigger times: 10
Early stopping.
0 -55.935859352350235 -191.10004520678868
1 -52.76482065021992 -189.05007017278314
2 -51.081587478518486 -187.50220085194994
3 -50.28851042687893 -180.24009179391223
4 -43.429327830672264 -171.9613792356186
5 -43.16241364181042 -169.3817016847894
6 -41.0098377764225 -167.87631268052303
7 -52.83918212354183 -164.27567046290412
8 -47.71122694015503 -163.76742236654098
9 -33.59027321636677 -156.0786895876365
10 -40.40370763838291 -155.22804551507866
11 -40.6748159378767 -145.29002069283715
12 -43.484142407774925 -142.86657280197298
13 -27.915555834770203 -142.75441848091938
14 -32.518555387854576 -136.98962801176134
15 -39.004096537828445 -132.4813576990395
16 -27.802108343690634 -130.98347157271724
17 -37.78802119195461 -118.2436222554584
18 -21.727925088256598 -117.38411415155902
19 -37.223580211400986 -116.97382686219106
20 -28.87949115037918 -115.06704102317899
21 -15.649802666157484 -112.47832645551227
22 -31.36809253692627 -103.24187681049156
23 -14.680754631757736 -99.7422752992134
24 -8.069087175652385 -98.18526661663928
25 -17.116222120821476 -88.94674758091466
26 -11.180920703336596 -85.88346861832474
27 -3.6540814712643623 -79.38307722218848
28 -7.447806259617209 -79.25112655387144
29 -18.548123482614756 -73.50697855948762
30 -18.8173566441983 -72.69803191552006
31 -8.720728226006031 -71.37326168319514
32 -13.161008257418871 -68.27187815304366
33 -11.137159239500761 -65.42298162776466
34 -8.456213360652328 -65.35816021006309
35 -7.3128649443387985 -49.3186741604369
36 -26.6337021086365 -17.325441617065966
37 -7.5186683889478445 -4.374511275254108
38 -8.48201852478087 -0.4258658969524013
39 -15.151488076895475 9.108146753357724
40 -13.804511046037078 17.732630180500013
41 -3.4941651355475187 40.64550156746333
42 -4.313343634828925 41.11774838972275
43 -10.848467469215393 48.64917674484657
44 -5.9137213956564665 52.50260039838799
45 -5.713108832016587 52.54502852695255
46 -4.590749511495233 59.52827491841281
47 -2.847889421507716 63.45606316769021
48 -0.8458827696740627 66.31570758515764
49 -15.286298047751188 67.13050507695384
50 1.4586540218442678 72.16624272108386
51 -17.21825504489243 79.16074531670823
52 -11.188368843868375 84.19837606184075
53 -12.890811188146472 89.30707154325768
54 -11.24769783578813 90.2698850730257
55 -10.483831364661455 90.28646231697512
56 -3.8223664183169603 90.32667007477052
57 1.3543619140982628 91.18021498086692
58 -2.0797426868230104 92.38187517969644
59 -11.458969945088029 92.67153902025292
60 -11.60844686627388 93.69474938898811
61 -2.200615108013153 93.86112859581364
62 -10.099095972254872 95.24073532592021
63 -11.109721662476659 95.3630101766082
64 -11.212143961340189 96.09581961281374
65 -7.312673427164555 97.90553231413178
66 -9.774742439389229 98.07644230926206
67 -8.540587671101093 98.35872828331676
68 -10.201455099508166 98.57334710000995
69 -8.886415611952543 98.77895390936838
70 -9.914044404402375 99.10163703819775
71 -9.493165483698249 99.47183807834362
72 -8.29393113590777 101.36707045382526
73 -7.927541058510542 102.70820969163083
74 -8.396366532891989 103.61971441966246
75 -6.5393319725990295 104.00039883786899
76 -7.307127092033625 104.94014608739957
77 -7.856229938566685 105.28448326377394
78 -6.178449725732207 105.60678192821229
79 -4.019937204197049 106.95774051225432
80 -6.497639296576381 107.03525723063939
81 -5.265596454963088 107.05410485829283
82 -4.074936717748642 107.36477417456501
83 -4.059453433379531 107.72369032284489
84 -7.793801201507449 107.78006757763964
85 -7.424750376492739 107.99397435655325
86 -7.579620381817222 108.08910889221833
87 -7.481867905706167 108.09776529440465
88 -4.0505542904138565 108.24033506535473
89 -4.487058147788048 109.15712102315346
90 -4.261302124708891 109.71287331230647
91 -7.115715205669403 110.25063890779474
92 -5.281427063047886 110.45880856467717
93 -3.6087604966014624 110.48639228144049
94 -5.092309165745974 111.92877271779909
95 -3.960087649524212 112.29467419620224
96 -6.14869368262589 112.73910566375015
97 -3.097988247871399 112.98274531176438
98 -2.930457677692175 113.84616479719523
99 -0.9053902253508568 114.84612239587612
100 -3.2052696645259857 115.08707834021696
101 -0.6072869095951319 115.41025719446112
102 -0.6018039956688881 115.5646624637931
103 -1.4664636589586735 115.87882502857741
104 -3.9059040937572718 116.51927592390606
105 -2.7320110201835632 116.69939038222442
106 -0.9756122753024101 117.18809854794453
107 -2.5562716126441956 117.29357601720739
108 -0.1781154703348875 117.43241923864416
109 -1.4355502966791391 119.84073495876005
110 0.5090700071305037 122.74776106687673
111 0.3486221209168434 124.10172315382671
112 0.790827389806509 124.42382576156477
113 0.8713309839367867 124.48179570258212
114 1.285168742761016 125.2590893824027
115 0.2697952054440975 125.30457667780085
116 1.2942118681967258 125.43458549438884
117 3.784697664901614 129.13346806288703
118 3.7354412507265806 129.67718524437547
119 5.030347805470228 131.40806576766226
train accuracy: 0.9911111111111112
validation accuracy: 0.97
