demo lengths 200
demos: (120, 200, 4)
demo_rewards: (120,)
[-191.10004521 -189.05007017 -187.50220085 -180.24009179 -171.96137924
 -169.38170168 -167.87631268 -164.27567046 -163.76742237 -156.07868959
 -155.22804552 -145.29002069 -142.8665728  -142.75441848 -136.98962801
 -132.4813577  -130.98347157 -118.24362226 -117.38411415 -116.97382686
 -115.06704102 -112.47832646 -103.24187681  -99.7422753   -98.18526662
  -88.94674758  -85.88346862  -79.38307722  -79.25112655  -73.50697856
  -72.69803192  -71.37326168  -68.27187815  -65.42298163  -65.35816021
  -49.31867416  -17.32544162   -4.37451128   -0.4258659     9.10814675
   17.73263018   40.64550157   41.11774839   48.64917674   52.5026004
   52.54502853   59.52827492   63.45606317   66.31570759   67.13050508
   72.16624272   79.16074532   84.19837606   89.30707154   90.26988507
   90.28646232   90.32667007   91.18021498   92.38187518   92.67153902
   93.69474939   93.8611286    95.24073533   95.36301018   96.09581961
   97.90553231   98.07644231   98.35872828   98.5733471    98.77895391
   99.10163704   99.47183808  101.36707045  102.70820969  103.61971442
  104.00039884  104.94014609  105.28448326  105.60678193  106.95774051
  107.03525723  107.05410486  107.36477417  107.72369032  107.78006758
  107.99397436  108.08910889  108.09776529  108.24033507  109.15712102
  109.71287331  110.25063891  110.45880856  110.48639228  111.92877272
  112.2946742   112.73910566  112.98274531  113.8461648   114.8461224
  115.08707834  115.41025719  115.56466246  115.87882503  116.51927592
  116.69939038  117.18809855  117.29357602  117.43241924  119.84073496
  122.74776107  124.10172315  124.42382576  124.4817957   125.25908938
  125.30457668  125.43458549  129.13346806  129.67718524  131.40806577]
maximum traj length 200
num training_obs 1800
num training_labels 1800
num val_obs 200
num val_labels 200
cuda:0
end of epoch 0: val_loss 0.026882136504516298, val_acc 1.0
trigger times: 0
saving model weights...
Weights: OrderedDict([('fc1.weight', tensor([[ 0.0011, -0.1870,  0.1754, -0.0880]], device='cuda:0'))])
end of epoch 1: val_loss 0.04722659888366348, val_acc 0.975
trigger times: 1
end of epoch 2: val_loss 0.03395497030485689, val_acc 0.985
trigger times: 2
end of epoch 3: val_loss 0.024661484461119657, val_acc 1.0
trigger times: 0
saving model weights...
Weights: OrderedDict([('fc1.weight', tensor([[-0.0365, -0.2020,  0.2951, -0.1067]], device='cuda:0'))])
end of epoch 4: val_loss 0.028895738752322764, val_acc 1.0
trigger times: 1
end of epoch 5: val_loss 0.04395965020847246, val_acc 0.985
trigger times: 2
end of epoch 6: val_loss 0.028975369897586277, val_acc 0.98
trigger times: 3
end of epoch 7: val_loss 0.0402015313601731, val_acc 0.98
trigger times: 4
end of epoch 8: val_loss 0.027893092040841873, val_acc 0.99
trigger times: 5
end of epoch 9: val_loss 0.03818962793821935, val_acc 0.98
trigger times: 6
end of epoch 10: val_loss 0.03808274887065007, val_acc 1.0
trigger times: 7
end of epoch 11: val_loss 0.025632100358494583, val_acc 1.0
trigger times: 8
end of epoch 12: val_loss 0.03973064331407965, val_acc 0.98
trigger times: 9
end of epoch 13: val_loss 0.03076843602177444, val_acc 0.985
trigger times: 10
Early stopping.
0 -26.903611294925213 -191.10004520678868
1 -26.793389558792114 -189.05007017278314
2 -27.493847720324993 -187.50220085194994
3 -24.918122611939907 -180.24009179391223
4 -23.559535577893257 -171.9613792356186
5 -22.803017109632492 -169.3817016847894
6 -22.735815174877644 -167.87631268052303
7 -26.779993019998074 -164.27567046290412
8 -25.774724639952183 -163.76742236654098
9 -19.99412540346384 -156.0786895876365
10 -22.29005140066147 -155.22804551507866
11 -22.32296848297119 -145.29002069283715
12 -22.734683617949486 -142.86657280197298
13 -17.28699054941535 -142.75441848091938
14 -18.271866399794817 -136.98962801176134
15 -21.815614357590675 -132.4813576990395
16 -16.506592214107513 -130.98347157271724
17 -20.940371856093407 -118.2436222554584
18 -14.11178901977837 -117.38411415155902
19 -20.64327785372734 -116.97382686219106
20 -15.594960443675518 -115.06704102317899
21 -12.088347226381302 -112.47832645551227
22 -18.274479143321514 -103.24187681049156
23 -11.541751186363399 -99.7422752992134
24 -8.540611425414681 -98.18526661663928
25 -11.257116746157408 -88.94674758091466
26 -8.706771963275969 -85.88346861832474
27 -7.056179657578468 -79.38307722218848
28 -8.17876447737217 -79.25112655387144
29 -13.268442619591951 -73.50697855948762
30 -12.308170305565 -72.69803191552006
31 -8.625862033106387 -71.37326168319514
32 -10.669259397312999 -68.27187815304366
33 -9.894616963341832 -65.42298162776466
34 -8.724720473401248 -65.35816021006309
35 -7.850994789041579 -49.3186741604369
36 -15.157890827395022 -17.325441617065966
37 -7.621912238188088 -4.374511275254108
38 -8.370666871778667 -0.4258658969524013
39 -10.875771973282099 9.108146753357724
40 -10.238921606447548 17.732630180500013
41 -4.8868420496582985 40.64550156746333
42 -5.167566087562591 41.11774838972275
43 -8.473059543408453 48.64917674484657
44 -6.447483105584979 52.50260039838799
45 -6.30190341360867 52.54502852695255
46 -5.893408204428852 59.52827491841281
47 -5.486152732279152 63.45606316769021
48 -4.612587980926037 66.31570758515764
49 -9.77917683776468 67.13050507695384
50 -3.320925303734839 72.16624272108386
51 -10.391127407550812 79.16074531670823
52 -8.762956138700247 84.19837606184075
53 -8.756557379383594 89.30707154325768
54 -8.790146863553673 90.2698850730257
55 -8.223024258390069 90.28646231697512
56 -5.127632914111018 90.32667007477052
57 -3.6461031162180007 91.18021498086692
58 -4.536356584168971 92.38187517969644
59 -8.604556502774358 92.67153902025292
60 -8.433798687066883 93.69474938898811
61 -4.442355116829276 93.86112859581364
62 -7.921702773310244 95.24073532592021
63 -7.961599636357278 95.3630101766082
64 -7.671854920685291 96.09581961281374
65 -6.8062166213057935 97.90553231413178
66 -7.4593726471066475 98.07644230926206
67 -7.191172665916383 98.35872828331676
68 -7.927546811755747 98.57334710000995
69 -7.3962634722702205 98.77895390936838
70 -7.609130979515612 99.10163703819775
71 -7.342059028334916 99.47183807834362
72 -7.2239587707445025 101.36707045382526
73 -6.957227715291083 102.70820969163083
74 -7.1774908802472055 103.61971441966246
75 -6.527127646841109 104.00039883786899
76 -6.508029141463339 104.94014608739957
77 -7.03984522819519 105.28448326377394
78 -6.191561725921929 105.60678192821229
79 -5.524464014451951 106.95774051225432
80 -6.409933278802782 107.03525723063939
81 -5.9890172756277025 107.05410485829283
82 -5.224039321765304 107.36477417456501
83 -5.334784065838903 107.72369032284489
84 -6.582795407623053 107.78006757763964
85 -6.317198622971773 107.99397435655325
86 -5.76978489337489 108.08910889221833
87 -6.280390386004001 108.09776529440465
88 -5.423697260208428 108.24033506535473
89 -5.506961940787733 109.15712102315346
90 -5.7666728515177965 109.71287331230647
91 -5.61699778214097 110.25063890779474
92 -5.5105884075164795 110.45880856467717
93 -5.039131359662861 110.48639228144049
94 -5.33567323256284 111.92877271779909
95 -5.400067352224141 112.29467419620224
96 -5.198498197365552 112.73910566375015
97 -5.070436677429825 112.98274531176438
98 -4.9009975995868444 113.84616479719523
99 -3.833693536464125 114.84612239587612
100 -5.273631339427084 115.08707834021696
101 -4.011823081411421 115.41025719446112
102 -4.299154412467033 115.5646624637931
103 -4.105724990833551 115.87882502857741
104 -4.87376548582688 116.51927592390606
105 -5.042010944336653 116.69939038222442
106 -4.233700140379369 117.18809854794453
107 -4.367970704566687 117.29357601720739
108 -3.856690688058734 117.43241923864416
109 -4.404892568942159 119.84073495876005
110 -3.41729516396299 122.74776106687673
111 -3.5169613580219448 124.10172315382671
112 -2.9128395090810955 124.42382576156477
113 -3.4206662229262292 124.48179570258212
114 -3.3621773859485984 125.2590893824027
115 -3.2556264512240887 125.30457667780085
116 -3.2405094783753157 125.43458549438884
117 -2.037090165540576 129.13346806288703
118 -2.1118777063675225 129.67718524437547
119 -1.5615852740593255 131.40806576766226
train accuracy: 0.9977777777777778
validation accuracy: 0.985
