95.24073532592021
131.40806576766226
98.35872828331676
110.48639228144049
96.09581961281374
72.16624272108386
107.72369032284489
105.60678192821229
90.28646231697512
115.5646624637931
104.00039883786899
107.05410485829283
109.15712102315346
129.13346806288703
79.16074531670823
129.67718524437547
97.90553231413178
40.64550156746333
109.71287331230647
117.29357601720739
97.98267062376674
98.33538144974614
110.72183797133718
50.3041255275697
86.9758408508557
99.86064143612663
87.1120770664488
117.94663677456256
99.21976745414459
44.400037202724384
113.99986020045037
119.34136225828941
107.38004065465098
102.11031971531715
96.08110021380773
111.12038563308221
115.15682253013505
106.58457210794147
101.5775222607369
111.38108681341005
106.50400136289653
75.6665287139562
113.76421412225439
106.24068999902526
106.38449123842632
120.39279863778474
103.55363234919746
108.95005013959933
23.09725834962421
-4.704146241383741
106.56629495992536
85.41332667509997
115.64737714643313
100.05944261128323
49.105954917084695
117.29539676813503
103.93833178645781
78.67377429122583
101.74529689973909
13.709061518921528
106.50564083640002
88.55954907977608
-15.322157330910523
113.77649468294507
56.675944175157106
35.94038829508638
101.73783211939596
121.5933046899389
109.81941456884724
100.14786173359359
120.07835031936676
113.34389486046605
-66.16972235081109
111.48668596203069
-51.286351214822766
126.58567736075592
117.86566089392514
121.26007152218897
116.98161428974667
-58.56005495031103
-117.49670116206129
106.49741441317335
-119.71233159749993
-116.12079655491885
-67.33202050817168
-13.195148617145378
39.57473712106103
93.31406279527435
-71.30530621216495
-52.91283973699487
-106.18557053221062
-20.768866755839863
-84.93232111747095
-76.98717751156929
9.928004834459875
-105.06402468911415
64.04840960805574
112.00127638668651
-149.80384250191415
-116.05375638051726
-152.54909608243264
-141.83482163629247
-200.56727380210125
-129.05076442649784
-189.98475497703606
-160.77324044567837
-97.94411249009097
-162.10174486848607
-89.93764173688245
-149.02367879949108
-152.67117070058677
-153.85754177390484
-111.96254664558495
-120.65828833396853
-151.58885957111278
-153.5610297212146
-198.82941898749613
-202.83506396623847
-100.82791044992055
-132.7515462551241
[95.24073532592021, 131.40806576766226, 98.35872828331676, 110.48639228144049, 96.09581961281374, 72.16624272108386, 107.72369032284489, 105.60678192821229, 90.28646231697512, 115.5646624637931, 104.00039883786899, 107.05410485829283, 109.15712102315346, 129.13346806288703, 79.16074531670823, 129.67718524437547, 97.90553231413178, 40.64550156746333, 109.71287331230647, 117.29357601720739, 97.98267062376674, 98.33538144974614, 110.72183797133718, 50.3041255275697, 86.9758408508557, 99.86064143612663, 87.1120770664488, 117.94663677456256, 99.21976745414459, 44.400037202724384, 113.99986020045037, 119.34136225828941, 107.38004065465098, 102.11031971531715, 96.08110021380773, 111.12038563308221, 115.15682253013505, 106.58457210794147, 101.5775222607369, 111.38108681341005, 106.50400136289653, 75.6665287139562, 113.76421412225439, 106.24068999902526, 106.38449123842632, 120.39279863778474, 103.55363234919746, 108.95005013959933, 23.09725834962421, -4.704146241383741, 106.56629495992536, 85.41332667509997, 115.64737714643313, 100.05944261128323, 49.105954917084695, 117.29539676813503, 103.93833178645781, 78.67377429122583, 101.74529689973909, 13.709061518921528, 106.50564083640002, 88.55954907977608, -15.322157330910523, 113.77649468294507, 56.675944175157106, 35.94038829508638, 101.73783211939596, 121.5933046899389, 109.81941456884724, 100.14786173359359, 120.07835031936676, 113.34389486046605, -66.16972235081109, 111.48668596203069, -51.286351214822766, 126.58567736075592, 117.86566089392514, 121.26007152218897, 116.98161428974667, -58.56005495031103, -117.49670116206129, 106.49741441317335, -119.71233159749993, -116.12079655491885, -67.33202050817168, -13.195148617145378, 39.57473712106103, 93.31406279527435, -71.30530621216495, -52.91283973699487, -106.18557053221062, -20.768866755839863, -84.93232111747095, -76.98717751156929, 9.928004834459875, -105.06402468911415, 64.04840960805574, 112.00127638668651, -149.80384250191415, -116.05375638051726, -152.54909608243264, -141.83482163629247, -200.56727380210125, -129.05076442649784, -189.98475497703606, -160.77324044567837, -97.94411249009097, -162.10174486848607, -89.93764173688245, -149.02367879949108, -152.67117070058677, -153.85754177390484, -111.96254664558495, -120.65828833396853, -151.58885957111278, -153.5610297212146, -198.82941898749613, -202.83506396623847, -100.82791044992055, -132.7515462551241]
[[  95.241  131.408   98.359  110.486   96.096   72.166  107.724  105.607
    90.286  115.565  104.     107.054  109.157  129.133   79.161  129.677
    97.906   40.646  109.713  117.294]
 [  97.983   98.335  110.722   50.304   86.976   99.861   87.112  117.947
    99.22    44.4    114.     119.341  107.38   102.11    96.081  111.12
   115.157  106.585  101.578  111.381]
 [ 106.504   75.667  113.764  106.241  106.384  120.393  103.554  108.95
    23.097   -4.704  106.566   85.413  115.647  100.059   49.106  117.295
   103.938   78.674  101.745   13.709]
 [ 106.506   88.56   -15.322  113.776   56.676   35.94   101.738  121.593
   109.819  100.148  120.078  113.344  -66.17   111.487  -51.286  126.586
   117.866  121.26   116.982  -58.56 ]
 [-117.497  106.497 -119.712 -116.121  -67.332  -13.195   39.575   93.314
   -71.305  -52.913 -106.186  -20.769  -84.932  -76.987    9.928 -105.064
    64.048  112.001 -149.804 -116.054]
 [-152.549 -141.835 -200.567 -129.051 -189.985 -160.773  -97.944 -162.102
   -89.938 -149.024 -152.671 -153.858 -111.963 -120.658 -151.589 -153.561
  -198.829 -202.835 -100.828 -132.752]]
[ 102.334   98.88    86.6     73.551  -39.625 -147.666]
pybullet build time: Sep 28 2021 17:07:24
