95.24073532592021
131.40806576766226
98.35872828331676
110.48639228144049
96.09581961281374
72.16624272108386
107.72369032284489
105.60678192821229
90.28646231697512
115.5646624637931
104.00039883786899
107.05410485829283
109.15712102315346
129.13346806288703
79.16074531670823
129.67718524437547
97.90553231413178
40.64550156746333
109.71287331230647
117.29357601720739
109.48665730485189
91.60272715333286
113.2488470963864
110.85125808254102
112.76207432226151
113.05040681224455
105.13738415207287
104.73610489012496
97.7478266642276
105.16707151322423
105.28707680776391
102.94641669625715
102.90069637937839
94.02445350166361
111.25716313468534
88.72623560227599
101.45782426427407
101.66967376623745
95.16560320720848
112.8422406567012
107.00365607817274
93.12645575227286
99.0544900524439
115.51278994455217
94.49452408498901
107.28568605002853
107.85115688112376
92.94326566391517
97.45613346830615
98.27529521138196
92.74770253645406
96.7231946859066
110.93872841296664
94.00442865203323
101.23154711643038
95.14155362071025
59.935184079444575
117.03918029648618
118.13234217047399
115.77700863469259
111.85093107748244
104.22064846591057
112.7237864422861
110.89713267308086
103.74604833559347
88.92130066358925
103.48155069712556
62.488921428631606
121.46293864623188
102.0271322717153
59.62971369413299
100.79985692525
100.52772756115635
87.22772989057279
111.92994069924603
116.88752849471842
124.9247336769866
120.64500373039753
115.50632375822772
122.4362822693475
91.63770572892457
117.25006887097716
107.3167451581909
98.23904674486774
87.41726095615506
108.29211456223673
95.33765132509663
109.65070164648408
109.87719985460006
90.41877201996371
104.72038241645618
112.22795517477064
100.07627669926318
110.14753720559021
111.85155471895577
109.48025673474744
89.28926506224083
119.94422483939218
93.5858689322771
119.19867315102265
114.13996211977043
58.509422097981286
116.74113908059174
107.30286378512429
129.09310723406233
93.7212343690035
120.40649150191675
95.33316696494947
119.91048118002969
114.48900506500317
84.24774763064238
114.02566319774193
108.92909983813603
125.65685930407173
116.38739180035378
121.2238344693758
103.10118911230481
101.21784912185426
96.39291282699627
93.05596725398867
112.13193197839527
106.21453460405496
109.98235821840649
101.70121333549123
122.16483100927746
108.6901298785181
117.00855433169014
123.04202378563446
108.23634605736638
93.29286261533183
115.2503260886578
95.12188171499761
122.6059428993248
117.62719421079278
110.62889008554444
82.26207659857326
122.53474185267044
92.86211048073027
110.77401036377574
119.36569936160556
97.25260379584532
107.72313130675388
44.395875473943036
49.79100292304863
92.53914920657131
115.06457510534338
109.2181912097828
69.47200438987913
121.29877361463848
117.63745464863881
123.67841940283314
102.95274751743757
94.63120537619818
93.65124882844594
112.84613296978004
117.08223999968297
95.7457001908911
104.65679975738718
105.84338437506933
101.18755970940997
116.35321893715374
114.0620754738098
110.84752307155888
105.51765519492936
83.94205171463643
75.46580607708873
119.91836388540574
105.43145674299541
-75.35745444735184
112.43161081146819
120.03794571962656
122.84021457064156
107.749636226944
124.63885653213056
114.56658880207218
107.50269557661788
117.47650106122398
91.89978836606522
109.07201355737074
117.30677460749521
124.5964996923209
119.22038537731292
116.70473078831009
82.4362583884392
104.62553875530534
118.59658098405868
111.64189202006015
98.76358428147807
95.42033841956963
102.24405802740063
98.31842349611253
115.78837294793007
107.35060931193826
122.16097072216907
101.82332924713877
98.20971872918261
91.55600274724051
99.8746556319537
109.1988995050625
123.5313517100694
103.04758804264749
108.74365096113513
78.72252533689907
80.75622255841034
114.66064975330825
110.2796832157517
-67.75764899976431
73.32460762665453
115.43922497591156
95.6333087244489
109.19077469225306
103.04258527064546
119.6809189008866
118.20259302465051
67.63305547806112
93.26818588978168
121.90018630226072
107.31138539951863
72.15380546862374
44.308745912027646
29.40509377520768
115.23557913618963
93.40982482232724
98.77996747864111
92.12500959038168
110.23556298866303
111.61273195422261
97.5747576813563
-75.1403200719636
96.25199515431807
113.23543665582827
121.13359874847639
-61.56719058849898
11.83828038172212
-109.61258725861877
82.60833341682417
84.40942858049364
116.76877374942976
113.45415899193331
-75.85028658175759
114.42184872494697
21.493308335630147
102.53474781012008
83.68506609690067
-106.078951178135
84.90596674667717
113.42651452280631
95.15757060504826
113.68017535365479
111.43988959079984
112.89357517449132
113.2052455790807
-44.85703813097614
72.69435012164297
88.84313141591703
75.64569972023726
96.447982853412
-23.459497326054333
75.2695700109914
103.08560452220682
107.0255583872447
123.32449165648512
97.72237998825477
123.84790880311556
94.90818184283026
108.11315292945659
114.60718757394788
93.27722356229911
-113.51375220569268
-108.1184926127052
95.03224379517674
127.17383739340563
102.61513738781892
112.605042587872
109.84199624691132
103.207266806467
124.82570242815677
106.11731107056933
53.082806530997914
110.59218418920817
103.84990362703581
119.79732183999415
125.59627064420086
109.48085359242795
113.17184769910354
118.23306069345038
100.98213261105003
102.55608817156342
103.41704178358619
-52.32764801650518
-22.148117265856655
32.06229988179534
-32.67942003738009
109.8996818844387
115.30042197725035
108.89296004403158
99.54665739333448
6.368388894003232
96.77082743606702
81.61461603966403
-25.052706028110055
127.23704525986048
107.78404721124603
5.049227844527452
22.477348450627225
61.945689643748004
103.77560045637304
101.8992147742343
102.22639660867158
108.76934845954187
40.639961528955986
122.63339705162055
104.26678403040817
53.373520808482894
80.20727898342562
68.64578405746327
105.02009176466231
-70.69997451643462
87.2232716122261
106.39064204890535
15.862638718566016
105.65653642761526
-159.08724539219858
81.4194539879324
66.6042940675863
16.049701442511207
-111.63527490401204
103.22431726937964
69.56248884019386
113.32409003442437
0.8465603790292426
57.57381110333771
114.8037369933373
121.5169390945823
120.70496498470109
94.67622995746036
104.01997310489436
77.13866362880205
-73.19799712049759
-56.07919429439693
106.42140983978335
107.85578048069695
127.1739492188375
-47.04972419057652
-106.85188337288882
117.65166867240387
-62.320061666077876
108.60579335235099
123.97263223615802
-80.29046034575714
114.65411263457217
78.99633890424363
-53.978725243525744
39.36543248954622
-34.88075372910669
116.31459194948552
113.3401660075224
118.9853481071789
100.36377272553854
69.31926412964886
103.57418452250243
85.04454937398972
25.3734106175577
113.50684002253006
-66.10191704988007
111.7101316146225
96.44449089162137
43.37726990301116
-30.497231372124286
-118.16728662774797
92.32740196866352
127.25780701422161
122.21422556707165
59.82468342361121
44.73568981385749
26.436783818065745
110.27010759345373
57.683585388522076
96.76091177264405
-23.266972872337718
77.44463854651836
121.93321578606951
94.64432253558022
104.66083644765209
56.47495317780909
104.28249673409711
110.74184550770116
52.61935933269171
103.38922836558051
95.57462039975894
109.34862099906151
12.55718553443229
30.864532183288457
64.2188603881505
43.04754873728303
63.98389640076342
89.11638694154883
-27.510174504543006
116.02011104585846
93.11666360642369
-85.54303546370853
3.160956603237529
118.5169020999865
-86.64148221158885
-136.13159330384303
18.706849849734983
-97.21740875017178
31.869634216899026
-99.60411448199817
-61.627405038843186
-48.89900231987626
86.4965516073659
-120.89296616530564
87.27345034341432
-86.29176556099868
102.3101698100386
54.85036764067393
-18.697808589316843
-128.77344328132668
-62.37631944029982
-123.33205594186609
82.19874553267937
104.87376033029935
39.75913374018641
-51.76325532357677
107.79882798677887
-81.47456337098168
-150.57325263454536
-124.1313478693738
-87.38664245621297
-104.61603621208623
-100.55582347905882
-91.9176698922574
-37.667458695149506
64.88473506468942
-108.85805845037092
-37.54110281357605
51.09224546630545
-47.235438081853054
35.34682105957563
-9.960084778159924
-47.45239302094474
-89.6772238996867
81.52840300738552
-75.10883584410546
-54.05538616399246
45.93922749847462
34.46806446909981
63.78996041883762
-57.662606945459686
51.80473443117833
66.69334227046086
5.746855521114395
-77.2481238341589
114.01087733208972
-64.62626347498495
-72.64254943825671
-115.14408712080572
-97.90236469957782
86.14326796366647
-71.05361452972798
-55.897639092684855
9.959895696294215
-146.571894895516
92.27118574942752
-64.02990157015687
-105.08263651271128
-72.99463365299476
-125.64505934879622
69.08924424371504
-60.22177319226619
98.47085919155515
-96.52070763430429
-62.5420139413758
-99.12506968259576
10.338503385640095
-88.67990706859634
61.604002551813004
-69.8700122464957
115.20569452266542
-21.550625014303282
41.09699730168048
93.02963127389563
85.88856878484249
103.21412246563146
-99.38319415211684
-166.8976475318458
11.041001762337865
-65.58685297733157
-17.537877995486763
-100.38498621653402
-96.62050513655993
97.5150126461665
-55.01619214817382
-78.77518926489084
-87.87544921012024
-87.3516525594921
58.19621118883892
-100.53152150834106
-12.695646022870934
-140.13320420269056
-135.63885878585572
-107.13414343301933
-116.19180345967955
-127.32047169241106
-123.3664413711265
-78.07400810523708
-120.11481151973464
-140.87449759734747
-151.81474661305916
-107.64370239375106
-152.35097414317264
-99.71167057258452
-160.3312305494106
-110.46505465896558
-150.95826748490333
-118.5059116705016
-128.998192765255
-125.21952220337472
-129.72517688664433
-193.57275285092908
-109.07059527967762
-104.17115998237836
-187.65939476459198
-93.15593500767999
-123.15676551579155
-172.88930309147938
-142.69226935961902
-107.82759696251303
-133.69934915331368
-103.35366295521415
-92.64202595137786
-120.98303133500194
-132.77127084332437
-81.20350590052037
-169.581400703957
-154.01777082476087
-133.09139746784967
-92.99716347467164
-95.00362027229797
-168.53622021843668
-139.81268567697524
-173.29232939688524
-98.63472007040968
-151.08086789006592
-164.015966746954
-212.87524194404136
-126.75131688426211
-177.66364771574743
-128.33176468702112
-95.4886954099594
-154.0400106480786
-95.78047657332952
-234.37408929764095
-170.1601412257333
-86.31442193989096
-101.55634849913938
-166.69930400417584
-159.941742310946
-99.7952525040502
-134.0305812042607
-125.35288840145418
-160.52675243708006
-219.16320657568914
-161.34138546903569
-179.29342858722788
-138.5336200897779
-190.71439252717494
-177.7283245389278
-166.82597029532045
-146.70890262883935
-129.3886724910612
-123.09776128208325
-113.56264695425708
-119.16154533587448
-173.2342948419311
-159.9305895683567
-120.10931164791569
-160.59662227511413
-167.25321037776794
-136.42317293141377
-127.47844623995964
-168.47332309016724
-214.08278807339087
-163.216425063696
-156.1451572527688
-131.98425573825733
-141.6075319889131
-188.6294635915472
-156.00463113288163
-136.3286755231965
-176.20941342505904
-140.85375804013137
-158.53110141279367
-160.77259442900055
-71.02234390136341
-119.24126387512642
-94.1589963560205
-180.55439204638944
-138.71751571354733
[95.24073532592021, 131.40806576766226, 98.35872828331676, 110.48639228144049, 96.09581961281374, 72.16624272108386, 107.72369032284489, 105.60678192821229, 90.28646231697512, 115.5646624637931, 104.00039883786899, 107.05410485829283, 109.15712102315346, 129.13346806288703, 79.16074531670823, 129.67718524437547, 97.90553231413178, 40.64550156746333, 109.71287331230647, 117.29357601720739, 109.48665730485189, 91.60272715333286, 113.2488470963864, 110.85125808254102, 112.76207432226151, 113.05040681224455, 105.13738415207287, 104.73610489012496, 97.7478266642276, 105.16707151322423, 105.28707680776391, 102.94641669625715, 102.90069637937839, 94.02445350166361, 111.25716313468534, 88.72623560227599, 101.45782426427407, 101.66967376623745, 95.16560320720848, 112.8422406567012, 107.00365607817274, 93.12645575227286, 99.0544900524439, 115.51278994455217, 94.49452408498901, 107.28568605002853, 107.85115688112376, 92.94326566391517, 97.45613346830615, 98.27529521138196, 92.74770253645406, 96.7231946859066, 110.93872841296664, 94.00442865203323, 101.23154711643038, 95.14155362071025, 59.935184079444575, 117.03918029648618, 118.13234217047399, 115.77700863469259, 111.85093107748244, 104.22064846591057, 112.7237864422861, 110.89713267308086, 103.74604833559347, 88.92130066358925, 103.48155069712556, 62.488921428631606, 121.46293864623188, 102.0271322717153, 59.62971369413299, 100.79985692525, 100.52772756115635, 87.22772989057279, 111.92994069924603, 116.88752849471842, 124.9247336769866, 120.64500373039753, 115.50632375822772, 122.4362822693475, 91.63770572892457, 117.25006887097716, 107.3167451581909, 98.23904674486774, 87.41726095615506, 108.29211456223673, 95.33765132509663, 109.65070164648408, 109.87719985460006, 90.41877201996371, 104.72038241645618, 112.22795517477064, 100.07627669926318, 110.14753720559021, 111.85155471895577, 109.48025673474744, 89.28926506224083, 119.94422483939218, 93.5858689322771, 119.19867315102265, 114.13996211977043, 58.509422097981286, 116.74113908059174, 107.30286378512429, 129.09310723406233, 93.7212343690035, 120.40649150191675, 95.33316696494947, 119.91048118002969, 114.48900506500317, 84.24774763064238, 114.02566319774193, 108.92909983813603, 125.65685930407173, 116.38739180035378, 121.2238344693758, 103.10118911230481, 101.21784912185426, 96.39291282699627, 93.05596725398867, 112.13193197839527, 106.21453460405496, 109.98235821840649, 101.70121333549123, 122.16483100927746, 108.6901298785181, 117.00855433169014, 123.04202378563446, 108.23634605736638, 93.29286261533183, 115.2503260886578, 95.12188171499761, 122.6059428993248, 117.62719421079278, 110.62889008554444, 82.26207659857326, 122.53474185267044, 92.86211048073027, 110.77401036377574, 119.36569936160556, 97.25260379584532, 107.72313130675388, 44.395875473943036, 49.79100292304863, 92.53914920657131, 115.06457510534338, 109.2181912097828, 69.47200438987913, 121.29877361463848, 117.63745464863881, 123.67841940283314, 102.95274751743757, 94.63120537619818, 93.65124882844594, 112.84613296978004, 117.08223999968297, 95.7457001908911, 104.65679975738718, 105.84338437506933, 101.18755970940997, 116.35321893715374, 114.0620754738098, 110.84752307155888, 105.51765519492936, 83.94205171463643, 75.46580607708873, 119.91836388540574, 105.43145674299541, -75.35745444735184, 112.43161081146819, 120.03794571962656, 122.84021457064156, 107.749636226944, 124.63885653213056, 114.56658880207218, 107.50269557661788, 117.47650106122398, 91.89978836606522, 109.07201355737074, 117.30677460749521, 124.5964996923209, 119.22038537731292, 116.70473078831009, 82.4362583884392, 104.62553875530534, 118.59658098405868, 111.64189202006015, 98.76358428147807, 95.42033841956963, 102.24405802740063, 98.31842349611253, 115.78837294793007, 107.35060931193826, 122.16097072216907, 101.82332924713877, 98.20971872918261, 91.55600274724051, 99.8746556319537, 109.1988995050625, 123.5313517100694, 103.04758804264749, 108.74365096113513, 78.72252533689907, 80.75622255841034, 114.66064975330825, 110.2796832157517, -67.75764899976431, 73.32460762665453, 115.43922497591156, 95.6333087244489, 109.19077469225306, 103.04258527064546, 119.6809189008866, 118.20259302465051, 67.63305547806112, 93.26818588978168, 121.90018630226072, 107.31138539951863, 72.15380546862374, 44.308745912027646, 29.40509377520768, 115.23557913618963, 93.40982482232724, 98.77996747864111, 92.12500959038168, 110.23556298866303, 111.61273195422261, 97.5747576813563, -75.1403200719636, 96.25199515431807, 113.23543665582827, 121.13359874847639, -61.56719058849898, 11.83828038172212, -109.61258725861877, 82.60833341682417, 84.40942858049364, 116.76877374942976, 113.45415899193331, -75.85028658175759, 114.42184872494697, 21.493308335630147, 102.53474781012008, 83.68506609690067, -106.078951178135, 84.90596674667717, 113.42651452280631, 95.15757060504826, 113.68017535365479, 111.43988959079984, 112.89357517449132, 113.2052455790807, -44.85703813097614, 72.69435012164297, 88.84313141591703, 75.64569972023726, 96.447982853412, -23.459497326054333, 75.2695700109914, 103.08560452220682, 107.0255583872447, 123.32449165648512, 97.72237998825477, 123.84790880311556, 94.90818184283026, 108.11315292945659, 114.60718757394788, 93.27722356229911, -113.51375220569268, -108.1184926127052, 95.03224379517674, 127.17383739340563, 102.61513738781892, 112.605042587872, 109.84199624691132, 103.207266806467, 124.82570242815677, 106.11731107056933, 53.082806530997914, 110.59218418920817, 103.84990362703581, 119.79732183999415, 125.59627064420086, 109.48085359242795, 113.17184769910354, 118.23306069345038, 100.98213261105003, 102.55608817156342, 103.41704178358619, -52.32764801650518, -22.148117265856655, 32.06229988179534, -32.67942003738009, 109.8996818844387, 115.30042197725035, 108.89296004403158, 99.54665739333448, 6.368388894003232, 96.77082743606702, 81.61461603966403, -25.052706028110055, 127.23704525986048, 107.78404721124603, 5.049227844527452, 22.477348450627225, 61.945689643748004, 103.77560045637304, 101.8992147742343, 102.22639660867158, 108.76934845954187, 40.639961528955986, 122.63339705162055, 104.26678403040817, 53.373520808482894, 80.20727898342562, 68.64578405746327, 105.02009176466231, -70.69997451643462, 87.2232716122261, 106.39064204890535, 15.862638718566016, 105.65653642761526, -159.08724539219858, 81.4194539879324, 66.6042940675863, 16.049701442511207, -111.63527490401204, 103.22431726937964, 69.56248884019386, 113.32409003442437, 0.8465603790292426, 57.57381110333771, 114.8037369933373, 121.5169390945823, 120.70496498470109, 94.67622995746036, 104.01997310489436, 77.13866362880205, -73.19799712049759, -56.07919429439693, 106.42140983978335, 107.85578048069695, 127.1739492188375, -47.04972419057652, -106.85188337288882, 117.65166867240387, -62.320061666077876, 108.60579335235099, 123.97263223615802, -80.29046034575714, 114.65411263457217, 78.99633890424363, -53.978725243525744, 39.36543248954622, -34.88075372910669, 116.31459194948552, 113.3401660075224, 118.9853481071789, 100.36377272553854, 69.31926412964886, 103.57418452250243, 85.04454937398972, 25.3734106175577, 113.50684002253006, -66.10191704988007, 111.7101316146225, 96.44449089162137, 43.37726990301116, -30.497231372124286, -118.16728662774797, 92.32740196866352, 127.25780701422161, 122.21422556707165, 59.82468342361121, 44.73568981385749, 26.436783818065745, 110.27010759345373, 57.683585388522076, 96.76091177264405, -23.266972872337718, 77.44463854651836, 121.93321578606951, 94.64432253558022, 104.66083644765209, 56.47495317780909, 104.28249673409711, 110.74184550770116, 52.61935933269171, 103.38922836558051, 95.57462039975894, 109.34862099906151, 12.55718553443229, 30.864532183288457, 64.2188603881505, 43.04754873728303, 63.98389640076342, 89.11638694154883, -27.510174504543006, 116.02011104585846, 93.11666360642369, -85.54303546370853, 3.160956603237529, 118.5169020999865, -86.64148221158885, -136.13159330384303, 18.706849849734983, -97.21740875017178, 31.869634216899026, -99.60411448199817, -61.627405038843186, -48.89900231987626, 86.4965516073659, -120.89296616530564, 87.27345034341432, -86.29176556099868, 102.3101698100386, 54.85036764067393, -18.697808589316843, -128.77344328132668, -62.37631944029982, -123.33205594186609, 82.19874553267937, 104.87376033029935, 39.75913374018641, -51.76325532357677, 107.79882798677887, -81.47456337098168, -150.57325263454536, -124.1313478693738, -87.38664245621297, -104.61603621208623, -100.55582347905882, -91.9176698922574, -37.667458695149506, 64.88473506468942, -108.85805845037092, -37.54110281357605, 51.09224546630545, -47.235438081853054, 35.34682105957563, -9.960084778159924, -47.45239302094474, -89.6772238996867, 81.52840300738552, -75.10883584410546, -54.05538616399246, 45.93922749847462, 34.46806446909981, 63.78996041883762, -57.662606945459686, 51.80473443117833, 66.69334227046086, 5.746855521114395, -77.2481238341589, 114.01087733208972, -64.62626347498495, -72.64254943825671, -115.14408712080572, -97.90236469957782, 86.14326796366647, -71.05361452972798, -55.897639092684855, 9.959895696294215, -146.571894895516, 92.27118574942752, -64.02990157015687, -105.08263651271128, -72.99463365299476, -125.64505934879622, 69.08924424371504, -60.22177319226619, 98.47085919155515, -96.52070763430429, -62.5420139413758, -99.12506968259576, 10.338503385640095, -88.67990706859634, 61.604002551813004, -69.8700122464957, 115.20569452266542, -21.550625014303282, 41.09699730168048, 93.02963127389563, 85.88856878484249, 103.21412246563146, -99.38319415211684, -166.8976475318458, 11.041001762337865, -65.58685297733157, -17.537877995486763, -100.38498621653402, -96.62050513655993, 97.5150126461665, -55.01619214817382, -78.77518926489084, -87.87544921012024, -87.3516525594921, 58.19621118883892, -100.53152150834106, -12.695646022870934, -140.13320420269056, -135.63885878585572, -107.13414343301933, -116.19180345967955, -127.32047169241106, -123.3664413711265, -78.07400810523708, -120.11481151973464, -140.87449759734747, -151.81474661305916, -107.64370239375106, -152.35097414317264, -99.71167057258452, -160.3312305494106, -110.46505465896558, -150.95826748490333, -118.5059116705016, -128.998192765255, -125.21952220337472, -129.72517688664433, -193.57275285092908, -109.07059527967762, -104.17115998237836, -187.65939476459198, -93.15593500767999, -123.15676551579155, -172.88930309147938, -142.69226935961902, -107.82759696251303, -133.69934915331368, -103.35366295521415, -92.64202595137786, -120.98303133500194, -132.77127084332437, -81.20350590052037, -169.581400703957, -154.01777082476087, -133.09139746784967, -92.99716347467164, -95.00362027229797, -168.53622021843668, -139.81268567697524, -173.29232939688524, -98.63472007040968, -151.08086789006592, -164.015966746954, -212.87524194404136, -126.75131688426211, -177.66364771574743, -128.33176468702112, -95.4886954099594, -154.0400106480786, -95.78047657332952, -234.37408929764095, -170.1601412257333, -86.31442193989096, -101.55634849913938, -166.69930400417584, -159.941742310946, -99.7952525040502, -134.0305812042607, -125.35288840145418, -160.52675243708006, -219.16320657568914, -161.34138546903569, -179.29342858722788, -138.5336200897779, -190.71439252717494, -177.7283245389278, -166.82597029532045, -146.70890262883935, -129.3886724910612, -123.09776128208325, -113.56264695425708, -119.16154533587448, -173.2342948419311, -159.9305895683567, -120.10931164791569, -160.59662227511413, -167.25321037776794, -136.42317293141377, -127.47844623995964, -168.47332309016724, -214.08278807339087, -163.216425063696, -156.1451572527688, -131.98425573825733, -141.6075319889131, -188.6294635915472, -156.00463113288163, -136.3286755231965, -176.20941342505904, -140.85375804013137, -158.53110141279367, -160.77259442900055, -71.02234390136341, -119.24126387512642, -94.1589963560205, -180.55439204638944, -138.71751571354733]
[[  95.241  131.408   98.359  110.486   96.096   72.166  107.724  105.607
    90.286  115.565  104.     107.054  109.157  129.133   79.161  129.677
    97.906   40.646  109.713  117.294  109.487   91.603  113.249  110.851
   112.762  113.05   105.137  104.736   97.748  105.167  105.287  102.946
   102.901   94.024  111.257   88.726  101.458  101.67    95.166  112.842
   107.004   93.126   99.054  115.513   94.495  107.286  107.851   92.943
    97.456   98.275   92.748   96.723  110.939   94.004  101.232   95.142
    59.935  117.039  118.132  115.777  111.851  104.221  112.724  110.897
   103.746   88.921  103.482   62.489  121.463  102.027   59.63   100.8
   100.528   87.228  111.93   116.888  124.925  120.645  115.506  122.436
    91.638  117.25   107.317   98.239   87.417  108.292   95.338  109.651
   109.877   90.419  104.72   112.228  100.076  110.148  111.852  109.48
    89.289  119.944   93.586  119.199]
 [ 114.14    58.509  116.741  107.303  129.093   93.721  120.406   95.333
   119.91   114.489   84.248  114.026  108.929  125.657  116.387  121.224
   103.101  101.218   96.393   93.056  112.132  106.215  109.982  101.701
   122.165  108.69   117.009  123.042  108.236   93.293  115.25    95.122
   122.606  117.627  110.629   82.262  122.535   92.862  110.774  119.366
    97.253  107.723   44.396   49.791   92.539  115.065  109.218   69.472
   121.299  117.637  123.678  102.953   94.631   93.651  112.846  117.082
    95.746  104.657  105.843  101.188  116.353  114.062  110.848  105.518
    83.942   75.466  119.918  105.431  -75.357  112.432  120.038  122.84
   107.75   124.639  114.567  107.503  117.477   91.9    109.072  117.307
   124.596  119.22   116.705   82.436  104.626  118.597  111.642   98.764
    95.42   102.244   98.318  115.788  107.351  122.161  101.823   98.21
    91.556   99.875  109.199  123.531]
 [ 103.048  108.744   78.723   80.756  114.661  110.28   -67.758   73.325
   115.439   95.633  109.191  103.043  119.681  118.203   67.633   93.268
   121.9    107.311   72.154   44.309   29.405  115.236   93.41    98.78
    92.125  110.236  111.613   97.575  -75.14    96.252  113.235  121.134
   -61.567   11.838 -109.613   82.608   84.409  116.769  113.454  -75.85
   114.422   21.493  102.535   83.685 -106.079   84.906  113.427   95.158
   113.68   111.44   112.894  113.205  -44.857   72.694   88.843   75.646
    96.448  -23.459   75.27   103.086  107.026  123.324   97.722  123.848
    94.908  108.113  114.607   93.277 -113.514 -108.118   95.032  127.174
   102.615  112.605  109.842  103.207  124.826  106.117   53.083  110.592
   103.85   119.797  125.596  109.481  113.172  118.233  100.982  102.556
   103.417  -52.328  -22.148   32.062  -32.679  109.9    115.3    108.893
    99.547    6.368   96.771   81.615]
 [ -25.053  127.237  107.784    5.049   22.477   61.946  103.776  101.899
   102.226  108.769   40.64   122.633  104.267   53.374   80.207   68.646
   105.02   -70.7     87.223  106.391   15.863  105.657 -159.087   81.419
    66.604   16.05  -111.635  103.224   69.562  113.324    0.847   57.574
   114.804  121.517  120.705   94.676  104.02    77.139  -73.198  -56.079
   106.421  107.856  127.174  -47.05  -106.852  117.652  -62.32   108.606
   123.973  -80.29   114.654   78.996  -53.979   39.365  -34.881  116.315
   113.34   118.985  100.364   69.319  103.574   85.045   25.373  113.507
   -66.102  111.71    96.444   43.377  -30.497 -118.167   92.327  127.258
   122.214   59.825   44.736   26.437  110.27    57.684   96.761  -23.267
    77.445  121.933   94.644  104.661   56.475  104.282  110.742   52.619
   103.389   95.575  109.349   12.557   30.865   64.219   43.048   63.984
    89.116  -27.51   116.02    93.117]
 [ -85.543    3.161  118.517  -86.641 -136.132   18.707  -97.217   31.87
   -99.604  -61.627  -48.899   86.497 -120.893   87.273  -86.292  102.31
    54.85   -18.698 -128.773  -62.376 -123.332   82.199  104.874   39.759
   -51.763  107.799  -81.475 -150.573 -124.131  -87.387 -104.616 -100.556
   -91.918  -37.667   64.885 -108.858  -37.541   51.092  -47.235   35.347
    -9.96   -47.452  -89.677   81.528  -75.109  -54.055   45.939   34.468
    63.79   -57.663   51.805   66.693    5.747  -77.248  114.011  -64.626
   -72.643 -115.144  -97.902   86.143  -71.054  -55.898    9.96  -146.572
    92.271  -64.03  -105.083  -72.995 -125.645   69.089  -60.222   98.471
   -96.521  -62.542  -99.125   10.339  -88.68    61.604  -69.87   115.206
   -21.551   41.097   93.03    85.889  103.214  -99.383 -166.898   11.041
   -65.587  -17.538 -100.385  -96.621   97.515  -55.016  -78.775  -87.875
   -87.352   58.196 -100.532  -12.696]
 [-140.133 -135.639 -107.134 -116.192 -127.32  -123.366  -78.074 -120.115
  -140.874 -151.815 -107.644 -152.351  -99.712 -160.331 -110.465 -150.958
  -118.506 -128.998 -125.22  -129.725 -193.573 -109.071 -104.171 -187.659
   -93.156 -123.157 -172.889 -142.692 -107.828 -133.699 -103.354  -92.642
  -120.983 -132.771  -81.204 -169.581 -154.018 -133.091  -92.997  -95.004
  -168.536 -139.813 -173.292  -98.635 -151.081 -164.016 -212.875 -126.751
  -177.664 -128.332  -95.489 -154.04   -95.78  -234.374 -170.16   -86.314
  -101.556 -166.699 -159.942  -99.795 -134.031 -125.353 -160.527 -219.163
  -161.341 -179.293 -138.534 -190.714 -177.728 -166.826 -146.709 -129.389
  -123.098 -113.563 -119.162 -173.234 -159.931 -120.109 -160.597 -167.253
  -136.423 -127.478 -168.473 -214.083 -163.216 -156.145 -131.984 -141.608
  -188.629 -156.005 -136.329 -176.209 -140.854 -158.531 -160.773  -71.022
  -119.241  -94.159 -180.554 -138.718]]
[ 103.097  104.458   75.666   59.295  -25.635 -140.002]
pybullet build time: Sep 28 2021 17:07:24
