demo lengths 200
demos: (120, 200, 7)
demo_rewards: (120,)
[-147.46364928 -142.23388835 -122.62366971 -118.44560088 -116.1083748
 -115.4367786  -111.12884204 -110.83967461  -99.79565201  -99.64931501
  -96.59530824  -95.93196513  -95.2610607   -79.4622591   -76.17790383
  -73.19589637  -65.39617499  -62.455946    -61.13021271  -60.1343363
  -50.14643167  -48.67846358  -47.40424202  -43.39777325  -41.86614966
  -36.32048246  -32.74837227  -32.32929369  -25.77093927  -25.59499594
  -25.57213436  -22.39844637  -20.39120992  -14.48148891  -12.30909187
  -11.39102442  -10.90201702   -9.33568969    0.74191804    3.83189024
    3.98800904   10.76441523   12.93427412   14.20520687   24.91083686
   33.81267702   40.19882336   43.5062037    54.79421159   62.69478416
   74.22571892   84.10165836   88.64858938   92.13810233   95.59709195
   98.11620352   98.43438298  106.6069539   113.06528437  117.98751873
  131.64414318  132.2879436   133.11348989  145.24215615  158.38078213
  158.50808437  167.96954732  168.21394205  170.47202355  173.61957394
  174.15080882  181.61209907  183.63062646  195.24714457  197.54995255
  198.07853498  208.43810158  221.98821142  225.96493031  234.91253006
  236.4104291   245.5887449   245.81351896  246.75481392  249.51084172
  251.35714482  253.85724382  257.91690315  263.15565254  273.4391394
  276.57432091  281.20676917  283.08945277  285.72871086  290.13944852
  291.92437615  302.36442469  306.17125326  312.37244815  321.23740112
  321.29051072  321.65930958  325.94333209  327.94107559  337.7280743
  339.661882    342.79982242  347.93295476  353.38121002  354.05687467
  355.77598362  361.50704767  374.01284717  374.86035192  390.91142776
  409.5886739   424.42641682  425.34255271  430.80730528  445.22536513]
maximum traj length 200
num training_obs 1800
num training_labels 1800
num val_obs 200
num val_labels 200
ModuleList(
  (0): Linear(in_features=7, out_features=1, bias=False)
)
Total number of parameters: 7
Number of trainable paramters: 7
device: cuda:0
end of epoch 0: val_loss 0.00028884879620175494, val_acc 1.0
trigger times: 0
saving model weights...
Weights: OrderedDict([('fcs.0.weight', tensor([[ 3.8039e-04, -8.7807e-04, -3.5488e-04,  1.1235e-04,  1.7705e-03,
         -4.2675e-06,  2.9351e-02]], device='cuda:0'))])
end of epoch 1: val_loss 0.0007503567840393544, val_acc 1.0
trigger times: 1
end of epoch 2: val_loss 1.9073412666159584e-07, val_acc 1.0
trigger times: 0
saving model weights...
Weights: OrderedDict([('fcs.0.weight', tensor([[-0.0005,  0.0265,  0.0380,  0.0163,  0.0491, -0.0649,  0.0497]],
       device='cuda:0'))])
end of epoch 3: val_loss 6.7320339628906825e-06, val_acc 1.0
trigger times: 1
end of epoch 4: val_loss 3.224757435116743e-05, val_acc 1.0
trigger times: 2
end of epoch 5: val_loss 1.9871202921635245e-05, val_acc 1.0
trigger times: 3
end of epoch 6: val_loss 0.0005440608522286538, val_acc 1.0
trigger times: 4
end of epoch 7: val_loss 5.978097119410109e-06, val_acc 1.0
trigger times: 5
end of epoch 8: val_loss 0.000475543035721131, val_acc 1.0
trigger times: 6
end of epoch 9: val_loss 8.121870292434607e-06, val_acc 1.0
trigger times: 7
end of epoch 10: val_loss 1.4350818871875503e-05, val_acc 1.0
trigger times: 8
end of epoch 11: val_loss 1.6267786050043752e-05, val_acc 1.0
trigger times: 9
end of epoch 12: val_loss 0.00014976495272897239, val_acc 1.0
trigger times: 10
Early stopping.
0 -0.3623991336498875 -147.4636492765731
1 -0.733650675509125 -142.23388834828145
2 -0.3017010482144542 -122.62366970851606
3 -0.4757592648966238 -118.44560087924461
4 -0.355872739746701 -116.108374803282
5 -0.3643813224043697 -115.43677859764247
6 -0.5145478489575908 -111.12884203537087
7 -0.4351643769768998 -110.83967460658118
8 -0.4001139337196946 -99.7956520082127
9 -1.0216470664017834 -99.64931500624076
10 -0.09121375036193058 -96.59530823562386
11 -0.3345715460018255 -95.93196512830177
12 -0.14278077048948035 -95.26106070296488
13 -0.38704547355882823 -79.46225909654602
14 -0.9689685543999076 -76.17790382876726
15 -0.44873207459022524 -73.19589636713303
16 -0.7936247198376805 -65.39617499434047
17 -0.444906443473883 -62.45594599657271
18 -0.5180633527925238 -61.13021271290543
19 -0.8544678353937343 -60.13433630255377
20 0.01681935603846796 -50.14643167239018
21 -0.38870760606369004 -48.67846358399454
22 -0.4670120480004698 -47.40424201767414
23 0.017344246385619044 -43.397773251146276
24 0.006292599166044965 -41.86614966014691
25 -0.5961454235948622 -36.32048246348241
26 -0.6908544341567904 -32.74837227240138
27 -0.05088611366227269 -32.32929369302946
28 -0.5262115203076974 -25.770939267539205
29 0.5339336892939173 -25.594995938321564
30 0.1355768381326925 -25.57213435865645
31 0.0849641945969779 -22.39844636520923
32 0.4251301387703279 -20.391209924013385
33 -0.18670514121185988 -14.481488913331033
34 0.1996680095035117 -12.309091865555642
35 0.07071569429535884 -11.391024421481049
36 0.08080011757556349 -10.902017021977287
37 0.11427205172367394 -9.335689694740658
38 1.685464428825071 0.7419180430902008
39 0.09001083113253117 3.8318902357964784
40 0.43561804917408153 3.9880090400704225
41 2.533244239515625 10.764415234755278
42 0.756774210720323 12.934274123226212
43 1.0441064311889932 14.205206874791333
44 1.1584946595830843 24.910836857676962
45 1.587737700669095 33.81267702300805
46 2.4234065117198043 40.198823361309046
47 2.1772008310072124 43.50620370379428
48 2.0853815115988255 54.79421159291256
49 2.8269332902273163 62.69478416198752
50 3.4817593336920254 74.22571892062575
51 2.8761091022752225 84.10165836377381
52 4.8898682503495365 88.64858937911765
53 8.289920237271872 92.13810232868671
54 3.0419979902217165 95.5970919455078
55 4.426096741924994 98.11620351598519
56 7.765692082233727 98.43438297600927
57 3.7584357443265617 106.6069538993196
58 6.115757395513356 113.06528436824188
59 5.359059398062527 117.98751873386719
60 4.590376275125891 131.64414317765036
61 5.357128219678998 132.28794359627105
62 4.168343885918148 133.11348989265034
63 3.9907812259043567 145.24215614623898
64 5.681292638764717 158.38078213380754
65 5.112169705738779 158.50808436766704
66 7.631574231549166 167.96954732210003
67 10.874969592085108 168.2139420510252
68 6.920084384968504 170.47202355350058
69 7.033503767452203 173.61957394095663
70 7.794130250404123 174.15080882295382
71 7.592234900570475 181.61209907304905
72 8.982023688964546 183.630626461537
73 8.562951965548564 195.24714457233625
74 12.16981275510625 197.54995255175572
75 10.934864274808206 198.07853498456498
76 10.068677694333019 208.43810157983071
77 8.821089234552346 221.98821142020677
78 7.33527928206604 225.96493030587686
79 6.146947114379145 234.912530058772
80 7.790492087253369 236.41042909711607
81 11.210509978584014 245.5887448959621
82 10.019884056178853 245.81351895912266
83 10.604728240519762 246.75481391697613
84 12.078640612628078 249.51084171854058
85 9.511718265130185 251.3571448151926
86 13.802749012771528 253.85724381515183
87 7.928228399425279 257.91690314903366
88 8.019755022367463 263.15565253602887
89 12.591164960351307 273.43913939999
90 9.425887803547084 276.57432091057194
91 11.170598802273162 281.20676916848015
92 16.073514802381396 283.0894527688991
93 13.231438387767412 285.72871085599655
94 13.829404623014852 290.13944852415955
95 12.307840975699946 291.9243761531606
96 11.79084981919732 302.3644246881209
97 14.735754407534841 306.1712532575959
98 10.935065782105085 312.3724481497734
99 9.731781146372668 321.2374011234209
100 11.70652290887665 321.2905107198387
101 12.10375858671614 321.65930957943124
102 12.18293018368422 325.94333208988763
103 11.61997150973184 327.9410755934301
104 12.992454367747996 337.728074301983
105 14.860880585736595 339.66188199747455
106 17.165587423020042 342.7998224222616
107 11.938105269975495 347.9329547559379
108 9.655787282506935 353.3812100160134
109 14.54397167742718 354.05687466597453
110 11.985755687870551 355.7759836246162
111 16.732473415555432 361.50704766788135
112 18.37994543556124 374.0128471692673
113 15.995589351397939 374.8603519157193
114 14.821832457120763 390.9114277638717
115 15.72196152061224 409.58867389683314
116 18.446483214618638 424.42641682066693
117 17.645103775314055 425.3425527059334
118 16.724259910872206 430.80730528172944
119 18.602673974703066 445.2253651296969
train accuracy: 1.0
validation accuracy: 1.0
