[[  95.241  131.408   98.359  110.486   96.096   72.166  107.724  105.607
    90.286  115.565  104.     107.054  109.157  129.133   79.161  129.677
    97.906   40.646  109.713  117.294]
 [ 108.795   91.526  107.688   14.99    87.505  108.586  116.385   90.725
   112.592   98.926  129.797   99.09   106.68    21.802  119.011  120.89
   105.403   80.256  113.453  101.359]
 [  50.09   107.444   96.503  100.078  106.379  120.853  104.796  106.811
   -19.658  121.409   40.699  118.292  116.298  103.742  115.77    94.286
   -16.745  104.36   114.86   130.618]
 [   4.235  -13.719  122.305  106.269   94.141 -107.458   62.588  115.048
   103.569   68.713  116.42   111.463  117.08    57.291   69.485   10.179
    13.541   98.273   97.458   99.893]
 [ -58.688   74.223    5.095   60.514  -98.896 -105.499 -101.91    65.396
  -101.663  -85.419  -79.477  -60.56   -22.79   -77.343  -83.18    91.958
    92.992   31.12   -93.319   63.475]
 [-146.54  -196.984 -129.527 -119.679 -172.738 -193.754 -238.565 -172.585
  -226.825 -144.916 -115.008  -95.191 -173.388 -194.402 -148.806 -119.533
  -113.495 -144.51  -208.898 -226.224]]
[ 102.334   96.773   90.844   67.339  -24.199 -164.078]
pybullet build time: Sep 28 2021 17:07:24
