95.24073532592021
131.40806576766226
98.35872828331676
110.48639228144049
96.09581961281374
72.16624272108386
107.72369032284489
105.60678192821229
90.28646231697512
115.5646624637931
104.00039883786899
107.05410485829283
109.15712102315346
129.13346806288703
79.16074531670823
129.67718524437547
97.90553231413178
40.64550156746333
109.71287331230647
117.29357601720739
109.48665730485189
91.60272715333286
113.2488470963864
110.85125808254102
112.76207432226151
113.05040681224455
105.13738415207287
104.73610489012496
97.7478266642276
105.16707151322423
105.28707680776391
102.94641669625715
102.90069637937839
94.02445350166361
111.25716313468534
88.72623560227599
101.45782426427407
101.66967376623745
95.16560320720848
112.8422406567012
107.00365607817274
93.12645575227286
99.0544900524439
115.51278994455217
94.49452408498901
107.28568605002853
107.85115688112376
92.94326566391517
97.45613346830615
98.27529521138196
92.74770253645406
96.7231946859066
110.93872841296664
94.00442865203323
101.23154711643038
95.14155362071025
59.935184079444575
117.03918029648618
118.13234217047399
115.77700863469259
111.85093107748244
104.22064846591057
112.7237864422861
110.89713267308086
103.74604833559347
88.92130066358925
103.48155069712556
62.488921428631606
121.46293864623188
102.0271322717153
59.62971369413299
100.79985692525
100.52772756115635
87.22772989057279
111.92994069924603
116.88752849471842
124.9247336769866
120.64500373039753
115.50632375822772
122.4362822693475
91.63770572892457
117.25006887097716
107.3167451581909
98.23904674486774
87.41726095615506
108.29211456223673
95.33765132509663
109.65070164648408
109.87719985460006
90.41877201996371
104.72038241645618
112.22795517477064
100.07627669926318
110.14753720559021
111.85155471895577
109.48025673474744
89.28926506224083
119.94422483939218
93.5858689322771
119.19867315102265
98.30904429256644
-18.39304230301369
-64.69436436566208
88.88510935279056
121.65254712358981
41.45729730148028
118.86161927344035
51.12155369392743
126.50073621756295
-69.64281354781654
94.38403271203251
103.49769849395464
114.34808250273237
109.98807966317712
55.32872052763595
121.7888958729173
112.41192290106524
92.60708216532639
100.7139924636561
110.95914371536568
111.70744041143081
99.66656798157493
129.16327106319252
97.4086315553683
-9.807807077904712
105.97194639944308
113.79891120521259
114.98677002551274
114.65681215500634
113.61383821347772
108.10108189443592
93.97595384182156
101.59345633294132
110.22922595125252
62.910271965125276
117.72761618210868
106.33992648844928
110.99691010840385
116.48537987668206
119.41200539614435
107.38855252619815
100.27407419104118
115.18447298589977
110.31136723907494
103.21997415277957
111.30591699374888
103.64207204037537
83.44748884591709
94.70695222432356
97.49189529492803
123.0572181505206
85.06330396348385
114.09542535835871
104.77815541393544
102.6950888222949
103.34766518817571
118.92214862236892
119.1110275086421
73.75930250174174
86.23927399236307
120.67883697816522
87.56536819508942
12.866648274794205
-212.81634408215433
113.914658500542
101.39605285131601
121.20001141296595
112.08629682671419
83.10969039971685
108.30033222179938
99.09839977999232
117.67690618918012
113.27435603223358
56.53310269953767
109.02364179483484
97.0370609539425
120.44868426033396
114.38367380421433
123.36868464427633
88.63844645179933
121.55366268073328
107.38381984536534
74.35430694308613
1.2016439249649657
22.770935349552488
109.46312950340226
107.93263704744759
-44.002104166364624
104.83704426487455
86.6794028021091
109.67310133169997
98.99700959373021
99.98984737321373
98.30581114267817
110.68937341810772
93.17061870115316
115.84781577342345
98.22795855051577
113.23005232522995
110.09957005289122
-109.74096524445572
87.1842047218214
113.22463094770525
123.3122091521732
102.15757176254753
120.21679065451826
122.16063096198882
101.41147682869787
104.7919991141721
104.28214481302257
102.95288850650293
86.6970650017114
106.96221110425078
116.8940207700834
48.68401550830132
108.80507504445112
43.610716963123046
-142.82990134187907
89.31417483994001
41.309362491275664
105.29918229025749
95.97074490725822
110.73190260222506
113.81167835583287
100.72782342170851
123.13534600925777
107.86208519731727
116.69755485085822
109.88257122349738
101.91646379869185
122.31611494215156
110.56003421388017
104.28591373190143
101.94800766985381
102.53196574274304
84.6227141408144
91.9732035124805
-115.98543071828468
102.77589994613953
102.69183371285537
104.03705708694991
-8.156875263031893
106.70261073386278
110.94308308331108
104.81539099490057
80.78662043778016
107.58548134539589
15.099004980971426
102.5151457181403
106.37810168786902
99.58129401306809
106.93575126267393
83.04245103384233
93.39325808805569
117.22597414378707
108.59114961406105
97.29766122184827
115.22796456268038
121.28366072717279
105.29771036114887
86.03963738044696
99.3772014171588
97.06135719572929
-50.18638365740894
101.40078027768163
100.61765530009221
117.8956123746106
112.92380270564851
74.74370061634109
33.89597837626357
19.114630250965913
102.66623424139107
112.56551700859094
62.956233645883316
96.05970797130391
37.64824822008352
128.28594735404624
106.44921051321873
110.25222981806348
102.39283177181743
110.49831479777582
46.4870066746195
66.65176815239684
106.55594390896393
-16.577823891248187
115.55200247258705
105.98636373684434
125.53632951180465
109.43437912272253
101.65768872838179
109.28343928434384
103.14128957823273
-37.07137769395688
61.9115892840772
90.03588099124767
27.275625417640956
123.43155989938795
46.660044721594645
113.46419630706008
112.52474456193906
-78.93127453383495
57.226371327437256
115.58288962091201
97.40606308628882
-47.364243308673224
4.391125311122138
14.16280044136061
-64.38616900969481
112.40783297876435
120.00979834840732
70.2198879126005
122.03062509380239
108.90643756041213
125.15372993632678
-99.43041685046225
61.24368631302245
10.393140394400248
-9.98967346147951
35.3282766531925
104.62904077420939
71.02232897091574
113.0386284727785
103.79305882156375
60.0596431752843
124.78252349873688
101.13406431741527
82.52879465455038
28.3534494326622
-19.665567322542078
108.47851840016067
101.59515103989196
-61.832707498385794
115.38467872685156
121.18819244562732
113.12927194897355
-73.43533678038898
106.17674599187998
108.98948671272592
-94.58317020050946
-60.58557251197333
61.16721892937236
95.65757903654114
116.40912992808698
7.3716433843354725
94.59558367023364
110.2199449760701
120.95758699750031
48.76791392611698
108.42202402070534
19.68841426895027
-54.02869438231315
75.60045300881319
109.98090341473555
109.38845280971431
-17.894229665997518
-68.22321246226888
74.52009718850857
74.16642879529836
-46.7404198523325
22.599923792147663
-9.445030569147702
93.01206781695451
109.46715127549972
113.76410836541501
-23.914836259576617
116.87016060793556
105.32743419280547
109.79823748296951
-53.7717172929089
110.8939998261664
84.60794783988266
104.02868598288728
-86.41243607615645
61.721231382942186
118.21095938264862
-121.00251435099695
26.040317765614958
114.57435167096362
106.36020102274973
115.55753188126457
75.20880651411579
-113.74088992169285
13.803479796636175
-28.55749935946597
98.00733771101275
105.3535778961343
119.50188004401194
104.32844761892243
107.38679905123125
60.66663327981489
98.63427012107226
69.57132411984053
119.39201767282212
15.52393207598192
18.822385271542206
119.79810463525239
-29.975297356562777
105.36569323587732
110.90685432874
107.67319198045807
-89.3841001213564
-87.42660979145124
-92.8979303564507
-81.10304627388233
-51.98021044172487
-57.11406719155705
113.13343192144424
-75.42567215789506
-97.16773077246813
-109.19334082407444
-34.422953133203386
-68.84076095541566
-53.48217255703371
-15.59812080503413
-73.19530312391171
-3.478122343377186
-142.25579964578884
-26.28729123163481
-75.10349133347289
47.28086901247352
-8.60864814894148
-119.23960778282489
91.26366086251498
-104.67526007957441
-97.29515741505165
-82.57963091660334
-107.20485308078152
-60.79759946833493
13.658419238403882
78.5789123057823
-103.86048787021633
-108.92601961804714
-41.34164161686421
-83.50231307405954
-87.85804643161941
115.79081555252048
-58.86464770213359
-103.56904332901068
-114.32692489205132
-61.52936557873143
-54.62219359402158
105.51149231946512
-93.21431081020184
-75.15954340286963
-168.82234243217235
-17.873346071780723
-81.51029249206266
-98.71699647345929
-93.26106909619017
-120.43884455719858
-51.02746724015996
-61.121867279065384
45.847204978810744
-93.65194804425082
-52.064234574671836
-79.57491776808787
96.5635655275869
100.69934225565919
-109.70582407011695
61.909396863031894
105.07530891556718
-55.98005164634295
-38.75053697775145
-156.309369054906
108.79618564964792
-83.71919512132207
63.33420589222272
-26.567723223213005
-106.88197909606204
-16.327543000184324
-93.98979962825554
-130.7953934328566
-138.74180851602338
76.81970079324653
-58.41914348900945
70.02787956138492
-97.06872898415749
4.50239876446602
-56.33695807200816
6.939916695903382
5.349889888619666
81.71734769832564
-38.83643798312607
21.612674057049396
-49.32589884459682
-66.3671010423823
-137.7032154372349
-23.596876498661274
-71.68052204884147
-158.04298556630727
-22.990059674851558
98.2715284741641
105.64262241934613
23.813846975647273
-41.319786333744716
-76.13889176981371
20.624321196709865
102.13742165550902
-104.08947118640833
-72.53293291859586
-156.85893680744456
-93.09297810903709
-86.85837938314953
-197.89608096754137
-174.9356307992529
-123.92919932025677
-121.87678353442057
-158.87636513678802
-162.27835375135194
-179.667337952254
-196.5100951148493
-126.31781949885597
-187.62731076212796
-178.60223175327977
-138.7468395072135
-154.3358216526933
-148.7271138431488
-157.90804967709778
-131.9650552733785
-135.45098856908942
-172.51188918500713
-171.26879117177472
-163.7435153024739
-146.86811258593855
-144.25236247763658
-219.43075097417423
-128.32694421990925
-176.44883415868182
-140.0066570344436
-147.81955688401746
-131.2641559741932
-161.3403398907633
-155.71588133405302
-157.39611967600473
-139.39750075903964
-67.43743251350314
-175.94129909050434
-125.03310894099502
-182.73798739601133
-140.28179004175576
-140.07469568266202
-182.38129777110197
-209.6424729302032
-133.18171153593005
-157.23779089329466
-104.3924638533156
-159.05188218085075
-176.13440359013563
-192.473774177312
-171.0736706557488
-129.84992020639996
-112.57777667960868
-120.72651581178894
-160.80463053851597
-114.22087604941629
-136.52280116157925
-142.68845359917853
-108.23022892951727
-166.09854236214278
-169.9388350548596
-135.49473788379726
-119.76985880523866
-128.59589139385943
-89.22252985747011
-188.7107736381658
-160.61083689318625
-139.79904743018577
-128.45202613991836
-167.90948985865631
-178.00590130934125
-143.66941510262416
-93.5123399780435
-133.55850879070732
-205.07556628053604
-139.84717426035036
-152.46432539312255
-113.11755497299674
-192.8142226658079
-172.23243601395848
-101.9175336051604
-116.44368746363659
-182.5283731236188
-140.6075793986005
-136.29350222747777
-198.57263431712406
-107.79260712734694
-123.25836865653612
-156.48628239307135
-89.353465881875
-212.57530772656528
-137.47459429683485
-146.8325816155115
-208.63284366406936
-153.1714962932013
-139.91435081013154
-155.95956673130843
-120.5461587638035
-114.96906576008915
-93.14300893647281
-170.99354478060104
[95.24073532592021, 131.40806576766226, 98.35872828331676, 110.48639228144049, 96.09581961281374, 72.16624272108386, 107.72369032284489, 105.60678192821229, 90.28646231697512, 115.5646624637931, 104.00039883786899, 107.05410485829283, 109.15712102315346, 129.13346806288703, 79.16074531670823, 129.67718524437547, 97.90553231413178, 40.64550156746333, 109.71287331230647, 117.29357601720739, 109.48665730485189, 91.60272715333286, 113.2488470963864, 110.85125808254102, 112.76207432226151, 113.05040681224455, 105.13738415207287, 104.73610489012496, 97.7478266642276, 105.16707151322423, 105.28707680776391, 102.94641669625715, 102.90069637937839, 94.02445350166361, 111.25716313468534, 88.72623560227599, 101.45782426427407, 101.66967376623745, 95.16560320720848, 112.8422406567012, 107.00365607817274, 93.12645575227286, 99.0544900524439, 115.51278994455217, 94.49452408498901, 107.28568605002853, 107.85115688112376, 92.94326566391517, 97.45613346830615, 98.27529521138196, 92.74770253645406, 96.7231946859066, 110.93872841296664, 94.00442865203323, 101.23154711643038, 95.14155362071025, 59.935184079444575, 117.03918029648618, 118.13234217047399, 115.77700863469259, 111.85093107748244, 104.22064846591057, 112.7237864422861, 110.89713267308086, 103.74604833559347, 88.92130066358925, 103.48155069712556, 62.488921428631606, 121.46293864623188, 102.0271322717153, 59.62971369413299, 100.79985692525, 100.52772756115635, 87.22772989057279, 111.92994069924603, 116.88752849471842, 124.9247336769866, 120.64500373039753, 115.50632375822772, 122.4362822693475, 91.63770572892457, 117.25006887097716, 107.3167451581909, 98.23904674486774, 87.41726095615506, 108.29211456223673, 95.33765132509663, 109.65070164648408, 109.87719985460006, 90.41877201996371, 104.72038241645618, 112.22795517477064, 100.07627669926318, 110.14753720559021, 111.85155471895577, 109.48025673474744, 89.28926506224083, 119.94422483939218, 93.5858689322771, 119.19867315102265, 98.30904429256644, -18.39304230301369, -64.69436436566208, 88.88510935279056, 121.65254712358981, 41.45729730148028, 118.86161927344035, 51.12155369392743, 126.50073621756295, -69.64281354781654, 94.38403271203251, 103.49769849395464, 114.34808250273237, 109.98807966317712, 55.32872052763595, 121.7888958729173, 112.41192290106524, 92.60708216532639, 100.7139924636561, 110.95914371536568, 111.70744041143081, 99.66656798157493, 129.16327106319252, 97.4086315553683, -9.807807077904712, 105.97194639944308, 113.79891120521259, 114.98677002551274, 114.65681215500634, 113.61383821347772, 108.10108189443592, 93.97595384182156, 101.59345633294132, 110.22922595125252, 62.910271965125276, 117.72761618210868, 106.33992648844928, 110.99691010840385, 116.48537987668206, 119.41200539614435, 107.38855252619815, 100.27407419104118, 115.18447298589977, 110.31136723907494, 103.21997415277957, 111.30591699374888, 103.64207204037537, 83.44748884591709, 94.70695222432356, 97.49189529492803, 123.0572181505206, 85.06330396348385, 114.09542535835871, 104.77815541393544, 102.6950888222949, 103.34766518817571, 118.92214862236892, 119.1110275086421, 73.75930250174174, 86.23927399236307, 120.67883697816522, 87.56536819508942, 12.866648274794205, -212.81634408215433, 113.914658500542, 101.39605285131601, 121.20001141296595, 112.08629682671419, 83.10969039971685, 108.30033222179938, 99.09839977999232, 117.67690618918012, 113.27435603223358, 56.53310269953767, 109.02364179483484, 97.0370609539425, 120.44868426033396, 114.38367380421433, 123.36868464427633, 88.63844645179933, 121.55366268073328, 107.38381984536534, 74.35430694308613, 1.2016439249649657, 22.770935349552488, 109.46312950340226, 107.93263704744759, -44.002104166364624, 104.83704426487455, 86.6794028021091, 109.67310133169997, 98.99700959373021, 99.98984737321373, 98.30581114267817, 110.68937341810772, 93.17061870115316, 115.84781577342345, 98.22795855051577, 113.23005232522995, 110.09957005289122, -109.74096524445572, 87.1842047218214, 113.22463094770525, 123.3122091521732, 102.15757176254753, 120.21679065451826, 122.16063096198882, 101.41147682869787, 104.7919991141721, 104.28214481302257, 102.95288850650293, 86.6970650017114, 106.96221110425078, 116.8940207700834, 48.68401550830132, 108.80507504445112, 43.610716963123046, -142.82990134187907, 89.31417483994001, 41.309362491275664, 105.29918229025749, 95.97074490725822, 110.73190260222506, 113.81167835583287, 100.72782342170851, 123.13534600925777, 107.86208519731727, 116.69755485085822, 109.88257122349738, 101.91646379869185, 122.31611494215156, 110.56003421388017, 104.28591373190143, 101.94800766985381, 102.53196574274304, 84.6227141408144, 91.9732035124805, -115.98543071828468, 102.77589994613953, 102.69183371285537, 104.03705708694991, -8.156875263031893, 106.70261073386278, 110.94308308331108, 104.81539099490057, 80.78662043778016, 107.58548134539589, 15.099004980971426, 102.5151457181403, 106.37810168786902, 99.58129401306809, 106.93575126267393, 83.04245103384233, 93.39325808805569, 117.22597414378707, 108.59114961406105, 97.29766122184827, 115.22796456268038, 121.28366072717279, 105.29771036114887, 86.03963738044696, 99.3772014171588, 97.06135719572929, -50.18638365740894, 101.40078027768163, 100.61765530009221, 117.8956123746106, 112.92380270564851, 74.74370061634109, 33.89597837626357, 19.114630250965913, 102.66623424139107, 112.56551700859094, 62.956233645883316, 96.05970797130391, 37.64824822008352, 128.28594735404624, 106.44921051321873, 110.25222981806348, 102.39283177181743, 110.49831479777582, 46.4870066746195, 66.65176815239684, 106.55594390896393, -16.577823891248187, 115.55200247258705, 105.98636373684434, 125.53632951180465, 109.43437912272253, 101.65768872838179, 109.28343928434384, 103.14128957823273, -37.07137769395688, 61.9115892840772, 90.03588099124767, 27.275625417640956, 123.43155989938795, 46.660044721594645, 113.46419630706008, 112.52474456193906, -78.93127453383495, 57.226371327437256, 115.58288962091201, 97.40606308628882, -47.364243308673224, 4.391125311122138, 14.16280044136061, -64.38616900969481, 112.40783297876435, 120.00979834840732, 70.2198879126005, 122.03062509380239, 108.90643756041213, 125.15372993632678, -99.43041685046225, 61.24368631302245, 10.393140394400248, -9.98967346147951, 35.3282766531925, 104.62904077420939, 71.02232897091574, 113.0386284727785, 103.79305882156375, 60.0596431752843, 124.78252349873688, 101.13406431741527, 82.52879465455038, 28.3534494326622, -19.665567322542078, 108.47851840016067, 101.59515103989196, -61.832707498385794, 115.38467872685156, 121.18819244562732, 113.12927194897355, -73.43533678038898, 106.17674599187998, 108.98948671272592, -94.58317020050946, -60.58557251197333, 61.16721892937236, 95.65757903654114, 116.40912992808698, 7.3716433843354725, 94.59558367023364, 110.2199449760701, 120.95758699750031, 48.76791392611698, 108.42202402070534, 19.68841426895027, -54.02869438231315, 75.60045300881319, 109.98090341473555, 109.38845280971431, -17.894229665997518, -68.22321246226888, 74.52009718850857, 74.16642879529836, -46.7404198523325, 22.599923792147663, -9.445030569147702, 93.01206781695451, 109.46715127549972, 113.76410836541501, -23.914836259576617, 116.87016060793556, 105.32743419280547, 109.79823748296951, -53.7717172929089, 110.8939998261664, 84.60794783988266, 104.02868598288728, -86.41243607615645, 61.721231382942186, 118.21095938264862, -121.00251435099695, 26.040317765614958, 114.57435167096362, 106.36020102274973, 115.55753188126457, 75.20880651411579, -113.74088992169285, 13.803479796636175, -28.55749935946597, 98.00733771101275, 105.3535778961343, 119.50188004401194, 104.32844761892243, 107.38679905123125, 60.66663327981489, 98.63427012107226, 69.57132411984053, 119.39201767282212, 15.52393207598192, 18.822385271542206, 119.79810463525239, -29.975297356562777, 105.36569323587732, 110.90685432874, 107.67319198045807, -89.3841001213564, -87.42660979145124, -92.8979303564507, -81.10304627388233, -51.98021044172487, -57.11406719155705, 113.13343192144424, -75.42567215789506, -97.16773077246813, -109.19334082407444, -34.422953133203386, -68.84076095541566, -53.48217255703371, -15.59812080503413, -73.19530312391171, -3.478122343377186, -142.25579964578884, -26.28729123163481, -75.10349133347289, 47.28086901247352, -8.60864814894148, -119.23960778282489, 91.26366086251498, -104.67526007957441, -97.29515741505165, -82.57963091660334, -107.20485308078152, -60.79759946833493, 13.658419238403882, 78.5789123057823, -103.86048787021633, -108.92601961804714, -41.34164161686421, -83.50231307405954, -87.85804643161941, 115.79081555252048, -58.86464770213359, -103.56904332901068, -114.32692489205132, -61.52936557873143, -54.62219359402158, 105.51149231946512, -93.21431081020184, -75.15954340286963, -168.82234243217235, -17.873346071780723, -81.51029249206266, -98.71699647345929, -93.26106909619017, -120.43884455719858, -51.02746724015996, -61.121867279065384, 45.847204978810744, -93.65194804425082, -52.064234574671836, -79.57491776808787, 96.5635655275869, 100.69934225565919, -109.70582407011695, 61.909396863031894, 105.07530891556718, -55.98005164634295, -38.75053697775145, -156.309369054906, 108.79618564964792, -83.71919512132207, 63.33420589222272, -26.567723223213005, -106.88197909606204, -16.327543000184324, -93.98979962825554, -130.7953934328566, -138.74180851602338, 76.81970079324653, -58.41914348900945, 70.02787956138492, -97.06872898415749, 4.50239876446602, -56.33695807200816, 6.939916695903382, 5.349889888619666, 81.71734769832564, -38.83643798312607, 21.612674057049396, -49.32589884459682, -66.3671010423823, -137.7032154372349, -23.596876498661274, -71.68052204884147, -158.04298556630727, -22.990059674851558, 98.2715284741641, 105.64262241934613, 23.813846975647273, -41.319786333744716, -76.13889176981371, 20.624321196709865, 102.13742165550902, -104.08947118640833, -72.53293291859586, -156.85893680744456, -93.09297810903709, -86.85837938314953, -197.89608096754137, -174.9356307992529, -123.92919932025677, -121.87678353442057, -158.87636513678802, -162.27835375135194, -179.667337952254, -196.5100951148493, -126.31781949885597, -187.62731076212796, -178.60223175327977, -138.7468395072135, -154.3358216526933, -148.7271138431488, -157.90804967709778, -131.9650552733785, -135.45098856908942, -172.51188918500713, -171.26879117177472, -163.7435153024739, -146.86811258593855, -144.25236247763658, -219.43075097417423, -128.32694421990925, -176.44883415868182, -140.0066570344436, -147.81955688401746, -131.2641559741932, -161.3403398907633, -155.71588133405302, -157.39611967600473, -139.39750075903964, -67.43743251350314, -175.94129909050434, -125.03310894099502, -182.73798739601133, -140.28179004175576, -140.07469568266202, -182.38129777110197, -209.6424729302032, -133.18171153593005, -157.23779089329466, -104.3924638533156, -159.05188218085075, -176.13440359013563, -192.473774177312, -171.0736706557488, -129.84992020639996, -112.57777667960868, -120.72651581178894, -160.80463053851597, -114.22087604941629, -136.52280116157925, -142.68845359917853, -108.23022892951727, -166.09854236214278, -169.9388350548596, -135.49473788379726, -119.76985880523866, -128.59589139385943, -89.22252985747011, -188.7107736381658, -160.61083689318625, -139.79904743018577, -128.45202613991836, -167.90948985865631, -178.00590130934125, -143.66941510262416, -93.5123399780435, -133.55850879070732, -205.07556628053604, -139.84717426035036, -152.46432539312255, -113.11755497299674, -192.8142226658079, -172.23243601395848, -101.9175336051604, -116.44368746363659, -182.5283731236188, -140.6075793986005, -136.29350222747777, -198.57263431712406, -107.79260712734694, -123.25836865653612, -156.48628239307135, -89.353465881875, -212.57530772656528, -137.47459429683485, -146.8325816155115, -208.63284366406936, -153.1714962932013, -139.91435081013154, -155.95956673130843, -120.5461587638035, -114.96906576008915, -93.14300893647281, -170.99354478060104]
[[  95.241  131.408   98.359  110.486   96.096   72.166  107.724  105.607
    90.286  115.565  104.     107.054  109.157  129.133   79.161  129.677
    97.906   40.646  109.713  117.294  109.487   91.603  113.249  110.851
   112.762  113.05   105.137  104.736   97.748  105.167  105.287  102.946
   102.901   94.024  111.257   88.726  101.458  101.67    95.166  112.842
   107.004   93.126   99.054  115.513   94.495  107.286  107.851   92.943
    97.456   98.275   92.748   96.723  110.939   94.004  101.232   95.142
    59.935  117.039  118.132  115.777  111.851  104.221  112.724  110.897
   103.746   88.921  103.482   62.489  121.463  102.027   59.63   100.8
   100.528   87.228  111.93   116.888  124.925  120.645  115.506  122.436
    91.638  117.25   107.317   98.239   87.417  108.292   95.338  109.651
   109.877   90.419  104.72   112.228  100.076  110.148  111.852  109.48
    89.289  119.944   93.586  119.199]
 [  98.309  -18.393  -64.694   88.885  121.653   41.457  118.862   51.122
   126.501  -69.643   94.384  103.498  114.348  109.988   55.329  121.789
   112.412   92.607  100.714  110.959  111.707   99.667  129.163   97.409
    -9.808  105.972  113.799  114.987  114.657  113.614  108.101   93.976
   101.593  110.229   62.91   117.728  106.34   110.997  116.485  119.412
   107.389  100.274  115.184  110.311  103.22   111.306  103.642   83.447
    94.707   97.492  123.057   85.063  114.095  104.778  102.695  103.348
   118.922  119.111   73.759   86.239  120.679   87.565   12.867 -212.816
   113.915  101.396  121.2    112.086   83.11   108.3     99.098  117.677
   113.274   56.533  109.024   97.037  120.449  114.384  123.369   88.638
   121.554  107.384   74.354    1.202   22.771  109.463  107.933  -44.002
   104.837   86.679  109.673   98.997   99.99    98.306  110.689   93.171
   115.848   98.228  113.23   110.1  ]
 [-109.741   87.184  113.225  123.312  102.158  120.217  122.161  101.411
   104.792  104.282  102.953   86.697  106.962  116.894   48.684  108.805
    43.611 -142.83    89.314   41.309  105.299   95.971  110.732  113.812
   100.728  123.135  107.862  116.698  109.883  101.916  122.316  110.56
   104.286  101.948  102.532   84.623   91.973 -115.985  102.776  102.692
   104.037   -8.157  106.703  110.943  104.815   80.787  107.585   15.099
   102.515  106.378   99.581  106.936   83.042   93.393  117.226  108.591
    97.298  115.228  121.284  105.298   86.04    99.377   97.061  -50.186
   101.401  100.618  117.896  112.924   74.744   33.896   19.115  102.666
   112.566   62.956   96.06    37.648  128.286  106.449  110.252  102.393
   110.498   46.487   66.652  106.556  -16.578  115.552  105.986  125.536
   109.434  101.658  109.283  103.141  -37.071   61.912   90.036   27.276
   123.432   46.66   113.464  112.525]
 [ -78.931   57.226  115.583   97.406  -47.364    4.391   14.163  -64.386
   112.408  120.01    70.22   122.031  108.906  125.154  -99.43    61.244
    10.393   -9.99    35.328  104.629   71.022  113.039  103.793   60.06
   124.783  101.134   82.529   28.353  -19.666  108.479  101.595  -61.833
   115.385  121.188  113.129  -73.435  106.177  108.989  -94.583  -60.586
    61.167   95.658  116.409    7.372   94.596  110.22   120.958   48.768
   108.422   19.688  -54.029   75.6    109.981  109.388  -17.894  -68.223
    74.52    74.166  -46.74    22.6     -9.445   93.012  109.467  113.764
   -23.915  116.87   105.327  109.798  -53.772  110.894   84.608  104.029
   -86.412   61.721  118.211 -121.003   26.04   114.574  106.36   115.558
    75.209 -113.741   13.803  -28.557   98.007  105.354  119.502  104.328
   107.387   60.667   98.634   69.571  119.392   15.524   18.822  119.798
   -29.975  105.366  110.907  107.673]
 [ -89.384  -87.427  -92.898  -81.103  -51.98   -57.114  113.133  -75.426
   -97.168 -109.193  -34.423  -68.841  -53.482  -15.598  -73.195   -3.478
  -142.256  -26.287  -75.103   47.281   -8.609 -119.24    91.264 -104.675
   -97.295  -82.58  -107.205  -60.798   13.658   78.579 -103.86  -108.926
   -41.342  -83.502  -87.858  115.791  -58.865 -103.569 -114.327  -61.529
   -54.622  105.511  -93.214  -75.16  -168.822  -17.873  -81.51   -98.717
   -93.261 -120.439  -51.027  -61.122   45.847  -93.652  -52.064  -79.575
    96.564  100.699 -109.706   61.909  105.075  -55.98   -38.751 -156.309
   108.796  -83.719   63.334  -26.568 -106.882  -16.328  -93.99  -130.795
  -138.742   76.82   -58.419   70.028  -97.069    4.502  -56.337    6.94
     5.35    81.717  -38.836   21.613  -49.326  -66.367 -137.703  -23.597
   -71.681 -158.043  -22.99    98.272  105.643   23.814  -41.32   -76.139
    20.624  102.137 -104.089  -72.533]
 [-156.859  -93.093  -86.858 -197.896 -174.936 -123.929 -121.877 -158.876
  -162.278 -179.667 -196.51  -126.318 -187.627 -178.602 -138.747 -154.336
  -148.727 -157.908 -131.965 -135.451 -172.512 -171.269 -163.744 -146.868
  -144.252 -219.431 -128.327 -176.449 -140.007 -147.82  -131.264 -161.34
  -155.716 -157.396 -139.398  -67.437 -175.941 -125.033 -182.738 -140.282
  -140.075 -182.381 -209.642 -133.182 -157.238 -104.392 -159.052 -176.134
  -192.474 -171.074 -129.85  -112.578 -120.727 -160.805 -114.221 -136.523
  -142.688 -108.23  -166.099 -169.939 -135.495 -119.77  -128.596  -89.223
  -188.711 -160.611 -139.799 -128.452 -167.909 -178.006 -143.669  -93.512
  -133.559 -205.076 -139.847 -152.464 -113.118 -192.814 -172.232 -101.918
  -116.444 -182.528 -140.608 -136.294 -198.573 -107.793 -123.258 -156.486
   -89.353 -212.575 -137.475 -146.833 -208.633 -153.171 -139.914 -155.96
  -120.546 -114.969  -93.143 -170.994]]
[ 103.097   90.353   85.183   55.445  -39.869 -148.373]
pybullet build time: Sep 28 2021 17:07:24
